0.960519 0.0368796 -0.0328381 0.0458698 -0.031375 0.0506522 -0.0213877 -0.00535975 0.143623 -0.0547809 0.13157 -0.0586506 -0.0939643 0.0442737 0.000665901 0.106941 -4.6626e-07 0.0356014 0.0341892 -3.20408e-07 0.0947299 0.00208804
0.0368796 0.827814 0.103818 -0.0684924 0.103509 -0.00541213 0.0829791 0.0457784 0.0918304 0.0446962 0.0425366 -0.000465484 0.0610121 0.0175229 -0.089061 0.0150722 -2.5565e-06 0.0493618 0.0933035 -2.12317e-06 0.0749797 0.0973876
-0.0328381 0.103818 0.832211 -0.0425952 -0.00551469 0.0648793 0.083158 -0.0211608 -0.0339819 0.0803452 0.032455 -0.0315465 0.145147 0.0360625 -0.113594 0.0174871 2.54866e-06 0.0704648 0.0343793 2.04476e-06 -0.126432 0.104685
0.0458698 -0.0684924 -0.0425952 0.47067 0.0254225 0.0585956 -0.0560283 -0.0291489 0.0707012 0.031412 -0.0145352 0.0329722 -0.115698 0.0344403 0.1851 -0.0365036 -1.68607e-07 -0.0767306 -0.0698149 1.11573e-06 0.144212 -0.0621244
-0.031375 0.103509 -0.00551469 0.0254225 0.644951 -0.10668 0.0567405 -0.0481924 0.08747 0.0585838 0.0793559 0.00786976 -0.0336065 -0.0627402 -0.040174 0.0705783 1.89989e-06 0.130065 -0.00453185 -6.71369e-08 0.164 -0.0481778
0.0506522 -0.00541213 0.0648793 0.0585956 -0.10668 0.460323 -0.00401225 0.145458 0.00185775 -0.0356029 -0.0174582 0.0471504 0.0153835 0.292223 0.113684 -0.0302847 -5.55358e-07 -0.0339348 0.00801173 -2.93017e-08 -0.151561 0.107035
-0.0213877 0.0829791 0.083158 -0.0560283 0.0567405 -0.00401225 0.197057 0.0400434 -0.00941384 0.01539 0.0770212 -0.00234042 0.0284301 0.0195559 -0.0954993 0.0367476 1.13862e-06 0.0888938 0.00673934 4.54216e-07 -0.0119079 0.0675584
-0.00535975 0.0457784 -0.0211608 -0.0291489 -0.0481924 0.145458 0.0400434 0.325303 -0.0157682 -0.0147721 -0.00695084 0.152084 0.0308013 0.15718 0.017571 0.0170478 2.46502e-06 0.017094 0.0136142 1.53382e-06 -0.124056 0.186267
0.143623 0.0918304 -0.0339819 0.0707012 0.08747 0.00185775 -0.00941384 -0.0157682 0.828956 -0.201798 0.041203 -0.0496954 -0.0508083 -0.0117619 0.0776929 0.00838467 -3.13845e-06 0.0176458 0.0086888 4.35202e-07 0.172498 0.0416791
-0.0547809 0.0446962 0.0803452 0.031412 0.0585838 -0.0356029 0.01539 -0.0147721 -0.201798 0.934311 0.0596683 0.0338433 0.068446 -0.0565124 -0.00204387 -0.0292868 3.30184e-06 0.0224575 -0.00400153 2.61779e-06 0.0657239 0.0215594
0.13157 0.0425366 0.032455 -0.0145352 0.0793559 -0.0174582 0.0770212 -0.00695084 0.041203 0.0596683 0.698361 0.0260185 -0.00446694 0.0163002 -0.0845313 0.0561618 3.15685e-06 0.0819657 0.0187953 -5.26585e-07 0.0443848 0.0503266
-0.0586506 -0.000465484 -0.0315465 0.0329722 0.00786976 0.0471504 -0.00234042 0.152084 -0.0496954 0.0338433 0.0260185 0.460619 0.038099 0.0375167 0.0698851 0.0309218 2.91731e-06 -0.00149513 0.0476428 -2.48007e-07 -0.0306013 0.0404938
-0.0939643 0.0610121 0.145147 -0.115698 -0.0336065 0.0153835 0.0284301 0.0308013 -0.0508083 0.068446 -0.00446694 0.038099 1.04497 0.0418198 -0.110599 0.00883693 -1.22357e-06 0.0370824 0.168652 -2.14887e-06 -0.0851517 0.120641
0.0442737 0.0175229 0.0360625 0.0344403 -0.0627402 0.292223 0.0195559 0.15718 -0.0117619 -0.0565124 0.0163002 0.0375167 0.0418198 0.425706 0.026836 -0.0158674 -1.39575e-06 -0.011496 0.0264382 -1.3158e-06 -0.13968 0.092984
0.000665901 -0.089061 -0.113594 0.1851 -0.040174 0.113684 -0.0954993 0.017571 0.0776929 -0.00204387 -0.0845313 0.0698851 -0.110599 0.026836 0.750368 -0.0873515 2.58902e-06 -0.102863 -0.0605147 3.75545e-06 0.0956925 -0.062642
0.106941 0.0150722 0.0174871 -0.0365036 0.0705783 -0.0302847 0.0367476 0.0170478 0.00838467 -0.0292868 0.0561618 0.0309218 0.00883693 -0.0158674 -0.0873515 0.530204 -2.31502e-06 0.0912766 0.112096 1.2672e-06 -0.0226114 0.0422417
-4.6626e-07 -2.5565e-06 2.54866e-06 -1.68607e-07 1.89989e-06 -5.55358e-07 1.13862e-06 2.46502e-06 -3.13845e-06 3.30184e-06 3.15685e-06 2.91731e-06 -1.22357e-06 -1.39575e-06 2.58902e-06 -2.31502e-06 3.38346e-09 1.60011e-06 -2.83756e-06 2.91744e-10 -2.09244e-07 1.63478e-06
0.0356014 0.0493618 0.0704648 -0.0767306 0.130065 -0.0339348 0.0888938 0.017094 0.0176458 0.0224575 0.0819657 -0.00149513 0.0370824 -0.011496 -0.102863 0.0912766 1.60011e-06 0.258661 0.0515112 9.7512e-07 0.00624324 0.0439086
0.0341892 0.0933035 0.0343793 -0.0698149 -0.00453185 0.00801173 0.00673934 0.0136142 0.0086888 -0.00400153 0.0187953 0.0476428 0.168652 0.0264382 -0.0605147 0.112096 -2.83756e-06 0.0515112 0.604181 -2.15715e-07 -0.0206065 0.0537352
-3.20408e-07 -2.12317e-06 2.04476e-06 1.11573e-06 -6.71369e-08 -2.93017e-08 4.54216e-07 1.53382e-06 4.35202e-07 2.61779e-06 -5.26585e-07 -2.48007e-07 -2.14887e-06 -1.3158e-06 3.75545e-06 1.2672e-06 2.91744e-10 9.7512e-07 -2.15715e-07 3.35809e-09 -1.08386e-06 1.78448e-06
0.0947299 0.0749797 -0.126432 0.144212 0.164 -0.151561 -0.0119079 -0.124056 0.172498 0.0657239 0.0443848 -0.0306013 -0.0851517 -0.13968 0.0956925 -0.0226114 -2.09244e-07 0.00624324 -0.0206065 -1.08386e-06 0.896749 -0.153875
0.00208804 0.0973876 0.104685 -0.0621244 -0.0481778 0.107035 0.0675584 0.186267 0.0416791 0.0215594 0.0503266 0.0404938 0.120641 0.092984 -0.062642 0.0422417 1.63478e-06 0.0439086 0.0537352 1.78448e-06 -0.153875 0.647363