0.915642 -0.0442303 -0.0062289 0 0 0.00585899 -0.0334976 0 0 0 -0.000110828 -0.0225346 0 0.000260466 -0.030064 0.00310481 0.0155671 0.00769282 -0.0154397 1.77494e-06 0.00733352 0 -0.0364532 0.000405815 -0.00368105 0.00179323 -0.0201985 0 -0.00805329 0.000251017 0.00804266 0 -0.0221224 0 0 -0.0247721 0 0 -0.00377042 0 0 5.58914e-05 0.0180897 0.00614642 0 0 0 -0.00548554 0 0 0 0 0 0.000177351 0 0 0 0 0 0 0.0103295 0 0 0 0 0 0 0 0 0.000173798 0 0 0 0 0 0 0 0 0.00140331 -0.00879761 0 0 -0.0280199 0.00443102 0 7.66434e-05 0 -0.000423012 0 0.010668 0 0 -0.00903483 0 0 0 0 0 0 0 0 -0.00533631 0 0 0 -0.0108674 0 -0.00522892 0 0 0 -0.0246972 0 0 0 0 0.00011721 0 0 0 0 -0.00218625 0 0.00379543 0 -0.00535741 0 0 0 0.0187349 0 0 0 -0.000499704 0 0.00616655 0 -0.000459526 0 0 0 0 0 0 0 0 0 0 0 0 0 0 0 0 0 0 0 0.000134537 0 -0.000588217 0 0 0 0 2.21432e-05 0.0172256 0 0 0 0.00102157 0 0 0 0.0142784 -0.00177385 0 0 -0.00116639 0 0 0 0 0 0 -0.010162 -0.000170873 0 -0.00725886 0 0.000544943 0.00268892 -0.00436861 0 0 0 0 0 0.00493222 0 0 0 0 0.00311308 0 0 0 0 0 0 0 0 0 0 0 0 0
-0.0442303 0.896074 0 0 0 0.0186299 -0.0350491 0 0 0 0 -0.0252373 0 0.00919588 -0.0284159 0.0101179 0.00290192 0.0127122 -0.00020188 0 0 0 -0.024662 0 -0.00650294 0 -0.0239101 0 -0.035691 0 0 0 -0.0175253 0 0 -0.0186183 0 0 0 0 0 0 0.0108257 5.06646e-05 0 0 0 0 0 0 0.0165925 0 0 0 0 0 0 0 0 0 0 0.00520774 0 0 0 0 0 0 0 0 0 0 0 0.00640956 0 0 0 0 0.000120781 0 0 0 -0.000422464 0.000364031 0 0.00162284 0 0 0 0.00877453 0 0.000210544 -0.0137731 0 0 0 0 0 0 0 0 -0.00930984 0 0 0 0 0 0 0 0 0 -0.000102917 0 0 0 0 0 0 0 0 0 0 0 0.00478748 0 -0.000839106 0.00483686 0 0 0.01396 0 0 0 -0.00806645 -0.00710619 0 0 -0.00133244 0 0 0 0 0 0 0 0 0 0 0 0 0 0 0 0 0 0 0 0 0 0 0 -0.00250806 0 0 0 0 0 0 0 0 0 0 0 0.0110409 -0.00786279 -0.000539088 0 0 -0.00211403 0 0 0 0 0.00868536 -0.00727236 0 0 -0.0019323 0 0 0 0 0 0 0 0 0 0 0.00156297 0 0 0 0 0 0 0 0 0 0 0.00303037 0 0 0 0.00245874 0 0
-0.0062289 0 0.915306 -0.0150733 -0.0493459 -0.000842296 0 0 0 -0.00396495 -0.0452951 -0.000390148 0.000189549 -0.0011517 0 -0.000795338 0 0.00185581 0 -0.00321939 0.00989202 -0.0154504 0 -0.00247001 -0.000738299 0.00181762 0 -0.0132525 0 -9.2245e-06 0 -0.00183458 -0.000935668 -0.000303219 -0.0154071 0 -0.00435949 -0.00532224 0 -0.0418696 0 7.60737e-05 0.0236223 0 -0.00488298 0 0.0022955 0 0 0 0 -0.00604713 -0.00227082 0 -0.00207618 0 -0.00516561 0 -0.00124771 0 -0.000987344 2.15674e-05 -0.0206168 -0.00039634 0 0 -0.00869384 0 0 0 0 -0.00936708 0 0.000237997 -0.0133362 -0.0091593 0.0016735 -0.000862792 -0.00254936 -0.00101308 -0.00267497 -0.00383745 0 0.0194864 0 -0.000864701 -0.00257048 -0.0127192 0 -0.000282683 -0.00583734 -0.00229205 0 -0.00284733 0 0 -0.0223014 -0.00739725 0 0 0 -0.000206783 -0.00133057 -0.00284908 0 0 -0.0153321 -0.00704109 0 0 -0.00142977 -0.00179636 0 -0.00349081 0 0 -0.00353888 -1.52542e-05 -0.000717593 -0.00449662 -0.00447684 -0.0216088 -0.00288249 0 0.00730357 -0.00331408 0.00194231 3.03054e-05 -0.00533913 0.0007289 1.9418e-06 -0.00222962 0 0 0 0.0138868 -0.000123429 0 -0.00313395 -0.0159546 -0.0172897 -0.00263591 -0.0172939 -0.00623691 -0.0172212 -0.00205096 -0.0026506 -0.00266565 0 -0.00644676 0 -0.00270788 0 -0.00305356 -0.00794075 0 -0.00113538 0.000191621 0.00718281 -0.0133546 -0.000293362 0 0 -0.00066078 -0.00176589 0.0158419 -0.00304266 -0.00189808 -0.0053454 -0.000838253 -0.0226513 -0.00115311 -0.00369458 0 0 0 -0.00310566 -0.00999144 0 -0.00511312 -0.00138748 -0.00244207 -0.0161538 -0.00143595 0 0 -0.000856703 0 0 -0.00154837 0.0136402 -0.0240552 0.000116397 -0.00314499 -0.0175974 0 0.00177074 0 0 -0.0055137 -0.00341875 0 0 -0.00176636 9.16364e-05 0.00236915 -0.00258388 -0.00049254 0.00106395 -0.00199421 -0.00101073 -0.00477046 -0.00366867 0 0 0
0 0 -0.0150733 0.899342 -0.0193646 0 0 0.0151272 0.000217752 -0.000442124 -0.0163146 -0.00269158 0 -0.000491142 0 -0.000349954 -0.00265681 0.000476128 0.00140586 -0.019052 0.00446514 -0.0079949 0 0 -0.000665884 0.0139576 0 -0.0179689 0.00495799 0 0 -0.00967885 0 -0.0246835 -0.00396023 0 -0.0022844 -0.0117163 0 -0.0203349 0 0.023946 0.0137324 -0.00179684 -0.00568041 0.0287374 0.00784332 0.000651495 0 0 0.00325097 -0.00822278 -0.0012037 0 -0.0283475 0 0 0.00792938 0 0 0 -0.000563785 -0.0213817 0 0 -0.0105823 -0.0217366 0.00534192 0.00617359 0.00574624 0.000956674 -0.0111458 0 0.000206049 -0.0153661 -0.00502183 0 0 0 0 0 -0.0297368 0 0.00981687 0.000296046 -9.67755e-06 -0.00408823 -0.0420991 0 0 -0.0217263 -0.0155744 0.0185835 -0.00479493 0 0.0152609 -0.0153149 -0.000426496 0 0.00538231 0 0 -0.00551121 -0.00460246 0 0 -0.0285078 -0.00602433 -0.0171859 0 -0.000337842 0 0.0149799 -0.000515068 0 0 0 0 0 -0.00454062 -0.00409316 -0.0255269 -0.0175391 0 0.0136619 -0.00137738 0.00656006 0 -0.00473514 0 0 -0.00380965 0 0 0.00416143 0.00743238 0.0149268 0 -0.00257888 -0.0320648 -0.0223535 -0.0133171 -0.0179034 -0.0140132 -0.0110227 -0.0109281 -0.000429273 -0.000627734 0 -0.0280464 -0.0095064 -0.000688712 0.0136286 -0.00342121 -0.01218 0 0 0.0214644 0.00626036 -0.0180777 -0.000542773 0 -0.0107744 -0.000305831 0 0.0173584 -0.000885553 -0.000246392 -0.00453059 0 -0.105737 0 -0.00833284 -0.00240145 0 0.010242 -0.0142127 -0.0207712 0.00539919 -0.0160379 -0.000476665 -0.0110761 -0.0241744 -0.0336913 0 0 -0.000117898 -0.00176719 -0.00374047 4.75743e-05 0.0177777 -0.0325607 -0.00304209 -0.00738726 -0.0200039 0 0.00905802 0.000793744 -0.0235237 -0.0120297 -0.0205748 0 0 -0.00435934 0 0 -0.00769436 -0.00188748 0 -0.0264316 -0.00694375 -0.00633508 -0.00668204 -0.00963703 0 0
0 0 -0.0493459 -0.0193646 0.896395 -0.00555936 0 0 0.000544212 -0.0124186 -0.0252732 0 0.0017042 -0.00384924 0 -0.00418666 0 0 0 -0.00533931 0 -0.0409949 0 -0.00198822 -0.000791692 -0.00337716 -0.000287592 -0.0241053 0 -0.00047483 -0.000625598 -0.0132376 -0.000236465 -0.00301191 -0.00487253 7.83768e-05 -0.0183147 0 0 -0.0396003 -0.00340464 0.00983198 0.0136992 -0.00184003 -0.0137723 0 0.026626 0 -0.00618745 -3.28354e-05 0.0046944 -0.000547065 -0.006167 -0.00411653 -0.00817391 0 -0.0179973 0 -0.00428614 -7.26931e-05 -0.00545597 0 -0.00871762 -0.00317314 -0.00186283 0 -0.017277 0 0 0.0139193 0 -0.00750252 0 0 -0.00429296 -0.00337379 0.00015689 -0.00175556 -0.00901722 0 -0.00762554 -0.0149453 0 0.0102147 0 -0.00350337 -0.00974384 -0.0150289 0.00319082 -0.00325669 -0.0110015 -0.0108829 0 -0.00896094 -0.000575979 0.00847807 -0.0831931 -0.00529742 0 2.06731e-05 -0.000914843 -8.63268e-05 -0.000872684 -0.0120254 -0.000550409 0.000296841 -0.0238235 -0.00656727 0 0 -0.00624604 0 -0.0010861 -0.00693367 0 0 -0.00927809 -0.0038052 -0.00267546 -0.00316155 -0.0100353 -0.0172576 -0.011141 0 -0.0042144 -0.009237 0.00260432 0.000408971 -0.00324772 0 -0.000787781 -0.0035228 -2.37933e-05 0 0.00109691 0.0067841 -0.00050185 0 -0.0205254 -0.00347913 -0.0181793 -0.00615281 -0.0139952 -0.0111865 -0.0172473 -0.00323306 -0.00300501 -0.0209331 -0.000679628 -0.0137129 -0.00215266 -0.00645896 0.0124531 -0.00051643 -0.0182785 -0.00153991 -0.00187233 0.0132993 0.00338441 -0.00808447 -0.000198168 0 -0.00255792 -0.00477587 -0.0074737 0.00431756 -0.00389933 -0.0099169 -0.0256727 -0.00416738 -0.019042 -0.00443019 -0.00548893 -0.00380148 0.000113203 0.00355438 -0.0150443 -0.017077 -0.000205266 -0.00486196 -0.00718679 -0.0135311 -0.00712166 -0.0115499 -0.000589346 0.00241745 -0.000394582 0.00351512 0 -0.00607838 0.0122383 -0.0190738 0.00265004 -0.0054497 -0.0078935 0 0.0110673 0.012414 0 -0.0130993 -0.011395 0.00432254 0 -0.00258713 0.00375326 0.00493489 -0.00525049 -7.51445e-05 0.00533625 -0.006548 -0.00111902 -0.00174624 -0.00333736 -7.37281e-05 0 0
0.00585899 0.0186299 -0.000842296 0 -0.00555936 0.76315 0.00156024 -0.000722438 0.0175237 0.0340585 0 0 0.0235766 -0.181115 0 -0.149333 0.0196756 0 -9.60825e-05 0 -0.0089847 0.00529587 0.0013359 -0.0143636 -0.0197656 0.0172929 -0.00158486 -0.00145005 0.0279099 0.00576002 -0.0044347 -0.0026088 -0.031615 4.06179e-05 -0.000303728 0.00487669 -0.0112754 0 -0.000748493 -0.0108684 -0.00645441 -0.0113817 -0.00285068 -0.0786149 0.00478442 -0.0025406 0.00196639 0.0172724 -0.0083005 -0.0508297 0.00656901 0 -0.0254482 0.00383029 -0.0029897 0 -0.0106515 0.000705589 0.0116222 -0.0420226 -0.0108206 0.0064315 0 -0.0338003 -0.0368832 0 0.00742459 -0.00152844 0 -0.0077775 0.024752 -0.00443986 -0.0171528 0 0.0134731 2.24796e-05 0 0 -0.00965925 0.010866 0.0145025 -0.000615251 0.00170323 0.00111247 0.0156007 -0.145744 -0.000701883 0 0.00622365 -0.0404984 -0.00888201 -0.00342459 0 -0.00690395 0.00115897 0.0368951 -0.00254542 -0.00980023 -0.000280128 -0.00284116 -0.0404101 -0.00221767 0 0 -0.00130601 0.00386888 -0.00223108 0 0 0.0177103 -0.00823257 -0.00469727 -0.0217867 -0.00396545 0 -0.0004233 -0.0165915 -0.0157779 -0.00239478 -0.00808586 -0.015836 0.00244807 -0.00208305 0 -0.010974 -0.00658201 0 0.00315374 -0.00265296 0 -0.0419812 -0.0174974 -0.000573605 0 0.00359508 0.000631518 -0.00247402 0.0135954 0.00720259 0 -9.34764e-07 -0.00421508 0.0205045 -0.00689257 -0.00491909 0.0390447 0.00305895 -0.00465177 -0.00530993 -0.000601837 0 0 0 0 -0.00376495 -0.0027519 -0.00446414 0.0164622 0.000503696 -0.00503549 0 0 -0.000696068 -0.00619099 -0.0140015 0 0.00709659 -0.00425051 -0.0042486 0.0134712 0 -0.00891402 -0.00104162 -0.00921526 0.00453324 0.00874989 -0.000864695 -0.000553346 -0.00831238 0 -0.00632601 -0.00780583 -0.000487373 -0.0193736 0 0.00819035 0 0.00881007 0.00868596 -0.0117268 0.0013159 -0.00343719 0.00562292 -0.00206169 -0.00299897 -0.00146904 0.0191737 -0.00400771 0 -0.0140677 -6.31684e-07 0.0049597 0.0240116 -0.00271507 0.00956546 0.00719978 0 0 0.00658482 0 0 -0.000256489 0 0 0 0
-0.0334976 -0.0350491 0 0 0 0.00156024 0.919698 0 0 0.00218688 -1.99853e-05 -0.000577544 -0.00181351 0.00265239 -0.0359143 0.000589101 0 0 -0.00450738 0 0.000486815 0 -0.0205767 0.00498843 -0.0154483 0.0111301 0 0 -0.00925429 0.00106675 0.00108938 0 0 0 0 -0.00755831 0 0 0 0 0.00123691 0.00195992 0.00873031 0 0.00224455 0.000473325 0 0 0 0 0 0 0.000398744 0.00119766 0 0 0.000370576 0 0.00211128 0 0.00165447 0 0 0.00136018 0 0 0 0 0 0.00971487 0 -0.000296077 0 0 0 0 0 0 0.00881031 -0.00510666 0.00212474 0 -0.00682806 0.00374163 0 0.00063738 0 0 -0.000568075 0.00226768 0 0 0 0 0 0.00821848 0 0.00123007 0 0.000327734 0 0 0 0 0 -0.000824833 0 0 0 0 0.00181483 0 0.00211091 0.000952104 0 0 0.0086811 0.00173909 0.00107243 0 0 0 0 0 0.0106697 0 0 0 0 0 7.92378e-05 0 0 0 0 0 0.00664297 0 0.000218843 0 0 0 -0.000496138 0 0 0 0.000533119 0 0 0 0 0 0 0 0 3.61821e-05 0.00013032 0.00796518 0 -0.0120659 0 0 9.88269e-05 0 0.0019865 0 0 0 0 0.00054419 0 0.000431912 0 0.000455547 -0.000413287 0 0 -0.00867312 0 0 0 0 0 0 0 -0.00054649 0 -0.00983613 0 0.00260423 0.000864141 -2.24558e-05 -0.000344679 0 -0.00415193 0 0.000238835 0.011439 0 0 0 -0.00301 0 0 -0.000874989 0 0 0 -0.00089164 0 0 0 0 0 0 0
0 0 0 0.0151272 0 -0.000722438 0 0.720063 0.0687272 -0.00488341 0 0.00201445 0 -0.00171963 0 -0.00162644 0 0 0 0 0 -0.00108115 0 -0.00539898 0 -0.0142022 -0.000840462 0 0 -0.00227488 -0.0179907 0 0 0 -0.00112068 0 -0.00278353 0 0 0 -0.00271255 -0.00399994 0 0 -0.00457582 -0.00391463 -9.36167e-06 -8.23145e-05 0 0 0.026978 0 -0.00577991 -0.0157338 0.0112982 0 -0.00219957 -0.0241805 -0.000594347 0 -0.0034343 0 0 -0.00258066 0 0.00150687 0 -0.0130077 0 -0.00642865 0 0 0 0 0 0 0 -0.00137367 -0.00387201 0 -0.00465562 0.0211523 0 0 0 -0.00113817 0 0.00320194 0.00155266 0 0 0 0 -0.000954296 -0.00071264 -0.0252718 0 -0.0034283 -0.00720566 0 0 -0.000758651 0 0 0 0.000373591 0 0 0 -0.000554552 -0.00297152 0 -0.00237215 -0.00537729 0 0 -0.00774473 -0.00297945 0 -9.80312e-05 -0.00466634 0 0 0 -0.0048049 -0.0012113 0 0 0 0 -0.00058016 0 -0.00024038 0 -0.00257909 0 -0.00807112 0 0 0.00488774 0 0 0 0 0 0 -0.0156064 -0.000144204 0 0 0 0 -0.00307159 0 0 0 -0.00136217 -0.00973375 0 3.51172e-05 0 0 0 4.66445e-06 -0.00387738 0.00067333 -0.000889556 0 0 -0.000322424 0.00879678 -0.00269271 0 -0.00104622 0 0 0 0 -0.000425714 0 -0.000468582 0 0 0.0117269 0 0.000904109 0 0.00284302 0 -0.0123416 0 0 0.00323888 0 0 -0.000838591 -0.00227575 -0.00722504 0.000392712 0 0 0.00270713 0 -9.07352e-06 -0.00219853 0.00121363 0 0 0.00144131 0 0 0 0 0 0 0
0 0 0 0.000217752 0.000544212 0.0175237 0 0.0687272 0.829909 0.000407333 0 0 -0.019527 0.00967152 0 0.0250315 -0.00442982 0 0 0 0 0 0 0 0 -0.0189493 0 0 -0.00917315 8.57818e-05 0.000123384 0.00187139 0.00561499 0 0 0 0.000448406 0.00358463 0.0067323 0.00100073 0.000143143 0 0 0.000245345 0 0 0 -0.0146862 0 0.0142514 0 0 0.00203391 0 0.00091653 0 0 0 0 0.0032023 0 0 0.000870783 0 0 0 0 0.00080163 0 0 0 0 0 0 0 0 0 -0.00863451 0 0 -3.19361e-05 0.000274039 0 0 0 0.0146371 0 0.000556122 0 0.0149279 0.000321996 0 0 0 0 0 0 0.000953492 0.0121838 0 0.0142353 0 0.000524614 0 0.000171613 0 0.00691254 0 0 0 0.000190889 0 0 0 0 0 0.0013336 0 0 0 0.000891089 0 0 0.00850174 0 0.00399186 0 0 0 0 0.00026097 0 0 0 0 0 0.0006605 0 0 0 0.000143647 0 0.00404423 0 0.00604283 0 0 0 0 0 0 0 0 0.00642816 0.000743753 0 0 -3.00591e-05 0 0 0 0 0 0 0.00129664 0 0 0 0.00104006 2.19629e-05 0 0 0 0 0 -0.00405685 0.000564609 0.00363886 0 0.00635663 0 0 0 0.000424264 0 0 0 0 0 0 0 0.00215959 0 0 0.000164032 0.000646604 0 0 0 0.000147537 0 0 0 1.67226e-05 0 0 0.000368402 0 0 0 0 0 0.000486285 0 0 0
0 0 -0.00396495 -0.000442124 -0.0124186 0.0340585 0.00218688 -0.00488341 0.000407333 0.813187 -0.00659425 0.010621 0.00424869 0.0132542 0 0.0449715 0 0 0 0 -0.00225976 -0.00815302 0 -0.018363 -0.000955555 -0.0217412 -0.0124371 -0.00819148 0 -0.00791357 -0.0124259 -0.00584709 4.00347e-05 -0.0103325 -0.00788295 0.000613241 -0.0400957 0.00267836 0 -0.0162367 -0.0112354 -0.0193284 -5.66541e-05 0 -0.050263 -0.00846505 0.000320147 -0.00549813 0 -0.00256277 0 0.00101656 -0.0160875 -0.015033 0.00320936 -0.00969229 -0.0172999 -0.0138016 -0.0294126 1.68982e-05 -0.000404292 0 0 -0.00986309 -0.0035252 0.00495779 -0.0067019 -0.00377526 0 -0.0186434 -0.0203371 0 0 0 -0.00121617 -0.00162691 0 -0.0358816 -0.0266761 0.0010887 -0.0395253 -0.000903723 0.00270952 -5.06746e-05 -0.000303179 0.0157356 0 0 0.0262041 -0.00717608 -0.00298696 -0.00294125 -0.00716939 -0.0142599 -0.00595345 -0.0166892 -0.000369783 -0.0437479 -0.00414179 -0.0114294 -0.00212243 -0.00678568 -2.40913e-05 -0.00645458 -0.00441848 0.00379384 -0.00669312 -0.00154766 0.00206355 -0.000241719 -0.0277809 0 -0.00811059 -0.0158802 -0.00157098 -0.00111836 -0.021625 -0.0154316 -0.0297399 0.00592738 -0.0122642 -0.00727529 -0.00974204 0.00144713 -0.0219676 -0.0214277 4.01352e-05 0.00453113 -0.00415026 0.00183267 -0.00384712 0 -0.00818195 0.00190421 -0.00842734 0.00153423 -0.0359138 0 -0.0247224 0 -0.0034778 -0.00168647 -0.00118492 -0.00295198 -0.0111191 -0.00961094 -0.0088681 -0.0308644 -0.00357833 -0.00358992 -0.00110004 -0.00872289 0 1.3726e-05 -0.00752269 -0.0168172 -0.0127094 -0.0215875 0 -0.00182835 0 0 -0.0125563 -0.00994041 -0.039738 -0.001191 -0.028025 -0.0146727 -0.0104432 -0.0451841 -0.000290005 -0.0186516 -0.00166381 -0.00967847 0.0109318 0.00718598 -0.00361086 -0.00170868 -0.00694737 0.00543239 -0.017784 -0.0220352 0 -0.000666267 -0.00362426 0.0140943 0 0.0309715 0.000335644 -0.020118 -5.63761e-05 -0.00307566 0.020895 -0.00165362 -0.00587686 -0.00164363 0.0108184 -0.00718042 0.00127742 -0.00199705 -0.0039714 0.0232267 0 -0.00203513 0.0237734 0.0214809 0.000702444 0.0017446 0.021255 0.000364869 0 -0.000851711 0 0 0 0
-0.000110828 0 -0.0452951 -0.0163146 -0.0252732 0 -1.99853e-05 0 0 -0.00659425 0.898125 0 0.00222826 0 0 0 -0.00480649 0.00246041 0 -0.0135756 0.00504579 -0.00505162 0 0.00765283 -0.0024487 -0.000798612 0 -0.0171703 0 0 0 -0.00378262 0 -0.00239698 -0.00712922 0 -0.00443337 -0.00216894 0 -0.0228923 -0.000667381 6.80551e-05 0.0257885 0 -0.0038919 0 0.00182341 0 0 0 0.00538854 -0.000225169 -0.00163132 0 -0.00838402 -0.00165678 -0.00141353 0 -0.00084478 0 0.00412428 0 -0.00812716 -0.000193803 0 -0.00902829 -0.0181606 0 0 0 0 -0.0023136 0 0.000671023 -0.00431031 0 3.04469e-05 1.86257e-05 -0.00269148 0 -0.00262013 -0.00728447 0 0.0124525 0 0 -0.000140976 -0.0140414 0.00103992 0 -0.00255548 -0.000546521 0 -0.00279886 -0.000508075 0.00959787 -0.0120395 -0.00227786 0 0 0 0 0 -0.0120839 -0.000772058 0 -0.0136484 -0.00445617 -0.00108924 0 -0.00219835 0 3.49553e-05 -0.00343608 0 0 -0.00352035 0 -0.00797403 -0.00217276 -0.0123076 -0.0227517 -0.000444972 0 0 -0.013055 0.00587641 0 -0.00089064 0.000257027 -0.000924452 -0.00116773 0 0 0 0.00766029 0.00416739 0 -0.00205894 -0.00914668 -0.0133125 -0.00287021 -0.0302373 -0.00173873 -0.0299384 -0.0035788 -0.00287494 -0.00144954 -0.000212214 -0.013634 -0.000114228 -0.00747989 0 0 -0.0105611 0 -0.00139498 0 0.00804765 -0.0160788 0 0 -2.18217e-05 -0.00160369 -0.00231804 0.00976372 -0.0069224 -0.00111044 -0.0192149 -0.00237368 -0.0172006 0 -0.00373081 -0.000433125 0 0 -0.00527258 -0.0205406 0 -0.00150067 -0.00266562 -0.00427275 -0.0107748 -0.00289009 0 0 0 0 -0.000767447 0.00127951 0.00830692 -0.017153 0 -0.00110964 -0.0127921 0 0.00435718 7.32427e-05 -0.00785566 -0.00068118 -0.00464681 0.00085452 0 -0.00084621 -1.65645e-05 0.0012113 -0.00105802 -0.000138285 0.00189191 -0.00199624 -0.000380096 -0.000834758 -0.000635895 0 0 0
-0.0225346 -0.0252373 -0.000390148 -0.00269158 0 0 -0.000577544 0.00201445 0 0.010621 0 0.731306 0.0280419 -0.00469956 -0.052191 0 0 0.00666202 -0.0163015 -0.00210771 0.0114703 0 0 0.00142728 -0.0745528 0.00246952 -0.00229882 0 0 0.00996512 5.17266e-05 0 -0.0653659 -0.00601692 0 0 0.000649202 0 -0.0110376 0 0 0.00182133 0.0107387 0 0 0.00595165 0 0 0.0174968 -0.0121997 4.12855e-05 0 0 0.00108749 -0.00392799 0 0.000837307 0 0.00102665 -0.0154037 1.72431e-05 0 -0.00133214 0.00043577 0 -0.0172485 -0.000487607 0 0.00538589 0.00149173 0 -0.0135702 -0.0117926 0.000399538 -5.51184e-05 0 0.000499878 0.000358946 0.00421696 0 0.00182019 0 -0.00959945 0.0174455 0 0 0 -0.000173776 -0.00112328 0.00140006 -0.00407628 0 0 0 0.00368422 0.0103463 0 0.000781417 0 0 -0.0157594 0 0 0 0 -0.00292312 0 -7.19744e-05 0 0 0.000815795 -0.027139 0 0.0048145 0 0 0.000354087 0.000974231 0 -0.00911242 0 0 0.010502 0 0.00626207 -0.0117084 0.00110499 0 0 0.0245108 0 -0.011829 0 -0.128849 0 0.0011158 0.00653353 0 0.00416852 0 0 0 0 -0.00110338 0 0 6.37691e-05 0.0106293 0 0 0 0.00643165 0 0 0 0 0.00813249 0.00356643 0.000394259 -0.00272973 0 0 0 0 0.00312476 0.0261025 0 0.00580364 0 0.014288 -0.00112154 0 0 0 0 0 0 -0.0004675 0 -0.00494326 0 0 0 -0.00322226 0 0 -0.000274054 -0.00274916 0 0.00186094 0.0088177 -0.00288179 -0.000134601 -0.00107701 0 0 0.00011141 0.000897583 8.20438e-07 -0.000450033 0 -0.00821903 0 0 0 0 -0.000850239 0 -2.41878e-05 0 0 0 -0.000615471 0 0 0
0 0 0.000189549 0 0.0017042 0.0235766 -0.00181351 0 -0.019527 0.00424869 0.00222826 0.0280419 0.806845 0.0124724 0 0.0186888 -0.00328265 0 0 0 0 0.000803918 -0.000290894 0.0034792 0.0814213 0.00303811 0.00216902 -2.71853e-05 -0.00613957 0.00434433 0.00920686 0.000326664 0.012064 0.000435895 0 0 0.00219217 1.04261e-05 0.02348 0.00412586 0.0041609 0.00222928 0 0.00486439 0.0036076 0.00427559 0 -0.0194621 0 0.0313394 0 0 0.00353809 0.000289918 0 0 -0.00724963 0.00281865 0.00272205 0.0159583 0.00287436 0 0 0.00280532 0.00985806 0 0 0.000143922 0 0.0040196 0 0 0.0341364 0 0 0 0 0.000144806 0.00555038 -0.000495288 0.00315847 0 0 0 0 0.00858747 0 0 -0.00123922 0.0023 0.00113726 0.00244257 0 0.00187695 0 0.00865596 0.000990744 0.00362613 0 0.000995331 0.0305623 0.00176254 0 0 0.00207267 -0.0117333 0.000839031 0 0 0 0.00304418 6.81962e-07 0.00610169 0.00259756 0 0 0.00667535 0.00190352 0 0 0.00178796 0.000333702 0 0 0.00455259 0.00337199 -0.00461859 0 0 0 0.000184997 0.000858829 0 0.00664789 0.000573356 0 0.00435194 -0.00328326 0 0 0.000870438 0 0 0.000567135 0.00457497 0 0.00196024 0 0 0 0 0 0.00420938 0 0 0.00117891 0.00119048 0.0038296 0 0 0 0 0 0.0016483 0.00608826 0 0.00124987 0.0013322 0.00146586 0.00166849 0 0.00379523 0 0.000448258 -0.000912903 -0.00165996 0.000669582 0 0.0020004 0 0.00130216 0.00306836 0 3.66735e-05 0 -0.00767813 0 -0.00605257 0 0.00424678 0 0 -0.00532262 0 0.000490319 0.00519851 0 0.00379688 0 0.000418219 2.81774e-05 -0.00217194 0 0 -0.00238383 -0.00185493 0 0 -0.00179857 0 0 0 0 0 0 0
0.000260466 0.00919588 -0.0011517 -0.000491142 -0.00384924 -0.181115 0.00265239 -0.00171963 0.00967152 0.0132542 0 -0.00469956 0.0124724 0.833292 0 -0.128119 0.00862364 0 0 -0.00800606 -9.56076e-05 0.00626996 0.0116287 -0.0112111 -0.0095547 0.00452284 -0.00277228 -0.00127822 0.0236553 0.00549114 -0.00332123 -0.00255151 -0.0390463 0 -0.00288937 6.52638e-05 -0.00882193 0 -0.00209141 -0.00996921 -0.00669868 -0.00783269 0.00100026 -0.0590203 -0.000567359 -0.00260657 0.000277719 0.0102059 -0.0103972 -0.039517 0.0116604 0 -0.0189547 0.00778348 -0.00369738 0 -0.00940352 -0.00267823 0.000679062 -0.0204569 -0.0044922 2.12754e-05 0 -0.011356 -0.0187724 0 -0.00234969 -0.000660005 0 -0.0122931 0.0150924 -0.0004327 -0.0166172 0 0 0 0 0.00336841 -0.0124556 0.0090036 0.0036223 -0.000327777 0.00180664 0.00136494 0.0115296 -0.130589 -7.47665e-05 0 0.00656833 -0.0133227 -0.00592778 -0.00488607 0 -0.00723413 0 0.0128019 -0.00185937 -0.00381633 -0.000249004 -0.00594554 -0.0228101 -0.00247998 0 0 -0.00438805 0.00509599 -0.00261955 0 0 0 -0.00762989 -0.00269599 -0.0216257 0.00164411 0 -0.00244025 -0.0164034 -0.0107921 -0.00154098 -0.0121655 -0.00903497 -0.00193422 -0.00136571 0.00071766 -0.0108346 -0.00686168 0 0.00182281 -0.00262958 0.00025365 -0.0451831 -0.0227068 -0.00197445 0 -0.00274348 0.000781195 -0.00994004 0.0110322 0.00974869 0 -0.00102744 -0.00268993 0.00894822 -0.0028815 -0.00513969 6.45086e-05 -0.000103356 -0.00359747 -0.0026289 -0.00115914 0 0.00854321 0 0 -0.00536541 -0.00365202 -0.00409774 0.00308484 0.000938507 -0.00314937 0 0 -1.01032e-05 -0.00501455 -0.0123903 0.000354528 -0.00304958 -0.00430915 -0.00461087 0.0157483 -0.000146184 -0.00826571 -0.00142981 -0.00634013 0.0034729 0.00587819 -0.000673553 -0.000829564 -0.00468384 0 -0.00699999 -0.00708 -0.000218127 -0.0114539 -0.000367885 0.00758443 0 0.0173374 0.00639046 -0.0115828 0.00127494 -0.00690352 0.00552057 -0.00144456 -0.00293224 -0.00278841 0.0173726 0.00626344 0 -0.0048152 0 0.0115057 0.0130059 -0.00146558 0.0172958 0.0066088 0 0 0.00620745 0 -1.4756e-05 -0.000660075 1.8689e-05 0 0 0
-0.030064 -0.0284159 0 0 0 0 -0.0359143 0 0 0 0 -0.052191 0 0 0.901759 0 0 4.81946e-07 -0.003239 0 0.000930277 0 -0.0169853 0 -0.0193879 0 -0.00171514 0 -1.9821e-05 0.00316358 0 0 -0.0199991 0 0 -0.0125457 0 0 0 0 0 0 0.00305182 0 0 0 0 -0.00355453 0 0 0 0 0 0 0 0 0 0 3.13433e-05 0 0 0.00889671 0 0 0 0 -0.000933577 0 0 0 0 0 0 0 0 0 0 0 0 0 0 0 -0.0143132 0.0176513 0 0 0 0 0 0.00296271 0 0 0 0 0 0 0 0 0 0 0 -0.00495242 0.00182487 0 0 -0.011339 0 0 0 0 1.59999e-05 -0.00672085 -0.00408754 0 -0.000828822 -0.00265751 0 0 0.00926568 0 0 0 0 0 0 0 0 0 0 0.00592897 0 0 0 -0.00131316 0 0 0 0 0 0 0 0 0 0 0 0 0 0 0 0 0 0.00442785 0 0 0 0 0.00355009 0 0 0 0 0 0 0 0 0.00192784 0 0 0 0.00398344 0 0 0 0 -0.000855065 -0.0061274 0 0 -0.00142572 0 0 0 0 0 -0.00847179 -0.00343475 -0.00132663 0 0 0 0.0100066 0 0 0 0 0 0 0.000455798 0 0 0 0 0 0 -0.00305668 0 0 0 0 0 0 0 0 0 0 0
0.00310481 0.0101179 -0.000795338 -0.000349954 -0.00418666 -0.149333 0.000589101 -0.00162644 0.0250315 0.0449715 0 0 0.0186888 -0.128119 0 0.86079 0.0203283 0 0 0 -0.000492931 0 0.00345945 -0.0115578 -0.00559934 0.00459335 0 -0.000497453 0.022684 -0.000945429 -0.00681823 -0.00233057 -0.0162937 0 -0.00135364 0 -0.00858031 0 0 -0.0138687 -0.00794795 -0.00380864 0.00091899 -0.0702452 -0.00441627 0.00120823 0.000553433 0.0094679 -0.000142076 -0.0182225 0.00243642 0 -0.0256289 -0.00138023 -0.0017878 0 -0.00762433 0 0.00418577 -0.0173608 -0.0237387 2.01838e-05 0 -0.0198156 -0.00660112 0 0 -0.000224136 0 -0.00898822 0.0138483 -0.00347799 -0.0207038 0 0.0122573 0 0 0 0.00249921 0.000333538 0.0119299 -0.000436883 0.00104734 0.000769441 0 -0.11439 -0.000370668 0 0.00389244 -0.0371959 -0.0127163 -0.00174025 0 -0.00643163 0 0.0154024 -0.00267147 -0.000453427 0 0.00590502 -0.0152086 -0.00179732 0 0 -0.000938464 0.00125715 -0.00183176 0 0 0.00571315 0.00520526 0 -0.00720211 -0.00653415 0 0 -0.0116126 -0.00777572 -8.46103e-05 -0.00487052 -0.00659709 0 -0.00139674 0 -0.00708192 -0.004028 0 0.000563099 -0.00334256 0 -0.0161062 -0.0136485 0 0 -0.00105267 0.000425563 -0.00695071 0.00049395 0.000799901 0 -0.00030543 -0.00397436 0.00835579 -0.00243178 -0.00341742 6.08487e-05 -0.0017203 -0.00302928 -0.00224855 0 0 0 0 0 -0.00316145 -0.000931346 -0.00258911 0.00430754 0 -0.00221674 0 0 0 -0.00358635 -0.00925357 0.000603776 0.0092299 -0.00304334 -0.00306266 0.00709999 0 -0.00815271 -0.000987762 -0.00830167 0.00256127 0.00204053 7.2419e-07 -0.000333312 -0.00273809 0 -0.0084726 -0.00615344 -0.000451939 -0.00179694 0 0.00540011 0 0.00531242 0.000804549 -0.00217498 0.000838004 -0.00232736 0.00358848 -0.00248763 -0.00213744 0 0.00839495 -0.00485381 0 -0.00459315 0 -0.00500306 0.010004 -0.00207626 0.00469785 0.00416748 0 0 0.00382398 0 -0.000276145 -0.000482861 -0.000280188 0 0 0
0.0155671 0.00290192 0 -0.00265681 0 0.0196756 0 0 -0.00442982 0 -0.00480649 0 -0.00328265 0.00862364 0 0.0203283 0.710739 -0.00574907 0.013818 -0.0453125 0.00106247 0 0.00790488 0.00388616 0.0175816 0.0029335 0.00132048 0 0.0110392 0.00111205 0 0 0.00973784 0 0 0.0787542 0 -0.000175081 0.0131917 0.000882848 0.00104522 0.000763581 0 0.0274579 -0.0307947 0.0244095 0.0223708 0 0 0.0336122 0 0 0.00180538 0.00080422 0 7.65108e-05 0 0.0224846 0.000900887 0.0102438 0 0.00400218 -0.00263008 0 0 -0.0177042 -0.0176757 0.000894705 0.00796098 0.00252265 0 0 0.0154009 0 0 0 0 0.00115527 0.0029047 0 1.87952e-05 -0.000985247 0 0.00902778 0 0.00654091 0 -0.000959096 -0.000156703 0.023882 0 -0.02975 0.04812 -3.20377e-05 0 0.00478798 0 0.00379845 0 0 0.0173108 0.0172749 0.00297963 0 0.00391826 0 0 0 -0.000748128 -0.0112854 0 0 0.00278847 0.00242594 0 0.00512914 0.00482779 0.00463255 0 0 0.000701883 0 0 0 0.00305831 0.000491123 0 0 0 0 0 0 0.00128924 0 9.65356e-05 0.00118424 0.0137932 0 0 -0.00475858 0 0 -0.00272313 0 0 -0.0116786 0 0 0 0 -0.0475994 0.000585122 0.000482754 0 -0.0224129 0 0.000399709 0.00358812 0 0 -0.000627661 0 -0.0279269 0.000402109 0.00310202 0 0 0.000906683 0 0 -0.00251111 0.00244782 -0.000904699 -0.0437816 0 -0.000485711 -0.00287013 -0.0017323 0.0138216 0 0 0 0 -0.0111312 0.00251167 -0.00151399 0 0 0 0.00394809 0.00235607 0 -0.00180738 0 0 0.0114511 0 0.00667882 -0.0169992 0 0 -2.07845e-05 0 0 -0.0030634 -0.000803653 0 0 0 -0.00350601 0 0 0 0 0 0
0.00769282 0.0127122 0.00185581 0.000476128 0 0 0 0 0 0 0.00246041 0.00666202 0 0 4.81946e-07 0 -0.00574907 0.915157 0.00402059 0 -0.0038994 0 0 0 0 0.000168841 0.00532105 3.25489e-05 0.00849635 0 0 0 0.000960783 0 0 0.0147269 0 0.000586568 0 0.00156475 0 0 -0.0367278 0 0.000687769 0 0 0 0 0 0 0 0.00183821 0 0 0.00517569 0 0 0 0 0.000627004 0 0 0 0 0 0.000345613 0 0 0 0 0.000129083 0 -0.0511453 0 6.92813e-05 -0.0323187 0 0 0 0.00148943 0 0 -0.010935 0 0 0 0.0035816 0 0 0.000302838 0 0 0 0 0.00281823 0.000497909 0.000753117 0 0 0 0.00011782 0 0.000219284 0 1.839e-05 0.0012268 0.00035963 0 0 0.00157371 0 0 0.00610459 0 0 0 0.000560051 0 0.00183839 -2.64624e-05 0 0 0 0 0.00541133 -0.0490836 0 0.00296098 -0.0171946 0 0.000813922 0 0 0 -0.00397761 4.50716e-05 0 0 0 0 0.000178275 0.00125636 0.000563801 0.00240182 0 0.00869632 0 0 0.00156303 0 0 0 0 0.000432038 0 0.00071655 0 -0.0120392 0.00136787 0 0 0 0.000224217 0 -0.0161483 1.87943e-05 0.0012783 0.00018479 0 0.00205063 6.59753e-05 0.00364783 0 0 0 -3.02186e-07 0.00639112 0 0.00577462 0 0 0 0 0 0 0 0 0 0 -0.00797311 0.000321815 0 0.00221272 0.000339785 0 0 0 0 0 0 0 0 0.0035498 0 0 0.0021574 0 0 0 0.00314998 0.0023088 0.00378186 0 0 0
-0.0154397 -0.00020188 0 0.00140586 0 -9.60825e-05 -0.00450738 0 0 0 0 -0.0163015 0 0 -0.003239 0 0.013818 0.00402059 0.889994 0.000647273 0 0 -0.000197936 0 -0.0147033 0 -0.0146525 0 -0.0143074 0 0 0 -0.00231823 0 0 0 -0.000143197 0 -0.00505082 0 0 -0.000155616 0 0 0 -0.00759829 0 0 0 0 0 0 0 0 0 0 0 0 0 0 0 0 0 0 0 0 0 0 0 0 0 0 0 0 0 0 0 0 0 -0.000497009 0 0 0 0 0 0 0 0.000793752 0 0 0 0.000124345 -0.00648346 0 0 -8.06565e-05 0 0 0 0 0 -0.0185866 0 0 -0.00203949 -0.00239628 0 0 0.00279927 -0.0011288 0 0 0 -0.00124082 0 0 -0.000322488 0 0 0 2.17536e-06 0.00997934 0 0 0 -0.00232773 0 0 0 0.0153286 0 0 -0.00270921 0 -0.00279468 0 -0.000101217 -0.0133923 0 0.00795534 0 0 0 0 0 0 0 0 0 0 0.0134504 0 0 0 0.00354065 0 0 -0.00144938 0 0 0 0 0.00267622 0 0 0.00201014 0 0 0 0 0 -0.000125969 0 0 0 0 0 0 -0.0160222 0 0 0 0 0.0180303 -0.00436783 0 0 0 0 -0.00367857 0 0 0 0 0 0 0 -0.000471257 0.0108718 0 0 0 0.00366237 0 0 0 0 0 0 0.00649135 0 0 0 1.76139e-05 0 0
1.77494e-06 0 -0.00321939 -0.019052 -0.00533931 0 0 0 0 0 -0.0135756 -0.00210771 0 -0.00800606 0 0 -0.0453125 0 0.000647273 0.811236 0.00252936 -0.0255011 0 0.00400896 0 0.00607602 0.00111742 0 0.014741 0.0152384 0 -0.000991592 0 -0.0168484 3.87597e-06 0.00787837 0.000271277 -0.00366254 0.0134882 0 0 0.000184136 0.00274219 -0.0341019 -0.0190243 0.0303402 0.039586 0.00104632 0 3.79154e-05 0 -0.00889853 0 0.000409005 -0.00421345 0.0117819 0 0.00073622 0 0 0 0 -0.00341332 0 0 -0.114035 -0.0221621 0 0.00341898 0.00311479 0 -0.00445508 0 0 -5.59288e-05 0 0 0.00338718 0.00220649 0 0.00142086 -0.00444447 0 0.0187296 0.00412452 0 -0.00866518 -0.00576628 0 0 -0.00542535 -0.0401502 0.0151102 -0.00702472 0 0.00609551 -0.00229295 0 0 0 0 0.0129521 0 0 0.0081803 0 0 0 -0.0311858 0 -0.011867 0 0 0.000546912 0 0 0.00134531 0.000750911 0.00884233 0 8.03042e-07 -0.00331778 0 -0.00388681 0.0125028 -0.00459321 0 0 -0.00125555 -0.010242 0 -0.0500984 0.0162994 0 0.000316846 0.0023184 0.0183082 0 0 -0.00502399 -0.000111055 -0.00361296 -0.00266554 -0.000868518 0 0 0 0 0 0 -0.0370728 0.00900166 0.0140226 -0.00162849 -0.0341826 0 0 0.0080182 0.000312438 0 -0.000380275 0.00464689 -0.0218666 0 0.00130646 0.0037284 0 0 1.55042e-06 0 -0.0137321 6.24101e-05 -0.00220612 -0.0227051 0 0 -0.000179651 0 0.00344666 -0.00397158 0 -0.00910829 -0.00914516 -0.0296365 0.00132886 0 0 0 -0.000110473 0.00922263 0.0122371 0 -0.012803 0 0 0.000849147 0.0137495 0.00579493 -0.0342114 0 -0.00216035 0 0.00167933 -0.000636803 -0.000453164 0 -0.00237207 0 0 -0.0299942 -0.00010899 -0.00159837 -0.000744689 -0.0174489 0 0
0.00733352 0 0.00989202 0.00446514 0 -0.0089847 0.000486815 0 0 -0.00225976 0.00504579 0.0114703 0 -9.56076e-05 0.000930277 -0.000492931 0.00106247 -0.0038994 0 0.00252936 0.909428 0 0 -0.00983256 0 -0.023322 0.00677718 0.00454241 0 -0.00126434 0 0 0.00493891 0 0.00235254 0 0 0.00936579 0 0 -0.00451765 -0.00697945 -0.0473989 0 0 -0.000320306 0 0 0 -0.0158619 0 0.00420522 0 -0.00115927 0.00270667 0 -0.00122035 0 -0.000268985 0 -0.00160164 0 0.00700144 -0.0008786 0 0.00140352 0.0148984 0 0 -0.00591315 0 0.00666193 0 -0.00378007 0.00299859 0.0130244 -0.00495489 -6.07186e-05 -0.0109242 0.00100534 -0.00175308 0.00258167 0.00739669 -0.0200969 0 -0.000115408 0.00952795 0.00642806 0.0039005 -0.000878421 0.00373526 0 0 0 -0.000881757 -0.00478997 0.0105956 -0.000663868 0 -0.00594023 -0.00474234 0 0.000229779 0.0017968 0 0.0151181 0.00263204 0.0121817 0.00206927 0 -4.00494e-05 0 -0.000184682 0 0 0 -0.00353717 -0.00255611 0 0.00255877 0 0.0177715 0 0 -0.0165146 0 -0.00305049 0 0.00231897 -0.00356305 0 0.00120365 0 0 0 -0.00910912 -0.00842408 0.000819605 0 0.00161404 0.000286232 0.00874198 0.0141801 0.00904569 0.00170361 0 0 0 0 0.00479832 0 0 0 0.00265418 0.00237703 0 -0.000398646 -0.0185729 -0.0122696 0.0124312 0.00138616 0 0 0 -0.0150512 -0.0411031 0 0 0 -0.00273776 0.0113813 0 0.0022982 0 0.014311 0 0.00152099 0.0150187 0 0.0083403 0 0 0.00555088 0 0 0.0119506 0.0070404 0.0198774 0.00232897 -0.00362723 -0.0106409 0.00428362 0.00202944 0.0038613 0.00478892 0 0 -0.00252566 0.000452092 0.000580827 0 0.00148711 0 0.00124955 0.0024204 0 0.00633174 0.00873869 0.000747751 0.00152666 0.00347686 0.00431084 0.00384543 0.000786609 0 0
0 0 -0.0154504 -0.0079949 -0.0409949 0.00529587 0 -0.00108115 0 -0.00815302 -0.00505162 0 0.000803918 0.00626996 0 0 0 0 0 -0.0255011 0 0.89988 0 -0.00677977 0 -0.00540375 -0.00147619 -0.0133495 0 -0.00181975 -0.00136192 -0.0143822 0 -0.0175048 -0.00174629 0 -0.0217616 0 0 -0.0143746 -0.00182668 -0.00259167 0.00679814 0 -0.00679713 0 1.14894e-05 0 -0.000146853 0.0273763 0 -0.000668367 -0.00401823 -0.00516405 -0.00538097 0 -0.00597434 0 -0.00596571 0 -0.0114451 0 -0.015426 -0.000884081 0 0 -0.0196295 0 0 -0.00544802 0 -0.0101434 0 0 -0.00104093 -0.00169507 0 -0.000544752 -0.0107132 0 -0.0121367 -0.00153451 0.0001175 0.00890586 0 0.00450511 -0.00855345 -0.00103372 0.00224132 -0.0013822 -0.0120122 -0.0234495 0.00744424 -0.0084454 -0.00302146 -0.00594613 -0.0215807 -0.00608634 0 0 0 -0.000608093 0 -0.0157845 0 0 -0.0134676 -0.00264913 0 0 -0.00811618 0 0 -0.00662458 0 0 -0.0074871 -0.00254266 0 -1.40937e-05 -0.0058289 -0.022869 -0.00125817 0 -0.00331498 -0.002267 0.00153413 0.000134543 -0.00181759 0 0 -0.00370156 0 0 -0.000724881 0.00291313 -0.00504676 0 -0.00666544 -7.71909e-05 -0.0049822 -0.00297957 -0.0061247 -0.00768453 -0.0103655 -0.0047423 -0.00334829 -0.0123079 -0.0010078 -0.00209469 -0.0114076 -0.00128295 0.0043839 0 -0.00610693 -0.000557104 -0.00234383 -0.00536527 0.00152614 -0.0065287 0 0 -0.0051065 -0.00742301 -0.00545194 0.00817474 -0.00271911 -0.00748142 -0.00266372 -0.00297971 -0.00414054 -0.00386258 -0.000815096 -0.00510015 0.000258795 0 -0.00349024 -0.00708116 0 -0.000986981 -0.0031229 -0.00464778 -0.00679189 -0.001149 0 0.00218047 -0.00280528 0.00258975 0 -0.00612936 0.0143303 -0.00228526 0.00307245 -0.00204851 -0.00386248 0 0 -0.00498323 0 -0.00603499 -0.0231978 0.00400854 0 -0.00325525 0.00274089 0.00319019 -0.000134773 0 0.00642309 0 -0.0010314 -0.000627665 -0.00101755 0 0 0
-0.0364532 -0.024662 0 0 0 0.0013359 -0.0205767 0 0 0 0 0 -0.000290894 0.0116287 -0.0169853 0.00345945 0.00790488 0 -0.000197936 0 0 0 0.914557 0 0 0 -0.0154277 0 -0.00847627 0 0.0115829 0 -0.00711698 0 0 -0.0170207 -0.00347678 0 -5.77611e-05 0 0 0 0 0.000369023 0 0 0 0 0 0 0 0 0 0 0 0 0 0 0 0 0 0 0 0 0 0 0 0 0 0 0 0 0 0 0 0 0 0 0 0 0 0 -0.00845878 0 0 0.000534797 0 0 0 0.000390334 0 0.00023531 -0.0221367 0 0 0 0 0 0 0 0 0 0 0 0 0 0 0 0 0 0 0 0 0 0 0 0 0 0 0 0 0 0 0 0 0 0 0 0 0 0 0 0 0 0 0 0 0 0 0 0 0 0 0 0 0 0 0 0 0 0 0 0 0 0 0 0 0 0 0 0 0 0 0 0 0 0 0 0 0 0 0 0 0.00480183 0 0 0 0 0 0 0 0 0 0 -0.0141711 0 0 0 0 0 0 0 0 0 0 0 0 0 0 0 0 0 0 0 0 0 0 0 0 0 0 0 0 0 0 0
0.000405815 0 -0.00247001 0 -0.00198822 -0.0143636 0.00498843 -0.00539898 0 -0.018363 0.00765283 0.00142728 0.0034792 -0.0112111 0 -0.0115578 0.00388616 0 0 0.00400896 -0.00983256 -0.00677977 0 0.888768 0 -0.0231131 -0.00580746 -0.00147256 -0.0013576 -0.00891074 -0.00775433 -0.00807533 0 -0.00352644 -0.00632331 0 -0.026751 0.00500685 -0.00105659 -0.015589 -0.0140501 -0.0164757 -5.93237e-05 -0.004348 -0.0130329 -0.00841773 0 -0.00190411 0 -0.00754918 0 0.00059009 -0.0130498 -0.0161911 -0.00137574 0 -0.0162598 -0.00522518 -0.0123476 -0.00237838 -0.0456673 0 0 -0.0114917 -0.00412537 0.010596 -0.00447747 -0.00695419 -0.000474077 -0.0312278 -0.00155534 0 -0.00121556 0 0 0 0 -0.00770126 -0.0397288 0.00193439 -0.0237175 0 0.00418749 0 -0.000225565 -0.0126703 0 0.0101152 0.0134093 -0.0082995 -0.00460266 -0.0021286 -0.00975523 -0.0140112 -0.00587631 -0.0217067 -0.000817224 -0.0182213 -0.00273724 -0.00788158 -0.00463885 -0.0114257 0 -0.00329187 -0.00488293 0.00225882 -0.00416876 -0.000724883 0.00284428 -0.00071484 -0.015411 0 -0.0094917 -0.0216523 -0.00067458 -0.0011665 -0.0428503 -0.0197849 -0.00598003 -0.00167379 -0.0184192 -0.00458504 -0.00336699 0.00277831 -0.0348979 -0.00865267 0 0.00182648 -0.00220228 0.00227635 -0.00366394 0 -0.00791931 0 -0.00989412 0.000515218 -0.0289874 0.00031074 -0.00924754 0 -0.00233983 -0.00256769 4.34083e-05 -0.00364512 -0.00966183 -0.011011 -0.00992346 -0.0122549 -0.00305004 -0.00184993 0 -0.00810359 0 1.39596e-05 -0.00361635 -0.00702477 -0.0105415 -0.024832 0.000236544 -0.00150988 0 0.00092467 -0.00273678 -0.0111734 -0.0455959 0.00115739 -0.00955531 -0.010148 -0.00581899 -0.0268437 0 -0.0267542 -0.000311629 -0.00690661 0.0062145 0.00160201 -0.00580028 0 -0.00670744 0.00689937 -0.0106636 -0.0109585 0 0 -0.00399976 0.0132427 0 0.0163889 0.010846 -0.0391968 0.000506092 -0.00240793 0.0127456 -0.00144065 -0.0034342 -0.00233361 0 -0.0253681 0.00253002 -0.00264485 -0.00151322 0.0166826 0 -0.000429017 0.0143397 0.0148209 0.0137478 0.00105158 0.0180312 0.00181551 4.08512e-05 0 0 0 0 0
-0.00368105 -0.00650294 -0.000738299 -0.000665884 -0.000791692 -0.0197656 -0.0154483 0 0 -0.000955555 -0.0024487 -0.0745528 0.0814213 -0.0095547 -0.0193879 -0.00559934 0.0175816 0 -0.0147033 0 0 0 0 0 0.778524 0 -0.00978873 0 -0.00274432 0 0 0 -0.0104262 0 0 -0.0138181 -0.000699965 0 -0.0145255 -0.00563193 0 -3.59745e-05 0.00356525 0 -6.89165e-05 0 0 0 0.00755346 -0.0159022 0.000915094 0 0 0 -0.0014273 0 0 0 0 -0.0234288 -0.00519036 0.0025058 0 0 -0.0118817 0 -0.000488059 -0.00785439 0 -0.00105132 0 -0.0021916 -0.0345117 0 0 0 0 0 -0.00155528 0 7.10934e-07 -0.00032344 0 0.00604563 0 -0.00593845 -4.86142e-05 0 0 0 -0.00736082 -5.88449e-06 -0.00630097 0 0 0 0 -0.000289756 0 0 -0.0214281 -0.00962435 0 -2.59971e-05 -0.000276846 0 -0.00404982 -0.000523891 0 0 0 0 -0.00226812 -0.00095579 0 0 -0.00275287 0 0 -6.37375e-05 -0.000899195 -0.000256845 0 0 0 -0.00425762 0.000843 0 0 0.000275628 -0.00224479 -0.00627682 -3.03654e-05 -0.0253461 -0.00120639 0.000366031 -0.000438095 0 0 0 0 -0.00132594 0 -0.000842459 -0.000481063 0 0 0 0 0 0 -0.00110081 0 0 0 0 0 -0.000200959 4.28022e-05 -0.00655998 0 0 0 -0.000442265 -0.000165815 0.0102262 0 0 -0.00105354 0 0 -0.000781897 0 0 0 0.000137318 0 -0.00548571 -0.00141785 0 0 -0.00195281 0 0 -0.00141719 0.000505945 0 0 0 -0.000988053 0.00399331 -0.00092336 0 -0.00136768 -0.000847017 0 0.000564453 0 0 -0.00491385 0 0 0 0 0.000518362 0.00167237 0 0 0 0 0 0 0 0 0 0
0.00179323 0 0.00181762 0.0139576 -0.00337716 0.0172929 0.0111301 -0.0142022 -0.0189493 -0.0217412 -0.000798612 0.00246952 0.00303811 0.00452284 0 0.00459335 0.0029335 0.000168841 0 0.00607602 -0.023322 -0.00540375 0 -0.0231131 0 0.845506 -0.0100666 -0.00319035 -0.00553148 -0.0160054 -0.00831038 0.0038619 0 -0.00239296 -0.00398442 0 -0.00880874 0.0153502 0 0.000179755 -0.0194016 -0.024978 -5.31144e-05 0.00915264 -0.0137633 -0.0199603 0 -0.00742226 0 -0.005848 0 0.0080073 -0.0118086 -0.0244098 0 -0.000118297 -0.0135374 -0.0172482 -0.0117602 -0.00330802 -0.0176631 0 0.00604647 -0.0104536 -0.0031951 0.0139441 0.00173587 -0.00576159 0 -0.0256069 -0.012478 0.00858177 -0.000657652 0 0 0 0 -0.00606932 -0.0298255 0 -0.0410251 4.2367e-05 0.0109488 -4.66558e-05 -0.0190093 0.00650511 0 0.0211587 0.0128463 -0.00712034 0.00171008 -0.000277859 -0.000679125 -0.00295706 -0.0198576 -0.0467853 0.0117082 -0.0177867 -0.00197979 -0.00806435 -0.00361454 -0.010678 0 -0.00348454 -0.0039078 0.00272939 0.0068083 0 0.00433139 -0.00118873 -0.0147717 0 -0.00815852 -0.0182329 -0.0076563 -0.0130717 -0.0383527 -0.0319994 -0.00403818 -0.000630687 0.00497845 0.000946006 -0.00211204 0.00133802 -0.0382554 -0.00457769 0 0.000859836 -0.00219014 0.00111896 -0.00201709 0 -0.0127363 0 -0.00806083 0 -0.0360515 0 -0.00938579 0 0 -0.000143267 0.0154705 -0.00116488 -0.00736147 -0.0039683 -0.00917594 -0.00751886 -0.00128816 0.00339684 0 -0.00537459 -0.00277953 0.00311505 0.00093087 -0.00737543 -0.015267 -0.0580777 0 0 0.00684452 0.00544055 -0.0027628 -0.00848548 -0.0181366 0.000122877 -0.00865138 -0.00737223 -0.0100809 -0.0137701 0.00580418 -0.0150829 0 -0.00452752 0.00704374 0.000773511 -0.00189081 6.31656e-05 -0.00675915 0.00655586 -0.0063888 -0.00697529 4.4251e-05 0.00820245 -0.00758726 0.0131009 0 0.0164452 0.020783 -0.0266256 0 0 0.0147478 0 0.00998354 -0.00574041 -0.0186351 -0.0315567 0.00502347 -9.26435e-05 -0.00144954 0.0134162 0 -9.37989e-06 0.0127815 0.0112537 0.00762674 0.0160577 0.0116111 0.00605729 3.59453e-05 0 0 0.00628762 0 0
