0 0.0826505 0.00892054 0.00146757 0.0488768 0.00338175 -0.0116812 0.0117499 0 0.0472341 0.0430456 0.0658609 0.0260897 0.0236936 0.0263902 0.0148613 0 -0.0130509 -0.00604348 0.0343367 0 0.00504141 -0.00120659 0 0.00613889 0 0 0 0.0113675 -0.018232 0 0 -0.000942138 0 -0.00103596 0.0154929 0 0.0128549 0 0 0 -0.00174519 0 0 0 0 0.0105196 0 0.000884216 0 -0.000588568 0 0.0229299 -0.000488344 0 0 0 0 -0.00174474 0.0419764 0.0153684 0.0192287 0 -0.00194679 0 -0.00131163 0.0206456 0 0.00430386 0 0 0 0 0 0 0 0 -0.000433752 0 0 0.00765658 0.00145661 0.0675654 0.00203947 -0.00653407 0 0 0 -0.00487202 0.0125527 0 0.00874326 0 0.0133357 0.00689234 0 0.000188569 -0.000249442 -0.00211136 -0.00565128 -0.00194919 0.0103416 -0.012919 -0.000970394 0.00383194 0.00137581 0 0 0.00629464 0.00194337 -0.0329715 0.00234696 0 0.000735244 0 0 0.00723057 0.0120487 -0.00160474 -0.00243024 0 -4.07944e-05 0.000324905 -0.0025671 0 0 0.00267132 -0.00154463 -0.0111852 0 0.0184243 -0.0172564 0.0200843 0 0.00644142 -0.00258999 0 0 0 0 -0.00272893 0 0 0 0.0238427 0 -0.00198053 0 0 0 0 0 -0.00781929 0 0 0 0 0.00296386 0.00284617 0.00336692 -0.0105723 -0.0158573 0.00109145 0 0 -0.0114919 -0.000873142 0 -0.00372747 -0.00220288 -0.00174291 0 7.15512e-05 0 0 0.0111727 0 0 0.00162245 -0.00115963 0.0138027 0 0 0.0251911 0 0 -0.00253898 0 0.01276 -0.00705342 -2.83256e-05 0 0 -0.00279824 0 -0.0057343 0 0 -7.11017e-05 0 0 0 -0.00128112 0 0 0 0 0 0 0 -0.0022148 0 0 0 0 0
0.0826505 0 0.00320131 0 0.0553347 0.000423739 -0.0249042 0 0.00221642 0.0498136 0.00639632 0.0688914 0.0202014 0.0203271 0.0122748 0.0288138 0 0 -0.00758946 0.0454324 0 0.027881 -0.0119908 0 0.0111791 -0.00171744 0 0 0.04017 -0.0205027 -3.13828e-05 0 0 0 0 0.0356427 0 0 0 0 0 -0.000410802 0 0 0 0 0.00093109 0 0.0206358 0 0 0 0.0261931 0 0 0 0 0 0 0.00687154 0.00302364 0.0324524 0 -0.00661733 0 0 0.0216901 0 0.025106 0 0 -0.00819329 0 0 0 0.00062506 0 0 0 0 0 0 0.032887 0.00032092 -0.00462531 0 0 0.00119757 0 0.0234847 0 0.00488702 0 0.0383516 0.000253125 0 0 0 0 -0.0122683 0 0.0151311 -0.0108379 -0.00071442 0.0069027 0 0 0 0 0.0133226 -0.0202829 0.0155837 0 0 0 0 0.00276705 0.00218058 -0.00161461 0 0.000324364 0 0 0 0 0 0 0 0 0 0.0250293 -0.0279244 0.00255441 0 0 -0.00024085 0.0126943 -0.0181396 0 0 0 -0.00272971 -0.000229581 0 0.00479921 0 0 0 0 0 0.0030487 0 -0.01399 0.00279399 0 0 0 0.000587312 0 0.0160369 -0.00910885 -0.00946169 0.0246475 -0.000381725 0 -0.00217383 0 0 0 0 0 0 0 0 0 0.0501464 0 0 0.0171663 -0.00964477 0.00152516 -0.00269794 -0.0040365 0.00245689 0 0 -0.00265294 0 0 0 0 0 0 0 0 0 0 0 0 0 0.00113501 -0.000310458 -0.0087875 0 0 0 0 -0.0106782 -0.0132608 0 0 0 0 3.01379e-05 0 0
0.00892054 0.00320131 0 0.0188268 0.0103499 0.0444166 0.000297471 0.0557738 0 0.00167103 0.00317763 0 0 0 0 0.00444354 0.0199363 0.0126872 0.00217654 0.00191127 0.00885925 0 0.000602677 0.00940826 0.0157686 0.00589845 0.0120406 0.00750363 0.000331179 0 0.00827208 0.0230717 -0.00752086 0.0127045 0 0.00249538 0.00948191 0.011745 0.00970262 0.0213059 0 -0.0216884 0.0144436 -0.00404088 0.00908759 0.00459738 0.0231971 0.0131274 0 0.00907121 0.0019628 0 0.010574 0.00432024 0.000451673 0.000229522 0.0119515 0.005088 0.00559851 0.000261282 0 0.00153101 0 0 0.0123786 0.00133932 0 0.0229072 0 0.0193103 0.00592865 0.00190454 0.0110927 0.0111383 0 0.00607364 0.00388021 0 0 0 0.028474 0 0.00292414 0.0214085 0 0.0124475 0 0.00281119 0 0.000490832 0.00453095 0.00690995 0.0173209 0 0.00672245 0.00866894 0 0.00193831 0 0.000265874 0.000860717 0.00459703 0 0.000943344 0.000330969 0.031187 0.0113584 0.00694369 0.021764 0.00184582 -0.00862448 0 0.00791286 0.0110317 -0.00042035 0 0 0 0.00287729 0.00140054 0 -0.00148588 0.00348839 -0.00886496 0 0.00733649 0.0254876 0 0 0.00925086 0.000921632 0 0.0297505 0 0.0237101 -0.00980417 0 0.00414087 0 0.00371055 -0.000671517 0.00729981 0.00417342 0.00208898 0.00295053 0.00261658 -0.0116725 0.000531725 0.00016885 0.00201338 0 0 6.63999e-05 0.000272498 -0.00166298 0 0.00283861 0 0.00826855 0 0 0.000118353 0 0.00577077 0.00192606 0.000672081 0 0 0 0 0 0.00198347 0.00873248 0 0 0 0.00235543 0.00896519 0 0.000544933 0 0.00152357 0.00352969 3.37769e-05 -0.00731172 0.00260282 0 0.00884033 0 0 -0.00403674 -0.00604691 0 -5.02697e-05 -0.00664485 0 0.00369368 0.0013889 0 0 0 0.00351199 0 0.000191864 0.000143648 -0.00235315 0 0.00298232 0.00108186 0 -0.00957761 0.00192641 0 0 0 0
0.00146757 0 0.0188268 0 0.00818877 0.0239773 0 0.0181204 -0.018311 0 0.00604059 -0.000176714 0 0 0 0 0.0178754 0.0340583 0.000733579 0 0.00295065 -0.0196919 0 0.0126797 0.00769989 0.0473055 0.006126 0.0145364 0 0 0.0293996 0.0353058 -0.0298573 0.00477568 0 0 0.00769887 0.0488746 0.0261662 0.0131623 0.00110317 -0.00577198 0.0126541 -0.0103887 0.0318584 0.0081142 0.0684392 0.0244465 0 0.023275 0.00270458 0 0.000584511 0.00392031 0 0.0034427 0.0150696 0.000263705 0.012037 0 0.00325781 -0.00593216 0 0.00385089 0.0171411 0 -0.0135041 0.0316222 -7.19257e-05 0.0221947 0.0270762 0.00997667 0.00790561 0.0175154 0 0.0051146 0.00191231 -0.0245812 0 0 0.0298881 0.0043938 0 0.0271199 0 0.0169861 0.00624646 0 -0.0151937 0 0 0.00377891 0.0197844 0 0.0116436 0.0092707 -7.23678e-05 0.00597963 0 0.000671435 0.0007207 0 0 0.00816833 0 0.125502 0.0138098 0.0129389 0.0389218 0 -0.00218606 0 0.0211178 0.0268003 0 0 0 0 0.00672417 0.000327633 0 -0.00486153 0.0170935 -0.0176581 0 0.0144989 0.029461 0 0 0.025447 0 0.0009399 0.0309094 0 0.0165608 -0.0185192 -0.00462226 0.00241974 0 0.00250025 0 0.00858524 0.00440045 7.70658e-05 0.00187299 7.83801e-05 -0.0205817 0.000428603 -2.53937e-05 0.00186389 -0.00299894 0 0 0 -0.00292265 -0.000213644 0.00237967 0 0.0410963 -0.00260358 0.00160003 0 -0.0045223 -0.00124192 0.00621609 0.00587927 -0.00871727 -0.00477138 0 0 -0.0141621 0.00160867 0.0140284 0 0.000305107 0 0.0139396 0.00395114 0 0 0.00739534 0.00267664 0.00535854 -0.000840618 -0.00832417 0.00996588 0 0.0192993 0.00195447 -0.0124493 -0.00755268 -0.0105005 0 -0.0238923 -0.0058086 0 0.00315994 0.0112832 -4.31933e-05 0.00373775 0 0.00157247 0.00211323 0 -8.70825e-06 -0.00178471 -0.00314705 0.00861498 0.00191855 -0.0106982 -0.0117949 0.0160743 0 -0.0162497 0 0
0.0488768 0.0553347 0.0103499 0.00818877 0 0 -0.00921647 0.00291736 0 0.0695364 0.0169353 0.0290141 0.0276983 0.0179766 0.0409979 0.0118277 0.000771134 -0.000352308 -0.00901809 0.00528169 0 0.0156181 -0.00482328 0 0.0223064 0 0 -0.000163873 0.0183771 -0.0163771 8.71647e-05 0.000124837 -0.0229824 -0.00312755 -0.00135981 0.0189569 0 0.0132016 0 0 0 -0.001457 0 0 0.00231384 0 0.0241365 0 0 0 -0.00266542 -9.6765e-05 0.0265488 -0.00220587 -0.00355951 0 0 0 0 0.0249201 0.00245991 0 0 -0.000396969 0 -0.0108696 0.0162398 0.00274276 0.00453847 0 0.000603424 0 0 0 -0.0022287 0 -0.000886529 -0.00678225 0 0 0.00445614 0.00271347 0.0374095 0.00803172 -0.0191347 0 0 -0.00235098 -0.0169882 0.0164437 -0.00426558 0 0 0.0150124 0.00430037 0 0 -0.00110553 -0.00700587 -0.00326653 -0.00549297 0.00355833 0 0 0 0.00531395 0 -0.00529547 0.0134733 0 -0.0177136 0 0 0.00133053 0 0 0 0.00574094 -0.000279111 -0.00459149 0 0 0.0114844 -0.00630647 -0.000296136 0 0.0117938 -0.00247591 -0.0154048 0 0.0103908 -0.00849774 0.0255411 0 0.00758007 0 0 0 0 -0.000156707 -0.0114506 0 0 -0.00158712 0.0134826 0 -0.000894011 0 0 -0.000585905 0 0 -0.00503191 0 0 0 0 0.00261547 0 0 0 -0.0112844 0 0 0 -0.00343318 -0.005638 0 -0.00628638 -0.00523221 -0.0164762 0 0 -0.00013085 0 0.0144085 0 -0.000220869 0.00452162 -0.00270882 0.0166536 0 0 0.00608965 0 0 -0.00709799 0 0.00921436 -0.0125648 0 0.000112944 -0.000798617 -0.0128583 0 -0.00683547 0 0.000279614 -0.00614487 0 0 0 0 -0.00092015 0 0.000502026 0 0 0 -0.00401227 0 0 0 0 0 0
0.00338175 0.000423739 0.0444166 0.0239773 0 0 0.00373693 0.0371572 0 0 0.00253158 0 0 0.00212496 -0.00149568 0.00266758 0.00282397 0.0488345 0.0109558 0.00152274 0.0150292 0 0.00571146 0.0180412 0.0200535 0.00108238 0.00151394 0.0086813 0.000679992 0.00335758 0 0.0119072 -0.00121089 0.0404341 0.00238217 0 0.0153268 0.0336677 0.00589765 0.00366122 0.002557 -0.012625 0.0314483 -0.013764 0.0216521 0.00311564 0.0131815 0.0129672 5.75507e-05 0.0222217 0.00411457 0 0 0.0259746 0.00131835 0.00500702 0.0116452 0.00177266 0.00592773 0 0 0.00357943 -0.00841723 0.00176404 0.0271504 -0.00663226 0.000463491 0.0269513 0 0.0920274 0 0.00362963 0.00779456 0.00666115 0.0013218 0.0167042 0.00411553 -0.00521703 0.0018402 0 0.0291072 -0.00557474 0 0.0239039 0.00967971 0.0149397 0 0.00516362 -0.00148048 0 0.00460798 0.00510257 0.0217588 0 0.0076737 0.0128016 -0.00891836 0.0122398 0.00414965 0.00502663 0.00674297 -0.00426628 0 0 -0.000462833 0.0187568 0.00768025 0.00312958 0.00837595 0.00452494 -0.0039116 0.00189727 0.0113172 0.00992519 -0.00361372 0 0.00155632 -0.0116724 0.00747442 0.00475839 0.00449716 -0.00196987 0.00464733 0 0.000286781 0.0138638 0.0138095 0.00235943 0.0111638 0.0265001 0.00477396 0 0.0109229 0.00102125 0.0190288 -0.0104594 0 0.000804753 0 0.0183166 0.00631278 0.016217 0.00265274 0.00525696 0.00219694 0.00895092 -0.0150823 0.00419681 0.000910637 0.0115567 0 0.00108602 0.00443407 0.00172948 -0.00195459 0 0.00471095 -0.0075918 0.0107421 0.00176841 0 0.00242737 0 0.00319879 0.00993686 0.00505152 -0.00167486 0.00139735 0.00443458 0.00794682 0.00287645 0.00793559 0.0137913 0.00108644 -0.000507832 0 0.00672724 0.0109411 0 0.00584791 -0.00616275 0.00183017 0.000611929 -0.00445993 -0.00382376 0.00100855 0.00139682 0.0101295 -0.00461711 0 -0.00404808 -0.0200119 0.0033729 -0.00382709 -0.00811077 0.00473343 0.00388171 0.00042657 0.00384586 0 8.53944e-05 0.00301942 0 0.00285326 0.00379816 -0.0193996 0 0.00111448 0.000121803 -0.00165132 -0.00971544 0 0 0 0 0
-0.0116812 -0.0249042 0.000297471 0 -0.00921647 0.00373693 0 0 -0.0268508 -0.00094496 0 -0.00707867 0 0.00463671 -0.0459252 -0.013633 0 0 -0.0206298 0.0053311 -0.00129817 -0.0340464 0.192428 0.00241525 0.00145233 0.00048129 0 0.000118507 -0.0301217 0.17061 -0.00569142 0 0.0165473 0.0187763 0 -0.00821654 -0.016449 0.000106695 0.0040119 0 0.0318717 -0.0021543 0.00662343 0 0 0 -2.66036e-05 0.00462868 -0.0157321 -4.68846e-05 0.0223032 0.0389565 -0.0204744 0.00920731 0.0111869 0 0 0.0224944 0.00408723 -0.0163369 -0.0125244 0.000743147 0 0.0467583 -0.00375914 0.00404582 0 0 -0.0253932 0.0056865 0 0.000847892 0.00711927 0.000639573 0.02602 0.011789 0.0295586 -0.0155017 0.00687462 0 -0.0163161 -0.00618675 -0.00297312 0.00227706 5.03919e-05 0 0 0.00770142 -0.000880705 0 -2.79503e-05 0.00919004 0.00259304 -0.015956 0 0.00428637 -0.00304769 0.00732563 0.0435859 -0.0109156 0.0138685 -0.00534753 0 0 0.000274718 0 0 0.0178458 0.00136487 -0.000437322 0 0 -5.8598e-05 0 -0.00124353 -0.0158312 0.000883311 -0.00495906 0.000983495 -0.00715823 0.00136391 0 0.00208007 0.00387692 0.0347369 0.00626927 0.000821568 0.00498098 0.0146744 0.00272962 0 0 8.10298e-06 0 0.00211886 -0.00076 0 0.000967022 0 0.00426185 0.0137407 0.00695396 0.0140565 -0.000452938 0 -0.00448887 -0.00217045 0.0481837 0.00070691 0.00238325 0 -0.0200617 0.124953 -0.0262891 0 0 0 -0.00418627 0 0.00121856 0 0.0599964 0 0.00236013 0.00113009 0.00180426 0.00435764 0 0.00749247 0.0124908 -0.00221344 0 0 0.0346566 0 -0.0242736 0.00314861 -0.00381514 0 0.00541531 -0.00738841 0 0.00170555 -0.00850137 -0.000635504 0 0.000397017 0.00176711 -0.00936593 0 -0.000818105 -0.00442634 0 0.00066951 -3.25734e-06 0.0150287 0.0160543 0 0.00640498 0 0.000516777 0 0 0.00192303 -0.0238454 -0.00431467 -0.0103087 1.08734e-05 0 -5.32398e-05 -0.00274821 -0.00357351 0 0 0 0
0.0117499 0 0.0557738 0.0181204 0.00291736 0.0371572 0 0 0 0.000197177 0.00505583 0 0 0 0 0.00128376 0.00604134 0.0011079 0.0052581 0 0.02802 0 0.00101519 0.00815873 0.0218754 0.0114273 0.00607614 0.00382214 0 0 0.0335112 0.0118937 -0.00500748 0.00616176 0 0 0.00868358 0.0212395 0.00299781 0.00673345 0.000313286 -0.0136297 0.0226692 -0.00980487 0.00715981 0.00188425 0.0232019 0.00543632 0 0.0127758 0.00411067 0 0.0183178 0.00744313 0 0.000720112 0.00596036 0.00134016 0.00794813 0 0 -3.70365e-05 -0.00443005 0 0.0115806 -0.00452783 0 0.0277043 0 0.00981252 0.0131397 0.00283339 0.00263497 0.0155717 -5.01553e-06 0.0143274 0.00163439 0.000509618 0 0 0.0241 0 0.000352684 0.0176221 -0.00513798 0.0368251 0.00232555 0.0037034 0 0 0 0.00343424 0.0130137 0 0.0121505 0.00430904 -0.00171036 0.00357958 0.000509756 0.00175809 0.00397203 0 0 0.00746057 0 0.0187291 0.0113166 0.0014558 0.0252736 0.00199163 -0.00468707 0.00287224 0.0242601 0.018897 0 0 5.11177e-05 0 0.00453011 0.00458427 0.00147964 -0.00344101 0.0261736 -0.0207147 0 0.00710874 0.0117453 0 0 0.0298107 -2.08546e-05 0 0.0451566 2.63392e-05 0.0434454 -0.0145315 -0.0126882 0.0024504 0 0.00884045 -0.00517719 0.00552708 0.00756844 0.0073651 0.00378109 0.00750969 -0.0134592 0.00118643 0.000231258 0.00193551 -0.00903713 0 0 0.000403549 -0.00067751 0 0.000736614 -0.000238581 0.00903787 0 0 0 0 0.00327817 0.00719763 0.00146291 0 0 0.00248971 0.00127757 0 0.00846844 0.0249362 0 0 0 0.00654298 0.0133171 0 0.00102974 0 0.000925388 0.0025204 -0.00178461 -0.015045 0.00477587 0.000350246 0.0161661 0 0 -0.00454786 -0.00302403 -3.00358e-05 -5.3324e-05 -0.00579642 0 0.00240313 0.0151301 0 0.000205778 0.000228938 0.00266901 0.00015416 0.000891773 0.00344982 -0.00477608 0 0.00257371 0.00249139 0 -0.0116554 0.000140869 0.000139527 -0.0150751 0 0
0 0.00221642 0 -0.018311 0 0 -0.0268508 0 0 0 0 0 0.00231881 0.00253545 0.0287716 0.0126934 -0.00166323 0 0.0072504 0.000228621 0 0.00480212 -3.25121e-05 -0.0153034 0.000354441 -0.00270578 0 0 0.0118857 -0.0232973 -0.00273532 -0.00143152 0.0175459 0.00277871 0.00729712 0 -0.0183795 -0.00807449 -0.00106426 0 0 0 0.00152961 -0.0967426 0 0 -0.00378278 -0.0126157 0 0 0.00534488 0 0.0183438 0 0.013822 0.0110689 0 0 -0.00120781 0 -0.000466507 0.0133923 -0.0590056 0 0 0.00671048 0.0191379 0 0.0039194 -2.90816e-05 -0.0232547 -2.3024e-05 0 0 0 0.00240822 0.000271156 0.0186462 0 0 0 -0.00947942 0 0 0.0138084 0 -0.00215825 0.0136582 0.00880955 0.00631953 0 0 -0.00999198 0.0177052 0 0.0150157 0 0.0067938 0.00411495 0.00576342 0.00783565 0 -0.00122712 -0.00399788 0.0159473 -0.0156706 0 -0.0178268 -0.00359196 0.0304212 -0.00353718 0.00186196 0.00378084 0 -0.00156058 0.0054113 0.00683088 -0.000480286 -0.0106312 0.00156435 0.00612684 0 -0.00426235 0.00349726 0 -0.00858375 -0.0118247 0.00269125 0.00602769 0 0.00569364 -0.0104659 -0.010289 0.00790112 0 -0.0137421 0.00392844 -0.00289922 0 0.00298081 0.00455555 -0.0238536 0 0.0235978 0 0.00140815 0 0 0.00403187 0 0.0019085 0.00674392 -0.0115895 0.0119033 0 0 0.00107322 0 0 0.0186496 0 0 0.0141601 0 0 0 0.00587623 0.0114484 0.00481729 0.00181547 0.00484222 0 0 0.00417027 -3.23734e-05 0.000231751 0 0.00756514 0.0023356 0.00194254 -0.00587481 0 -0.00138531 -0.000113619 0 -0.00327867 0 0 -0.00429454 0.00239477 0 -0.00344895 0.00578534 0.00937677 0 0.000576872 -2.33632e-05 -0.000464113 0.0032767 -0.0030528 0.00128145 0 -0.00127172 0.00061959 0 -0.000904314 0 -0.00337439 -0.0021458 0.00483286 0 0 0 0.00738978 0 0
0.0472341 0.0498136 0.00167103 0 0.0695364 0 -0.00094496 0.000197177 0 0 0.0476758 0.0288602 0.0437844 0.00964834 0.00230666 0.0272225 0 0 0 0.0423459 0 0.00398468 0 0 0.00231275 0 0 0 0.0182651 -0.0129251 0 0 0 -1.47399e-05 0 0.0281161 0 0.00236629 0 0 0 0 0 0 0 0 0.00226969 0 0.00130965 0.00103867 0 0 0.0202141 0 0 0 0 0 0 0.0198314 0.0179023 0.0128602 0 0 0 0 0.00703976 0 0.0117399 0 0 0 0 0 0 0 0 0 0 0 0 0.000907229 0.0259952 0.000285838 -1.28567e-05 0 0 0 0 0.0223171 0 0.00328736 0 0.0212745 0 0 0.00508897 0 0 -0.0109934 -1.24121e-05 0.015088 0 0 0.010969 0 0 0 4.60441e-05 0.00227168 -0.0124937 0.00598975 0 0 0 0 0.0101507 0.0205842 -0.000100894 0 0.00780121 -0.000281779 0 0 0 0 0 0 -0.00591415 0 0.0181199 -0.00103694 0.00726597 0 0 -0.00355696 0 0 0 0 0 0 0 0 0.0245797 0 -0.00931715 2.39284e-05 0 0 0 0 -0.00069667 0 0 0 0 0.00554865 7.86039e-05 0.0193867 0 -0.00820132 0.00648379 0 0 -0.00770179 0 0 0 0 0 0 0 0 0 0.00684209 0 0 0.0161884 0 0.0093834 0 0 0.00118853 0 0 0 0 0.00523145 0 0 0 0 0 0 0 0 0 0 0 0.0130735 0 0 0 0 0 0 0 0 0 -0.00841933 0 0 0 0 0
0.0430456 0.00639632 0.00317763 0.00604059 0.0169353 0.00253158 0 0.00505583 0 0.0476758 0 0.0239912 0.0532831 0.122245 0 0.0319773 0.000117801 0 -0.0143993 0.0910056 0 0.000426192 0 0.000365187 0.000749883 0 0 -0.0173037 0.00565103 -0.00247056 -0.000455519 0 0 0 -0.020436 0.0158364 0 0.0133264 0 0 0.0166673 -0.00900765 0 0 0.00261302 0 0.00524821 0 0.0212913 0.00103317 -0.0277933 0 0.000610607 0 0 0 0.00038732 0 0 0.0494565 0.00527376 0.0275157 0 -0.0109799 0.00114778 0 0.00752911 0.00249625 0.000740137 0.00322762 0 0 0.00160354 0.00157365 0.000877861 0.00165224 0.00323148 0 0.0365355 0 0.000673534 0 0.00553952 0.0105734 0 0.000239219 -0.00662459 0.000413489 -0.00961981 0.0252592 0 0.023413 0.00675108 0.00439401 0.000465838 0 0 0 0 -0.013648 0 0.00237712 -0.000709467 -0.00312423 0.03361 0.001634 -0.0111337 0.000188114 0.039612 0.0149275 -0.0350169 0 -2.49662e-05 0.00145515 0 0 0.044566 2.24011e-05 -0.0171042 0 0.00839473 -0.00126496 0 0 0.00199706 0.0016907 0.000536617 -1.89861e-05 -0.0068594 0.00678825 0.0190366 -0.00818519 0.00688106 0 0.00598254 -0.00481864 0 0 0 5.08497e-05 -0.014391 0.0016073 0 0 0.196022 0 -0.00488403 0.0171513 0 0.00221456 0 0.000724751 0 1.94649e-06 0 0 0 0 0.00177765 0.0279135 0 0 0 0 0 -0.0159708 0 0.000360314 0 0 -0.0127971 0 0.000774733 0 0.00439544 0.00289992 0 0 0.000422754 0 0.0054064 0 0 2.41171e-05 0 0 0 0 0.0199962 -0.00450862 -0.00160197 -0.0001055 -2.1295e-05 0 -0.00264724 0 5.91013e-05 0 0 0 0.000428502 0 0 0 0 0 0 0 0 0 -0.00815986 0 0 0 0 0
0.0658609 0.0688914 0 -0.000176714 0.0290141 0 -0.00707867 0 0 0.0288602 0.0239912 0 0.0328935 0.0299489 0.0198543 0.0333974 0 -0.00926586 -0.0037089 0.0355131 0 0.0328163 -0.000590658 -0.00121743 0 -0.00778743 0 -0.0263753 0.0157526 -0.00683203 -0.00298417 0 -0.000341968 -0.00522939 0 0.020156 0 0 -0.0010581 0 0 0 -0.0236208 0 0 -0.000630071 0 0 0.00230396 -0.000336671 -0.00209647 0 0.0276878 -0.00208267 -0.000578885 0 0 0 -0.0188924 0.0221084 0.00504838 0.0139675 0 -0.000275035 0 -0.000515856 0.0519983 0 0.00679563 0 -0.000997388 0 0 0 -0.000117301 0 0 -0.0032323 0 0 0 0.000548528 0.0340003 0 -0.00180122 0 -0.00494537 0 -0.000596588 0.00369284 0 0 0 0.0104453 0 0 0 -0.00347641 -0.00476465 -0.00754396 -0.00222617 0.00425236 0 -0.00942598 0.00105839 0 0 -0.00151737 0 0.000402888 -0.00887725 0.00648643 -0.000305357 0 0 0.000403073 0 0.0116973 -0.0180428 -0.000932519 0 0 0 0 0 0 0 -0.00506953 -0.00301181 0 0.0254501 -0.000929379 0.00628978 0 0 0 0 -0.00526205 0 0 -0.00192131 -0.00380359 0 -0.000824957 0.0197825 0 0 0 0 -0.000227439 0.000220957 0 -0.0043145 0.000385055 0 0 0 0.00432673 0 0.00753618 0 -0.0099774 0.00245965 0 0 -0.0240243 -0.000483344 0 -0.00518639 -0.000872822 -0.00473566 -0.000168601 0 0 0 0.0211527 0 0 0.00935416 -0.00130455 0.011458 0 0 0.0240205 0 0 -0.00601066 -0.0012171 0.00173168 -0.00448747 0 0 -1.09896e-05 -0.000449885 0 -0.000367708 -0.000693912 0 -0.000270612 0 0 0 0 0 0 0 0 -0.00192208 -0.0013162 0 0 0 0 0 0 0
0.0260897 0.0202014 0 0 0.0276983 0 0 0 0.00231881 0.0437844 0.0532831 0.0328935 0 0.0144473 0.0190675 0.0341701 0 -0.0101739 0 0.0337784 0 0.0202309 0 0 0.00166266 -0.000418718 0 0 0.0213276 -0.000981834 -0.00557917 0 0.00374735 0.000759058 0 0.0132441 0 0 0 0 0 1.67458e-06 0 0 0 0 0 0 0.00261388 0 0 0 0.0230861 0 7.0451e-05 0 0 0 -0.00946672 0.00421273 0.00498752 0.0340807 0.00200708 0 0 0.00397375 0.0440196 0 0.0172202 0 -0.000491621 0 0 0 0 0.00146714 0.000960346 0.00762265 0 0 0 -0.000408366 0.0111609 0.00371427 0 0 -0.00680784 0.00610335 0 0.0376512 0 0.00586791 0 0.0153767 0.000275125 0 0.00203872 -2.80495e-05 0 -0.0173556 6.03459e-05 0.0130501 -0.00181064 -0.0274103 0.0187459 0 0 0 0.00127997 0.0120211 -0.0153408 0.010132 0 0 -0.00155571 0.000145544 0.0163627 0.00993288 -0.0218586 0 0.00510542 -0.000112922 0 0 0 0 0 0 0 2.34847e-05 0.0515335 -0.00415062 0.00080786 0.00595739 0.000405503 -2.42042e-05 0.00210265 -0.00326035 0 0.00121217 0 0 0 0 0.0319304 0 -0.000309288 0 0.00199114 0 0.00434671 0.00013689 0 0.00925021 0 0 0 0 0 0.0295077 0 -0.000748056 0.000452303 0 0 -0.0320832 0.0002917 0.00418279 0 0 0 0 0 0.00389908 0 0.00407615 0 0.000127611 0.00319102 0.000718947 2.5674e-05 0 0 0.0098434 0 0 0 0 0 0 0 -0.00106318 0 0.000819105 0 0 0 0 0.000442208 0 0.00580763 0 -0.000663874 0 0 0 0 -0.00739987 0 0.000886797 -0.000379486 0 0 0.00274786 0 0
0.0236936 0.0203271 0 0 0.0179766 0.00212496 0.00463671 0 0.00253545 0.00964834 0.122245 0.0299489 0.0144473 0 -0.110545 0.00977396 0 0 0 0.0292338 0.000199882 0.00121213 0.0290848 9.89075e-05 0.0037496 0 0 -0.00958645 0 0 -0.0364162 0 -0.000647809 0.00118348 0 0.010927 0 0.00968086 0 0 0.0144182 -0.00135015 0.00310541 -0.0142615 0.010084 0 0 0 0.0435291 -0.0146009 0 0 0.00925441 0 0 0.000748326 0 0.00103485 0 0.00835142 0.00151931 0.00552148 -0.0036143 0 0.000100948 0 0.0329301 0.000453761 0 0.00124373 0 0 0 0 0.00278321 0.00129507 0.0122354 0 0.0443158 0 0 5.21651e-06 0.00189777 0.00470234 0.000207509 0 -0.00012358 0 0 0.00160736 0 0.00707685 0.0027312 0 0 0 0 0 0.000452087 0 0.00232608 0 -0.00709871 -0.0109783 0.00469573 0 0 0 0.0116461 0.00213855 -0.00534709 0.000124811 -0.0143363 0 -0.000521844 3.52405e-05 0.0277893 0 0 0 0.00131443 0 0 0 0.0130708 0 0 0 0 0.00468303 0.0101 -0.00570382 0.000313865 0.000743505 0.00339172 0 0 0 0.0155716 0.00142905 0 0 0 0 0.0499988 0 0 0.00325873 0 0.00298101 0 0 0 0.000574886 0 0 0 0 0.00170962 0.0142656 0 0.00878116 0 0 0.0010395 0 0 0 0 0 0 0 0 0.000660722 0.0180614 0 0.00583899 0 0 0.00359473 0 0 0 0 0 0 0 0 0 -0.010352 5.99161e-06 -0.000753147 0 0 0 0 0 0 0 0 -1.1361e-05 0 0 0 0 0 0 0 0 0 0 0 0 0 0 0
0.0263902 0.0122748 0 0 0.0409979 -0.00149568 -0.0459252 0 0.0287716 0.00230666 0 0.0198543 0.0190675 -0.110545 0 0.00955216 0 -0.00712907 -0.00939358 -0.00734712 0 0.0386399 -0.028502 -0.0022918 0 -0.00837334 0 -0.00682706 0.0671527 -0.0250772 0.00999047 0 -0.01068 -0.00513178 -0.00125088 0.000305214 0 0 -0.00209218 0.0100539 -0.01293 0 -0.00320751 0.00545518 0.0131289 0 0.0012866 -0.00178827 0 0 -0.00264267 -0.000709274 0.031188 -0.00413071 -0.0187241 -0.000360647 0 -0.0233382 -0.00335757 0.0167019 0.023484 3.48717e-05 0 -0.00227274 0 -0.00363613 0.0113935 -0.000292075 0.0420202 -0.00129877 0 0 0 0 -0.0247143 0.00485295 -0.0112245 0.00349178 -0.0163151 0 0 0.00638348 0.00432026 0 -0.00840131 0 0 0.0116889 -0.00377569 0.0372218 0 0 -0.00156579 0.0104374 0 -6.01987e-05 0.014005 -0.00157996 -0.00752606 -0.0034441 -0.00489288 0.0157991 -0.00668197 0 0.0194484 0 0 -0.0244553 0.00210241 3.76849e-05 -0.0320193 0 0 0.00933658 0.00604845 0 0 0.0181893 -0.0126323 -0.00228441 0 0 0 -0.00412026 -0.0180127 0 0 -0.00125144 -0.00523787 0 0.019474 -0.000632294 0.0243688 0 0 -0.0126121 0 0 -0.00279525 -0.00254604 -0.0185687 -0.00177921 0 -0.000180134 0 0 0 -0.00381851 0 -0.0170472 0 0 -0.0194996 2.01307e-05 0 0 0 0.0235038 0 0 -0.00416485 -0.0383995 0.0154299 0 -0.000542181 -0.0137767 -0.00153677 2.40252e-05 -0.00289842 -0.00835927 -0.00243751 -5.27974e-05 3.16287e-05 -0.00623578 0 0.0214512 -0.00117851 0 0.0106898 -0.00742831 0.0120008 0 0 0.0183688 0 0 -0.00117854 0 0.0110572 0 0 0.00238098 -0.000851458 -0.00501049 0 -0.00395669 -0.00122507 0 -0.00542341 0 0 0 0 -0.000990974 0 0.00108889 0.01347 0 0 -0.00252121 0 0 0.00420622 0 0 0
0.0148613 0.0288138 0.00444354 0 0.0118277 0.00266758 -0.013633 0.00128376 0.0126934 0.0272225 0.0319773 0.0333974 0.0341701 0.00977396 0.00955216 0 0 0.00288441 0.0145658 0.0239645 0.00041605 0.0252749 0.000585915 0.000493331 0.00390532 -0.00792559 0 0 0.0735033 -0.0291424 -0.0113057 0 0.00810332 0.0106227 0.0017044 0.0197462 0 8.82447e-05 0 0 0.00197806 -0.00645205 0.00319867 0 0 0 0 0 0.00830535 0.000362179 0.00451861 0 0.0324293 0.00357034 0.0128588 0.00832991 0.000583109 0 -0.00205819 0.0218891 0.0123442 0.0727596 0.00517826 0 0.000830034 0.00920251 0.0544481 0.00783617 0.0700783 0.00148898 -0.00963402 0 0 0 0.00138401 0.0158936 0.00271904 0.0156024 0.00149517 0 0 -0.00890716 0.00144813 0.00798312 0.00754454 0 -0.00820081 0.00966261 0.0061601 0.0389957 0.00494181 0.0083703 0.00139805 0.0201627 0.000997425 0.00594548 0 0.00178216 0.000859151 0.0016857 0.00541086 0.0130147 -0.0037632 -0.00518265 0.0391767 0 0 0 4.55124e-05 0.0367974 -0.0251844 0.0291083 0 0 -0.00328093 0.0125411 0.0385912 -0.00204017 -0.00155014 0.00373169 0.0298121 -0.00502684 -0.00212014 0.00150937 0.00206125 0 0 0.00165757 -0.00666198 0.00296787 0.0569882 -0.00869644 0.00188374 0.0141446 0.00123076 -0.00534059 0.00560028 -0.00326011 0.0180111 0.00796748 -0.00207307 0 0 0.00250324 0.0276432 0.00227847 -0.00492961 0 0.00433411 0.00206683 0.00886212 0 0 0.0121229 0 0 0.0022723 -0.00158707 0.00350064 0.019405 -0.00122152 -0.0183904 0.023983 0 -0.000607182 -0.00990207 0.00341973 0.0179851 0.00213228 -0.00297927 0.0037009 0.00102195 0.0020853 0.00264584 -0.000468096 0.0137825 0 0.00653354 0.0184275 0.00391513 0.00459202 0 0 0.00751169 0 -0.000130149 0.00144103 0 0.00220779 0.00108248 -0.00118045 -0.00474847 0.00159224 0.00852133 -0.00312916 0.000980048 0.00072433 -0.00723835 0.00468807 0 0.029518 0 -0.0029112 0.0018297 0 -0.00583276 0 -0.00240063 0 0.00627455 -0.00340974 0 0 0.0119498 0 0
0 0 0.0199363 0.0178754 0.000771134 0.00282397 0 0.00604134 -0.00166323 0 0.000117801 0 0 0 0 0 0 0.00266602 -0.0102006 0 0 -0.00013642 0 0.00861996 0.000372162 0.0100826 0.0381963 0.00226761 -0.00315628 0 0.00650498 0.0309323 -0.00914976 0 -0.00285851 0.000382005 0.012403 0.0038478 0.0356587 0.021634 0 -0.0257021 0 -0.000186595 0.00346151 0.0309248 0.0153099 0.0316549 0 0.00446873 0 0 0 0 0 0 0.0253382 0 0.00705261 0.000134438 0.000890436 -0.000769508 0 0 0.00674469 -0.00331938 0 0.0105734 0 0.00488797 0.0156035 0.00271683 0.0114779 0.000666023 0 0 0 -0.0159078 0 0 0.0148756 0.0230515 0 0.0180629 -0.0152557 0 0.0144187 -0.000392578 -0.0127769 0 0 0.00295614 0.00720728 0 0.00357841 0 0 0 -0.00679568 -0.00109042 -0.00118112 0.000302505 0 0.00221977 0 0.0121575 0.0014385 0.0125439 0.0255803 0 0 0 0 0.00642276 0 -0.000398462 0 0.00454321 0 0 -0.00656128 0 0.00266101 -0.00180287 0 0.0198361 0.0134228 -0.000802429 -0.0105597 0.00460118 0 0.000733639 0.0149541 0 0.00963629 -0.0112956 -2.45802e-05 0.00854017 0 0 -0.00600033 0.0182668 0.00500142 0 0 0 -0.0136067 0 0 0 0 -0.00740248 0 0 -0.000299221 0 0 0.00466696 0.00323621 -0.00055746 0 0.00355367 0 0.00401339 0 0 -0.00364685 0 -0.00735208 -0.000321076 -0.00711278 0 0.000559459 0 0.0132381 0 0.000370247 0 0 0 0.00565422 0.00248839 0.00362958 0.000108551 -0.0138899 0.0115868 0 0.000410703 0.0201435 -3.03479e-05 -0.00260781 0 -0.00108506 -0.00628292 -0.00212254 0 0 0.000816019 -0.000904267 0.00282807 -0.00233444 0.00276833 0.000994355 -5.2791e-05 0 0.00184637 0 0.00600481 0.00429844 -0.00331358 -0.00991517 0.00377982 0 -0.00363507 0 0
-0.0130509 0 0.0126872 0.0340583 -0.000352308 0.0488345 0 0.0011079 0 0 0 -0.00926586 -0.0101739 0 -0.00712907 0.00288441 0.00266602 0 0.0111014 0 0.00314115 0 -0.00827614 0.0338004 -0.00565831 0.0189731 0.00108136 0.0427292 0 0 0 0.0192654 -0.00784554 0.0205553 0.00137816 0 0.024135 0.00656979 0.0166508 0.00796406 0 -0.00090644 0.0175553 -0.000779285 0.00332573 0.016225 0.0114664 0.013693 0 0.0163629 0.00559688 0 0 0.0183991 0.0153171 0.00136749 0.0319728 0.000187093 0.0104944 0 0 0.00102884 0 0.0015267 0.0198997 0.00864849 0 0.033218 0 0.016168 0.0012722 0.000382868 0.00630769 0.00440955 0.000379284 0.0229525 0.000977988 0.0039344 0 0 0.00591166 -0.0159438 -0.00211675 0.00553272 0.00708143 0.00933923 0.000516913 0.0106155 0.00296987 0 0.00721025 -0.0048429 0.023107 0 0.00844947 0.0216289 -0.00144822 0.00608297 0.00323671 0.0183013 0.00688425 -0.00113131 0 0.00359765 0 0.0207405 0.00777778 0.00900584 0.00487336 0.00436057 -0.00125078 0 0.0141243 0.00357975 -0.0120436 0 0 -0.0128711 0.0104988 0.00525808 0.0052207 -0.0022967 0 0 0 0.00578585 0.00477981 0.000520169 0.00391684 0.0101456 0 0 0.00189771 0.000404219 0.00593225 -0.00820368 0 0 0 0.0147496 0.00620474 0.0173395 0 0.00482195 0 -0.00065228 -0.00566865 0 0 0.0228592 0 0.000375669 -0.00109626 0.000356995 -0.00245326 0 0.012382 -0.00720505 0.02263 0 0 0.00256596 0 0 0.00730501 0.00284724 -0.000900885 0.000422969 0.00347346 0.00448675 -0.00277713 0.00239621 0.00554014 0 0 0 0.00752542 0.0121469 0 0.00860965 -0.00436638 0.000321554 0 -0.00703768 -0.00217373 0 0.00391456 0.0119445 -0.00517895 0 -0.00195565 -0.0216824 0.00315451 0.0031432 -0.00153274 0.00639611 0.00406062 0 0.00435191 0 5.25924e-05 0 0 0.00386917 0.0008861 -0.0193416 0 0 0 0.00220146 -0.007835 0 0 0 0 0
-0.00604348 -0.00758946 0.00217654 0.000733579 -0.00901809 0.0109558 -0.0206298 0.0052581 0.0072504 0 -0.0143993 -0.0037089 0 0 -0.00939358 0.0145658 -0.0102006 0.0111014 0 0 0.0102684 0.000680853 -0.00842303 -0.0090197 -0.00848046 0 -0.0127711 0.00451605 -0.00325757 -0.0220843 -0.00562515 0 0.0257346 0.035155 0.0132438 0 0.00149839 0 0 0.000247193 0 -0.000605058 0.0204889 -0.000746154 0.00147931 0 -0.0186925 -0.00243188 0.00389917 0.0121639 0.0160695 -0.00534633 0 0.0345466 0.0182648 0.00317455 0.00122237 0 0.00369493 -0.012789 -0.0151633 0.0276208 0 0.0054357 0.00609198 0.0217382 0.00807194 0.00704979 0.00273322 0.000747669 -0.00490453 0.00079868 0 0.00156125 0.00559999 0.0183002 -0.0037423 0.0250886 0.00150657 0 0 -0.0281688 -0.00355395 -0.00830363 0.0504356 0.0119947 0 0.0551797 0.0375656 0 0.034025 0.0049833 0.00376896 0.00318817 0.0075979 0.0347837 -0.00774342 0.0395339 0.0139044 0.0324846 0.0341792 -0.0210983 0 0 0.00123947 0.00025761 0.00458551 0.00352473 -0.0154645 0.0113102 -0.00122615 0.00738151 0.00959393 0 -0.0118479 0.00364713 0.00645247 -0.0188555 0.00853047 0.0239197 0.0285254 -0.00302291 0 0.012776 0.00302704 -0.00207298 2.90592e-06 0.0215604 0.0307574 0.00880218 0.00246507 -8.27035e-05 0 0.0121031 0.00343548 0.017261 0 -0.00177315 0.00505649 0.0199572 0.0320269 0.00235486 0.000549425 0.011659 0 0.00775115 0.00332475 -0.00335007 0.00540925 0.0204833 0.00537762 0.0128675 0.000450819 0.0165422 -0.00124159 0 0.00305635 -0.0263642 0.000935498 0.00785533 0 -0.00891059 0 0.000524896 0.0106627 0.0100104 0.0277119 0.00695269 0.023848 0.0138094 0.0164629 0.0394106 0.013733 0.00538774 -0.0309652 0 0.00709258 0.0295489 0.0024193 0.0465181 -0.0215746 0 0 -0.0272952 -0.000964596 -9.76891e-05 0.0048022 0.00573551 -0.0387076 0.00562662 -0.00191338 -0.0166371 0.0187255 0.0527645 -0.000372968 0.00914997 0.00604318 -0.000985358 0.0246798 -0.00146596 0.0122701 6.2787e-05 -0.000372368 0.0114354 0.0123876 -0.0181703 0 -0.00365357 -0.00251182 0.0120155 0.000264454 -0.00205879 -0.00438474 -0.0052749 0 0
0.0343367 0.0454324 0.00191127 0 0.00528169 0.00152274 0.0053311 0 0.000228621 0.0423459 0.0910056 0.0355131 0.0337784 0.0292338 -0.00734712 0.0239645 0 0 0 0 0 0.0139083 0.020625 0 0.000702368 0 0 0 0.00583737 0.000282592 -0.0103965 0 -0.00235264 0 0 0.0177376 0 0.00291845 0 0 0.0229806 -0.00438262 0 0 3.04793e-05 0 0 0.00199921 0.0145299 0 0 0 0.00137585 3.23634e-05 0.00145798 0 0.0014333 0.013671 0 0.00379457 0.0110264 0.024655 0 0 0 -0.000317936 0.0200533 0.00024136 0.0016099 0.00169199 0 0 0.00118499 0 0.000861348 0.00156972 0.0352511 -0.00232618 0.0032996 0 5.09137e-05 -0.000875168 0.0142956 0.00344444 0 0 0 0.00479925 0 0.0249613 0 0.0394495 0.000897673 0.0126739 0 0.00295575 0 0 0.00138872 0 0.000721843 0.00456676 -0.000105392 -0.0138928 0.0342925 0.000103417 0 0.00937419 0.000651693 0.0133031 -0.00609883 0.0153293 0 0 -0.00279 0 0.0237244 0 -0.0100574 0 0.0171947 -0.000913248 0 0 0.00119516 0.000702568 0.000466492 0 0 0.00041245 0.0113857 -0.0065277 0.00268267 0.000119884 0 -0.0096275 0.000427933 0 0 0.00010729 -0.00357275 0 0.00259805 0 0.0355508 0 -0.00894432 0.0232694 0.000358364 0.000949106 0.0189576 0 0 0.000285196 0 0 8.47023e-05 0 0.000684144 0.0194642 0 0 0 0.00103029 0 -1.7183e-05 -1.22117e-06 0.0014455 0 0 0 0 0 0.0183562 0 0.000761471 0.000667179 7.71234e-05 0.00208706 0 0 0 0 0 -0.000384101 0 0 0 0 0 -0.000673253 -0.0046148 0 7.6501e-05 -0.0016107 0 0 0 0.00631364 0 0.00370245 0 0 0 0 0 0 0 0 0.00332175 -0.00515455 0 0 0.00228851 0 0
0 0 0.00885925 0.00295065 0 0.0150292 -0.00129817 0.02802 0 0 0 0 0 0.000199882 0 0.00041605 0 0.00314115 0.0102684 0 0 0 0.000407493 0.00227975 0.0262468 0 0 0.000286202 0.00267438 0 0 0.00299042 0.00637534 0.00635314 0.000491793 0 0.00684129 0.00799818 0 0.00146679 0 -0.0101216 0.0063095 -0.000788528 0.0297824 0 0.0106249 0.00150629 0 0.0255875 0.00520541 0 0 0.0107621 0.00537107 0.000261557 0.00256641 0 0 0 -0.000369806 0.000858765 0 0 0.0119539 0.00609046 0.000507183 0.0104 0 0.00320447 -0.00525138 0 0.00135848 0.00953815 0.000234697 0.0067259 0.00104725 0.00405663 0 0 0.011048 -0.00342998 0 0.00375842 0.0111951 0.0311203 0 0.00579106 0.00361535 0 0 0.00282162 0.00272972 0.00097393 0.00684512 0.00543217 -0.00366182 0.00855468 0.00220071 0.00279352 0.00331675 -0.00011032 0 0 0.00143323 0.00657462 0.0113213 0 0.00480094 0.00271104 -0.00294883 0.000461764 0.0290784 0.00694629 -0.00126452 0 0.000280122 -0.00233269 0.00122742 0.0092472 0.00169701 0 0.00322744 0 0 0.00215328 0.00831205 0.00186026 0.00232629 0.0138636 0.000729613 0 0.0220224 0.000939339 0.0221107 -0.00613067 0 0 0 0.00928459 0.00518504 0.000193272 0 0.00819937 0 0.0172086 -0.00258887 0.00168213 0.00370666 0.00321151 0 0.000941287 0 0.000934137 0 0 0.00237664 -0.00230128 0.00306336 0.00158105 0 0 0 0 0.0157987 0.00125988 0.00105846 0.00490048 0.00271914 0.00714758 0.00201429 0.0115399 0.0213504 0.0011385 0 0.00435391 0.00838866 0.00663761 0.000483384 0.00288319 -0.00138637 0 0 -0.00239138 -0.00280454 0 0.000639587 0.00581008 -0.0059147 0 -0.00130123 -0.00318672 0.00733301 0.00159368 -0.00225431 0.00166568 0.00131772 6.17514e-05 0.00889141 0 0.000514089 0 0 0.00176845 0.0115084 -0.00659255 0 0 0 0.00024394 -0.00348948 -0.00889621 0 0 0 0
0.00504141 0.027881 0 -0.0196919 0.0156181 0 -0.0340464 0 0.00480212 0.00398468 0.000426192 0.0328163 0.0202309 0.00121213 0.0386399 0.0252749 -0.00013642 0 0.000680853 0.0139083 0 0 -0.00855768 0 0.00832157 -0.0424703 -0.000333056 -0.0234436 0.0512624 -0.0274167 -0.00694838 -0.0018039 0.0103326 0 0.00135777 0.0167241 0 -0.00862221 -0.00337794 0 0 0 0 0 0 -0.000708583 0 -0.00647221 0.000303294 0 0.0058586 0 0.0355438 0 0 0 0 0 -0.0191025 0.00922722 0 0.0291137 0.00378261 -0.00353539 0 0.00864365 0.0277286 0 0.00846771 0 -0.0116575 -0.00207573 -1.60939e-05 0 0 0.0106211 0 0.00583439 0 0 0 -0.00322656 0.00140652 0.000949939 0.000404048 0 -0.00155483 0.010194 0.00394662 0.0138858 0 0.00138579 0 0.00052817 0 0 0 0 0.00267209 0 0.000699496 3.39543e-05 -0.0122499 -0.012863 0.00526389 -0.00705261 0 -0.0149742 0 0.0155926 -0.00165467 0.00384038 0.000244755 0 -0.00171522 0.0122047 0.00277765 -0.00127452 -0.011553 0 0.0124026 -7.89591e-06 0 0.000196084 0 0 0 0.000628309 0.000585944 0 0.0394148 -0.00491501 0 0.0213139 5.08303e-05 0 0.0139739 -0.0116333 0 0 0.000526945 -8.68457e-05 -0.00648063 0.000620351 0.00104661 0 0 0 0.0313021 0 0.0266197 0.0017012 -0.00756606 0.0212269 0 0 0 0 0 0.0142903 -0.010848 -0.016912 0.00137968 -0.00187588 0 -0.0250166 0.000690274 0.0200813 0.00218127 5.46272e-05 0.00551744 0 0.000330068 0.000882032 0 0.00730009 0 0.00505679 0 0.00138173 0 -0.002636 -0.00570411 0 0 0 -0.010472 0 -0.000303442 0.0027578 0 -0.00113792 0.000830355 0.0063237 0 0 0 -0.00119752 0.00214094 0 0.00898696 -0.00245015 -0.00344002 0.000709254 -2.85064e-06 -0.000579801 0 -0.0128203 -0.00358117 0.00470634 0 0 0 0.00903335 0 0
-0.00120659 -0.0119908 0.000602677 0 -0.00482328 0.00571146 0.192428 0.00101519 -3.25121e-05 0 0 -0.000590658 0 0.0290848 -0.028502 0.000585915 0 -0.00827614 -0.00842303 0.020625 0.000407493 -0.00855768 0 0.00444852 0.00175343 0 0 0 -0.00782198 0.0997511 -0.0016852 0 0.0135883 0.0134702 -0.00116382 0 0 0.000737669 0.000809459 0 0.0213752 -0.00243714 0.0117773 0 0 0 0 0.00547753 0 0 0.0102517 0.0157479 -0.00177137 0.00944496 0.0129466 0 0 0.0176756 0.00105193 -0.00380829 -0.000602336 0.00236178 0 0.0140135 0.000267445 0.00711562 0 -0.00152575 0 0.00324492 0 0 0.00288548 0.000355581 0.00454293 0.00493496 0.0224848 0.00488681 0.00113449 0 0 -0.00473019 0 0.00591199 -0.00117833 0 0 0.00675886 0.00325638 0 0 0.0081259 0.00353199 0 0.000437464 0.00376473 -0.00127438 0.00329368 0.0194034 -0.00659216 0.00530737 -0.00469656 0 0 0.00301201 0 0.000108828 0.00650037 0.00279232 0.0023905 -0.000689456 0 0 0 -0.00129598 0 0.00519359 -0.00387669 0.000712673 0.00227254 0.00180067 0 0.00555851 0.00128324 0.0124047 0.00608325 0.000283145 0.00237736 0.0102496 0.00421365 0.000322035 0 0.000514796 0.000441436 0.00269911 -0.00165872 0 0 0 0.00948393 0.0113021 0.00190375 0.0132154 0.00311488 0 0.000726052 -0.00224763 0.0453865 2.91667e-05 0.00218102 0 0 0.0863737 0 0 0 0 -0.00862501 0 0.00449848 0 0.0284368 0 0.00230072 0.00185008 0.00101659 0.00609104 0 0.00337483 0.0111214 -0.000491794 0 0.00160634 0.015416 0 -0.00708172 0.00375115 0.0052261 0 0.00479646 -0.0119222 0 0 -0.00427659 -0.000476748 0 0 0.0013995 0.000555228 0 -0.000860602 -0.0106203 0 0.00259137 -0.000305378 0.0101869 0.00926427 0 0.0130026 0 0.00086806 0 0 0.00159794 0 -0.0029459 -0.00101451 0 0 0.00180321 -0.00290201 0 0 0 0 0
0 0 0.00940826 0.0126797 0 0.0180412 0.00241525 0.00815873 -0.0153034 0 0.000365187 -0.00121743 0 9.89075e-05 -0.0022918 0.000493331 0.00861996 0.0338004 -0.0090197 0 0.00227975 0 0.00444852 0 0.00229235 0.0216891 0.00581728 0.00384062 0.000305149 0.00122184 0 0.0103889 0.00361771 0.0320714 0 0 0.0228598 0.00729738 0.0107404 0.00381354 0 -0.00847951 0.0112614 -0.000104756 0.000952565 0.0167398 0.00303881 0.0111713 0 0.0038564 0.00421722 0 0 0.012364 0.00463356 0.00941821 0.0118354 0 0.0127245 0 0 0.00187277 0 0 0.0140149 0.00919532 0 0.0195951 0 0.013868 0.010283 0.00160595 0.0241364 0.00185072 0 0.0136934 0.00134928 -0.00184597 0 0 0.0066389 -0.00310704 0 0.011298 0.00483923 0.00397048 0 0.00506884 -0.000113063 0 0.000529198 0.0029111 0.014579 0 0.00176274 0.00670499 0 0.00304896 0.00284693 0.00224774 0.00454676 -0.000705841 0 0.00251513 0 0.00858913 0.00380816 0.0204464 0.00806423 0.00154721 -0.000931865 0 0.00223168 0.00169968 -0.00269012 0 0.000465485 -0.00278293 0.00592999 0.00227252 0.000203771 -0.00054663 0 0 0 0.0105978 0.00779105 0.000265722 0.00237961 0.0267524 0 0 0.00195671 0 0.00874284 -0.0108782 0 0.00230095 0 0.0202149 0.00693322 0.0141381 0.0003771 0.00256848 0 0.00125453 -0.00665159 7.60334e-05 0 0.0113814 0 0 0.00165561 0 0 0 0.00861058 -0.00629225 0.0175644 0.00020182 0 0.00542522 0 0.00148566 0.00194868 0.0018663 3.15848e-05 0 0.00187207 0.0049883 0.00037122 0.000251132 0.00687759 0.000150508 0 0 0.00954734 0.00253166 0 0.00876394 -0.00257314 0.000619852 0.000569305 -0.00337201 -0.00145811 7.88711e-05 0.00721154 0.00539991 -0.00462293 0 -0.00110437 -0.00718569 0.000994629 0.00113869 -0.00204047 0.00847837 0.00178555 0 0.00222389 0 0 0.000370908 0 0.00136117 0 -0.00507737 0 0.00141037 0.00163317 0.000478192 -0.0117808 0.00168907 0 0 0 0
