0.918386 0.0171436 0.0044261 -0.0256835 -0.0292409 -0.022049 -0.0435612 -0.0403513 0.110565 -0.0503744 0.16029 -0.0612296 -0.0175866 -0.0219072 0.011623 0.0994558 -1.13959e-07 0.0131752 -0.0521604 -0.0410795 0.0685861 -0.0491283
0.0171436 0.943382 0.0538467 0.0120082 0.165677 -0.0430601 0.0801008 -0.0158373 -0.00713617 0.0927437 0.0262497 -0.0329642 0.0670404 -0.0427779 -0.0723967 0.0726456 -1.73898e-07 0.130374 0.0800674 0.048978 0.101641 0.0324322
0.0044261 0.0538467 0.86895 -0.0544283 -0.0395983 0.0187769 0.0713785 0.00693949 -0.0405029 0.0229667 0.0566926 -0.0576386 0.16269 0.0186531 -0.116155 0.0671565 2.20199e-07 0.0621646 0.128032 0.0991495 -0.100423 0.138117
-0.0256835 0.0120082 -0.0544283 0.496276 0.0809906 0.0321327 -0.039628 0.02572 0.0828439 -0.00158163 -0.0316231 0.0598561 -0.0627581 0.0319212 0.22377 -0.0168603 -1.40379e-06 -0.0584821 -0.0488537 -0.0292874 0.114835 -0.0277177
-0.0292409 0.165677 -0.0395983 0.0809906 0.75253 -0.157189 0.0432318 -0.0718793 0.0802147 0.102355 0.060935 -0.0199687 -0.0355366 -0.156162 0.0148587 0.0445052 -6.98758e-07 0.10926 0.00965596 0.0082657 0.284451 -0.0619874
-0.022049 -0.0430601 0.0187769 0.0321327 -0.157189 0.616966 0.0365313 0.27382 0.0501299 -0.152816 -0.0440152 0.0866773 0.0192988 0.612932 0.0694044 -0.0274596 -1.00523e-07 0.00651541 -0.0218676 -0.0364111 -0.204475 0.168278
-0.0435612 0.0801008 0.0713785 -0.039628 0.0432318 0.0365313 0.250676 0.0471869 -0.0270815 0.0163494 0.0662475 -0.0153679 0.0140255 0.0362915 -0.0899384 0.0297407 3.38717e-07 0.115873 0.0425974 0.0124359 -0.0292787 0.0618584
-0.0403513 -0.0158373 0.00693949 0.02572 -0.0718793 0.27382 0.0471869 0.472049 0.046043 -0.089193 4.02013e-06 0.19164 -0.0129818 0.27203 0.038888 0.0117457 -8.25156e-07 0.0339162 0.00572781 -0.0172551 -0.112306 0.285329
0.110565 -0.00713617 -0.0405029 0.0828439 0.0802147 0.0501299 -0.0270815 0.046043 0.920001 -0.311177 0.0557988 -0.0214647 -0.102516 0.0497994 0.0276098 -0.0392153 -4.38851e-07 -0.018728 -0.213205 -0.165026 0.234461 0.0184316
-0.0503744 0.0927437 0.0229667 -0.00158163 0.102355 -0.152816 0.0163494 -0.089193 -0.311177 0.933961 0.0441053 0.00758987 0.130361 -0.151818 0.0203523 0.0406967 -5.92673e-07 0.0464348 0.169063 0.156712 0.0415945 -0.0226966
0.16029 0.0262497 0.0566926 -0.0316231 0.060935 -0.0440152 0.0662475 4.02013e-06 0.0557988 0.0441053 0.667691 -0.00303934 -0.00133049 -0.0437293 -0.0459368 0.0767966 -6.52294e-08 0.0970942 -0.0181153 -0.0274955 0.0893185 0.0236745
-0.0612296 -0.0329642 -0.0576386 0.0598561 -0.0199687 0.0866773 -0.0153679 0.19164 -0.0214647 0.00758987 -0.00303934 0.491444 0.0242967 0.0861111 0.0946158 0.0137563 -2.5586e-07 -0.0170759 0.0270951 0.0208328 -0.0226361 0.043861
-0.0175866 0.0670404 0.16269 -0.0627581 -0.0355366 0.0192988 0.0140255 -0.0129818 -0.102516 0.130361 -0.00133049 0.0242967 0.969925 0.0191733 -0.103732 0.0738565 -1.73277e-07 0.0466155 0.361583 0.336821 -0.0989493 0.0725802
-0.0219072 -0.0427779 0.0186531 0.0319212 -0.156162 0.612932 0.0362915 0.27203 0.0497994 -0.151818 -0.0437293 0.0861111 0.0191733 0.608923 0.0689486 -0.0272822 -9.98587e-08 0.00647249 -0.0217227 -0.0361718 -0.203137 0.167177
0.011623 -0.0723967 -0.116155 0.22377 0.0148587 0.0694044 -0.0899384 0.038888 0.0276098 0.0203523 -0.0459368 0.0946158 -0.103732 0.0689486 0.757632 -0.0860223 -8.73217e-07 -0.0902711 -0.0937471 -0.0581765 0.182861 -0.0648615
0.0994558 0.0726456 0.0671565 -0.0168603 0.0445052 -0.0274596 0.0297407 0.0117457 -0.0392153 0.0406967 0.0767966 0.0137563 0.0738565 -0.0272822 -0.0860223 0.54071 -2.05866e-06 0.0736537 0.0862113 0.0358614 -0.0267601 0.0567561
-1.13959e-07 -1.73898e-07 2.20199e-07 -1.40379e-06 -6.98758e-07 -1.00523e-07 3.38717e-07 -8.25156e-07 -4.38851e-07 -5.92673e-07 -6.52294e-08 -2.5586e-07 -1.73277e-07 -9.98587e-08 -8.73217e-07 -2.05866e-06 3.40775e-09 1.08724e-06 1.00778e-06 9.92372e-07 -1.49512e-07 4.15823e-08
0.0131752 0.130374 0.0621646 -0.0584821 0.10926 0.00651541 0.115873 0.0339162 -0.018728 0.0464348 0.0970942 -0.0170759 0.0466155 0.00647249 -0.0902711 0.0736537 1.08724e-06 0.306063 0.0647835 0.0476155 0.0140324 0.0536668
-0.0521604 0.0800674 0.128032 -0.0488537 0.00965596 -0.0218676 0.0425974 0.00572781 -0.213205 0.169063 -0.0181153 0.0270951 0.361583 -0.0217227 -0.0937471 0.0862113 1.00778e-06 0.0647835 1.04851 0.543451 -0.128246 0.0667236
-0.0410795 0.048978 0.0991495 -0.0292874 0.0082657 -0.0364111 0.0124359 -0.0172551 -0.165026 0.156712 -0.0274955 0.0208328 0.336821 -0.0361718 -0.0581765 0.0358614 9.92372e-07 0.0476155 0.543451 0.962434 -0.0655698 0.0426163
0.0685861 0.101641 -0.100423 0.114835 0.284451 -0.204475 -0.0292787 -0.112306 0.234461 0.0415945 0.0893185 -0.0226361 -0.0989493 -0.203137 0.182861 -0.0267601 -1.49512e-07 0.0140324 -0.128246 -0.0655698 0.953571 -0.142681
-0.0491283 0.0324322 0.138117 -0.0277177 -0.0619874 0.168278 0.0618584 0.285329 0.0184316 -0.0226966 0.0236745 0.043861 0.0725802 0.167177 -0.0648615 0.0567561 4.15823e-08 0.0536668 0.0667236 0.0426163 -0.142681 0.68646