0 0.0987636 0.00455093 0.00237034 0.0825757 0.00176739 -0.0153027 0.00535364 -0 0.0604898 0.0450309 0.0433796 0.022434 0.0214304 0.0260977 0.0190613 0.00281477 -0 -0 0.0266427 0.000776058 0.0132772 -0.00957309 -7.49325e-06 0.0154933 -4.58341e-06 0.0073175 -7.79643e-06 0.0221665 -0.00735921 0.00165384 0.00325587 -0 -0 -0 0.00964074 0.0013326 0.0125053 -7.2776e-06 0.000826609 -0 -0.000749582 -0 0.0145406 0.00971474 -6.89796e-06 0.0154308 -8.34298e-06 0.0172284 0.00284292 -0 -0 0.055196 -0 -0 -0 0.00147871 -0 -6.12537e-06 0.0632583 0.0106382 0.00989211 -0 -0 0.000681694 -0 0.0144477 0.00365776 0.0134884 -0 1.32951e-05 -5.34329e-06 0.000579191 -0 -0 0.00223825 -0 -0 -0 -0 0.0082814 0.00752836 0.0766094 0.00733176 -0.00381127 -0 -0 -0 -0.000205878 0.0105047 -0 0.0155808 0.000192164 0.000659672 0.00841545 -0 0.010852 -0.0141596 -0 -0.00938396 -0.00819431 0.017421 -2.12175e-06 -0 0.000292699 0.00195492 -0 -0 0.0103884 0.00468581 -0.0129434 0.00338803 0.000998863 0.0140925 0.00556285 0.000875474 0.000269456 0.0295274 -5.35938e-06 -0.00183764 0.000167924 -0 0.00521025 -0.000284661 -0 0.000812419 0.00125374 -0 -0.00477223 0.00382318 0.0489226 -0.0037379 0.0109474 -0 0.00335535 -0.000505474 0.000842717 -4.53881e-06 0.000319157 -0 -0 3.87449e-05 -0 -0 0.00694947 -0 5.88404e-06 -0 -0 -0 0.00115419 -0 -0.00377309 0.00982505 -0 -0 -0 0.0173756 0.000962089 0.00658396 -2.95382e-06 -0.00261274 0.0024774 -0 -0 -0 -0 0.00125212 -0.00107299 -0 -0 -0 0.000340223 -0 0.000774482 0.00318187 -0 -0 0.000693318 -0.00389056 0.0122996 -4.48799e-06 -4.18747e-06 -0 -0 -0 -0 -0 0.00930683 -0 -0 0.0041792 -0 -0 -0 -0 -0 0.00339868 -0 -0 -0 -0 -0 -0 -0 -0 -0 -0 -3.9432e-06 -0 -0 -0 -0 -0 -0 -0
0.0987636 0 0.00305304 -6.85776e-06 0.0712827 0.0017732 -0.0224921 0.00520466 0.00376475 0.0454727 0.0250885 0.102562 0.0387864 0.0283609 0.0219091 0.0502277 0.00149437 -0 -0 0.0174089 0.000841624 0.0333407 -0.0172666 -0 0.00456875 -3.63314e-06 0.00116634 0.00306476 0.0247702 -0.0292586 -0 0.000535271 -0 0.00206245 0.00124795 0.0107308 0.000869142 0.0026345 -6.92946e-06 6.87682e-05 -0 -0.00148596 -0.0171029 0.00637802 0.00583336 -0 -0.0114693 -8.55362e-06 0.032571 0.00293254 -0 -0 0.0544506 -0 0.000261351 -0 0.00121525 -0 -0 0.0280732 0.00461007 0.0160926 4.80094e-05 -0 0.00163478 0.00164292 0.0344654 0.00538357 0.0272861 -0 -0 -4.98562e-06 -8.46332e-06 0.000255917 -0 0.00209286 -0 -0 -0 -0 0.00359859 0.00350778 0.0189937 0.00423147 -0 -0 -0 0.000837746 -0 0.0191209 -0 0.00476013 -0 0.00768336 0.00465468 0.00244505 0.0125136 -0 -0.0125176 -0 -0 0.0171934 -0.0132183 0.000206799 0.0200977 0.000294222 -0 -0 0.003201 0.0197602 -0.00607667 0.00220432 0.00449401 0.00315132 0.000695071 0.000580814 0.019461 0.0146853 -0 -0 0.0020973 -0 -0 -0 -0 -0 -0 -0 -0 0.00096541 0.0345287 -1.29073e-06 -0.00487702 -0 0.00309545 -9.24505e-05 0.0191488 -3.7453e-06 0.00424475 -0 -0 -0 -0 0.00216644 0.00672501 0.000344604 -0 -0 0.000156099 -0 0.00516185 0.0147179 -0.0151116 0.00369028 -0 -0 0.00608532 0.00946096 0.00311933 0.0122716 -2.68047e-06 -0.00401213 0.00689996 -0 -0 -0 -0 0.00224655 -0 -0 -0 0.000571056 -0 -0 -0 0.0563638 -0 -0 0.0077966 -0 0.0125887 -3.99064e-06 -3.56183e-06 -0 -0 -0 -0 0.000590867 0.000979681 -0 -0 -0 -0 -0 -0 -0 -0 -0 -0 -0 0.00142311 -0 -0 -0 -0 -0 -0 -3.38662e-06 -3.36426e-06 -0 -0 0.00151403 -0 -0 -0 -0
0.00455093 0.00305304 0 0.0177282 0.0117413 0.0865273 0.00155225 0.0649804 -0 0.000534071 0.00475617 0.00174399 -0 0.00286186 0.00100399 0.00584419 0.00979895 0.0127558 0.00446249 0.00284388 0.0158282 0.000871445 -0.00283102 0.012824 0.0116552 0.0134504 0.00891099 0.00738822 0.00283384 0.000841641 0.00823188 0.0157434 -0.00215034 0.00937195 0.00111435 -0 0.0117795 0.0168501 0.0112542 0.0140021 0.00100128 -0.018688 0.0169246 -3.04921e-06 0.0121834 0.00768064 0.0451487 0.0113785 -0 0.0146663 0.00339377 0.00132564 0.0146299 -0.00594586 -0.0167716 -0 0.0110074 -0 0.00478161 0.00648051 0.00250833 -0.0091065 -0 0.0010177 0.0143455 -0.00394463 -0 0.0211244 0.00143883 0.0175342 0.00801331 0.00237543 0.00972935 0.01063 -0 0.011578 0.000668386 -0 -0 -0 0.027865 7.88229e-06 0.00245845 0.0195222 -0.00579937 0.00890672 0.00189491 0.00554001 -0 0.00288015 0.00158715 0.00441048 0.00986078 -0 0.0108086 0.00666958 -0 0.00106662 -0 -0.00398515 -0.00147002 0.00528728 -0 0.00471671 -0 0.0236967 0.00874013 0.00724757 0.0137582 0.000730016 -0.00143053 -0 0.0117715 0.00955134 -0 -0 -0 -0 0.00347278 0.00440685 -0 -0 0.0045427 -0 -0 0.0133703 0.0271195 -0 -0 0.0120568 0.00491745 -0 0.0178654 3.42393e-05 0.0251867 -0.00641575 -0 0.00293491 -0 0.00807994 -0.00399446 0.00898237 0.00232319 0.00503215 -0 0.00362649 -0.00643574 0.000679142 0.00101595 0.00553086 -0 -0 -0 0.00140883 -0 -0 0.00530072 8.90987e-06 0.0133077 -0 0.000299088 -0 -0 0.00138215 0.00658785 0.00280943 -0 0.00224257 -0 -0.000328662 -0 0.00201244 0.00903648 -0 -0 -0 0.00503816 0.00387742 -0 0.00105296 0.0024094 0.00060056 5.37128e-05 -0 -0.0012933 0.00175683 0.000793581 0.00515251 -0 -0 -0 -0.00108892 -0 -0 -0.00198493 0.000792604 0.00177049 0.000447703 -0.00647346 0.000591128 -0 -0 -0 7.93346e-05 0.000986665 -0.000318994 -0 -0 -0 -0 -0.00214313 0.00290984 -0 -0 -0 -0
0.00237034 -6.85776e-06 0.0177282 0 0.0106561 0.0169867 -0 0.0190544 -0.0177727 -6.76226e-06 -0.00445182 -5.6859e-06 -6.46882e-06 -0.00693968 0.00223992 -1.15414e-05 0.025008 0.0287352 -1.23381e-05 -1.08695e-05 0.0118251 -6.82632e-06 -0 0.0121948 -0.00180747 0.0312524 0.0102755 0.0273991 -7.99672e-06 -0 0.0168482 0.0387765 -0.0190588 0.00729801 -0 -0 0.0140061 0.0361753 0.0211351 0.0120316 0.00106644 -0.0116708 0.0147547 -2.96846e-06 0.0216118 0.0183546 0.0893423 0.0289204 -0 0.0227371 0.00512083 0.00335196 -0.0170465 0.00842057 -0 0.00219729 0.0144654 2.30537e-05 0.00942982 0.00232628 0.00539614 -0 -0 0.00494259 0.0251586 -0.00790191 -6.98827e-06 0.0189411 -8.9519e-06 0.0102439 0.0259099 0.0041538 0.0277256 0.0303795 -0 0.0103853 -0 -0.0110724 -0 -0 0.0230635 0.00379265 0.00101298 0.0266288 -0.0326875 0.011631 0.0140151 -0 -0.00642414 -0 -0 -0.000132706 0.0143439 -0 0.0126389 0.0104778 -0.0200841 0.00170914 -0 0.000627484 -0.000904887 0.00558183 0.000587745 0.00809305 -0 0.167643 0.0110932 0.012598 0.0201351 -0 -0.000532328 -0 0.0137981 0.0182559 2.45835e-07 -0 -0 3.43258e-06 0.00704785 -0.00264008 -0 -0 0.0103669 -0.00836076 -0 0.0141456 0.0330848 -0 -0 0.0227972 -0 0.00101695 0.0198861 -0 0.0280271 -0.00669956 -0 0.00619307 -0 0.00756364 -0.00439065 0.0145575 0.0023459 -0.00187883 -0 0.00268625 -0.00747194 -0 -0 0.00501009 -0.0219027 -0 -0 -0 -0 -0 0.00576882 4.14683e-06 0.0401632 -0.0250208 0.000780834 -0 -0 0.00175157 0.00824783 0.00539336 -0.0162443 -0 -0.0176695 -0 -0.0258439 0.00258263 0.0119461 -0.0194673 0.00165699 -0 0.00573079 0.00360796 -0 -0 0.00891264 0.00222505 0.00137156 5.75113e-06 -0.000944601 0.0103954 0.00110688 0.0070823 0.00351641 -0.00830317 -0.000887428 -0.00161339 -0 -0.00306049 -0.00357906 0.000826178 0.00331026 0.00505074 -0 0.00379025 -0 0.000720303 0.00100186 -0 0.00136856 6.26952e-06 -0 0.00188951 0.0025593 -0.0134652 -0.00402218 0.0161359 -0 -0.0196381 -0 -0
0.0825757 0.0712827 0.0117413 0.0106561 0 -0 -0.0110885 0.00651882 -0.00096812 0.098131 0.0215889 0.0760059 0.031444 0.0345908 0.0783842 0.00872119 0.016162 -1.87519e-06 -0.00552096 0.00236904 0.000135529 0.0253287 -0.00622425 -6.94656e-07 0.00381311 0.000294048 0.011114 -1.41242e-06 0.0171071 -0.00472924 0.0164801 0.0134066 -0.0102701 -0.00383342 -0 0.0162983 0.00317598 0.00555231 0.00276226 0.00166303 -0 -0.00264674 -0.0014726 0.00417354 0.0130295 0.000749129 0.0107925 -3.34696e-06 0.00179977 0.00495012 -0.00287997 -0.00208507 0.0318951 -0.00230714 -0.00299 -0 0.00585781 -0 -0 0.0640623 0.00551048 0.00135859 -0 -0 0.00204653 -0.00484331 0.0081808 0.00258922 0.0082518 -0 0.00576247 -3.49021e-06 -3.40536e-06 0.000161801 -0 -0 -0.00124252 -0.0155526 -0.000182748 -0 0.00999229 0.0147836 0.0300941 0.00470138 -0.015273 -0 0.00262446 -0.00439782 -0.00637035 0.00607163 -0.000708198 0.00105201 -2.65922e-06 0.00720877 0.00264043 9.14931e-07 0.00571022 -0.00375234 -0.00375723 -0.00796905 -0.0123753 0.0249017 -1.4979e-06 0.010052 -0 0.0140226 -0 -2.67267e-06 0.00834839 -0 -7.71204e-05 -0 -0 0.00754529 0.00477105 -0 -0 0.0212126 -0 -0.00432141 -0 -0 0.0371448 -0.00882864 -0 0.000944299 0.00566413 -0.00135008 -0.00342904 0.0022341 0.0129678 -0 0.0119925 -0 0.00299159 3.94947e-06 -0 -4.15288e-06 -0 -0.00453789 -0.00875369 -0 -0 -0.00582456 0.00180161 -0 4.52111e-06 -0 -0 -0.000795081 -0 -0 -0.00359268 -0 -0 -0 -0 0.0128865 0.000924295 -0 -1.87338e-06 -0.00443581 -0 -3.2463e-06 -0 -0 -0.00426339 -0 -0.00796679 -0.00383328 -0.00908138 -0 -0 -0.0122799 0.00919857 0.00377334 -0 -0 0.00305125 -0.00662099 0.0203775 -3.14264e-06 -3.49116e-06 0.00181802 -0 0.00280163 -0 -9.97758e-07 0.0114761 -0.000118115 -0 0.00833407 -0 -0.0094194 -0 -0.000373954 -0 0.0136962 -0.00399249 3.1102e-06 -0 -0 -0 -0.00119737 -0 0.00451613 -0 -0 -0 -0.00424817 -0 -0 -0 -0 -0 -0
0.00176739 0.0017732 0.0865273 0.0169867 -0 0 0.00671254 0.0376893 -0 -0 0.00374041 -0 -0 0.00390013 7.0086e-06 0.00937739 0.00587471 0.0430578 0.0219334 0.00263229 0.0141861 -0.00285869 0.00483594 0.0195745 0.0116133 0.00938345 6.1907e-05 0.00857483 -0 0.00523955 0.000798043 0.0101958 -0.00933808 0.0283776 0.00600232 -0 0.0125447 0.027633 0.0117229 0.00657417 0.00209643 -0.00912754 0.0383889 -2.5113e-06 0.0282467 0.00383717 0.0130127 0.0147436 -0 0.0204805 0.00851589 0.00323136 0.00269822 0.0153415 -0.000385199 0.00348697 0.013987 0.00205022 0.00868759 -7.0964e-06 -0.00543978 -0.0166519 -0 0.00482098 0.0275933 0.00759387 -0 0.0228685 -0.00261961 0.144062 0.00323745 0.00127841 0.0111508 0.0119788 -0 0.0179998 0.00263646 -0.014201 -0 -0 0.0142275 -0.00659111 -0 0.0176202 0.0114376 0.0158217 -0 0.00657274 -0.0121824 0.000178248 0.000760595 0.00784495 0.0134811 -0 0.0106981 0.0150141 -0.00452746 0.00844354 -0.00733506 0.00495916 0.010801 -0.00805438 0.000245016 0.00483089 0.000181821 0.0142804 0.0108762 0.00966543 0.0146496 -0.0123734 -0 0.00129789 0.013977 0.00815075 5.69292e-06 0.00110942 0.00144126 -0.00494257 0.00853049 -0.00149476 0.00132731 -0 0.00761304 -0.000967615 0.00049309 0.0112 0.00999109 0.00241893 0.00399603 0.0211429 0.00655539 -0 0.0141005 5.44271e-05 0.0146961 -0.00409518 -0 -7.60159e-06 -0 0.0209206 -0.0023791 0.012095 0.00203045 0.00607473 0.000889385 0.00639609 -0.00201675 0.00281102 0.00295139 0.0255224 -0 -0 0.00237005 -0 -0 -0 0.00747967 -0.00877034 0.0107313 -0.00410318 0.00124195 0.00218999 -0 0.00138749 0.0119768 0.00951867 -0.014302 0.000335509 0.00386141 0.00844765 -0.00222339 0.00697438 0.0105417 0.00314844 -0 -0 0.0101343 0.0076896 -0 0.00714566 -0.00446312 -0 -0 -0.00332016 -0 0.00182903 0.00284259 0.00956445 -0.00420363 -0 -0 -0.00688768 0.00382078 -0.00713278 -0.00128336 0.00676266 0.00424278 0.0017232 0.00559185 0.000623764 0.00126328 -0 -0 0.00390879 0.00317203 -0.017001 -0 -0 -0 -0 -0.000597331 0.003217 -0 -0.0190099 -0 -0
-0.0153027 -0.0224921 0.00155225 -0 -0.0110885 0.00671254 0 -0 -0 -0 -0 -0.00657685 -0 -6.73045e-06 -0.0322638 -0 -1.27712e-06 -1.51001e-05 -0.0569601 0.0494058 0.00467323 -0.0427743 0.379473 0.00892844 0.0077487 -0 -0 -0.0693716 -0.0205878 0.298531 -0.00248256 -0.0124602 0.00567714 0.0165328 -0.00596679 -0.00767757 -0.0316052 0.00440214 0.00472377 -0 0.011849 -0.0166241 0.0153625 -0.00920305 -0.00495353 0.000809594 -0.0065646 0.0254994 -0 -0.0320918 0.0529844 0.017097 -0.0145216 0.0151037 0.00140721 0.00113562 -0.00305402 0.0192782 0.00340635 -0.00654626 -0.00667093 -0.0195492 -0 0.0470135 -0.000498306 -0.021975 -0 -0.00522105 -0.0219454 0.0116276 -0.00168337 0.000336694 0.0112952 0.0116532 0.0229553 0.0123942 0.045852 -0.0217816 0.0192049 0.00041288 -0.00705413 -0.00902006 -0.00181051 0.00426892 0.0153258 -0.0127448 5.12473e-08 0.0101081 0.00652529 -0.00463185 0.000307472 0.00459801 0.00616878 -0 0.00319712 0.00912058 -0.00778168 0.0123135 0.0332271 -0.0106507 0.0143512 -0.00492322 -0 -0 -0 -0 0.0026374 0.0270518 0.00834435 -0.00917965 -0 0.00479295 -0.0728197 -0 -0.00238899 -1.04799e-05 -0 -0.00652285 0.00171358 0.00768532 0.00070061 -0 0.00606624 0.0080202 0.0197617 0.0043339 -0 0.00731433 0.0100122 0.00440234 0.000512959 -0 0.00365643 -8.04581e-06 0.00598736 -0 -0 -1.23983e-06 -0 0.00836782 0.0138988 0.00497996 0.0109463 -0.00396337 -0.0118727 -0.00134422 -0 0.0653773 -0 0.00658141 -0 -0 0.185458 -0.02272 -0 0.000193149 -0 -0.00745823 0.00096073 0.00343468 -0 0.0565031 -0 0.00108136 0.00249543 0.00478512 0.00574759 -0 0.0113148 0.0101989 0.000888063 -0.0487203 0.00218234 0.0545878 -0 -0.00301424 0.00454274 -0.00498557 -0 0.00883181 -0.00683187 -0 -0 -0.00176466 -0 -1.63165e-06 0.00276331 0.00640682 0.000733862 -0 -0 -0.00675438 -1.44297e-05 0.000395577 -0 0.0056445 0.00850114 -1.4762e-06 0.00825848 0.00300066 0.000539564 -0 -0 0.00596411 -0.0305749 -0.00220041 -0 -0 -0 0.000699023 -0 -0 -0 -0 -0 -0
0.00535364 0.00520466 0.0649804 0.0190544 0.00651882 0.0376893 -0 0 -0 0.00130489 0.00435879 0.00663967 0.00141337 0.00529012 0.0263065 0.00803635 0.00767327 0.00896403 0.00854495 0.00266145 0.0188427 0.00414413 -0 0.0137965 0.0147542 0.0113721 0.011881 0.00815887 0.00508632 -0 0.00843593 0.0102174 -0.0218456 0.0146702 0.00142809 -0 0.0141478 0.018392 0.00100424 0.00672747 0.00350966 -0.0131292 0.0171897 -0 0.0240924 0.00429818 0.0324491 0.00991938 -1.22762e-05 0.0177395 0.00607971 -0.0124917 0.0388173 0.00896243 -0.0170344 0.00121667 0.0123789 0.000895996 0.00665394 0.000784408 -1.00093e-06 0.00246266 -0 8.45967e-05 0.035443 0.00498407 0.000872527 0.0366878 0.00524768 0.0187966 0.00500491 0.00167277 -0.00184237 0.0102106 -0 0.0153949 -0 -1.68254e-05 -0 -0 0.0423664 8.65352e-06 0.000392161 0.016371 -0.00777823 0.012572 0.00145214 0.00521998 -0 0.00216499 0.000814382 0.0130182 0.00878679 -0 0.0128529 0.00940779 1.60572e-06 0.00278481 -0 0.00306254 0.0134263 0.000478464 -0 0.00610959 -0 0.0317294 0.0101074 -0.0128724 0.0136968 0.003403 -0.00271856 0.00153507 0.0142574 0.0216598 -0 0.000750424 -0 -0 0.00765465 0.00400327 0.000230589 -0 0.0121339 -0 -0 0.00874655 0.0102185 -0 -0 0.0212181 0.00757538 -0 0.0267541 -0 0.0138873 -0.00903278 -0 0.000550732 -0 0.0117603 0.00113363 -8.28771e-05 0.00268089 0.00571029 -0 0.00749246 -0.00544488 0.000831353 0.00324265 0.00613576 -0 5.76283e-05 -0 -0 -0 -0 0.00584721 9.60614e-06 0.00970147 0.00247401 -0 -0 -0 0.00231541 0.00869859 0.005987 -0 0.00290292 -0 -0.0225293 -0 0.00515292 0.0100941 -0 0.0017048 -0 0.00535822 0.00710429 -0 0.0015183 8.13177e-06 -0 -0 -0 -0.000353061 0.0028177 0.00304489 0.00772531 8.87783e-06 -0 -0 1.24106e-05 0.000313848 -0 -0.00210931 0.00213592 0.00274961 0.00225046 -0.00116425 0.0021043 -0 -0 -0 0.0020416 0.00199625 -0.00177147 -0 -0 -0 -0 -0.00497188 0.0023006 -0 -0 -0 -0
-0 0.00376475 -0 -0.0177727 -0.00096812 -0 -0 -0 0 0.000884041 -0.0133317 -0 0.000491006 -0.0302451 0.0601047 0.00898888 -0.000467329 0.00487421 0.00421614 0.00767736 -0 0.0187359 -0.000816061 0.00608227 0.00422001 -1.22543e-06 -0 0.0257541 0.0379705 -0 4.94621e-06 -0 0.0374178 -0.0462665 0.00870173 -0 -0 -0.0166172 -0 0.00281353 0.00444731 0.00713536 -0.00232344 -0.159581 -0 -5.14305e-06 -0.010804 -0 -0 0.00321512 -0.000541143 0.0037022 0.024802 0.00597813 0.00648769 0.00282425 -0 0.000569781 -8.29122e-06 -0 4.03175e-06 0.0112235 -0.0657677 -0 -0 0.0197433 0.00455963 -0 0.0218862 -0.0412915 -0.00583423 -0 -0.00124625 -0 -1.13814e-05 -0.0195141 -0 0.037679 -0 0.000398197 -0 -0.00536594 -0 -0 0.0254491 0.00431523 -0 0.0185152 0.0423284 0.0330994 0.0100108 -0 -0 0.00294337 0.00138323 0.0126552 0.0551931 0.00769094 0.00463953 0.00734361 0.0117419 0.0293427 -0 -0 0.00849081 -0.0259247 0.00740983 0.000314047 -0 0.011778 -0 0.00509334 0.00106944 -0.0122678 -0 0.0047049 0.0256159 0.0152255 -0 -0.000515474 0.00272564 -0 -0.0162464 0.00789591 -0 -0 -0 0.00299966 0.0389028 -0 0.00833008 -0 -0.0160604 0.00380687 -0 -0 0.0125556 -0 0.00156023 0.00474924 0.0133665 -0 -0 0.0284518 -0 0.000244582 -0 -0 0.00338339 0.00534702 0.00426685 0.00533166 -0 0.00292746 0.00996165 -0 0.00630287 -0 0.00135797 0.00800081 -0 -9.97516e-06 0.0010888 -2.51541e-06 0.00247993 0.00228808 0.0100554 0.0245995 0.0128958 0.0117472 0.0249722 -0 0.00238292 0.00404295 -0 -0 0.000456534 0.00654596 0.00241311 0.0169284 0.0205502 -0 -0 -0 -0 -0 0.00196342 -0 -0.00179252 0.0054294 -0 -0.00142688 0.0059574 0.0228734 -0 0.00574288 0.000631147 -0.000873106 0.014447 -2.51159e-07 0.000613349 -0 -0 0.00434478 -0 -0 0.000959851 -0 -0 0.0346688 -0 0.000179031 0.000113236 0.0020777 -0 -0
0.0604898 0.0454727 0.000534071 -6.76226e-06 0.098131 -0 -0 0.00130489 0.000884041 0 0.0618235 0.0279823 0.0390485 0.0141171 0.0306712 0.0351562 0.00109058 -0 -0 0.0359467 -0 0.0126577 -0 -0 0.000936592 0.0032803 0.0028244 -7.95504e-06 0.0116334 -0.00219805 -0 0.00122756 -0 -0 -0 0.0200569 -0 0.00691017 -0 -0 0.00327969 -0.00199955 -0 0.00514237 0.00506181 -0 0.00018867 -0 0.0125742 0.000503624 -6.89484e-06 -0 0.00947691 -8.17988e-06 -0 -0 -0 -0 -0 0.0547407 0.0177891 0.0121039 -0 -0 -0 -0 0.0212326 0.000821396 0.00979732 -0 0.00106401 -0 0.00149433 -0 -0 0.000127128 -0 -0 -0 -0 0.00122279 0.0055815 0.0233057 0.00115276 -0 -0 -0 -0 -0 0.010355 -0 0.0174052 -0 0.0250943 0.000693968 -0 0.0239074 -0.00341619 -0 -0 -0 0.0167615 -0.00186165 -0 -0 -7.09897e-06 -0 0.000447935 0.00214664 0.00417332 -0.00945496 0.0339841 -9.21016e-06 -6.78917e-06 0.0100394 -0 -0 0.0260583 -0 -0 0.00348013 -0 0.000754983 -0 -0 0.000133384 -0 -0 -0 -0 0.0253624 -0 0.00200874 -0 -0 -0.000359499 0.00210557 -0 0.000730402 -0 -0 0.00173003 0.000339347 -8.2982e-06 0.00898747 -0 -0.000287821 0.00947365 -0 -0 0.00222561 -0 -0 -0 -0 -0 -0 0.0147564 0.00387468 0.0162432 -2.67652e-06 -0.000748101 -0 -0 -0 -0 -0 0.000401436 -0.00892712 -0 -0 -0 -0 -0 -0 0.000527245 -0 -0 0.0205072 -0 0.00712134 -0 -0 -0 -0 -0 -0 -0 0.00759001 -0 -0 0.00022348 -0 -0 -0 -0 -0 -0 -0 -0 0.00313888 -0 -0 -0 -0 -0 -0 -0 -0 -0 -0 -0 -0 -0 -0 -0
0.0450309 0.0250885 0.00475617 -0.00445182 0.0215889 0.00374041 -0 0.00435879 -0.0133317 0.0618235 0 0.0238098 0.0202443 0.193699 -0.0286011 0.0147845 0.00124977 -1.1134e-05 -0 0.125547 0.00111541 -0.0217647 -0 -0 -0.00160811 -4.63941e-06 -5.51904e-06 -1.00923e-05 0.00156201 -0 -0.0360721 0.000982856 -0.0137686 0.000194627 -0 0.0129027 0.000545107 0.0134303 0.0003047 -8.8881e-06 0.00638906 -0.0085675 6.87092e-05 0.00362731 0.00934454 -7.48017e-06 0.0101609 -0.00237133 0.0324888 0.0045393 -0 0.00299754 0.0213109 -1.17728e-05 -0 -0 0.00215542 0.00295368 -7.5756e-06 0.0364654 0.000118236 0.0158906 -0 -0 0.00264169 -1.10328e-05 0.0155296 0.00285652 -8.16849e-06 0.00346439 0.00935074 -5.7191e-06 0.000466778 0.00181666 0.021427 -0.000549146 -0 -0.00681817 0.014944 -0 0.00174693 0.00172682 0.027536 0.00445627 -0.0136306 -0 -3.43482e-06 -0 -0.0157351 0.0039207 -0 0.0431471 -1.04764e-05 -0 0.0145315 -1.20788e-05 0.000676683 -0 -0 -0 -0.0140556 0.00676599 -0 -5.17324e-06 0.00201614 0.00294648 -0 0.00224728 0.0102984 0.00384514 -0.0139018 -0 0.00243379 0.00417456 0.00372831 -0 -0 0.012631 -6.79131e-06 -0 0.0045291 -0 0.00117414 -0.0155749 0.0372358 -9.64605e-06 0.00140717 -0 -0.00556311 0.00255308 0.0217454 -0 0.00105568 -0 0.0014055 -0.00295709 0.000746006 0.00108603 -0 -0 -0 0.0038304 0.00413287 -1.11463e-05 0.285478 -0 -0.00186897 0.0510554 -0 -1.06959e-05 0.000439546 -0 -0 0.000340453 -0 -0 -0 0.00433629 -0 0.00542679 -0 -0 -0 -0 -1.06946e-05 -8.60763e-06 -0 0.0083076 -0 -0 -0.0108442 -0 -0 -0 0.00562097 -0 -0 0.00085156 -0 -0.0356955 0.00699624 -0 -0 -0 -0 -0 -0 0.00248511 0.00242759 -0 -0 -0 -0 -0.00567585 -0.000506363 -0 0.000856852 0.000349716 -0.0162056 -0 0.00155536 -0 -0 -0 -0 -0 -0 -0 -0 -0.0100797 -0.000375916 -0 -0 -0 -0 -0
0.0433796 0.102562 0.00174399 -5.6859e-06 0.0760059 -0 -0.00657685 0.00663967 -0 0.0279823 0.0238098 0 0.0929199 0.062822 0.0516292 0.030526 0.000955969 -0.0246846 -0 0.03951 -0 0.0763336 -0.00268385 -5.96169e-06 0.00841661 -2.89004e-06 0.00122341 -6.96445e-06 0.0465984 -0.00140889 -1.25905e-06 -5.63041e-06 -0.00624192 -0 -0 0.0131713 -0 0.00529225 -5.57547e-06 -0 0.0004214 5.38723e-06 -0.0246379 0.0115793 0.00299504 -0 0.0015408 -6.6968e-06 0.0149152 0.000325199 -0.00206316 -0 0.0341492 -0 -0 -0 -0 -0 -0.00957894 0.0311993 0.0113522 0.0217047 -0 -0 -0 -0 0.0487792 -0 0.0156081 -6.44386e-06 -0 -4.12717e-06 -6.71103e-06 -0 -0 -0 -0 -0 -0 -0 0.00182744 0.00959965 0.0217643 0.000855466 -0.00204897 -6.84089e-06 -0 -0 -0 0.0132282 -0 0.0102155 -6.76024e-06 0.0189805 0.00251968 -7.2339e-06 0.0170494 -0.00940063 -0.011098 -0.00873586 -0.00167163 0.0098921 -0 -3.72745e-06 -0 -6.00362e-06 -0 -5.73425e-06 0.000445646 0.00523913 -0.000815317 0.000162588 -0 0.0037748 0.0095756 0.000764057 0.000227586 0.0179985 -0.00415786 -0 0.000238487 -0 0.000433697 -0.000151216 -0 -0 -0 -0 -0.0001015 -0 0.034881 -0 0.000161815 -0 -0 4.9637e-06 0.00659542 -3.30005e-06 0.0123889 -0 -0 -6.43927e-06 -0 -0 0.00827794 -0 4.62749e-06 -0 -0 -0 0.0235193 -0 -0.00073066 -0 -0 -0 -0 0.0129474 -0 0.0175818 -0 -0.000351692 0.0091784 -0 -0 -4.93759e-06 -0 0.000738722 -0.000856992 -0 -0 -0 -0 -0 0.00888414 0.00870824 -0 -0 0.0113323 -0.00613977 0.00990108 -3.36238e-06 -3.07407e-06 0.00151178 -0 -0 -0 -0 0.00504174 -0 -0 0.00818977 -0 -0.00298112 -0 -0 -0 -0 -0 -0 0.000648524 -0 -0 -0 -0 0.00078503 -0 -0 -2.90609e-06 -0 -0 -0 -0 -0 -0 -0
0.022434 0.0387864 -0 -6.46882e-06 0.031444 -0 -0 0.00141337 0.000491006 0.0390485 0.0202443 0.0929199 0 0.0356005 0.0147405 0.0330836 -0 -0.0418972 -0.000880625 0.0380067 -0 0.0508312 -5.76867e-06 -0 -0.00277665 -0 -0 -0 0.0302816 -0 -0.0341141 -0.0223118 -0.00275552 -0.00196915 0.0043155 0.0164894 -0 0.00155714 -0.0218192 -8.13409e-06 0.00241461 -0 -1.35044e-05 0.00421829 0.000164565 -6.1609e-06 -5.42758e-06 -9.36701e-06 0.00952714 -0 -0 -0 0.0441563 -0 0.00306045 -0 -8.84053e-06 -0 -0 0.0125356 0.0122725 0.0365206 -0 -0 -0 0.00304598 0.0223785 -1.08657e-05 0.0320129 -0 -0 -0 -9.24807e-06 -0 0.00155349 0.00178853 -0 0.00288476 0.000414969 -0 -0 0.00330663 0.0182928 0.00280491 0.000861706 -0 -0 0.00640966 -0 0.0519503 -0 0.0205481 -1.00356e-05 0.00785913 -0 -0 0.00563167 -0 -0 -0 -0 0.0123935 -0 -0.00861872 0.0085093 -6.95064e-06 -0 -0 -0 0.0115213 -0 0.00553845 -0 0.00108376 0.0195946 0.00497169 0.00790797 0.0106433 -6.04416e-06 -0 0.0071738 -0 -0 -0 0.000710115 -0 -0 -0 -0 -0 0.0448849 -0 -0 0.00810289 -0 -0 0.00639019 -0 0.0162789 -1.39444e-05 0.000899418 -8.81928e-06 -0 -0 0.00769914 -0 -0 0.0123298 -0 -0 0.0519717 0.001738 -0 0.00113804 -0 -0 0.000785949 0.0105421 -0 0.0397861 -0 -0 0.00237829 -0 -0 -0 -0 0.0028333 -0 0.000866021 -0 -0 -0 -0 -0 0.00472489 -0 -0 0.00447981 -0 0.0032051 -0 -0 0.00215101 -0 -0 0.000137624 -0 0.00279914 0.00143717 -0 -0 -0 0.000646945 -0 -0 -0 -0 0.00077559 -0 0.0072018 -0 -0 -0 -0 -0 -0 -0 -0 0.00147236 -0 -0 -0 0.000767164 -0 -0
0.0214304 0.0283609 0.00286186 -0.00693968 0.0345908 0.00390013 -6.73045e-06 0.00529012 -0.0302451 0.0141171 0.193699 0.062822 0.0356005 0 -0.194126 0.0397782 4.68837e-05 -1.43669e-05 0.00876114 0.0216923 0.00316726 0.0267757 0.00272723 -0.0452089 -0.0131379 -0 -5.26476e-06 -1.33622e-05 0.00525159 -0 1.07362e-07 -8.51502e-06 -0 0.0066699 0.00702374 0.0136218 0.000823117 0.0104136 -9.49188e-06 -1.05401e-05 0.00938666 7.78872e-06 0.00313056 0.061856 0.0215072 -8.43563e-06 0.00410908 -1.24361e-05 0.0608708 0.00302613 -0 0.0148971 0.0384128 0.00252044 0.0152569 -0 0.00118315 0.0128239 -0 0.0279162 0.00664222 0.0429266 -0 -0 0.00347808 0.00510465 0.0158561 0.00400614 -1.03737e-05 0.00308771 0.00300782 -6.42299e-06 0.00135363 0.00135028 0.0176157 0.00710631 -0 -0 0.0398365 -0 0.00114346 0.015419 0.0412088 0.00348737 -0 -1.51022e-05 -2.74875e-06 -0.0101659 -0 0.00191075 -0 0.0487824 -1.32448e-05 0.00419507 0.00463877 -1.6851e-05 0.00807548 -0 -0 -0 -0.0253057 0.00271983 -0 0.00432234 0.00317989 -9.36514e-06 0.00247815 0.00186895 0.0025321 0.00582749 -0.000743029 0.00249885 -1.49649e-05 0.00451369 0.0228594 0.0201064 0.00096173 0.0240236 0.00116455 0.000891734 0.00381342 -0 0.00279427 -0 0.022031 -0 0.00140169 -0 -0.0271482 0.00391747 0.0325361 -0 0.00214129 -0 -1.36776e-05 7.46192e-06 0.00082523 -0 0.015812 -0.000374863 0.0023296 -1.17018e-05 -0 -0 0.0768501 0.00408651 6.17878e-06 0.0207336 0.000790245 -0 0.00186276 -0 -0 -0 1.23714e-06 -0 -1.25942e-05 0.0107273 -1.23572e-05 0.00734225 -0 -0 0.00355468 -0 -0 0.000614519 -0 0.00291518 -0 0.00174126 -0 0.00557001 -0 0.00135389 0.00698806 -0 2.00909e-05 -0 0.00188762 -1.41339e-05 -0 -5.05622e-06 -0 -0 -0 -0 0.00115562 0.00308532 -0 -0 -0 0.0142406 -0 -0 -0 -0 -0 0.0044925 -0 -0 0.00382486 -0 -0 -0 -0 -0 -0 -0 -0 -0 -0 -0 -0 -0 -0 -0
0.0260977 0.0219091 0.00100399 0.00223992 0.0783842 7.0086e-06 -0.0322638 0.0263065 0.0601047 0.0306712 -0.0286011 0.0516292 0.0147405 -0.194126 0 -0 0.0142894 6.61753e-06 -0.0112551 -0.059152 -0 0.0200664 -0.0167596 -0 0.0107425 -8.57373e-07 0.0189654 6.09846e-06 0.0604137 -0.017627 0.0262071 0.0138617 0.0146706 -0.0105546 -0.0036441 0.0188789 0.00883538 0.00607544 1.16088e-06 0.00421207 -0.00147094 6.99361e-07 -0.0210231 0.000509777 0.00150572 -0 0.00562518 3.84586e-06 -0 -0 -0.00723034 -0.00423834 0.0654408 -0.0051929 -0.00746468 -0.000145571 -0 -0.00489189 3.18422e-06 0.0259707 0.0319745 -5.2051e-06 0.0144054 -0.000413997 -0 -0.00724127 0.0194987 0.0089715 0.0512011 -0.00210656 0.00306337 -0 3.53122e-06 3.86303e-06 -0.0120115 -0.00160558 -0.0025268 -0.00580206 -0.0345549 -0 0.0156816 0.028741 0.00229145 0.0058649 -0.00944639 -0 0.00241046 -0.00622854 -0.00388732 0.022612 -0 3.55167e-06 -0 0.0199526 0.000560411 -0.00338182 0.0286847 -0.00744677 -0.00806831 -0.00358228 -0.00378915 0.0168574 -0 -1.23092e-06 -0.000797325 0.000654208 -0 -0.000108292 -0 -0.000954896 -0 -0 6.25389e-06 0.00834857 0.0272672 -0 -0 0.0240757 -0 -0.00539989 -0 -0 0.014965 -0.00368718 -0.0202566 0.0038723 2.12754e-06 -0.00128036 -0.00596526 -0 0.0130976 -0 0.0234481 -0 -0 -0 -0 0.00013153 -0 -0.00212602 -0.0101084 -0 -0 -0.00227975 -0 -0 1.3719e-06 -0.00140863 -0 -0.00357072 -0 -0 -0.0091294 0.00228847 -0 -0 -0 0.0212687 0.00239851 -0 2.46226e-09 -0.00934051 -0 -0 -0 -0.000846572 -0.0034894 0.0287525 -0.00779398 -0.00671501 -0.00511927 -0 -0 -0.010775 0.010739 0.00619089 -0.000850691 -0 0.00724477 -0.00413276 0.0186709 -0 -0 0.00511831 -0 -0 -0 -0.000665938 0.0168835 -0 -0 0.0199579 -0.0013744 -0.00486136 -0 -0.00362035 -0.000291098 0.00224048 -0.00538788 0.00232934 -0 -0 -0 -0.00170663 -0 0.00484618 0.00608938 -0 -0 -0.00318296 -0 -0 -0 -0 -0 -0
0.0190613 0.0502277 0.00584419 -1.15414e-05 0.00872119 0.00937739 -0 0.00803635 0.00898888 0.0351562 0.0147845 0.030526 0.0330836 0.0397782 -0 0 -0 0.00640008 0.0222909 0.0412262 0.00873984 0.0733598 -0.00137981 0.00152133 0.00938881 -0 -5.74325e-06 0.0138894 0.11535 -0 -0 -1.09394e-05 -0.0106043 0.0188872 0.0125624 0.0324078 0.00347815 0.00445601 -1.2674e-05 0.000921418 0.00497923 -0.000594685 -0.00248092 0.00884945 0.00427489 -0 -8.90079e-06 -0.0145209 0.0147806 0.00769772 -0.0277627 -0.000430474 0.0147969 0.00916344 0.017194 0.000561928 0.00362638 0.00319361 -0 0.0196068 0.00615021 0.112529 0.00137536 -0.0264267 0.00450563 0.0184749 0.019322 0.00909609 0.0694275 0.00533637 -0 0.000548638 -0.0123607 -0.00142884 0.000575094 0.0158551 -0 0.00929256 0.00263697 -0 -0 -0.0153415 0.0142654 0.00607173 0.00129934 -0.00031754 -2.11019e-06 0.0125218 0.00683452 0.0210563 0.0084088 0.0172001 -0.0197265 0.00732917 0.00536233 0.00771033 0.0142846 0.00116599 -0 -0.00679644 0.00569593 0.00966483 -0 -0 0.00772796 -1.2334e-05 0.00518653 0.00204574 0.00433302 0.0291082 -0.0022684 0.0200062 0.00942205 0.00115349 -0 0.00836372 0.00705375 1.18362e-05 -1.2261e-05 0.00619015 0.0227895 -0 -0 0.00261168 0.000674357 -1.59532e-05 0.00153906 -0 -0.00356442 -0.0182584 0.0832852 -0 -1.42928e-05 0.00548043 -0.0349067 -0.000340046 0.0233394 -4.18842e-06 0.00456241 0.0111013 -0.0104101 -0 -0 -0.0124321 0.0193874 0.00536727 -0 0.00541497 0.00264364 0.0042216 0.00844737 -0.0516878 -0 0.00725009 -0 -0 0.0129243 1.18497e-05 0.00265321 0.0275571 -0 -0 0.00871481 -0 -0 0.00095246 0.00408706 0.0176601 -0.007359 0.00326279 -0.00895185 0.00551435 0.00374029 0.00158298 -0 0.00494206 -0 0.00861214 0.00903675 0.00215987 1.17501e-05 -0 -0 -0 -0 -0 0.00142413 0.00534376 -0.00310428 0.00213724 -0 -0 -0.00332531 0.00613032 -0 0.00353484 -0 -0 0.00192046 -0 0.00647837 -0 -0 0.00273928 -0 -0.00110446 -0 -0 -0 0.00285915 -0 -0 -0 0.00262034 -0 -0
0.00281477 0.00149437 0.00979895 0.025008 0.016162 0.00587471 -1.27712e-06 0.00767327 -0.000467329 0.00109058 0.00124977 0.000955969 -0 4.68837e-05 0.0142894 -0 0 0.00642042 -0.0111032 -0 0.00569774 -0 -2.03946e-06 0.00280889 0.00563773 0.0124213 0.064075 0.00162775 -4.83645e-06 -1.46122e-06 0.0164784 0.0338794 -0.00745063 -0 -0.0002105 0.00633168 0.0103249 0.0148415 0.0442188 0.0280687 -0 -0.0237843 -0 -0 0.0184587 0.0457963 0.0307706 0.0161939 -0 0.00749913 -0 -0 0.0035747 -0 -0.00027643 -0 0.0341895 -0 0.00462159 0.00833241 0.00474028 -4.93436e-06 -0 -0 0.00827831 -0.0135894 -0 0.00970996 -0 0.00150468 0.0129524 0.00397501 0.0107803 0.0144005 -0 -0 -0 -0.0116767 -0 -0.00222181 0.0305161 0.0471541 0.00205078 0.00843919 -0.00703695 0.000131276 0.0297307 -0.00131019 -0.0011496 -0 -0 0.00227698 0.00982049 -0 0.00689992 -0 0.00523412 -0.000548888 -0.000494004 -0.000698906 -0 0.00725292 -0 0.0121835 -0.0107853 0.0215424 0.00755947 0.00914451 0.0284791 -0.00204276 -0.000813232 -0 0.00381359 0.0120939 0.0023738 -0 -0.0128237 0.0121666 0.00186144 -0 -0 -0 0.00827947 -0.00411204 -0 0.0314728 0.0119942 -0 -0.000337763 0.00362574 -0 2.48264e-05 0.0194395 -0 0.0113588 -0.0124868 -0 0.0184212 -0 -0 -0.014761 0.0225548 0.00116148 -0 -0 -0 -0.0106538 -0 -0 -0 -0.0019259 -0.000761661 -0 -0 -0 -0.000381504 0.00171573 0.0252812 0.004234 -0.00430663 -0 -0 -0 0.00144967 0.00186582 0.000341002 -0.00891116 -0 -0.00871114 -0.0052311 -0.00385239 -0 0.00431509 -0.000578897 0.0384406 -0 -0 -0 -0 -0.00376751 0.0166153 0.00216081 0.00617456 0.00119548 -0.00575859 0.013757 -0 0.000896571 0.0195911 -0 -0.0039871 0.00961858 -0 -0.0167532 -0.00525442 -0 -0 0.00473115 -0.00154669 0.00227036 -0 0.00125122 0.000451102 -0.0016686 -0 0.0139663 -0 0.00831863 0.00731402 -0.00282174 -0.0075283 0.000809186 8.55776e-05 -0.00208113 -0 -0
-0 -0 0.0127558 0.0287352 -1.87519e-06 0.0430578 -1.51001e-05 0.00896403 0.00487421 -0 -1.1134e-05 -0.0246846 -0.0418972 -1.43669e-05 6.61753e-06 0.00640008 0.00642042 0 0.0146893 -2.02771e-05 0.0138923 -0 -1.74187e-05 0.0268803 -0.022344 0.0796228 0.00611308 0.0513333 0.0021079 -1.68269e-05 0.0361209 0.0215499 0.00799935 0.0168603 0.00512164 0.0092938 0.0137146 -0.00958981 0.0478274 0.0176331 -0 -0.00777141 0.0227244 -0 0.0127696 0.0119996 0.00812656 0.0184479 0.00133597 0.0392887 0.00641405 0.010073 -8.93681e-06 0.0163756 0.0110426 0.00376075 0.0165028 -0 0.013912 -0 1.67037e-06 0.00455704 -0 0.00228569 0.0178912 0.0294277 -0 0.0244324 0.00416972 0.0162219 0.0134049 0.0132215 0.0167773 0.00977101 -1.50131e-05 0.0158761 0.000762131 0.00732897 -1.383e-05 -0 0.00734992 -0.00807186 -0 0.011068 0.0118056 0.0128842 0.00251643 0.00882232 0.00550198 0.00108449 0.00319144 -0.00227181 0.0147322 -0 -0.00197488 0.0284506 -0 0.00812097 0.00165716 0.00513897 0.00783242 4.12696e-06 0.000567098 0.0171222 0.000505934 0.0176756 0.00998997 0.0342368 0.0118009 0.00590431 -0 -0 0.0155385 -0.00478818 -0.00729211 0.0006978 0.000889586 -0.00662474 0.0127216 0.00643458 0.000319282 -0 0.00276298 -0.00201303 -1.47048e-05 0.0129644 0.0125312 0.000835145 0.00638333 0.0156003 -0.0115923 -0 0.00179661 -0 0.00850565 -0.00441178 -0 -0 -0 0.018192 -0.0178872 0.0238971 0.00227656 0.00583252 -0 -0.0179767 -0.00303508 -1.5575e-05 0.00313097 0.0150967 -0 0.00068422 -1.64144e-05 0.00136302 -0 -0 0.0195064 -0.00643292 0.0121628 -0 0.00103239 -0 -0 0.00217974 0.00477096 0.0107999 -0.0167604 -0.00490523 -0.037029 0.00497857 -0.00229058 0.00808319 0.0129551 -0 -0.0161916 -0 0.00600958 0.00807243 -0 0.0048332 -0.00336013 0.00856568 0.000436182 -0.00596058 -0 0.00297179 0.00454831 0.0106408 -0.00418526 -0 -0 -0.0173108 0.00434944 0.00493019 -6.83572e-08 0.00754697 0.00618769 -0 0.00116271 -0 -0 0.00129896 -0 0.00139472 0.000635729 -0.00465059 -0 7.36217e-05 0.0002206 0.00284988 -0.00109178 0.00192875 -0 -0 -0 -0
-0 -0 0.00446249 -1.23381e-05 -0.00552096 0.0219334 -0.0569601 0.00854495 0.00421614 -0 -0 -0 -0.000880625 0.00876114 -0.0112551 0.0222909 -0.0111032 0.0146893 0 -0.0238266 0.0135145 0.0146008 0.00150147 -0.0131155 0.0023719 0.00391756 -0.00892841 0.0183262 0.00991499 -0.0195307 -0.00181555 -0 0.0455761 0.0512685 -0.00528271 -0 0.00335743 -0.00630563 -0 -0 0.00520978 0.0416784 0.0425851 8.16814e-08 0.000322263 -0.0258856 -0.0392865 -0.0208422 -0 0.0139485 0.0135979 0.0134263 -5.95906e-06 0.0909326 0.030921 0.00958031 -0.00200589 0.00823444 0.00739891 -0.00727945 -0.0153239 0.017893 0.000699066 -0.000456397 0.0161111 0.0444668 -0.00988166 0.012022 -0.00193553 -0.00429327 2.94582e-06 -0 -0.0159047 -0.00184152 -0.000497338 0.0303328 0.00972094 0.0137898 -0.012531 0.0150064 -0 -0.0191716 -0 -0.00933154 0.044737 0.0160358 -0.00623155 0.0386943 0.0221429 0.000424906 0.0122866 0.0241423 -0.0253566 0.000289263 -0.0201469 0.0240879 -0.00667155 0.0250593 -0.0074987 0.03809 0.032833 -0.0322924 -0 0.00381049 0.0191137 -1.33644e-05 0.0083452 -0.00952882 -0.00240763 0.0145437 -0 0.00631635 0.0181861 -0 0.00588114 0.0216384 0.0136714 -0.0243043 0.0198383 0.0313681 0.00914118 -0 0.00323353 0.0191776 0.00510251 -0.020041 -0.0115263 0.0152626 0.0251519 0.0175193 0.00783723 -0 -0.00824043 0.0193825 0.00706393 -0 -0 -0.0153308 0.00760707 0.047232 0.0354059 -0.00639751 -0 -0.0250575 -0 0.0166769 0.0196256 8.63756e-05 0.0150493 0.0229965 0.0053023 0.0181752 -0.0166757 0.00527376 -0 0.0123587 0.00967563 -0.0182829 -0.00359879 0.00414958 0.00145325 0.00550285 0.00116551 -0 0.0102175 0.0208643 0.021773 0.00893983 0.0285529 0.0253205 0.0262365 0.0460716 -0.0183024 0.0151905 -0.00124419 -0 0.0173494 0.0305543 0.00033014 0.0289771 -0.0233415 -0 -0.00432818 -0.0136868 0.00098243 -0 0.0121228 0.0138012 -0.0166846 -0 0.00584434 7.98458e-05 0.0180846 0.0286425 -0 0.00530164 0.00946543 -2.48287e-06 0.0245703 -0 0.00617039 -0 -0 0.0218467 0.00917635 -0.0122489 -0 -0 -0.00642732 -0.00766073 0.00674031 0.000495906 -0 -0 -0 0.000208487
0.0266427 0.0174089 0.00284388 -1.08695e-05 0.00236904 0.00263229 0.0494058 0.00266145 0.00767736 0.0359467 0.125547 0.03951 0.0380067 0.0216923 -0.059152 0.0412262 -0 -2.02771e-05 -0.0238266 0 -0.00566151 0.014749 0.0369576 -0.000890771 0.00363984 -0 -0 0.00442071 0.00746833 0.0074051 -0.0301562 -1.02236e-05 -0.0156529 -0.00519229 -0.00167855 0.00415974 -0 0.00880823 -1.20133e-05 -0 0.0557221 -0.00185526 -0.00439851 -0 0.0026642 -0 -0 -0.000263337 0.0593498 -1.59982e-05 0.00700637 0.00469279 0.00608607 -0.02024 0.0103413 0.00668607 0.000378874 0.0136205 0.00113834 0.0120332 0.0095325 0.0508263 -0 -0 -2.15763e-05 0.00365896 0.0211421 0.000197512 0.00684332 0.00411943 -0 0.00114036 0.00212479 -0 0.0551428 -0.00401011 0.00634374 0.00543772 0.0472692 -0 -8.80534e-06 -0 0.0300993 0.00266731 0.00607591 -0 -0 0.00896407 0.00345426 0.012146 0.00127654 0.0601993 0.000441281 0.00970597 0.000625448 -0.00581322 0.0057736 -0.00253265 0.00370266 -0 -0.00148871 0.00993127 -0 -0 0.0101118 -1.15992e-05 0.000490162 0.00448653 0.00145423 0.0310534 -0.00170312 0.0363362 -0 -0 0.0111848 0.000784953 0.013767 -0 -0 0.00506028 0.0120554 -0 -0 2.0664e-05 0.0353662 -0 -1.39986e-05 0.0010046 0.00335124 -2.11637e-05 0.0371601 -0 -1.34681e-05 0.000591371 -1.86126e-05 -0.000700621 0.0187655 -0 0.0107151 -0.00192429 0.000460386 0.00025875 0.000846999 0.00217872 0.0142229 -1.95446e-05 -0 0.0254918 -0 0.00381741 0.046088 0.00194164 0.00355254 -0 -0 -0 0.00377605 -0 0.000151669 0.0228319 -0 0.00151182 -0.0311093 0.000732768 -0.000977799 3.89205e-05 0.0022064 0.0119361 0.0020595 -0.00138531 -0.00498868 -1.7905e-05 0.000343055 0.027702 -0 -0 -0 0.00237483 0.00645796 0.00101494 -0 -0 -0 -0 -0 -0 -0 0.0015862 -0 0.00177958 -0 -0 -0 0.00294012 -0 0.00352049 0.00111729 -0 0.00411951 -0 0.00581368 0.00126732 -0 0.00174856 -1.19784e-05 -0 -0 -0 -0 0.00457733 -0 -0 -0 0.000672644 -0 -0
0.000776058 0.000841624 0.0158282 0.0118251 0.000135529 0.0141861 0.00467323 0.0188427 -0 -0 0.00111541 -0 -0 0.00316726 -0 0.00873984 0.00569774 0.0138923 0.0135145 -0.00566151 0 0.00716109 0.00408068 0.00951741 0.0295255 -0.0129866 0.00649287 0.0116019 0.00423272 0.00290119 0.00269474 0.0108937 0.0059389 0.0127114 0.0103738 -0 0.0195426 0.0127839 0.0082328 0.0125153 0.00244898 -0.0117795 0.0178384 -0 0.0144791 0.00582907 0.015181 0.00502092 -0 0.0361649 0.00844768 0.00724554 0.000419479 0.0178082 0.00986389 0.00143587 0.0132337 0.00128319 0.00440029 0.0028667 -0 0.0128637 -0 -0 0.0259424 0.0141991 0.00297744 0.020641 0.00575013 0.00848275 -3.49321e-06 0.00140188 0.0102069 0.0115652 -0 0.0174211 0.00319212 0.00683176 0.00146404 -0 0.0145442 -0.00228001 -0 0.00778251 -0.00490668 0.0220764 0.00329002 0.0100881 0.00457633 -0 0.000396107 0.00230395 0.0094704 -0 0.0141599 -0.00921622 -0 0.00617261 0.00510839 0.00801767 0.00863575 -0 -0 0.00309142 -0 0.00961072 0.0431912 0.0034112 0.011459 0.00713245 -0 0.00102775 0.0379427 0.0164489 5.6472e-06 0.00279558 -0.00252165 -0.000553161 0.00337531 0.01091 -0.00140457 -0 0.00485937 -0.00473577 -0 0.0106988 0.0216861 0.00222654 0.0012611 0.0134967 0.00587631 -0 0.0112997 0.00153145 0.0176785 0.00219011 -0 -0 -0 0.0113019 -0.00754992 0.00741452 0.000710156 0.0121255 -0 0.0172227 0.000935056 0.000770638 0.00554801 0.0104831 -0 0.000452424 0.00144107 0.00501594 -0 -0 0.0111514 -0.00253615 0.0094901 0.00478465 -0 -0 0.000662256 -0 0.00978698 0.00487912 -0.00423816 0.00469896 0.00338386 0.00912998 0.00165799 0.00655096 0.0289437 0.00104664 0.00203623 -0 -0.00699141 0.00828937 0.000733457 -0.00274598 -7.03868e-05 0.00032725 -0 -0.000371974 -0 0.00283007 0.00551707 0.00802287 -0.00382608 -0 -0 -0.00173337 0.00484738 -0.0144967 -0 0.00572365 0.00440112 0.000853104 0.0046649 0.000444262 0.000491747 -0 -0 0.00370674 0.0142632 -0.00289093 0.00147186 -0 -0 -0.0021403 -3.58039e-05 -0.0276996 -0 -0 -0 -0
0.0132772 0.0333407 0.000871445 -6.82632e-06 0.0253287 -0.00285869 -0.0427743 0.00414413 0.0187359 0.0126577 -0.0217647 0.0763336 0.0508312 0.0267757 0.0200664 0.0733598 -0 -0 0.0146008 0.014749 0.00716109 0 -0.030512 -0.0199865 0.0138905 -0.026296 -0 0.0166271 0.0330187 -0.0206276 -0.0025358 -0 0.00836237 0.00429397 0.0115032 0.0428317 -0 0.00309524 -0.0364 0.00221003 0.0007648 5.99434e-06 -0 0.0202215 0.00371831 -0 0.00017731 -1.05987e-05 0.00160307 0.00223396 0.000502879 -0 0.0144175 0.0035605 0.00990626 -0 0.00222049 0.000232383 -0.0380576 0.00663874 0.00839175 0.047219 0.00580763 -0.02871 0.00385751 0.0123911 0.0746321 0.00316749 0.0151301 -0 -0.00522129 -4.84334e-06 -1.04194e-05 -0 -0 0.00973449 -0 0.00815052 -0 -0 0.00255613 -0 0.00908034 0.00162853 -0.00277838 0.000841668 -0 0.0107829 0.00391361 0.0206024 0.00121967 0.00731773 -0 0.00215141 0.00652888 0.00193573 0.00765587 -0 -0 0.00254549 -0.0026148 0.00888528 -0 -0.00745341 0.00263871 -0 0.00387599 -0.0260559 0.00165653 0.0175279 -0.00221455 0.00310385 0.00665308 0.00226786 0.000966704 0.05022 0.00364037 0.00363603 -0.0221719 0.00128815 0.0127048 -0 -0 0.0016396 -0 -9.70042e-06 -0 -0 -0 -0 0.03983 -0 -0 0.00760528 -0.000309985 -0 0.0262725 -2.29519e-06 0.00527982 0.000226737 0.00383365 -9.86617e-06 -0 0.00874151 -0 0.00649902 -0 -0 0.0101972 -0.00275591 0.0236078 0.0105902 -0.0109166 0.0132495 -0 -0 0.00302369 0.0197822 0.0010299 0.018198 -0 -0 0.012116 -0 0.000626014 -0 0.00254766 0.0172111 0.00197788 0.00186236 0.00445884 0.00655986 0.00167447 -0 0.0190441 0.00143991 -0 0.00498332 0.00663495 -0 -0 -0 -2.64055e-06 -0 -0 -0 0.00721047 0.000249789 -0 0.00174057 -0 -0 0.00194521 0.00413079 -0 -0.000493338 -0 -0 0.00521345 -0 0.00435577 -0 -0 -0 0.00414745 -0 0.00454188 -0 -0 0.00333553 -0 -0 -0 0.00265601 -0 -0
