0.925366 0.0192311 0.00594852 -0.00823336 -0.0421041 0.0279611 -0.0476632 0.0536538 0.14066 -0.0721667 0.178275 0.0160923 -0.0277317 0.0277768 0.034614 0.157289 -6.19371e-07 -0.00015923 -0.0549505 -0.0527435 0.0534119 0.0265772
0.0192311 0.938891 0.0619834 -0.00534958 0.162662 -0.0657956 0.0827238 -0.0506537 -0.0317853 0.0986599 0.013766 -0.0709624 0.0639046 -0.0653656 -0.0981269 0.0565586 -1.51349e-07 0.123014 0.0943661 0.055009 0.108364 -0.00114967
0.00594852 0.0619834 0.896264 -0.0554723 -0.0253084 -0.00949935 0.067603 -0.0404598 -0.0729486 0.0277909 0.0323643 -0.0827938 0.182622 -0.00943919 -0.112606 0.0353579 -1.36444e-07 0.068694 0.130999 0.108657 -0.0752193 0.0803876
-0.00823336 -0.00534958 -0.0554723 0.491567 0.0578136 0.0812361 -0.0433984 0.0962357 0.123251 -0.0195422 -0.00918975 0.127965 -0.0661716 0.0807038 0.221924 0.0273867 -1.42847e-06 -0.0648816 -0.0615744 -0.0366059 0.0710754 0.027528
-0.0421041 0.162662 -0.0253084 0.0578136 0.744842 -0.181122 0.0506279 -0.129489 0.0471227 0.13216 0.035397 -0.092138 -0.0279362 -0.179939 0.00135574 0.0109044 -2.91103e-07 0.115527 0.0108782 0.00243113 0.28154 -0.0974263
0.0279611 -0.0657956 -0.00949935 0.0812361 -0.181122 0.777899 0.016467 0.526294 0.132696 -0.21901 0.0138452 0.464753 0.00787853 0.772812 0.10114 0.158984 -3.44119e-07 -0.047079 -0.0342801 -0.0502449 -0.251663 0.307068
-0.0476632 0.0827238 0.067603 -0.0433984 0.0506279 0.016467 0.246579 0.0206026 -0.0315607 0.0183956 0.0597469 -0.031781 0.00901249 0.0163583 -0.0887759 0.0136291 4.28118e-07 0.112045 0.039092 0.0114251 -0.00920591 0.0368466
0.0536538 -0.0506537 -0.0404598 0.0962357 -0.129489 0.526294 0.0206026 0.900121 0.22377 -0.192998 0.123749 0.59172 -0.0252235 0.522852 0.0920242 0.267854 -1.35879e-06 -0.0338518 -0.0382242 -0.057995 -0.207865 0.592517
0.14066 -0.0317853 -0.0729486 0.123251 0.0471227 0.132696 -0.0315607 0.22377 1.00834 -0.346374 0.124525 0.114402 -0.107618 0.131826 0.0605827 0.067301 -8.68029e-07 -0.0388111 -0.225485 -0.182517 0.164606 0.166639
-0.0721667 0.0986599 0.0277909 -0.0195422 0.13216 -0.21901 0.0183956 -0.192998 -0.346374 1.00337 0.0131594 -0.129246 0.108969 -0.21758 0.0180383 -0.0439013 -9.18632e-08 0.059425 0.150924 0.14583 0.0705476 -0.0944938
0.178275 0.013766 0.0323643 -0.00918975 0.035397 0.0138452 0.0597469 0.123749 0.124525 0.0131594 0.751563 0.0691251 -0.0101835 0.0137534 0.00243526 0.129971 -4.76043e-07 0.0684853 -0.0409318 -0.0451664 0.0510184 0.120575
0.0160923 -0.0709624 -0.0827938 0.127965 -0.092138 0.464753 -0.031781 0.59172 0.114402 -0.129246 0.0691251 0.967907 0.00850772 0.461714 0.1412 0.272104 -5.85711e-07 -0.0892988 -0.00147975 -0.0124695 -0.140213 0.279735
-0.0277317 0.0639046 0.182622 -0.0661716 -0.0279362 0.00787853 0.00901249 -0.0252235 -0.107618 0.108969 -0.0101835 0.00850772 0.990082 0.00782758 -0.113133 0.0746907 -1.5799e-07 0.0480977 0.36701 0.340112 -0.0924812 0.0464995
0.0277768 -0.0653656 -0.00943919 0.0807038 -0.179939 0.772812 0.0163583 0.522852 0.131826 -0.21758 0.0137534 0.461714 0.00782758 0.767758 0.100476 0.157942 -3.41806e-07 -0.0467716 -0.0340552 -0.0499157 -0.250017 0.305059
0.034614 -0.0981269 -0.112606 0.221924 0.00135574 0.10114 -0.0887759 0.0920242 0.0605827 0.0180383 0.00243526 0.1412 -0.113133 0.100476 0.764807 -0.0445647 -1.12388e-06 -0.0920788 -0.10124 -0.0617779 0.142278 -0.0124185
0.157289 0.0565586 0.0353579 0.0273867 0.0109044 0.158984 0.0136291 0.267854 0.067301 -0.0439013 0.129971 0.272104 0.0746907 0.157942 -0.0445647 0.735886 -2.59089e-06 0.0222209 0.0597824 0.00372423 -0.0778385 0.2188
-6.19371e-07 -1.51349e-07 -1.36444e-07 -1.42847e-06 -2.91103e-07 -3.44119e-07 4.28118e-07 -1.35879e-06 -8.68029e-07 -9.18632e-08 -4.76043e-07 -5.85711e-07 -1.5799e-07 -3.41806e-07 -1.12388e-06 -2.59089e-06 3.39715e-09 6.49464e-07 7.00578e-07 4.77315e-07 1.7469e-07 -7.17699e-07
-0.00015923 0.123014 0.068694 -0.0648816 0.115527 -0.047079 0.112045 -0.0338518 -0.0388111 0.059425 0.0684853 -0.0892988 0.0480977 -0.0467716 -0.0920788 0.0222209 6.49464e-07 0.295634 0.0637044 0.0454736 0.0422635 0.00678472
-0.0549505 0.0943661 0.130999 -0.0615744 0.0108782 -0.0342801 0.039092 -0.0382242 -0.225485 0.150924 -0.0409318 -0.00147975 0.36701 -0.0340552 -0.10124 0.0597824 7.00578e-07 0.0637044 1.05414 0.541457 -0.0898652 0.0153269
-0.0527435 0.055009 0.108657 -0.0366059 0.00243113 -0.0502449 0.0114251 -0.057995 -0.182517 0.14583 -0.0451664 -0.0124695 0.340112 -0.0499157 -0.0617779 0.00372423 4.77315e-07 0.0454736 0.541457 0.977385 -0.0475746 -0.000858884
0.0534119 0.108364 -0.0752193 0.0710754 0.28154 -0.251663 -0.00920591 -0.207865 0.164606 0.0705476 0.0510184 -0.140213 -0.0924812 -0.250017 0.142278 -0.0778385 1.7469e-07 0.0422635 -0.0898652 -0.0475746 0.94076 -0.192284
0.0265772 -0.00114967 0.0803876 0.027528 -0.0974263 0.307068 0.0368466 0.592517 0.166639 -0.0944938 0.120575 0.279735 0.0464995 0.305059 -0.0124185 0.2188 -7.17699e-07 0.00678472 0.0153269 -0.000858884 -0.192284 0.866949