0 0.0757819 0.00368805 0.00203499 0.0842937 0.000976574 -0.0204562 0.011615 -0 0.0648547 0.0297167 0.0838281 0.0326122 0.041978 0.0231563 0.0219736 0.00197784 5.29299e-06 5.04967e-06 0.0208709 0.000739592 0.0236886 -0.00755916 5.55587e-06 0.00922858 3.19794e-06 0.00234194 4.63872e-06 0.022784 -0.0193422 9.7845e-05 0.00283412 4.79118e-06 5.44375e-06 -0 0.0119767 0.000804914 0.0107443 4.61681e-06 0.000809518 -0 -0.0017986 5.91155e-06 0.00684389 0.00384977 -0 0.0111808 4.98857e-06 0.0115306 0.00188775 5.26927e-06 -0 0.0582109 5.78377e-06 5.23225e-06 -0 0.00115882 -0 4.33158e-06 0.0703073 0.0159508 0.0102621 -0 -0 0.000434633 5.10352e-06 0.0106053 0.00792552 0.0126433 -0 -0 -0 1.37922e-05 -0 -0 0.00170242 -0 4.62152e-06 -0 -0 0.00918529 0.00718924 0.0829463 0.0049094 5.10098e-06 5.34092e-06 -0 5.3272e-06 4.5724e-06 0.0125321 -0 0.0183623 0.000138826 0.00180158 0.00822599 5.5828e-06 0.0102221 -0.00954349 4.75366e-06 -0.0080759 -0.0135137 0.0255463 -0 3.12492e-06 0.000251554 0.00347687 -0 4.7338e-06 0.00691549 0.00338241 -0.0130167 0.00267388 0.000658036 0.0138148 0.000391931 -0 0.000357373 0.0180664 4.08057e-06 5.30415e-06 0.00056793 -0 0.00147487 3.58249e-06 -0 -0 0.000290646 -0 -0.00664302 0.00187551 0.0282712 -0 0.011359 -0 0.00633345 -0 0.00065861 -0 -0 5.63261e-06 5.13862e-06 -0 -0 -0 0.00564838 -0 -0 -0 -0 5.37079e-06 0.000899929 -0 -0.00471824 0.0090143 -0 -0 -0 0.0149314 0.000813404 0.00487218 -0 -0.00544714 0.00101285 -0 -0 4.50677e-06 -0 3.55145e-05 5.00586e-06 5.42515e-06 4.4839e-06 -0 -0 -0 -0 0.00254151 -0 -0 0.000292046 5.21242e-06 0.0109387 -0 -0 -0 -0 -0 -0 -0 0.00538728 -0 -0 0.00263047 -0 -0 -0 -0 -0 0.00086937 5.09231e-06 -0 -0 -0 -0 -0 -0 -0 -0 -0 -0 -0 -0 -0 -0 -0 -0 -0
0.0757819 0 0.00170695 4.47173e-06 0.0879121 0.000531114 -0.0485 0.00900068 0.0040258 0.0570316 0.0201941 0.112346 0.0463979 0.041222 0.0215253 0.0462065 0.0007812 5.18323e-06 4.0026e-06 0.041501 0.000197737 0.043375 -0.0233567 5.35361e-06 0.005078 3.85184e-06 0.000119414 0.00334285 0.0414121 -0.0227526 -0 4.5133e-06 3.68835e-06 0.00195907 0.00188489 0.0165797 4.60995e-06 0.00233411 4.86318e-06 -0 -0 -0.000422008 5.23716e-06 0.00927429 0.00351167 4.31068e-06 -0.00566415 5.02175e-06 0.0345313 0.00231757 -0 -0 0.0278062 5.10466e-06 0.00127369 -0 0.000410707 -0 -0 0.027456 0.00944524 0.0189438 -0 -0.000962756 0.000997982 0.00138448 0.0266881 0.00823952 0.0298959 4.66663e-06 -0 1.80682e-06 4.63279e-06 -0 -0 0.00142859 -0 3.422e-06 -0 -0 0.00790473 -0 0.0161308 0.00304086 4.01407e-06 4.90961e-06 -0 0.000819143 -0 0.0246532 -0 0.00482494 5.10819e-06 0.00831099 0.00479034 0.00111581 0.0128389 4.36191e-06 3.82434e-06 4.35693e-06 4.6047e-06 0.017032 3.54664e-07 -0 0.01015 4.61548e-06 -0 4.80221e-06 0.00189524 0.0182036 -0.00327142 0.00411045 0.00771658 0.00155713 -0 -0 0.0160647 0.0133087 -0 4.40871e-06 0.00693916 -0 -0 -0 -0 4.78634e-06 -0 -0 3.89367e-06 5.16476e-06 0.0617462 -0 4.59568e-06 -0 0.000932032 -0 0.016253 1.35618e-06 0.00344074 5.00935e-06 4.03468e-06 4.81925e-06 -0 0.0010896 0.00670658 -0 -0 -0 -0 -0 0.00652835 0.00272961 -0.0182899 0.00434763 -0 -0 0.00204699 0.0101575 0.00297298 0.0126158 -0 -0.000894977 0.00339399 -0 -0 -0 -0 0.000160449 -0 -0 -0 0.000126407 -0 -0 -0 0.0553288 -0 -0 0.00466679 4.2938e-06 0.00773948 -0 -0 -0 -0 -0 -0 -0 -0 -0 -0 -0 -0 -0 -0 -0 -0 -0 -0 -0 0.00431214 -0 -0 -0 -0 -0 -0 -0 -0 -0 -0 -0 -0 0.000504252 -0 -0
0.00368805 0.00170695 0 0.0210448 0.00725407 0.0827565 0.00171425 0.0703995 -0 -0 0.00315104 0.00104348 5.25997e-06 0.00121795 0.00328211 0.00376108 0.0157263 0.0144853 -0.00176277 0.00208734 0.0129805 4.83089e-06 0.00100157 0.0128783 0.015802 0.0142862 0.00858564 0.00760781 0.000881888 -0 0.00308743 0.025381 -0.0181143 0.0100726 0.00292381 -0 0.016009 0.0219353 0.0135985 0.00890792 0.000295743 -0.0120863 0.0161686 1.71991e-06 0.0118238 0.00703864 0.0274249 0.0137167 3.66571e-06 0.0138016 0.00375196 0.0003912 0.0140314 0.00401442 -0.0122452 -0 0.0149396 -0 0.00496412 0.0022781 -0 -0.000124547 -0 0.000545778 0.0197892 0.00465404 -0 0.0300277 0.0010663 0.0205294 0.00600255 0.00204211 0.00959348 0.0106386 -0 0.012127 0.000353303 3.50353e-06 -0 -0 0.0405098 -0 0.00314732 0.0149647 -0.0126115 0.00923965 0.00252687 0.00603948 3.34988e-06 -0 0.00107872 0.00387831 0.0105905 -0 0.0109241 0.00612558 1.78115e-06 0.00148955 3.67972e-06 7.23806e-05 -0.00610035 0.00163293 -0 0.00279415 -0 0.0257255 0.00858793 0.00673178 0.016559 0.00100131 -0 -0 0.0116967 0.0104328 -0 -0 -0 -0 0.00244115 0.00440936 -0 -0 0.00463667 -0 -0 0.0237229 0.0333869 -0 3.70349e-06 0.0150119 0.00368577 -0 0.0231011 -0 0.0236157 -0.00380848 -0 0.000308801 -0 0.00839099 -0.00231511 0.00882624 0.00124851 0.00502311 -0 0.00299931 -0.00232694 0.000130706 0.000533286 0.0056931 -0 -0 -0 0.000978315 -0 -0 0.00478486 -0 0.00958798 4.72442e-06 -0 -0 -0 0.00059051 0.00620368 0.00255745 3.4199e-06 0.00115854 3.7252e-06 -0.00226863 3.12705e-06 0.00118357 0.00984612 -0 -0 -0 0.00466212 0.00386836 -0 0.000745712 -0 -0 -0 -0 -0 0.00231829 -0 0.00460874 -0 -0 -0 -0.00120149 9.55587e-05 3.49783e-06 -0.000910801 0.0013458 0.00118809 0.000394232 -0.00124287 0.00050734 -0 -0 -0 9.50639e-05 0.000220897 -0 -0 -0 -0 2.73292e-06 -0.000657283 0.00178999 -0 -0 -0 -0
0.00203499 4.47173e-06 0.0210448 0 0.0124809 0.0186952 2.75326e-06 0.015874 -0.0320085 3.90948e-06 0.00239092 4.54288e-06 5.31179e-06 5.09426e-06 -0 6.20374e-06 0.0352965 0.0314008 5.25772e-06 5.88564e-06 0.0126054 5.12203e-06 3.50972e-06 0.0130197 0.007049 0.0295053 0.0191643 0.0155225 5.31845e-06 2.9873e-06 0.0251677 0.0413462 4.88782e-06 -0.000892566 5.22364e-06 -0 0.0199724 0.0432261 0.0290843 0.0114751 0.0011167 -0.014995 0.0129369 1.32832e-06 0.0447209 0.011013 0.0748659 0.0215481 3.95035e-06 0.0198951 0.00432984 0.00250289 0.00249272 0.00347603 5.88639e-06 0.00197894 0.0161872 -0 0.00944024 0.00102919 -0 6.21686e-06 -0 0.00572739 0.0231331 5.55607e-06 4.72183e-06 0.0259832 5.28544e-06 0.0103335 0.0238012 0.00399488 0.0137032 0.0234896 -0 0.00997813 -0 -0.0394561 2.57504e-06 -0 0.0273249 0.00767477 0.00152022 0.0219819 5.27784e-06 0.0119484 0.011706 5.64103e-06 4.84931e-06 4.02124e-06 2.99249e-06 0.00265436 0.0145579 -0 0.0124733 0.00969123 -0.0106702 0.000890222 4.92267e-06 5.43642e-06 -0.00516605 0.000575574 0.000963147 0.00688158 3.59037e-06 0.209376 0.0100622 0.0112903 0.0173333 6.21946e-06 -0 -0 0.0136231 0.0283873 -0 3.55741e-06 3.78667e-06 -0 0.00541703 5.42803e-06 3.80533e-06 -0 0.0136019 3.69156e-06 -0 0.0268967 0.0371849 -0 5.00485e-06 0.0425211 6.1527e-06 0.000855673 0.0249193 -0 0.0313739 -0.00547523 1.87436e-06 0.00606693 -0 0.00388383 5.24534e-06 0.0138377 0.00123201 -0.00382543 -0 0.00155905 -0.00580288 -0 -0 0.00411796 -0.00852338 -0 3.07073e-06 -0 -0 -0 0.00489776 -0 0.0256901 5.63687e-06 0.000716949 -0 -0 0.00145644 0.00770602 0.0045302 -0.0243046 4.0377e-06 5.16341e-06 5.66909e-06 -0.0465011 0.00161817 0.0105153 3.60976e-06 -0 -0 0.00564877 0.00334225 -0 5.45176e-06 0.00888393 0.00154668 0.00102261 -0 -0 0.0114127 -0 0.00573832 0.00877562 1.5281e-06 -0 -0.00136116 -0 -0.0450911 -0.0026923 0.00102842 0.00289809 0.0119447 5.41512e-06 0.00382243 -0 2.38066e-05 0.00124104 4.19423e-06 0.000261185 -0 -0 0.00106732 0.00169928 -0.0138469 -0.00728671 0.0153975 -0 -0.0215752 -0 -0
0.0842937 0.0879121 0.00725407 0.0124809 0 -0 -0.0142416 0.00916754 4.70853e-06 0.119188 0.0242759 0.061659 0.0244586 0.0328562 0.106495 0.0117412 0.013494 4.81837e-06 -0.00469438 0.00112262 -0 0.0206933 -0.00395296 5.35274e-06 0.00463527 -0 0.0108631 4.37718e-06 0.0105179 -0.00812113 0.0165985 0.0130014 -0.0163158 -0.00222577 -0 0.0133698 0.00213345 0.00996006 -0 0.00128563 -0 -0.00192029 -0.0014543 0.00245692 0.0170542 6.09531e-05 0.0130881 4.12054e-06 0.000685314 0.0061742 -0.00104662 3.88521e-06 0.0291169 -0.00169427 -0.00106579 -0 0.00112094 -0 -0 0.0635599 0.00594743 0.00136382 -0 -0 0.000367226 -0.00924227 0.00541048 0.00519884 0.00966425 -0 0.00259898 9.16687e-07 -0 -0 -0 -0 -0 -0.0197533 -0 -0 0.0138553 0.0208426 0.0200481 0.00551888 -0.0172927 -0 0.00234644 -0.00268875 -0.00870734 0.00898192 -0 0.000705955 -0 0.00297068 0.00212901 6.08666e-06 0.00596052 -0.00210452 -0.00356164 -0.00334482 -0.0216049 0.0251877 -0 0.00526622 -0 0.00602345 -0 3.91144e-06 0.0109654 -0 -0 -0 -0 0.00679131 0.00369021 -0 -0 0.0312283 -0 -0.00228332 -0 -0 0.023671 -0.00561489 -0 -0 0.00445592 -0.000269034 -0.00206893 -0 0.0126752 -0 0.00953193 -0 0.00161361 -0 -0 -0 -0 6.10322e-06 -0.00627218 -0 -0 5.63971e-06 0.0016604 -0 -0 -0 -0 5.99604e-06 -0 -0 -0.00254693 -0 -0 -0 -0 0.0158146 0.000519484 -0 -0 -0.00382188 -0 -0 -0 -0 -0.00366199 -0 -0.0212881 -0.00239019 -0.0111979 -0 -0 -0.00700155 0.00462342 0.00272514 -0 -0 0.000824542 -0.0079634 0.015558 -0 -0 0.000683578 -0 0.00116612 -0 -0 0.00858291 -0 -0 0.00591774 -0 -0.00940431 -0 -0 -0 0.00945147 -0.00239054 -0 -0 -0 -0 -0 -0 0.00164039 -0 -0 -0 -0.00461692 -0 -0 -0 -0 -0 -0
0.000976574 0.000531114 0.0827565 0.0186952 -0 0 0.00368418 0.0433256 2.46996e-06 4.82682e-06 0.00429646 5.24861e-06 5.16312e-06 0.00290162 -0 0.00833946 0.00415653 0.0646153 0.0187735 -0.000850022 0.015856 4.57216e-06 0.00686985 0.0287639 0.0129107 0.00994046 0.00272692 0.00512424 5.24023e-06 0.00414747 0.00010698 0.011579 -0.00839554 0.0266272 0.00666372 -0 0.0136878 0.0247635 0.0131636 0.00718356 0.00143157 -0.00779296 0.0381327 2.24577e-06 0.0186452 0.00461158 0.0134728 0.015581 3.40004e-06 0.0189964 0.00886665 0.00373 0.00348201 0.0163031 -0.00874546 0.00344016 0.0148922 0.00168151 0.00891026 4.69037e-06 -0.00100294 -0.00821833 -0 0.00530001 0.0295664 -0.00130225 3.50693e-06 0.023015 0.00124401 0.150565 0.00272605 0.000919613 0.0183489 0.0118242 -0 0.0192118 0.00230059 -0.0133117 -0 -0 0.0119323 -0.00566895 -0 0.015116 0.0117123 0.0157927 0.000357734 0.0119651 -0.019303 4.02226e-06 4.83906e-05 0.00692132 0.0145227 -0 0.0107556 0.0149909 -0.00697393 0.00843999 -0.00858438 0.00726137 0.011147 -0.00169897 0.000313678 0.00437308 0.000163144 0.0150919 0.0116072 0.0135209 0.0295527 -0.0150655 -0 0.000724167 0.0141173 0.00823132 -0 0.000293003 0.00125867 -0.00564138 0.00740834 0.0065301 -0 -0 0.00758477 0.000392752 0.000735704 0.01133 0.0106542 0.00299978 0.00295262 0.0202743 0.00575028 -0 0.0142444 -0 0.0149597 -0.00298927 -0 -0 -0 0.0190834 -0.00575405 0.0120369 0.00138589 0.00566348 0.000451604 0.00630318 -0.000590967 0.00179379 0.00225764 0.0167836 2.52068e-06 5.78968e-05 0.00133769 -0 -0 -0 0.00752122 -0.00723372 0.010276 -0.00634758 0.000687165 0.00143902 -0 0.00131522 0.0122113 0.00893163 -0.000837193 0.000339251 -0.00194781 0.00851284 -0.00209284 0.00627935 0.00977317 0.00244494 -0 -0 0.0103611 0.0077587 -0 0.00861458 -0.00347594 -0 -0 -0.00190989 -0 0.0023055 0.00176583 0.008596 -0.0043968 -0 -0 -0.00662302 0.0040053 -0.0047493 -0 0.00596055 0.00327014 0.00175063 0.0092322 0.00084344 -0 -0 -0 0.00375209 0.00241675 -0.0197082 -0 -0 -0 1.37679e-06 -0 0.00187596 -0 -0.0128112 -0 -0
-0.0204562 -0.0485 0.00171425 2.75326e-06 -0.0142416 0.00368418 0 1.98861e-06 -1.40984e-06 -0 2.31317e-06 -0.0047931 -0 -0 -0.0383195 1.24879e-06 -0 7.50892e-07 -0.051484 0.0407885 0.00502834 -0.0587648 0.350594 0.00902844 0.00713851 -0 -0 -0.0646128 -0.0300387 0.282987 -0.00196503 2.81029e-06 0.0295258 0.00311054 -1.49903e-06 -0.00835662 1.95752e-06 0.00331887 0.0041694 2.11132e-06 0.0138871 -0.00316541 0.0140542 -0.00746504 0.000970489 0.00135695 3.60875e-06 0.0102268 8.50609e-07 1.82354e-06 0.030327 0.0133119 -0.0135309 0.0162849 -0.00289534 -0 -0.000818505 0.0116618 0.00334364 -0.00800873 -0.0118424 2.97701e-08 -0 0.0530098 0.00388629 -0.0118156 -0 -0.00957819 -0.035478 0.00759934 -0 -0 0.00743605 0.00626952 0.0287936 0.00632378 0.0470133 -0.0134782 0.017236 -0 -0.0248548 -0.00719582 -0 0.00355309 0.0129355 -0.0170691 -0 0.0113507 0.0102689 -0.00084001 -0 0.00503343 0.00566709 -0 0.00259029 0.0097409 -0.0115239 0.0193892 0.0259368 -0.0071701 0.0149345 -0.0062198 -0 -0 -0 2.59777e-06 0.00312831 0.019563 0.00447573 -0.00498079 -0 0.00560968 -0.0781712 2.68763e-06 -0.000586891 -5.37499e-07 -9.25139e-07 -0.00452139 0.0013508 0.0107826 -0 -0 0.00219406 0.00748186 0.022099 0.00474984 -0 0.0132409 0.00903018 0.00393124 0.000414141 -0 0.00314861 -5.49834e-07 0.005775 -0 -0 -0 -0 0.00821562 0.0143035 0.00465044 0.00812005 0.00251954 -0.00613936 0.00216578 -0 0.0478255 -0 0.00508827 -0 -0 0.222756 1.16664e-07 -0 -0 -0 -0.0115065 0.000711669 0.00211142 -0 0.0564627 -0 -0 0.00196979 0.00458784 0.00556442 -0 0.0141956 0.0116489 0.00160368 -8.57888e-07 0.00113979 0.0424276 -0 -0.00143307 0.00536134 -0.00087095 -0 0.0102141 -0.00608583 -0 -0 -0.000346753 -0 -0 0.00181609 0.00544404 -0.000962139 -0 -0 -0.00555781 -1.45916e-06 0.00257536 -0 0.00361288 0.00540462 -0 0.00752404 -0 -0 -0 -0 0.00462836 -5.61365e-07 -0.000705989 -0 -0 -0 -2.47269e-06 -0 3.95208e-07 -0 -0 -0 -0
0.011615 0.00900068 0.0703995 0.015874 0.00916754 0.0433256 1.98861e-06 0 -0 0.00147329 0.00331325 0.0097196 0.000560083 0.00513091 0.0272378 0.0132105 0.00873769 0.00673542 0.00415192 0.0039878 0.0198218 0.00813384 2.77707e-06 0.013652 0.0195791 0.0300528 0.00622336 0.00850351 0.00592144 -0 0.00165898 0.00974907 3.3464e-06 0.0132867 0.00173278 -0 0.0157001 0.0335907 0.00661698 0.00677444 0.00236547 -0.0121442 0.0153206 -0 0.0265975 0.00402267 0.0242588 0.00965434 -0 0.0144027 0.00498062 -0 0.0311172 0.0113769 -0.0150712 0.000385754 0.0116935 0.00171767 0.00656757 0.00144041 -0 0.00377774 -0 -0 0.0177182 -0.00563192 -0 0.0342853 0.00691965 0.0154494 0.00837463 -0 0.00704449 0.00865196 -0 0.0150069 -0 3.48579e-06 -0 -0 0.0410744 -0 0.000307481 0.0354956 -0.0214502 0.0107561 0.00106985 0.00657975 3.35871e-06 0.00134084 -0 0.00748989 0.00848017 -0 0.0122648 0.00864948 -0 0.00359644 3.63016e-06 0.00241591 0.00582194 0.00449488 -0 0.00511951 -0 0.013386 0.00794423 -0.000614537 0.0129342 0.00311182 -0.000568059 0.000178129 0.0128508 0.0172374 -0 -0 -0 -0 0.014367 -0.00134097 0.000281563 -0 0.0099405 -0 -0 0.00764907 0.00932271 -0 3.74132e-06 0.01829 0.00729646 -0 0.0193408 -0 0.0133232 -0.00671006 -0 -0 -0 0.0103285 -0.0051185 0.00279952 0.00102418 0.00503195 -0 0.00617272 -0.00393757 -0 0.00147428 0.00600594 -0 -0 -0 -0 -0 -0 0.00455509 -0 0.00868912 0.00209543 -0 -0 -0 0.000327087 0.00851236 0.00476371 3.40273e-06 0.00141481 3.75171e-06 -0.00484948 3.11376e-06 0.00399166 0.00864668 -0 0.00129724 -0 0.00494064 0.00580135 -0 -0.000491825 -0 -0 -0 -0 -0 0.00228238 0.00146025 0.00647529 -0 -0 -0 -0 0.000432425 3.47459e-06 -0.000951235 0.00120447 0.00201366 0.00187356 -0.00406675 0.00160882 -0 -0 -0 0.00158699 0.00130786 -0.000889432 -0 -0 -0 -0 -0.00175237 0.00126235 -0 -0 -0 -0
-0 0.0040258 -0 -0.0320085 4.70853e-06 2.46996e-06 -1.40984e-06 -0 0 0.000686592 2.82471e-06 -0 0.000171637 2.20472e-06 0.0605938 0.0229997 5.41875e-06 0.00630833 0.00183773 0.00713581 0.00105528 0.0144332 0.00137755 0.00647592 0.00429383 -0 -0 0.0128354 0.0357748 -1.56501e-06 -0 4.66988e-06 0.0456951 -0.0441053 0.0120364 -0 -0 4.21436e-06 4.1288e-06 0.00237608 0.0019389 0.0133396 0.00298549 -0.149961 3.83105e-06 -0 -0.0112799 3.37601e-06 -0 0.00433601 0.00516379 0.0035953 0.00666228 0.0117119 0.0130163 0.00185015 -0 0.000307528 -0 -0 -0 0.0117092 -0.0443431 -0 -0.00414788 0.0233068 0.0135238 -0.00142446 0.0175401 2.14474e-06 -0 -0 0.000221483 -0 -7.94334e-07 -0.0284505 -0 0.0432396 -0 -0 -0 -0.00447674 -0 3.52712e-06 0.0205799 0.00525224 -0 0.0193986 0.0283001 0.0121425 0.00616907 2.29791e-06 -0 0.00560879 0.00208087 0.0129004 0.0434213 0.00874151 0.00524694 0.00802653 0.0118965 4.81452e-06 -0 -0 0.00744997 4.43867e-06 0.00706529 0.000705252 3.85364e-06 0.0123498 -0 0.00383306 0.00596257 4.15061e-06 -0 0.00340458 0.0134679 -0 -0 0.00678507 0.000645644 -0 -0.019094 0.00731531 -0 -0 3.37266e-06 0.00257892 0.030577 2.32682e-06 0.00881878 -0 4.20082e-06 0.00175347 0.000926289 -0 0.00307644 -0 0.00107026 0.00602416 0.01213 -0 -0 0.0310418 -0 0.000202217 -0 -0 0.0031686 0.0058064 0.00800163 0.00436518 -1.335e-06 0.00266157 -2.77509e-07 -0 0.00639748 -0 0.000611778 0.00731235 -0 -1.02884e-06 0.00122495 -0 0.00288959 0.0015034 0.00914384 0.0182518 0.0154159 0.0122891 0.0149917 -0 0.000393265 0.00250459 -0 -0 0.00137162 0.00596727 0.0012888 0.0115684 -0 -0 -0 -0 -0 -0 0.00198393 1.30739e-06 -4.90965e-05 0.00601031 -0 -0.00108584 0.00450661 0.0335541 -0 0.00444522 0.000760903 -0 0.0291937 -0 -0 -0 -0 0.00492043 -0 -0 -0 -0 -0 0.0147232 -0 -0 -0 0.000269825 -0 -0
0.0648547 0.0570316 -0 3.90948e-06 0.119188 4.82682e-06 -0 0.00147329 0.000686592 0 0.0418637 0.0289902 0.0381397 0.0256866 0.0374751 0.0391867 9.91784e-05 4.88721e-06 4.31329e-06 0.054737 4.81633e-06 0.0179987 -0 5.11092e-06 0.000722726 0.000441113 0.00245094 4.18672e-06 0.0204799 -0.00205784 -0 0.000160539 -0 4.76035e-06 3.36773e-06 0.0179686 -0 0.00253768 4.38077e-06 -0 0.000625776 -0.000388667 5.22286e-06 0.00143817 0.00487953 -0 3.28165e-06 4.66907e-06 0.0154526 0.00052677 4.60459e-06 -0 0.0184874 5.07102e-06 -0 -0 -0 -0 -0 0.0521883 0.0287171 0.012956 -0 -0 4.8786e-06 4.38388e-06 0.0187463 0.000525963 0.0127817 -0 -0 -0 0.000531756 4.38293e-06 -0 -0 -0 -0 -0 -0 0.000572924 0.00545417 0.0287797 0.000600371 -0 4.78915e-06 -0 -0 -0 0.0148324 -0 0.0122317 -0 0.0220954 0.000212121 -0 0.0242395 4.4611e-06 -0 4.52675e-06 4.76353e-06 0.0277484 -0 -0 0.000107965 4.04768e-06 -0 -0 0.00114209 0.0101212 -0.00227554 0.0197666 4.38272e-06 -0 0.00432238 -0 7.48636e-05 0.0306279 -0 4.59701e-06 0.00218856 -0 -0 -0 -0 -0 -0 -0 -0 -0 0.0211609 -0 0.00061695 -0 4.76203e-06 -0 0.000968586 -0 -0 5.01333e-06 4.35844e-06 -0 -0 4.31779e-06 0.00518229 -0 -0 0.00684639 -0 4.74131e-06 0.00240476 -0 -0 -0 -0 -0 -0 0.0158458 0.00231949 0.00749081 -0 -0 -0 -0 -0 -0 -0 -0 4.19582e-06 -0 -0 -0 -0 -0 -0 0.000180709 4.25029e-06 -0 0.0157403 4.52026e-06 0.0103837 -0 -0 -0 -0 -0 -0 -0 0.00616472 -0 -0 -0 -0 -0 -0 -0 -0 -0 -0 -0 0.00147244 -0 -0 -0 -0 -0 -0 -0 -0 -0 -0 -0 -0 -0 -0 -0
0.0297167 0.0201941 0.00315104 0.00239092 0.0242759 0.00429646 2.31317e-06 0.00331325 2.82471e-06 0.0418637 0 0.0304206 0.0214568 0.215089 -0.0145517 0.0185445 0.00063749 4.92407e-06 3.58956e-06 0.111313 0.00196498 -0.0386304 2.91717e-06 4.93564e-06 -4.7778e-05 3.74057e-06 -0 4.42575e-06 -0.00555212 -0 -0.00553766 0.000259291 3.15062e-06 -0.00396276 3.07148e-06 0.00716021 0.000678425 0.0205079 4.82402e-06 4.37542e-06 0.00560364 -0.0109694 4.82759e-06 0.000635561 0.00627521 4.36408e-06 0.00512208 4.93252e-06 0.0256338 0.00255745 4.12564e-06 -0 0.0277559 4.61469e-06 4.02022e-06 -0 0.00176122 0.00446341 4.25314e-06 0.0333759 0.00209182 0.0235457 -0 -0 0.00222129 3.74886e-06 0.0142676 0.00177535 3.14814e-06 0.00323384 0.00462552 -0 0.000218064 0.000401127 0.0130682 -0.00246946 -0 3.04029e-06 0.00932553 -0 0.00135274 -0 0.0334853 0.00420916 3.47574e-06 4.72009e-06 -0 3.92793e-06 -0.0295457 0.00225223 -0 0.031019 4.96932e-06 -0 0.00980441 4.64456e-06 -0 3.87681e-06 3.40632e-06 3.96049e-06 4.08123e-06 0.00731174 -0 3.62036e-06 0.00114304 0.00169368 4.37296e-06 0.000767425 0.00376192 0.0038306 -0.00484401 -0 0.00136496 0.00306764 0.000173149 -0 -0 0.0132253 3.93078e-06 3.95344e-06 0.00437155 -0 0.000182605 -0.0141726 0.025035 4.77735e-06 0.000457384 2.41745e-06 3.43212e-06 0.00198157 0.0126645 -0 0.000108124 -0 0.000523258 -0.000543214 -0 5.89824e-05 -0 4.69183e-06 3.50317e-06 0.00341434 0.00024612 4.12881e-06 0.292958 -0 -0 0.0304903 -0 4.30792e-06 -0 -0 -0 -0 -0 -0 -0 0.00401571 1.14441e-05 0.00387019 -0 -0 -0 -0 4.46204e-06 3.99415e-06 3.07145e-06 0.00526105 3.41468e-06 4.03895e-06 -0.0261452 3.23702e-06 4.26827e-06 -0 0.00384422 -0 -0 0.000520787 -0 3.7906e-06 0.00132188 -0 -0 -0 -0 -0 -0 0.000511663 -0 -0 -0 -0 2.98644e-06 3.14348e-06 -0 -0 -0 -0 3.61324e-06 -0 0.000453284 -0 -0 -0 -0 -0 -0 -0 -0 2.31219e-06 -0 -0 -0 -0 -0 -0
0.0838281 0.112346 0.00104348 4.54288e-06 0.061659 5.24861e-06 -0.0047931 0.0097196 -0 0.0289902 0.0304206 0 0.100953 0.0472996 0.0551167 0.0351754 -0 5.20598e-06 4.13708e-06 0.0271184 5.15353e-06 0.0747408 -0 5.41495e-06 0.00630308 3.90797e-06 0.000492385 4.45836e-06 0.0247413 -0.0037852 1.50378e-06 4.60061e-06 3.74554e-06 4.75094e-06 0.000120759 0.0121411 -0 0.00331687 4.96504e-06 -0 -0 -3.53892e-06 -0.0389529 0.00896398 0.00121825 4.42829e-06 0.000181246 5.15242e-06 0.0188953 0.000158823 4.67342e-06 3.46368e-06 0.0346265 5.20189e-06 4.39573e-06 -0 4.94912e-06 -0 4.49445e-06 0.032292 0.010737 0.0160089 -0 3.25185e-06 5.28354e-06 4.1966e-06 0.0475438 4.98696e-06 0.0189866 4.74265e-06 -0 1.91038e-06 4.71706e-06 4.83195e-06 -0 4.95708e-06 -0 3.53416e-06 -0 -0 0.00112989 0.00333362 0.0193622 -0 4.07805e-06 4.97108e-06 -0 4.44319e-06 3.58889e-06 0.0219105 -0 0.00985764 5.20699e-06 0.0179549 0.00252411 5.08754e-06 0.00866921 4.41e-06 3.90055e-06 4.43471e-06 4.73168e-06 0.0101731 -0 3.59056e-06 6.75913e-05 4.68603e-06 -0 4.84531e-06 4.8199e-06 0.00441987 -0 -0 4.80653e-06 0.00111918 0.00415946 3.03117e-05 0.000208998 0.0211365 4.16709e-06 -0 0.000551441 -0 -0 -0 -0 4.94261e-06 4.55038e-06 -0 3.99967e-06 5.30006e-06 0.045973 -0 4.72331e-06 -0 5.21624e-06 -2.76308e-06 0.00494895 -0 0.00815039 5.14157e-06 4.12456e-06 4.89102e-06 -0 4.42387e-06 0.0088995 -0 -2.34123e-06 -0 -0 4.8514e-06 0.0109887 -0 -0.000260143 -0 -0 -0 -0 0.0134508 -0 0.0180338 -0 -0 0.00919052 -0 4.84994e-06 4.37265e-06 -0 -0 4.00688e-06 4.58459e-06 3.44786e-06 -0 -0 -0 0.00146034 0.00521871 4.42062e-06 -0 0.00864494 4.39541e-06 0.00520616 -0 -0 -0 -0 -0 -0 -0 0.00233574 -0 -0 0.00510731 -0 3.66617e-06 -0 -0 -0 -0 -0 -0 0.000285703 -0 -0 -0 -0 -0 -0 -0 -0 -0 -0 -0 -0 -0 -0 -0
0.0326122 0.0463979 5.25997e-06 5.31179e-06 0.0244586 5.16312e-06 -0 0.000560083 0.000171637 0.0381397 0.0214568 0.100953 0 0.0385073 0.0194907 0.0467595 4.6971e-06 5.18073e-06 0.0010619 0.0382816 4.96082e-06 0.0446809 -0 5.13538e-06 0.000249021 4.79802e-06 4.48579e-06 4.3925e-06 0.0313432 -0 -0.0296532 5.29203e-06 0.000307325 -0.000409362 0.00521367 0.0120657 5.15359e-06 9.19084e-05 5.47737e-06 4.8e-06 0.00396569 -4.45869e-06 4.60215e-06 0.00538435 5.26966e-06 4.97309e-06 5.0578e-06 5.41223e-06 0.0133547 5.27221e-06 3.75001e-06 -0 0.0206757 4.25994e-06 0.00349716 -0 5.22791e-06 -0 4.78961e-06 0.0105513 0.00836056 0.0323496 -0 -0 5.21196e-06 0.00238799 0.028796 5.12075e-06 0.0250517 4.73164e-06 -0 -0 5.05039e-06 5.01327e-06 0.000438229 0.00103185 -0 0.00401585 -0 -0 4.97988e-06 -0 0.0192109 0.00213671 0.00132823 4.56697e-06 3.43759e-06 0.00405337 -0 0.0505546 -0 0.0124335 5.25737e-06 0.0175161 4.95119e-06 0.000476555 0.00731526 3.41171e-06 -0 3.35931e-06 3.56693e-06 0.0144477 -0 4.28821e-06 0.00913611 5.39465e-06 4.2867e-06 5.07527e-06 5.3014e-06 0.0196822 -0 0.00604206 4.72766e-06 -0 0.0112049 0.0038181 0.00391121 0.00914915 4.30101e-06 -0 0.00564933 -0 -0 -0 -0 5.32438e-06 4.94945e-06 -0 2.75388e-06 5.16893e-06 0.0703909 -0 5.31999e-06 0.0041998 5.33799e-06 -0 0.00607906 -0 0.00655771 4.42328e-06 0.000567539 5.17151e-06 -0 -0 0.00760531 -0 -0 0.00815109 -0 3.96641e-06 0.026902 0.000831419 -0 0.00116091 -0 -0 7.68034e-05 0.0184689 -0 0.0204994 -0 -0 0.00366968 -0 4.46505e-06 4.06456e-06 -0 0.00179025 -0 0.000220071 -0 -0 4.41396e-06 -0 -0 0.00183012 -0 -0 0.00286642 -0 -0 -0 -0 -0 -0 -0 -0 -0 -0 0.00223547 -0 -0 -0 0.000624147 -0 -0 -0 -0 0.000545679 -0 0.00436414 -0 -0 -0 -0 -0 -0 -0 -0 0.00505732 -0 -0 -0 0.00122345 -0 -0
0.041978 0.041222 0.00121795 5.09426e-06 0.0328562 0.00290162 -0 0.00513091 2.20472e-06 0.0256866 0.215089 0.0472996 0.0385073 0 -0.178045 0.0391974 -0 4.99944e-06 0.00848831 0.025498 0.00262987 0.0376105 0.000833753 4.77287e-06 0.000564962 4.43279e-06 4.35936e-06 0.000339636 0.00750551 -0 2.52336e-06 5.192e-06 2.26552e-06 0.00607681 0.00731558 0.0112264 4.99373e-06 0.00709591 5.21837e-06 4.68523e-06 0.00682239 -4.23032e-06 -0.00417116 0.0544877 0.0111389 4.77359e-06 0.00259977 5.18672e-06 0.0489722 0.00202124 3.57368e-06 0.00719986 0.0387508 0.00181845 0.0122671 -0 0.000859304 0.0118635 4.52782e-06 0.0273482 0.00980243 0.0364344 -0 2.37944e-06 0.00264206 -0.0136272 0.0182371 0.00318858 0.000751275 0.00230825 -0 2.15899e-06 0.000772287 0.000758955 0.0099109 0.0067765 -0 2.12656e-06 0.0269178 -0 0.000293601 0.0113461 0.0321808 0.00335037 2.60984e-06 4.45323e-06 3.25142e-06 -0.00390339 2.14282e-06 0.00619308 -0 0.0225522 5.02912e-06 0.0058384 0.00445527 4.22226e-06 0.00444878 3.262e-06 2.66189e-06 3.31957e-06 3.37066e-06 0.00642418 -0 -0 0.00233198 5.17777e-06 0.00194768 6.42263e-05 0.00216312 0.00726579 -0 0.00146144 4.64386e-06 0.00261045 0.0105664 0.0190698 0.000928176 0.0236088 -0 -0 0.011617 -0 0.0009328 -0 0.0129438 5.11154e-06 -0 -0 2.62585e-06 0.00304951 0.0206406 -0 0.00171829 0.000494426 5.08127e-06 -3.21345e-06 0.000691931 -0 0.0163076 4.26317e-06 0.00103786 4.96591e-06 -0 3.6428e-06 0.0537558 0.00335087 -2.97631e-06 0.0140049 -0 3.8901e-06 0.00050499 -0 -0 -0 -0 -0 3.62706e-06 0.00591603 4.52734e-06 0.00782498 -0 -0 0.00164006 -0 4.36101e-06 -0 -0 0.00112301 -0 0.00122894 1.96321e-06 0.00314597 4.31102e-06 0.000505219 0.0132098 -0 9.54842e-05 -0 0.000628424 3.05317e-06 -0 -0 -0 -0 -0 -0 0.000360344 0.00127396 -0 -0 -0 0.0113079 -0 2.25274e-06 -0 -0 -0 0.000313675 2.85882e-06 -0 0.0081805 -0 -0 -0 -0 -0 -0 -0 -0 -0 -0 -0 -0 -0 -0 -0
0.0231563 0.0215253 0.00328211 -0 0.106495 -0 -0.0383195 0.0272378 0.0605938 0.0374751 -0.0145517 0.0551167 0.0194907 -0.178045 0 -0 0.0113696 -0 -0.00733384 -0.0452804 -0 0.0284173 -0.0120422 -0 0.00496265 -0 0.0198596 -0 0.0672362 -0.021669 0.0180555 0.0209325 -0.00754616 -0.00766509 -0 0.0164729 0.0029232 0.00871247 -0 0.0065478 -0 1.91764e-07 -0.0300497 -0 0.00421335 -0 0.00396999 1.96338e-06 -0 0.00369008 -0.00465022 -0.000495769 0.0789722 -0.00278784 -0.00248913 -0 -0 -0.000926959 -0 0.0203381 0.0402865 -0 0.00613798 -0 -0 -0.00357792 0.00834795 0.00928437 0.0515948 -0 0.00306498 -0 -0 -0 -0.0123257 -0 -0.000317498 -0.00181953 -0.022091 -0 0.0144567 0.0361444 0.000598497 -0 -0.00571052 -0 0.00133491 -0.00278815 -0.000463301 0.0131731 -0 -0 -0 0.00547122 -0 -0.00193619 0.0235958 -0.00438174 -0.00408531 -0.00200574 -0.00164424 0.0169673 -0 -0 -0 -0 -0 -0 -0 -0 -0 -0 -0 0.00514773 0.0191935 -0 -0 0.0423782 -0 -0.0071809 -0 -0 0.00811889 -0.00110412 -0.0143231 -0 -0 -0 -0.00242327 -0 0.00317402 -0 0.0101318 -0 -0 -0 -0 -0 -0 -0 -0.00709281 -0 -0 -0.000579647 -0 -0 -0 -0 -0 -0.00130563 -0 -0 -0.0112469 -0 -0 -0 -0 0.0248729 -0 -0 -0 -0.0107318 -0 -0 -0 -0 -0.00118532 0.00889866 -0.00680438 -0.00492687 -0.00249648 -0 -0 -0.00977641 0.0010359 0.0029534 -0.000582777 -0 0.000751253 -0.00121782 0.0211933 -0 -0 0.00266973 -0 -0 -0 -0 0.00997517 -0 -0 0.0137027 -0 -0.00182433 -0 -0.00107626 -0 -0 -0.0027251 -0 -0 -0 -0 -0 -0 0.00395558 0.00172574 -0 -0 -0.000919304 -0 -0 -0 -0 -0 -0
0.0219736 0.0462065 0.00376108 6.20374e-06 0.0117412 0.00833946 1.24879e-06 0.0132105 0.0229997 0.0391867 0.0185445 0.0351754 0.0467595 0.0391974 -0 0 6.20105e-06 0.00673036 0.0241564 0.0610836 0.00811367 0.0662996 -0.000548368 -0.00435885 0.0212406 5.84957e-06 5.83168e-06 0.0144159 0.0873244 1.24383e-06 -0.00587643 6.3017e-06 -0.0262496 0.0223716 0.0141222 0.0185416 0.00118868 -0.00331661 6.19828e-06 5.59554e-06 0.003248 -5.53295e-06 -0.000936679 0.00838134 0.00360164 5.85236e-06 6.33431e-06 5.82655e-06 0.0244644 0.00624308 -0.0258639 0.00166557 0.0273192 -0.0148988 0.0173232 -0 0.00157998 0.00237634 5.28416e-06 0.0134481 0.00320656 0.106686 0.00199984 2.2513e-06 -0.00356841 0.0275946 0.0399307 0.00805179 0.0853166 0.00498992 4.69131e-06 -0 5.58906e-06 -0.000281084 0.000184002 0.0141077 -0 0.0107907 0.00126572 -0 6.13616e-06 -0.00424736 0.00722112 0.00387208 0.0117728 0.00368988 4.51479e-06 0.0135864 0.00647161 0.0259342 0.0159177 0.0173359 5.49736e-06 0.0170422 0.0041142 0.00702904 0.0147792 0.00426704 -0.00922066 0.00307037 0.0116535 0.0089038 -0 5.28761e-06 0.0114213 6.19764e-06 0.00432946 0.00127397 0.00015184 0.0496703 -0.00122974 0.0260981 0.00812809 5.83842e-06 -0 0.00862801 0.0115523 -0 4.64713e-06 0.00205647 0.0268273 -0 4.75379e-06 0.00209014 -0 5.85906e-06 5.59914e-06 -0 0.00254896 -0.00861818 0.0716396 -0 6.07039e-06 0.0119953 5.57997e-06 -0 0.027072 2.62333e-06 0.00401003 0.0106617 -0.0216777 5.73009e-06 -0 -0.00928654 0.0170672 0.00391521 -4.0006e-06 0.00322905 0.00168523 0.00741902 0.00739576 8.18694e-07 1.42227e-06 0.00897299 -0 -0 0.00858948 -0 0.00222899 0.0302718 -0 -0 0.0162784 -0 4.39779e-06 0.000394354 0.00399927 0.0104596 -0.0077307 0.000838899 0.000525143 0.00377097 0.00202635 0.00107475 -0 0.0104368 3.41574e-06 0.00696278 0.0122076 0.00462616 -0 -0 -0 -0 -0 3.72999e-06 0.000175587 0.00387483 -0.00299343 0.00189693 -0 -0 0.00373175 0.00600596 -0 0.00409983 -0 3.33178e-06 0.00608001 -0 0.0122916 -0 -0 0.00350042 -0 -0.000242791 -0 -0 -0 0.0040371 -0 -0 -0 0.00441392 -0 -0
0.00197784 0.0007812 0.0157263 0.0352965 0.013494 0.00415653 -0 0.00873769 5.41875e-06 9.91784e-05 0.00063749 -0 4.6971e-06 -0 0.0113696 6.20105e-06 0 0.00571887 -0.0131285 -0 0.00449996 4.7602e-06 -0 0.0030819 0.00430057 0.0123401 0.0553561 0.000888929 4.58152e-06 -0 0.0151335 0.0626289 -0.00679808 6.63209e-06 6.03349e-06 0.00258467 0.0191701 0.00996594 0.0384552 0.0287607 -0 -0.0385645 6.50189e-06 -0 0.00865958 0.0542884 0.0227335 0.0233084 -0 0.0065161 -0 -0 0.00234111 6.80145e-06 6.92372e-06 -0 0.0258774 -0 0.00435273 0.00528023 0.00611344 6.6434e-06 -0 -0 0.0132091 -0.00753327 -0 0.00869927 4.93483e-06 0.0010231 0.0137154 0.00456323 0.0134998 0.00419418 -0 6.62462e-06 -0 -0.0280651 -0 -0 0.0273339 0.0388974 0.00150007 0.00832193 -0.0212058 -0 0.0319232 6.9105e-06 -0.00311999 -0 -0 0.00144511 0.00780991 -0 0.00582306 6.54606e-06 0.00170681 6.21215e-06 6.07434e-06 6.44613e-06 6.63251e-06 0.0102393 -0 0.00618617 3.93996e-06 0.0280081 0.00350067 0.00792103 0.0179355 6.86216e-06 -0 -0 0.00294788 0.0148139 0.000874893 -0 4.2332e-06 0.0181612 0.000693139 6.60796e-06 3.97565e-06 -0 0.0117018 -0.00120777 -0 0.0298775 0.0160154 -0 6.17744e-06 0.00332189 6.23569e-06 -0 0.0184647 -0 0.019403 -0.0127881 -0 0.019143 -0 -0 -0.0106352 0.0159514 0.000250129 -0 -0 -0 -0.0102287 -0 -0 6.37226e-06 4.03796e-06 -0 -0 -0 -0 -0 0.00114051 0.0195424 0.00324532 -0.00260038 -0 -0 -0 0.00163074 0.00126494 -0 -0.003392 -0 -0.00474254 6.87898e-06 -0.00599427 -0 0.00308908 -0 0.0283066 -0 -0 -0 -0 -0.00838601 0.0177603 0.00339188 0.00394086 8.01875e-06 -0.000706279 0.0142171 -0 2.42521e-05 0.0359273 -0 -3.75856e-05 0.00444654 -0 -0.0159977 -0.00294956 -0 -0 0.0034677 6.6941e-06 0.00196144 -0 0.000808697 4.35841e-05 4.90596e-06 -0 0.0183908 -0 0.00857849 0.00439218 -0.00226093 -0.00929488 0.000467925 -0 -0 -0 -0
5.29299e-06 5.18323e-06 0.0144853 0.0314008 4.81837e-06 0.0646153 7.50892e-07 0.00673542 0.00630833 4.88721e-06 4.92407e-06 5.20598e-06 5.18073e-06 4.99944e-06 -0 0.00673036 0.00571887 0 0.0144248 4.89223e-06 0.0139815 4.66532e-06 1.55618e-06 0.0372318 -0.0174455 0.0587499 0.00743088 0.0233137 0.00064612 8.45912e-07 0.0274293 0.0151043 0.00198411 0.0238498 0.00712756 0.00104421 0.0140355 0.00569228 0.0246421 0.0184444 -0 0.00515592 0.023314 -0 0.00497256 0.0116587 0.00697454 0.0436914 -0 0.03414 -0.00771224 0.00838948 5.14713e-06 0.0162226 0.0141913 0.00390263 0.0143921 -0 0.0190576 -0 -0 -0.0129502 -0 0.00249186 0.0186516 0.0169963 3.59332e-06 0.037038 0.00453984 0.0198444 0.0073495 0.00964818 0.0358775 0.0054799 1.44533e-06 0.00714873 0.000579362 0.00247426 1.42292e-06 -0 0.00781734 -0.0118777 -0 0.0278669 0.009723 0.0123192 0.00338184 0.00987262 0.00439866 -0 0.00317326 0.00205538 0.0154039 -0 -0.00379202 0.0182244 -0 0.00806471 0.00493928 0.00754578 0.0145254 3.80684e-06 0.00146782 0.0133408 4.44245e-05 0.0148968 0.00934248 0.0203501 0.0104875 0.00241578 -0 -0 0.0151995 0.00296341 -0.00258917 -0 0.000850113 -0.00671987 0.0153503 -0.00635962 -0 -0 0.00337917 -0 1.42274e-06 0.0127768 0.0145359 0.000903985 0.00650265 0.0154346 -0.0123425 -0 -0.00967147 -0 0.00694281 -0.00251922 -0 -0 -0 0.0181855 -0.0306723 0.0144963 0.000847935 0.00861038 -0 3.39703e-06 -0.000766928 1.89844e-06 0.00217739 0.0150198 -0 0.000438449 1.02325e-06 0.0003436 -0 -0 0.0275272 -0.00677012 0.0108636 3.87304e-06 0.0011701 -0 -0 0.00282094 0.00744196 0.0102115 -0.00844637 -0 -0.0266696 0.00826157 -0.00305055 0.00481732 0.0111639 -0 -0.0127867 -0 0.00584563 0.00710835 -0 0.0072234 -0.0025976 0.00794426 0.000253648 -0.00369286 -0 0.00271868 0.00321579 0.00834965 -0.0027394 -0 -0 -0.0105464 0.00419973 0.00718997 -0 0.00746706 0.00608987 -0 -4.6735e-05 0.00021673 -0 0.000556194 -0 0.0026125 -0 -0.00329995 -0 -0 -0 0.00122671 -0 0.00174611 -0 -0 -0 -0
5.04967e-06 4.0026e-06 -0.00176277 5.25772e-06 -0.00469438 0.0187735 -0.051484 0.00415192 0.00183773 4.31329e-06 3.58956e-06 4.13708e-06 0.0010619 0.00848831 -0.00733384 0.0241564 -0.0131285 0.0144248 0 -0.0227767 0.00880015 0.0148086 -0.0168448 -0.00759657 -0.0122261 0.00279749 -0.022645 0.0202228 0.00918082 -0.0436447 -0.00297102 5.32836e-06 0.046289 0.0492442 -0.0170535 1.24271e-06 0.00625369 -0.0352607 4.51388e-06 4.10011e-06 0.00485128 0.0296711 0.0397029 -0 0.00122582 4.54437e-06 6.33319e-06 -0.0164833 1.21593e-06 0.0161072 0.0223478 0.0107503 0.00101882 0.0761287 0.0312188 0.00748496 0.000193028 0.00630814 0.00754946 4.76412e-06 -0.0221491 0.0191783 -0 0.00302987 0.0369182 0.0445699 0.00605337 0.00914794 0.00657307 -0.00301664 -0 -0 -0.0282589 0.00511853 0.00414156 0.0272079 0.00778728 0.0306204 0.00231018 0.0144662 5.76976e-06 -0.0200339 -0 -0.0138779 0.0438183 0.0165388 4.59856e-06 0.0402116 0.0223065 0.000458715 0.00986472 0.0140238 -0.00899077 0.000898854 -0.0112509 0.0252877 -0.00546914 0.0260073 0.00231658 0.026171 0.0383435 -0.038946 -0 0.00492966 0.0134528 5.02944e-06 0.0130462 -0.0247251 -0.00716455 0.0231451 -1.96682e-06 0.00571604 0.0167335 4.92826e-06 -0.000139043 0.0284341 0.0136866 -0.0226396 0.0112087 0.0714182 0.00723622 -0 0.00380177 0.0165139 0.00462562 -0.0176572 -0.00883855 0.01296 0.0240071 0.0179014 0.0129054 -0 -0.0341578 0.0310295 -0.00213844 -3.51398e-06 -0 -0.00589086 0.00795464 0.0359023 0.0946215 -0.00754555 -0 -0.00639039 -0 0.0169796 -3.89011e-06 0.00190067 0.0163153 0.0237335 0.00405016 0.0087702 -0.00116971 0.00498453 -0 0.0109358 0.0093141 -0.0170274 0.00356338 0.00693626 0.000703935 0.00433817 -0 -0 0.0149793 0.017175 0.0262919 0.00814205 0.0281682 0.0277316 0.0256004 0.0291103 -0.00344975 0.0124155 -0 -0 0.0178994 0.0275377 -0 0.0265505 -0.0215428 -0 1.91103e-06 -0.0128353 -0 -0 0.0199659 0.0116594 -0.0169466 -0 -1.4607e-06 -0.000129854 0.0166592 0.0235996 -2.49822e-06 0.0120494 0.00810558 -0 0.023663 -0 0.00361361 -0 -0 0.0165495 0.0108688 -0.0155791 -0 -0 1.48886e-06 0.00659846 -2.999e-06 0.000576957 -0 -0 -0 -0
0.0208709 0.041501 0.00208734 5.88564e-06 0.00112262 -0.000850022 0.0407885 0.0039878 0.00713581 0.054737 0.111313 0.0271184 0.0382816 0.025498 -0.0452804 0.0610836 -0 4.89223e-06 -0.0227767 0 -0.00231657 0.0122959 0.043137 4.51622e-06 0.00381964 -0 -0 0.00682013 0.00871684 0.0060436 -0.0137735 5.94491e-06 0.0016463 -0.0050959 0.00586282 0.00214941 5.39788e-06 0.00420057 5.77571e-06 5.21555e-06 0.0446257 -0.000642468 0.00377124 -0 0.00216856 5.48698e-06 6.131e-06 2.76123e-05 0.0588196 5.41429e-06 0.00660245 0.00321099 0.0107879 3.07365e-06 0.0109717 0.0016204 5.4554e-06 0.0194083 0.000562043 0.0148091 0.00782826 0.0385095 -0 -0 4.87017e-06 -0.00793115 0.0254876 0.000616577 0.0125439 0.00321394 -0 9.91893e-05 0.00228301 4.91662e-06 0.050485 -0.00893718 0.00624425 0.00469978 0.0482445 -0 5.86756e-06 -0 0.0265142 0.00160778 0.00342929 3.99294e-06 -0 0.00877285 0.00345694 0.0118635 0.00128965 0.0410414 5.06356e-06 0.0108955 0.000400396 3.39865e-06 0.00590993 0.00162336 0.00288005 2.11705e-06 0.00218398 0.0157588 -0 4.9618e-06 0.00459544 5.8671e-06 3.86982e-06 0.00516837 5.56123e-06 0.0334492 -0 0.0318306 4.60804e-06 5.50035e-06 -0 0.000147254 0.00904416 1.69009e-06 4.23661e-06 0.00507928 0.0191392 -0 4.39777e-06 -0 0.0476687 5.49206e-06 5.13039e-06 0.000597612 0.00170794 4.7527e-06 0.0227922 -0 5.72776e-06 0.000399226 5.19165e-06 -0 0.01576 -0 0.0133411 -0.00474924 0.00487029 5.30006e-06 -0 0.00272237 0.00625953 2.53558e-06 -0 0.0178581 -0 0.00246098 0.0557694 0.00124644 0.00204076 -0 -0 -0 0.00227971 1.4614e-06 0.000912668 0.0174679 -0 0.000338551 -0.0252494 1.23196e-05 3.37719e-05 -0 0.00174048 0.00710686 0.00215469 0.00321872 0.00103026 2.15387e-06 4.33782e-06 0.0262412 -0 -0 2.90916e-06 0.00140224 0.00443937 0.0019355 -0 -0 -0 -0 -0 -0 -0 2.21089e-05 -0 0.00165826 -0 -0 1.57687e-06 0.00262555 -0 0.00308526 0.00117894 -0 0.00363324 -0 0.00677505 -0 -0 0.00171562 1.45355e-06 -0 -0 -0 -0 0.00479397 -0 -0 -0 0.00103529 -0 -0
0.000739592 0.000197737 0.0129805 0.0126054 -0 0.015856 0.00502834 0.0198218 0.00105528 4.81633e-06 0.00196498 5.15353e-06 4.96082e-06 0.00262987 -0 0.00811367 0.00449996 0.0139815 0.00880015 -0.00231657 0 0.00490794 0.00544717 0.0107172 0.0241844 -0.000166264 0.00588487 0.012447 0.00359044 0.00186128 0.00151339 0.0120354 0.000137564 0.0161542 0.0108605 -0 0.0174389 0.0142927 0.0116395 0.0159412 0.000905937 -0.00947622 0.0174777 -0 0.0281551 0.006616 0.0107283 0.0100155 -0 0.0326833 0.00736772 0.00616751 0.00137959 0.0187852 0.0106023 0.000856695 0.0136666 0.000489922 0.00554582 0.00233897 -0 0.0157348 -0 -0 0.0385231 0.0101508 0.0028823 0.0164149 0.00538311 0.00881384 3.93293e-06 0.000407354 0.0102669 0.0118221 -0 0.0237079 0.0021118 0.00337956 0.00112105 -0 0.0121953 -0.000993161 -0 0.00976107 -0.00709856 0.0226687 0.00363947 0.0121694 0.00326811 3.87293e-06 6.74015e-05 0.00484135 0.010444 -0 0.0196071 -0.00307195 -0 0.00579979 0.00400489 0.0073111 0.00906058 -0 -0 0.00391581 -0 0.021558 0.0343913 0.00632337 0.0107643 0.00665583 -0 0.000551154 0.0197475 0.00953472 -0 0.00114522 0.000515711 -0.00165088 0.00309193 0.0182274 -0 -0 0.00503354 -0 -0 0.0102885 0.0115634 0.00154026 0.00297507 0.0135897 0.00522482 -0 0.011463 0.000589112 0.0148713 -0.00146033 -0 -0 -0 0.0112806 -0.00093492 0.0072106 -0 0.0113237 -0 0.0204333 -0 -0 0.00607624 0.0103456 -0 -0 0.000409164 0.00557165 -0 -0 0.0100904 -0.00205391 0.00928717 0.003835 -0 -0 -0 -0 0.0102587 0.00419749 0.00127617 0.00334864 0.00220092 0.00896935 0.00431769 0.0057482 0.0368814 0.000163921 -0 -0 0.00298718 0.00773271 9.53531e-06 0.0044083 -0 -0 -0 -0 -0 0.00304118 0.00771106 0.00653061 -0.00215233 -0 -0 -0.0007402 0.00419226 0.00275696 -0 0.00449069 0.00339245 0.00108906 0.00378261 0.000331728 -0 -0 -0 0.00332811 0.0191296 -0.0013831 -0 -0 -0 -0 -0 1.4472e-06 -0 -0 -0 -0
