0.828946 -0.0606366 -0.00307704 -0.00167414 -0.0701132 -0.000803293 0.0157871 -0.00902307 0 -0.0522021 -0.0195363 -0.0669759 -0.0254426 -0.0284697 -0.0161192 -0.0162201 -0.00170811 -4.1217e-06 -3.71318e-06 -0.0142836 -0.000585371 -0.0164108 0.00587702 -4.25512e-06 -0.00734077 -2.30966e-06 -0.00199109 -3.11547e-06 -0.0166187 0.015552 -6.22481e-05 -0.00239259 -3.82096e-06 -4.36009e-06 0 -0.00777948 -0.000650876 -0.00852645 -3.87785e-06 -0.000690919 0 0.00136841 -4.52223e-06 -0.0051102 -0.00289719 0 -0.00912919 -4.2414e-06 -0.00837621 -0.00140612 -4.09078e-06 0 -0.0419687 -4.24997e-06 -4.02631e-06 0 -0.000974035 0 -3.568e-06 -0.0579112 -0.0126279 -0.00836561 0 0 -0.000362219 -4.20197e-06 -0.00770641 -0.00653206 -0.00951094 0 0 0 -1.14062e-05 0 0 -0.00142438 0 -3.77937e-06 0 0 -0.00761741 -0.00595818 -0.0676585 -0.004103 -4.17886e-06 -4.13403e-06 0 -4.37693e-06 -3.74815e-06 -0.00983835 0 -0.0137322 -0.000114951 -0.00145579 -0.00680972 -4.47257e-06 -0.00854369 0.00755512 -3.71984e-06 0.00651553 0.0105185 -0.0214521 0 -2.54805e-06 -0.000203049 -0.00298776 0 -3.90925e-06 -0.00571828 -0.00272257 0.0104164 -0.00213882 -0.000536364 -0.0109982 -0.000330066 0 -0.000283678 -0.0151815 -3.3476e-06 -4.24434e-06 -0.000450149 0 -0.0012107 -2.97388e-06 0 0 -0.000240967 0 0.00543032 -0.00154679 -0.0233941 0 -0.00949021 0 -0.00529259 0 -0.000547409 0 0 -4.71141e-06 -4.24993e-06 0 0 0 -0.00471715 0 0 0 0 -4.43354e-06 -0.000747842 0 0.00413382 -0.00741251 0 0 0 -0.0128138 -0.000674381 -0.00399148 0 0.00456444 -0.000842362 0 0 -3.73807e-06 0 -2.96247e-05 -4.14722e-06 -4.58665e-06 -3.75301e-06 0 0 0 0 -0.00219591 0 0 -0.000251056 -4.3151e-06 -0.00924186 0 0 0 0 0 0 0 -0.00463277 0 0 -0.00225454 0 0 0 0 0 -0.000737933 -4.35813e-06 0 0 0 0 0 0 0 0 0 0 0 0 0 0 0 0 0
-0.0606366 0.772348 -0.00137468 -3.55098e-06 -0.0705825 -0.000421696 0.0361295 -0.00674922 -0.00241784 -0.0443104 -0.0128147 -0.0866426 -0.03494 -0.0269858 -0.0144633 -0.032923 -0.000651223 -3.896e-06 -2.84099e-06 -0.0274157 -0.000151068 -0.029005 0.0175282 -3.95777e-06 -0.0038989 -2.68527e-06 -9.79973e-05 -0.00216714 -0.0291565 0.0176586 0 -3.6778e-06 -2.83926e-06 -0.00151458 -0.00128425 -0.0103952 -3.59822e-06 -0.00178795 -3.94287e-06 0 0 0.000309916 -3.86715e-06 -0.00668435 -0.00255094 -3.60479e-06 0.00446415 -4.12128e-06 -0.0242132 -0.0016663 0 0 -0.0193511 -3.62064e-06 -0.000946074 0 -0.000333221 0 0 -0.0218294 -0.00721778 -0.0149063 0 0.000688281 -0.000802815 -0.0011003 -0.0187193 -0.00655492 -0.0217079 -3.50933e-06 0 -1.4317e-06 -3.69821e-06 0 0 -0.00115375 0 -2.70121e-06 0 0 -0.00632769 0 -0.0127006 -0.00245309 -3.17419e-06 -3.66816e-06 0 -0.000649641 0 -0.0186816 0 -0.00348296 -4.08273e-06 -0.00648247 -0.00382782 -0.000862858 -0.010358 -3.33315e-06 -2.88866e-06 -3.393e-06 -3.4596e-06 -0.0138055 -2.82574e-07 0 -0.00790827 -3.8284e-06 0 -3.82796e-06 -0.00151269 -0.0141434 0.00252694 -0.00317371 -0.00607126 -0.00119659 0 0 -0.0123089 -0.010795 0 -3.40525e-06 -0.00530898 0 0 0 0 -4.03373e-06 0 0 -3.07229e-06 -4.11156e-06 -0.0493192 0 -3.7062e-06 0 -0.0007518 0 -0.0130395 -1.12879e-06 -0.00272859 -4.04451e-06 -3.22097e-06 -3.85501e-06 0 -0.000869935 -0.0054063 0 0 0 0 0 -0.00523659 -0.00218942 0.0154677 -0.00345088 0 0 -0.00163974 -0.00841408 -0.00237922 -0.00997632 0 0.000723892 -0.00272462 0 0 0 0 -0.00012919 0 0 0 -0.000101364 0 0 0 -0.0461444 0 0 -0.0038724 -3.43112e-06 -0.00631174 0 0 0 0 0 0 0 0 0 0 0 0 0 0 0 0 0 0 0 -0.00355081 0 0 0 0 0 0 0 0 0 0 0 0 -0.000430514 0 0
-0.00307704 -0.00137468 0.839743 -0.0174254 -0.00607291 -0.0685143 -0.00133156 -0.0550446 0 0 -0.00208499 -0.000839121 -4.13022e-06 -0.000831386 -0.00229951 -0.00279432 -0.0136698 -0.0113531 0.00130463 -0.00143781 -0.0103405 -3.36842e-06 -0.000783742 -0.00992728 -0.0126511 -0.010385 -0.00734682 -0.00514275 -0.000647424 0 -0.00197694 -0.0215659 0.0145399 -0.00811983 -0.00207721 0 -0.0130294 -0.0175204 -0.0114961 -0.00765221 -0.000214993 0.00925517 -0.012449 -1.29256e-06 -0.00895589 -0.00613747 -0.0225381 -0.011738 -2.68018e-06 -0.0103471 -0.00293173 -0.000276858 -0.0101819 -0.00296898 0.00948402 0 -0.0126388 0 -0.00411559 -0.00188862 0 0.000102189 0 -0.000406848 -0.0165992 -0.00385677 0 -0.0249089 -0.00080733 -0.0160977 -0.00463857 -0.00168727 -0.00798532 -0.0086278 0 -0.0102123 -0.000295672 -2.88371e-06 0 0 -0.0338131 0 -0.0025839 -0.0125879 0.0103988 -0.00719819 -0.00210414 -0.00499436 -2.76384e-06 0 -0.000830691 -0.00291921 -0.00882607 0 -0.00910203 -0.00493928 -1.49836e-06 -0.00118686 -2.89815e-06 -5.87749e-05 0.00477911 -0.00138013 0 -0.00229313 0 -0.02225 -0.00673931 -0.0055953 -0.0137812 -0.000811207 0 0 -0.0095959 -0.00835964 0 0 0 0 -0.00201566 -0.00355124 0 0 -0.00383089 0 0 -0.0208467 -0.0278599 0 -3.04706e-06 -0.0124612 -0.00306973 0 -0.0194258 0 -0.0198627 0.00315466 0 -0.000268005 0 -0.00706422 0.00192715 -0.00736188 -0.00106253 -0.00418174 0 -0.00248475 0.00193374 -0.000109212 -0.000445187 -0.00473012 0 0 0 -0.000809696 0 0 -0.00399663 0 -0.00800085 -3.89556e-06 0 0 0 -0.00050831 -0.00516766 -0.00213501 -2.94615e-06 -0.000972677 -3.10626e-06 0.00193045 -2.63432e-06 -0.000989636 -0.00813973 0 0 0 -0.00384733 -0.00323402 0 -0.000621345 0 0 0 0 0 -0.00200922 0 -0.00385677 0 0 0 0.00103646 -7.99824e-05 -3.06168e-06 0.000809362 -0.00112563 -0.000994514 -0.000336801 0.00107058 -0.000442497 0 0 0 -8.04513e-05 -0.000186551 0 0 0 0 -2.34716e-06 0.000579081 -0.00153565 0 0 0 0
-0.00167414 -3.55098e-06 -0.0174254 0.816455 -0.0103028 -0.0152617 -2.10876e-06 -0.0122384 0.0197652 -3.12297e-06 -0.00155994 -3.60217e-06 -4.11268e-06 -3.42883e-06 0 -4.54475e-06 -0.0302524 -0.0242672 -3.83693e-06 -3.99756e-06 -0.00990144 -3.52156e-06 -2.70806e-06 -0.0098961 -0.00556464 -0.0211485 -0.0161701 -0.0103464 -3.84994e-06 -2.38376e-06 -0.0158903 -0.0346409 -3.86855e-06 0.00070948 -3.65929e-06 0 -0.0160281 -0.0340439 -0.0242443 -0.00971984 -0.000800459 0.0113222 -0.00982166 -9.84332e-07 -0.0334007 -0.00946888 -0.0606663 -0.0181822 -2.84796e-06 -0.0147071 -0.00333603 -0.0017466 -0.0017836 -0.00253491 -4.49542e-06 -0.00142521 -0.013503 0 -0.0077173 -0.00084132 0 -5.02962e-06 0 -0.00420985 -0.0191331 -4.53998e-06 -3.40519e-06 -0.0212529 -3.94592e-06 -0.00798961 -0.018136 -0.00325462 -0.0112468 -0.0187839 0 -0.00828538 0 0.0320223 -2.02187e-06 0 -0.0224893 -0.00631247 -0.00123065 -0.0182323 -4.29106e-06 -0.00917844 -0.00961151 -4.59972e-06 -3.94508e-06 -3.13299e-06 -2.27225e-06 -0.00197005 -0.0119631 0 -0.0102477 -0.00770527 0.00885072 -0.000699416 -3.82296e-06 -4.35287e-06 0.00399064 -0.000479675 -0.000788981 -0.00556879 -2.87616e-06 -0.178561 -0.00778601 -0.0092532 -0.0142242 -4.96831e-06 0 0 -0.0110202 -0.0224286 0 -2.91756e-06 -2.98307e-06 0 -0.00441039 -4.31062e-06 -2.99334e-06 0 -0.0110812 -3.04124e-06 0 -0.0233057 -0.0305959 0 -4.06026e-06 -0.0348033 -5.05279e-06 -0.000706259 -0.0206621 0 -0.0260195 0.00447194 -1.54611e-06 -0.00519189 0 -0.00322407 -4.30538e-06 -0.0113807 -0.00103384 0.0031402 0 -0.00127355 0.004755 0 0 -0.00337364 0.00702938 0 -2.67003e-06 0 0 0 -0.00403381 0 -0.0211382 -4.58302e-06 -0.000602951 0 0 -0.00123619 -0.00632947 -0.00372909 0.0206454 -3.34261e-06 -4.24539e-06 -4.75664e-06 0.038627 -0.00133412 -0.00857152 -2.96372e-06 0 0 -0.00459645 -0.00275516 0 -4.47911e-06 -0.00744907 -0.00134549 -0.000877307 0 0 -0.00975309 0 -0.004735 -0.00748948 -1.26127e-06 0 0.00115781 0 0.0389175 0.00235905 -0.000848168 -0.00239204 -0.0100621 -4.59934e-06 -0.00328734 0 -2.10695e-05 -0.00109402 -3.49996e-06 -0.000217495 0 0 -0.000950705 -0.00151089 0.0117263 0.00633011 -0.0130252 0 0.0189389 0 0
-0.0701132 -0.0705825 -0.00607291 -0.0103028 0.834611 0 0.0110285 -0.00714607 -2.93965e-06 -0.0962631 -0.0160138 -0.0494316 -0.0191465 -0.0223593 -0.0743845 -0.00869649 -0.0116935 -3.7649e-06 0.0034637 -0.000770919 0 -0.0143846 0.00308379 -4.11354e-06 -0.00369964 0 -0.00926723 -2.94984e-06 -0.00769789 0.00655203 -0.0105958 -0.0110133 0.0130562 0.00178878 0 -0.00871397 -0.00173105 -0.00793105 0 -0.00110102 0 0.00146597 0.00111631 -0.00184079 -0.0128782 -5.29865e-05 -0.010723 -3.51533e-06 -0.000499532 -0.00461464 0.000815312 -2.74121e-06 -0.0210642 0.00124922 0.000822939 0 -0.000945407 0 0 -0.052532 -0.0047245 -0.00111557 0 0 -0.000307087 0.00763556 -0.00394497 -0.0042994 -0.00729475 0 -0.00200226 -7.55081e-07 0 0 0 0 0 0.0162089 0 0 -0.0115295 -0.0173325 -0.0164088 -0.00462811 0.014215 0 -0.00194791 0.00221666 0.00716205 -0.0070753 0 -0.000529748 0 -0.00240868 -0.00176847 -4.89287e-06 -0.00499882 0.00167173 0.00279657 0.00270776 0.0168738 -0.0212231 0 -0.00430871 0 -0.00519375 0 -3.24114e-06 -0.00909798 0 0 0 0 -0.0054251 -0.00311833 0 0 -0.0263312 0 0.00183333 0 0 -0.0194975 0.00467691 0 0 -0.00370688 0.000224512 0.00169701 0 -0.0105244 0 -0.00799088 0 -0.00135302 0 0 0 0 -5.12246e-06 0.00520514 0 0 -4.68069e-06 -0.00139139 0 0 0 0 -4.96657e-06 0 0 0.00223907 0 0 0 0 -0.013618 -0.000432165 0 0 0.00321347 0 0 0 0 0.00314505 0 0.0176968 0.00202766 0.00940455 0 0 0.00581206 -0.00385699 -0.00236261 0 0 -0.00071123 0.00661499 -0.0131895 0 0 -0.000582866 0 -0.00100756 0 0 -0.00740601 0 0 -0.00508931 0 0.00820649 0 0 0 -0.0080499 0.00205286 0 0 0 0 0 0 -0.00146671 0 0 0 0.0039531 0 0 0 0 0 0
-0.000803293 -0.000421696 -0.0685143 -0.0152617 0 0.816228 -0.00282137 -0.0333982 -1.52498e-06 -3.85523e-06 -0.00280281 -4.16117e-06 -3.99701e-06 -0.00195275 0 -0.00610849 -0.00356203 -0.049929 -0.0136984 0.000577259 -0.012453 -3.14307e-06 -0.00529997 -0.0218601 -0.0101905 -0.00712403 -0.00230055 -0.00341505 -3.79279e-06 -0.00330907 -6.75357e-05 -0.00969982 0.00664387 -0.0211624 -0.00466746 0 -0.0109831 -0.0195005 -0.0109715 -0.00608391 -0.00102602 0.00588336 -0.0289462 -1.66396e-06 -0.0139236 -0.00396445 -0.010916 -0.0131453 -2.45088e-06 -0.0140409 -0.00683058 -0.00260256 -0.00249111 -0.0118874 0.00667796 -0.00247722 -0.012421 -0.00129937 -0.00728304 -3.83365e-06 0.000787888 0.00664793 0 -0.00389517 -0.0244507 0.00106395 -2.52871e-06 -0.0188225 -0.0009286 -0.116398 -0.0020769 -0.000749102 -0.0150577 -0.00945413 0 -0.0159504 -0.00189817 0.0108022 0 0 -0.0098193 0.00466204 0 -0.0125358 -0.00952115 -0.0121299 -0.000293686 -0.00975503 0.0157015 -3.13336e-06 -3.67388e-05 -0.00513623 -0.0119325 0 -0.00883527 -0.0119172 0.00578395 -0.00663008 0.00666573 -0.00581327 -0.00860961 0.0014157 -0.00025692 -0.00353834 -0.000130672 -0.012869 -0.00898023 -0.0110798 -0.0242484 0.0120332 0 -0.000574798 -0.0114184 -0.0065026 0 -0.000240269 -0.00099142 0.00470404 -0.00603082 -0.0051851 0 0 -0.0061783 -0.000323519 -0.000598664 -0.00981594 -0.00876513 -0.00247563 -0.00239502 -0.0165921 -0.00472165 0 -0.0118092 0 -0.0124049 0.00244117 0 0 0 -0.0158394 0.00472228 -0.0098983 -0.00116281 -0.00464837 -0.000374245 -0.00514818 0.000484183 -0.00147768 -0.0018581 -0.013748 -2.07856e-06 -4.77399e-05 -0.00116298 0 0 0 -0.00619364 0.00616001 -0.00845407 0.00516014 -0.000577822 -0.00119654 0 -0.00111617 -0.0100286 -0.00735116 0.000711049 -0.00028081 0.00160128 -0.00714169 0.00173821 -0.00517639 -0.0079655 -0.00200709 0 0 -0.00842974 -0.00639495 0 -0.00707666 0.00291413 0 0 0.00161047 0 -0.00196996 -0.00143959 -0.00709204 0.00375189 0 0 0.00563278 -0.00330516 0.00409849 0 -0.00491513 -0.00269875 -0.00147452 -0.0078403 -0.000725267 0 0 0 -0.00313057 -0.00201221 0.0174265 0 0 0 -1.16578e-06 0 -0.00158671 0 0.0112442 0 0
0.0157871 0.0361295 -0.00133156 -2.10876e-06 0.0110285 -0.00282137 0.718501 -1.43825e-06 8.16681e-07 0 -1.41579e-06 0.0035653 0 0 0.0248339 -8.58209e-07 0 -5.44381e-07 0.0352457 -0.0259888 -0.00370523 0.0379016 -0.253769 -0.00643759 -0.00528646 0 0 0.0404013 0.0203984 -0.211835 0.00116387 -2.20878e-06 -0.0219221 -0.00231944 9.85101e-07 0.00505353 -1.47369e-06 -0.00245205 -0.00326041 -1.67767e-06 -0.00933818 0.00224213 -0.0100094 0.0051894 -0.000679961 -0.00109447 -2.74327e-06 -0.00809513 -5.75275e-07 -1.26457e-06 -0.0219198 -0.00871442 0.00908237 -0.0111406 0.00207429 0 0.000640514 -0.00845489 -0.00256419 0.00614153 0.00872847 -2.25939e-08 0 -0.0365522 -0.00301533 0.00905713 0 0.00734948 0.0248469 -0.00551193 0 0 -0.00572531 -0.00470319 -0.0204854 -0.00492592 -0.0363936 0.0102617 -0.0126956 0 0.01919 0.00555216 0 -0.00276459 -0.00986598 0.0123004 0 -0.00868248 -0.00783699 0.000613949 0 -0.00350452 -0.0043687 0 -0.00199637 -0.00726534 0.00896717 -0.0142904 -0.0188957 0.00538562 -0.0108224 0.00486261 0 0 0 -2.0783e-06 -0.00227079 -0.0150408 -0.00344554 0.00373252 0 -0.00417756 0.0593209 -1.99203e-06 0.00046015 4.13534e-07 6.83693e-07 0.00353725 -0.0010317 -0.00803286 0 0 -0.00167681 -0.00578227 -0.0168717 -0.0038609 0 -0.0102523 -0.00687237 -0.00301852 -0.000319052 0 -0.00244909 4.25731e-07 -0.00449294 0 0 0 0 -0.00639782 -0.0110135 -0.00358796 -0.00639214 -0.0019402 0.00477342 -0.00165965 0 -0.0369638 0 -0.00391052 0 0 -0.181699 -8.93145e-08 0 0 0 0.00919328 -0.000549323 -0.00161041 0 -0.0440485 0 0 -0.00151777 -0.00354275 -0.00443407 0 -0.0109492 -0.00916891 -0.00124966 6.63515e-07 -0.000871587 -0.032678 0 0.00115276 -0.00409252 0.000673518 0 -0.00787229 0.00478701 0 0 0.00027433 0 0 -0.0013891 -0.00421409 0.000770299 0 0 0.00443484 1.12971e-06 -0.00208516 0 -0.00279518 -0.00418474 0 -0.00599496 0 0 0 0 -0.00362315 4.38524e-07 0.000585692 0 0 0 1.96439e-06 0 -3.13623e-07 0 0 0 0
-0.00902307 -0.00674922 -0.0550446 -0.0122384 -0.00714607 -0.0333982 -1.43825e-06 0.728021 0 -0.00111133 -0.00204129 -0.00727757 -0.000409489 -0.00326111 -0.0177686 -0.00913866 -0.0070718 -0.00491528 -0.00286116 -0.00255764 -0.0147025 -0.00528074 -2.02339e-06 -0.00979862 -0.0145952 -0.0203409 -0.0049585 -0.0053522 -0.00404764 0 -0.000989091 -0.00771298 -2.50102e-06 -0.00997295 -0.00114624 0 -0.0118976 -0.0249814 -0.00520856 -0.00541854 -0.00160113 0.00865877 -0.0109834 0 -0.0187582 -0.00326598 -0.0185626 -0.00769245 0 -0.0100538 -0.00362366 0 -0.0210248 -0.00783448 0.0108687 -0.000262339 -0.0092111 -0.00125354 -0.00506983 -0.00111188 0 -0.00288604 0 0 -0.0138382 0.00434559 0 -0.0264813 -0.00487817 -0.0112797 -0.00602578 0 -0.00545964 -0.00653327 0 -0.0117669 0 -2.67143e-06 0 0 -0.0319223 0 -0.000235046 -0.0278008 0.0164681 -0.00780228 -0.000829496 -0.00506628 -2.58021e-06 -0.000986469 0 -0.00524926 -0.00658043 0 -0.00951506 -0.00649389 0 -0.00266818 -2.66214e-06 -0.00182662 -0.00424677 -0.00353728 0 -0.00391207 0 -0.0107799 -0.00580468 0.000475598 -0.0100229 -0.00234734 0.000426009 -0.00013353 -0.00981631 -0.0128604 0 0 0 0 -0.0110456 0.00100559 -0.000209144 0 -0.00764718 0 0 -0.00625859 -0.00724343 0 -2.86611e-06 -0.0141363 -0.00565827 0 -0.0151432 0 -0.0104339 0.00517519 0 0 0 -0.00809629 0.00396723 -0.00217418 -0.000811559 -0.0039005 0 -0.00476142 0.00304678 0 -0.00114594 -0.00464625 0 0 0 0 0 0 -0.0035426 0 -0.00675124 -0.00160877 0 0 0 -0.000262158 -0.00660227 -0.00370285 -2.7294e-06 -0.001106 -2.91284e-06 0.00384227 -2.44241e-06 -0.00310765 -0.00665569 0 -0.00101073 0 -0.00379628 -0.00451589 0 0.000381567 0 0 0 0 0 -0.00184181 -0.0011243 -0.00504546 0 0 0 0 -0.000337004 -2.83181e-06 0.000787057 -0.000938019 -0.00156945 -0.00149035 0.00326168 -0.00130653 0 0 0 -0.00125052 -0.00102842 0.00074275 0 0 0 0 0.00143751 -0.00100837 0 0 0 0
0 -0.00241784 0 0.0197652 -2.93965e-06 -1.52498e-06 8.16681e-07 0 0.467022 -0.000414812 -1.39386e-06 0 -0.000100507 -1.12233e-06 -0.0316597 -0.0127433 -3.5126e-06 -0.00368718 -0.00101431 -0.00366561 -0.000626919 -0.00750516 -0.000803889 -0.00372278 -0.00256364 0 0 -0.00647056 -0.0195861 9.44504e-07 0 -2.95911e-06 -0.027353 0.0265151 -0.00637713 0 0 -2.51031e-06 -2.60302e-06 -0.00152218 -0.00105114 -0.00761778 -0.00171424 0.0840466 -2.16404e-06 0 0.00691311 -2.15448e-06 0 -0.00242423 -0.00300905 -0.00189753 -0.00360537 -0.00645966 -0.00751814 -0.00100775 0 -0.000179755 0 0 0 -0.0071646 0.0276812 0 0.00259466 -0.0144036 -0.00737623 0.000881207 -0.00990377 -1.25417e-06 0 0 -0.000137484 0 4.55625e-07 0.0178671 0 -0.0265413 0 0 0 0.00278483 0 -2.21258e-06 -0.0126547 -0.00305146 0 -0.0119632 -0.0174127 -0.00715504 -0.0035428 -1.28989e-06 0 -0.00340188 -0.00129298 -0.00775736 -0.0272404 -0.00519429 -0.00308182 -0.00486063 -0.00695034 -3.0346e-06 0 0 -0.00451368 -2.86296e-06 -0.00413478 -0.000437152 -2.39177e-06 -0.00746136 0 -0.00230136 -0.00364796 -2.48023e-06 0 -0.0021118 -0.00802435 0 0 -0.00407525 -0.000384113 0 0.0117649 -0.00455803 0 0 -2.0988e-06 -0.00160989 -0.0187612 -1.44039e-06 -0.00547742 0 -2.63436e-06 -0.0010946 -0.000581005 0 -0.00191927 0 -0.000659994 -0.00378218 -0.00753012 0 0 -0.019272 0 -0.000124932 0 0 -0.00197263 -0.00359771 -0.00499098 -0.00272266 8.77929e-07 -0.00164277 1.87524e-07 0 -0.00398501 0 -0.000380714 -0.00449648 0 6.47104e-07 -0.000764676 0 -0.00179505 -0.00093597 -0.00587443 -0.0114277 -0.00958633 -0.00779849 -0.00941849 0 -0.000242452 -0.00155525 0 0 -0.000844125 -0.00372038 -0.000831588 -0.00718835 0 0 0 0 0 0 -0.00122342 -8.15909e-07 3.16903e-05 -0.00375194 0 0.000698547 -0.002813 -0.0219029 0 -0.00277272 -0.000474994 0 -0.0187534 0 0 0 0 -0.0031054 0 0 0 0 0 -0.00943004 0 0 0 -0.000179137 0 0
-0.0522021 -0.0443104 0 -3.12297e-06 -0.0962631 -3.85523e-06 0 -0.00111133 -0.000414812 0.781568 -0.0267238 -0.0224906 -0.028892 -0.0169157 -0.0253301 -0.0280875 -8.3169e-05 -3.69536e-06 -3.07973e-06 -0.0363747 -3.70149e-06 -0.0121074 0 -3.80084e-06 -0.000558214 -0.000309348 -0.00202334 -2.73036e-06 -0.0145049 0.00160662 0 -0.000131598 0 -3.70217e-06 -2.30823e-06 -0.0113331 0 -0.00195545 -3.57289e-06 0 -0.000438872 0.00028713 -3.87954e-06 -0.00104271 -0.00356567 0 -2.6018e-06 -3.85464e-06 -0.0108998 -0.000380996 -3.4711e-06 0 -0.0129425 -3.61819e-06 0 0 0 0 0 -0.0417403 -0.0220754 -0.0102554 0 0 -3.94789e-06 -3.50479e-06 -0.0132271 -0.000420919 -0.00933621 0 0 0 -0.00042701 -3.4292e-06 0 0 0 0 0 0 -0.000461352 -0.00438914 -0.0227946 -0.000487207 0 -3.59945e-06 0 0 0 -0.0113065 0 -0.00888217 0 -0.0173367 -0.000170509 0 -0.019672 -3.42923e-06 0 -3.54623e-06 -3.60023e-06 -0.0226256 0 0 -8.46203e-05 -3.37741e-06 0 0 -0.000916987 -0.00791049 0.00176815 -0.0153528 -3.46876e-06 0 -0.00353455 0 -5.77025e-05 -0.0249908 0 -3.57182e-06 -0.00168438 0 0 0 0 0 0 0 0 0 -0.0170027 0 -0.000500502 0 -3.86403e-06 0 -0.000781704 0 0 -4.07181e-06 -3.50015e-06 0 0 -3.46782e-06 -0.00420241 0 0 -0.00551885 0 -3.80042e-06 -0.00194041 0 0 0 0 0 0 -0.0132042 -0.00186729 -0.00595881 0 0 0 0 0 0 0 0 -3.37533e-06 0 0 0 0 0 0 -0.000151608 -3.3838e-06 0 -0.0131387 -3.63358e-06 -0.00851858 0 0 0 0 0 0 0 -0.00514759 0 0 0 0 0 0 0 0 0 0 0 -0.00121969 0 0 0 0 0 0 0 0 0 0 0 0 0 0 0
-0.0195363 -0.0128147 -0.00208499 -0.00155994 -0.0160138 -0.00280281 -1.41579e-06 -0.00204129 -1.39386e-06 -0.0267238 0.521381 -0.0192758 -0.0132757 -0.11569 0.00803346 -0.0108563 -0.000436628 -3.04098e-06 -2.09334e-06 -0.0604168 -0.00123343 0.0212243 -1.7987e-06 -2.99791e-06 3.01404e-05 -2.14254e-06 0 -2.35737e-06 0.00321173 0 0.00279401 -0.000173601 -1.99269e-06 0.00251715 -1.71942e-06 -0.00368853 -0.000435076 -0.012907 -3.21345e-06 -2.96165e-06 -0.00320984 0.00661876 -2.92884e-06 -0.000376362 -0.00374529 -2.99845e-06 -0.00331681 -3.32596e-06 -0.014768 -0.00151078 -2.54016e-06 0 -0.0158705 -2.68925e-06 -2.45348e-06 0 -0.00117405 -0.00275659 -2.77846e-06 -0.0218027 -0.00131337 -0.0152225 0 0 -0.00146814 -2.44792e-06 -0.00822231 -0.00116044 -1.87815e-06 -0.00199807 -0.00281652 0 -0.000143023 -0.000256332 -0.00792007 0.00163861 0 -1.97181e-06 -0.00585133 0 -0.000889702 0 -0.0216618 -0.00278987 -2.25822e-06 -2.89749e-06 0 -2.55946e-06 0.019208 -0.00140224 0 -0.0183973 -3.26326e-06 0 -0.00643691 -2.95097e-06 0 -2.43401e-06 -2.11396e-06 -2.53409e-06 -2.51934e-06 -0.00486942 0 -2.34118e-06 -0.00073172 -0.00115426 -2.704e-06 -0.000502612 -0.00246699 -0.00244531 0.00307422 0 -0.000882357 -0.00193684 -0.000115645 0 0 -0.00881376 -2.55744e-06 -2.50891e-06 -0.00274796 0 -0.000118881 0.00933045 -0.0162817 -3.30796e-06 -0.000300738 -1.5945e-06 -2.22503e-06 -0.0012961 -0.00831121 0 -7.16429e-05 0 -0.000346783 0.000354548 0 -4.03358e-05 0 -3.11242e-06 -2.2978e-06 -0.00224401 -0.000165044 -2.70841e-06 -0.194033 0 0 -0.0200744 0 -2.8203e-06 0 0 0 0 0 0 0 -0.00273309 -7.52481e-06 -0.00251453 0 0 0 0 -2.92875e-06 -2.62737e-06 -2.08492e-06 -0.00348045 -2.24359e-06 -2.70811e-06 0.0173552 -2.1327e-06 -2.78036e-06 0 -0.00253472 0 0 -0.000343067 0 -2.48871e-06 -0.000885731 0 0 0 0 0 0 -0.000337389 0 0 0 0 -1.96962e-06 -2.16809e-06 0 0 0 0 -2.45242e-06 0 -0.000306673 0 0 0 0 0 0 0 0 -1.56475e-06 0 0 0 0 0 0
-0.0669759 -0.0866426 -0.000839121 -3.60217e-06 -0.0494316 -4.16117e-06 0.0035653 -0.00727757 0 -0.0224906 -0.0192758 0.770073 -0.0759104 -0.0309188 -0.0369793 -0.0250262 0 -3.90733e-06 -2.93211e-06 -0.0178881 -3.9314e-06 -0.0499058 0 -3.99722e-06 -0.00483239 -2.72039e-06 -0.000403482 -2.88605e-06 -0.0173937 0.00293341 -9.22091e-07 -3.74342e-06 -2.87904e-06 -3.66758e-06 -8.21566e-05 -0.00760104 0 -0.002537 -4.01952e-06 0 0 2.5951e-06 0.0287206 -0.00645117 -0.000883657 -3.69768e-06 -0.000142637 -4.22228e-06 -0.0132298 -0.000114024 -3.49698e-06 -2.34741e-06 -0.0240621 -3.68417e-06 -3.26026e-06 0 -4.00948e-06 0 -3.56828e-06 -0.0256366 -0.00819284 -0.0125784 0 -2.32135e-06 -4.24401e-06 -3.33031e-06 -0.0332986 -3.96151e-06 -0.0137662 -3.56124e-06 0 -1.51153e-06 -3.75993e-06 -3.7526e-06 0 -3.99751e-06 0 -2.78563e-06 0 0 -0.000903136 -0.00266286 -0.0152224 0 -3.22003e-06 -3.70861e-06 0 -3.51859e-06 -2.83554e-06 -0.0165788 0 -0.00710542 -4.15557e-06 -0.013984 -0.00201397 -3.92841e-06 -0.00698373 -3.36492e-06 -2.94188e-06 -3.44847e-06 -3.54976e-06 -0.00823375 0 -2.82185e-06 -5.25853e-05 -3.88119e-06 0 -3.85663e-06 -3.84135e-06 -0.00342898 0 0 -3.77612e-06 -0.000858771 -0.00337622 -2.41432e-05 -0.0001599 -0.017119 -3.29495e-06 0 -0.000421272 0 0 0 0 -4.15929e-06 -3.63617e-06 0 -3.15128e-06 -4.21305e-06 -0.0366664 0 -3.80351e-06 0 -4.20135e-06 2.19173e-06 -0.0039646 0 -0.00645394 -4.14514e-06 -3.28788e-06 -3.90666e-06 0 -3.52679e-06 -0.00716349 0 1.86316e-06 0 0 -3.85996e-06 -0.00880141 0 0.000219678 0 0 0 0 -0.0111257 0 -0.0142397 0 0 -0.00736709 0 -3.86877e-06 -3.49567e-06 0 0 -3.19955e-06 -3.73584e-06 -2.78149e-06 0 0 0 -0.00117021 -0.004346 -3.49343e-06 0 -0.00716281 -3.50715e-06 -0.0042395 0 0 0 0 0 0 0 -0.00193597 0 0 -0.0042191 0 -3.07303e-06 0 0 0 0 0 0 -0.000234914 0 0 0 0 0 0 0 0 0 0 0 0 0 0 0
-0.0254426 -0.03494 -4.13022e-06 -4.11268e-06 -0.0191465 -3.99701e-06 0 -0.000409489 -0.000100507 -0.028892 -0.0132757 -0.0759104 0.734235 -0.0245788 -0.0127689 -0.0324846 -3.81776e-06 -3.79682e-06 -0.000734887 -0.0246571 -3.69528e-06 -0.0291317 0 -3.70158e-06 -0.000186422 -3.26132e-06 -3.5893e-06 -2.77646e-06 -0.0215161 0 0.0177547 -4.20462e-06 -0.000230665 0.000308574 -0.00346353 -0.00737597 -3.92205e-06 -6.86435e-05 -4.32988e-06 -3.85564e-06 -0.0026957 3.19258e-06 -3.31334e-06 -0.00378375 -3.73233e-06 -4.05482e-06 -3.88666e-06 -4.33076e-06 -0.0091303 -3.69595e-06 -2.73995e-06 0 -0.0140293 -2.946e-06 -0.00253273 0 -4.13561e-06 0 -3.71308e-06 -0.00817943 -0.00622927 -0.024819 0 0 -4.08794e-06 -0.00185042 -0.0196932 -3.97201e-06 -0.017736 -3.46931e-06 0 0 -3.93084e-06 -3.80174e-06 -0.000315176 -0.000812518 0 -0.00309077 0 0 -3.88676e-06 0 -0.0147478 -0.00168064 -0.00102408 -3.3269e-06 -2.67664e-06 -0.00313431 0 -0.0373519 0 -0.0087511 -4.09698e-06 -0.0133209 -3.8575e-06 -0.000359313 -0.00575425 -2.54191e-06 0 -2.55073e-06 -2.61295e-06 -0.0114182 0 -3.29079e-06 -0.00694042 -4.3629e-06 -3.14553e-06 -3.94455e-06 -4.12561e-06 -0.0149101 0 -0.00454855 -3.6267e-06 0 -0.00888081 -0.00296951 -0.00292192 -0.00723566 -3.32077e-06 0 -0.00421417 0 0 0 0 -4.37504e-06 -3.86193e-06 0 -2.11865e-06 -4.01206e-06 -0.0548192 0 -4.18312e-06 -0.00328728 -4.19817e-06 0 -0.00475526 0 -0.00507049 -3.48209e-06 -0.000441759 -4.03343e-06 0 0 -0.00597761 0 0 -0.0063685 0 -3.08152e-06 -0.0210397 -0.000650218 0 -0.000898434 0 0 -5.99861e-05 -0.0149167 0 -0.0158054 0 0 -0.00287234 0 -3.47789e-06 -3.17285e-06 0 -0.00140545 0 -0.000175106 0 0 -3.41207e-06 0 0 -0.00148819 0 0 -0.00231906 0 0 0 0 0 0 0 0 0 0 -0.00174975 0 0 0 -0.00051085 0 0 0 0 -0.000439517 0 -0.00350385 0 0 0 0 0 0 0 0 -0.00406146 0 0 0 -0.00101844 0 0
-0.0284697 -0.0269858 -0.000831386 -3.42883e-06 -0.0223593 -0.00195275 0 -0.00326111 -1.12233e-06 -0.0169157 -0.11569 -0.0309188 -0.0245788 0.554879 0.1014 -0.0236726 0 -3.18517e-06 -0.00510671 -0.0142771 -0.00170298 -0.0213175 -0.000530343 -2.99072e-06 -0.000367673 -2.61933e-06 -3.03232e-06 -0.000186627 -0.00447901 0 -1.31342e-06 -3.58609e-06 -1.4782e-06 -0.00398207 -0.0042248 -0.0059661 -3.30377e-06 -0.00460716 -3.58608e-06 -3.27166e-06 -0.00403155 2.63323e-06 0.00261063 -0.0332866 -0.00685838 -3.38355e-06 -0.00173673 -3.60796e-06 -0.0291059 -0.00123178 -2.2699e-06 -0.00414199 -0.022858 -0.00109324 -0.00772321 0 -0.000590935 -0.0075586 -3.05144e-06 -0.0184301 -0.00634917 -0.0243001 0 -1.44184e-06 -0.00180148 0.00917967 -0.0108423 -0.00215009 -0.000462379 -0.00147128 0 -1.45004e-06 -0.000522542 -0.000500334 -0.00619652 -0.00463876 0 -1.42282e-06 -0.0174238 0 -0.000199209 -0.00769331 -0.0214763 -0.00229088 -1.74926e-06 -2.82013e-06 -2.20085e-06 0.00262391 -1.43713e-06 -0.00397777 0 -0.0137987 -3.40698e-06 -0.00385988 -0.00301753 -2.76749e-06 -0.00304216 -2.11278e-06 -1.70421e-06 -2.19118e-06 -2.14651e-06 -0.00441363 0 0 -0.00154004 -3.64029e-06 -0.00124243 -4.33942e-05 -0.00146339 -0.00478488 0 -0.000956424 -3.09689e-06 -0.0017003 -0.00728037 -0.0128933 -0.000602795 -0.0162313 0 0 -0.00753337 0 -0.000626482 0 -0.00868432 -3.6513e-06 0 0 -1.75617e-06 -0.00205769 -0.013974 0 -0.00117454 -0.000336427 -3.47406e-06 2.16371e-06 -0.000470525 0 -0.0109615 -2.91749e-06 -0.000702281 -3.36696e-06 0 -2.46517e-06 -0.0367297 -0.00225655 2.01057e-06 -0.00951226 0 -2.62731e-06 -0.000343337 0 0 0 0 0 -2.46267e-06 -0.00415378 -3.07099e-06 -0.00524481 0 0 -0.00111596 0 -2.95296e-06 0 0 -0.000766426 0 -0.000850062 -1.34439e-06 -0.00213826 -2.89702e-06 -0.000341958 -0.00898545 0 -6.40521e-05 0 -0.000441985 -2.06794e-06 0 0 0 0 0 0 -0.000242213 -0.000866613 0 0 0 -0.00792944 0 -1.60287e-06 0 0 0 -0.000217835 -2.00174e-06 0 -0.00570963 0 0 0 0 0 0 0 0 0 0 0 0 0 0 0
-0.0161192 -0.0144633 -0.00229951 0 -0.0743845 0 0.0248339 -0.0177686 -0.0316597 -0.0253301 0.00803346 -0.0369793 -0.0127689 0.1014 0.584548 0 -0.00824547 0 0.00452858 0.0260229 0 -0.0165318 0.00786206 0 -0.00331488 0 -0.0141786 0 -0.0411828 0.0146307 -0.00964594 -0.0148394 0.00505362 0.00515539 0 -0.00898525 -0.00198497 -0.00580601 0 -0.00469292 0 -1.22516e-07 0.0193036 0 -0.00266267 0 -0.00272206 -1.40179e-06 0 -0.00230814 0.00303163 0.000292735 -0.0478126 0.00172024 0.00160847 0 0 0.000606176 0 -0.0140676 -0.0267826 0 -0.00428672 0 0 0.00247378 -0.00509396 -0.00642572 -0.0325924 0 -0.00197612 0 0 0 0.00790963 0 0.000221688 0.00124951 0.0146767 0 -0.0100677 -0.0251547 -0.000409954 0 0.00392851 0 -0.000927428 0.00192369 0.000318921 -0.00868421 0 0 0 -0.00371258 0 0.00130257 -0.016561 0.00291292 0.00268453 0.00135888 0.00107471 -0.0119647 0 0 0 0 0 0 0 0 0 0 0 -0.00344142 -0.0135735 0 0 -0.0299042 0 0.00482526 0 0 -0.00559664 0.000769668 0.00986326 0 0 0 0.00166345 0 -0.00220556 0 -0.00710837 0 0 0 0 0 0 0 0.00492607 0 0 0.00040261 0 0 0 0 0 0.000905063 0 0 0.00827468 0 0 0 0 -0.0179246 0 0 0 0.00755159 0 0 0 0 0.000851947 -0.00623333 0.00473385 0.00349786 0.00175469 0 0 0.00679178 -0.000723219 -0.00214286 0.000401251 0 -0.000542315 0.000846608 -0.0150363 0 0 -0.00190509 0 0 0 0 -0.00720342 0 0 -0.0098623 0 0.0013323 0 0.000751052 0 0 0.00195846 0 0 0 0 0 0 -0.00295991 -0.00124123 0 0 0.000658738 0 0 0 0 0 0
-0.0162201 -0.032923 -0.00279432 -4.54475e-06 -0.00869649 -0.00610849 -8.58209e-07 -0.00913866 -0.0127433 -0.0280875 -0.0108563 -0.0250262 -0.0324846 -0.0236726 0 0.657326 -4.76888e-06 -0.00466703 -0.0158177 -0.0372263 -0.00571853 -0.0409004 0.00037965 0.00297276 -0.0150453 -3.76208e-06 -4.41507e-06 -0.00862172 -0.056719 -8.90572e-07 0.00332911 -4.73734e-06 0.0186414 -0.0159559 -0.0088767 -0.0107248 -0.000855935 0.00234375 -4.63604e-06 -4.25275e-06 -0.00208902 3.74856e-06 0.000638071 -0.00557283 -0.00241362 -4.5149e-06 -4.60561e-06 -4.41136e-06 -0.0158255 -0.00414099 0.0178804 -0.00104289 -0.0175395 0.00974889 -0.0118707 0 -0.0011826 -0.00164789 -3.87599e-06 -0.0098639 -0.00226055 -0.0774457 -0.00148107 -1.48479e-06 0.0026482 -0.0202318 -0.0258382 -0.00590939 -0.057151 -0.00346176 -3.20745e-06 0 -4.11596e-06 0.000201683 -0.000125213 -0.010511 0 -0.00785799 -0.000891723 0 -4.53146e-06 0.00313457 -0.00524514 -0.00288168 -0.00858841 -0.0025433 -3.32618e-06 -0.00994039 -0.00472403 -0.01813 -0.010845 -0.0115448 -4.05342e-06 -0.012263 -0.00303287 -0.00501452 -0.0109998 -0.00300807 0.00642518 -0.00220586 -0.00807727 -0.00665802 0 -3.83933e-06 -0.00820943 -4.74254e-06 -0.00300592 -0.000936852 -0.000111803 -0.0356022 0.000876306 -0.0185896 -0.00589965 -4.13902e-06 0 -0.00634923 -0.0081658 0 -3.39488e-06 -0.00146536 -0.018935 0 -3.47497e-06 -0.00154505 0 -4.55527e-06 -4.13373e-06 0 -0.00185546 0.00632931 -0.0527889 0 -4.51626e-06 -0.00888368 -4.15228e-06 0 -0.0200369 -2.01435e-06 -0.00293372 -0.00794135 0.0159653 -4.22855e-06 0 0.00683999 -0.0126925 -0.00286968 2.94141e-06 -0.00238709 -0.00124468 -0.00545364 -0.00547283 -6.05806e-07 -1.10964e-06 -0.00657049 0 0 -0.0063476 0 -0.00164564 -0.0220839 0 0 -0.0120557 0 -3.24113e-06 -0.00029127 -0.00304817 -0.00776944 0.00570328 -0.000631569 -0.000391407 -0.00278965 -0.0014821 -0.000791755 0 -0.00803008 -2.4939e-06 -0.0051501 -0.00934494 -0.00341035 0 0 0 0 0 -2.86012e-06 -0.000128459 -0.00286888 0.00229228 -0.00140486 0 0 -0.00276347 -0.00465116 0 -0.00303389 0 -2.51835e-06 -0.00463358 0 -0.00933744 0 0 -0.00262093 0 0.000192655 0 0 0 -0.00306764 0 0 0 -0.00347655 0 0
-0.00170811 -0.000651223 -0.0136698 -0.0302524 -0.0116935 -0.00356203 0 -0.0070718 -3.5126e-06 -8.3169e-05 -0.000436628 0 -3.81776e-06 0 -0.00824547 -4.76888e-06 0.899751 -0.00463962 0.0100576 0 -0.00371062 -3.43569e-06 0 -0.0024591 -0.00356395 -0.00928526 -0.0490321 -0.000622 -3.48156e-06 0 -0.0100305 -0.0550837 0.00564825 -5.53408e-06 -4.43699e-06 -0.00174911 -0.01615 -0.0082396 -0.0336513 -0.0255739 0 0.0305679 -5.18189e-06 0 -0.0067895 -0.0489999 -0.0193386 -0.0206463 0 -0.00505666 0 0 -0.00175849 -5.20685e-06 -5.55081e-06 0 -0.0226608 0 -0.00373542 -0.0045312 -0.00504233 -5.64221e-06 0 0 -0.0114688 0.00646197 0 -0.00746971 -3.86753e-06 -0.00083041 -0.010971 -0.00390269 -0.0116314 -0.00352089 0 -5.77456e-06 0 0.0239111 0 0 -0.0236164 -0.0335853 -0.00127478 -0.00724596 0.0180991 0 -0.027516 -5.91532e-06 0.00266455 0 0 -0.00112593 -0.00673729 0 -0.00502216 -5.46367e-06 -0.00148624 -5.12359e-06 -4.95214e-06 -5.41822e-06 -5.37846e-06 -0.00895798 0 -0.0052552 -3.3133e-06 -0.0250749 -0.00284359 -0.00681496 -0.0154509 -5.75455e-06 0 0 -0.00250333 -0.0122869 -0.000767617 0 -3.50082e-06 -0.0158995 -0.000592422 -5.50883e-06 -3.28297e-06 0 -0.0100077 0.00104453 0 -0.027177 -0.0138334 0 -5.26098e-06 -0.00285428 -5.37582e-06 0 -0.0160722 0 -0.0168925 0.0109647 0 -0.0171974 0 0 0.00916384 -0.0137721 -0.000220343 0 0 0 0.00879876 0 0 -5.48031e-06 -3.49592e-06 0 0 0 0 0 -0.000986083 -0.0174724 -0.0028032 0.00221945 0 0 0 -0.00145303 -0.0010907 0 0.00302472 0 0.00409343 -6.05907e-06 0.00522707 0 -0.00264339 0 -0.0245184 0 0 0 0 0.00723278 -0.015633 -0.00309752 -0.00354917 -7.09916e-06 0.000652823 -0.0127544 0 -2.10078e-05 -0.032188 0 3.46882e-05 -0.00397049 0 0.0144946 0.00271309 0 0 -0.00306657 -5.96863e-06 -0.00177082 0 -0.000751341 -4.03332e-05 -4.29764e-06 0 -0.0170734 0 -0.00802154 -0.00409963 0.00200998 0.00847654 -0.000415533 0 0 0 0
-4.1217e-06 -3.896e-06 -0.0113531 -0.0242672 -3.7649e-06 -0.049929 -5.44381e-07 -0.00491528 -0.00368718 -3.69536e-06 -3.04098e-06 -3.90733e-06 -3.79682e-06 -3.18517e-06 0 -0.00466703 -0.00463962 0.731515 -0.00996417 -3.14524e-06 -0.0103954 -3.03613e-06 -1.13656e-06 -0.026787 0.0130358 -0.0398596 -0.00593479 -0.0147091 -0.000442718 -6.38932e-07 -0.0163927 -0.0119785 -0.00148643 -0.0179445 -0.00472618 -0.000637161 -0.0106617 -0.0042435 -0.0194435 -0.0147881 0 -0.00368498 -0.0167539 0 -0.00351537 -0.00948833 -0.00534964 -0.0348962 0 -0.0238886 0.00562451 -0.00554157 -3.48606e-06 -0.0111981 -0.0102586 -0.00266041 -0.0113639 0 -0.0147467 0 0 0.00991712 0 -0.00173372 -0.014602 -0.0131458 -2.45286e-06 -0.028676 -0.00320814 -0.0145232 -0.00530084 -0.00744025 -0.0278725 -0.00414791 -1.03756e-06 -0.00561873 -0.000452535 -0.00190076 -1.05753e-06 0 -0.00609007 0.00924727 0 -0.0218782 -0.00748262 -0.00895756 -0.00262835 -0.00761994 -0.00338721 0 -0.00228074 -0.00144395 -0.0119817 0 0.0029489 -0.0137154 0 -0.00599751 -0.00363085 -0.00571889 -0.0106208 -3.003e-06 -0.00113813 -0.0102188 -3.36854e-05 -0.0120254 -0.0068427 -0.0157869 -0.00814634 -0.00182666 0 0 -0.0116383 -0.00221624 0.00204834 0 -0.000633911 0.00530459 -0.0118299 0.00478051 0 0 -0.00260581 0 -1.096e-06 -0.0104792 -0.011321 -0.000706258 -0.00499342 -0.0119579 0.00959429 0 0.0075906 0 -0.00545019 0.00194763 0 0 0 -0.0142895 0.0238303 -0.0112852 -0.000673517 -0.00669029 0 -2.62663e-06 0.00059485 -1.48051e-06 -0.00169651 -0.0116473 0 -0.000342257 -8.42176e-07 -0.000265421 0 0 -0.0214598 0.00545785 -0.00846097 -2.98065e-06 -0.00093146 0 0 -0.00226639 -0.00578589 -0.00795644 0.00679126 0 0.020756 -0.00656138 0.00239856 -0.00375944 -0.00861391 0 0.00998649 0 -0.00450242 -0.00554655 0 -0.00561749 0.00206165 -0.00654151 -0.000205977 0.0029479 0 -0.00219915 -0.00248188 -0.00652152 0.00221297 0 0 0.00849138 -0.00328084 -0.00587391 0 -0.00582915 -0.00475783 0 3.7573e-05 -0.000176429 0 -0.000465939 0 -0.00206354 0 0.00276234 0 0 0 -0.000983323 0 -0.00139814 0 0 0 0
-3.71318e-06 -2.84099e-06 0.00130463 -3.83693e-06 0.0034637 -0.0136984 0.0352457 -0.00286116 -0.00101431 -3.07973e-06 -2.09334e-06 -2.93211e-06 -0.000734887 -0.00510671 0.00452858 -0.0158177 0.0100576 -0.00996417 0.652291 0.0138276 -0.00617855 -0.0091004 0.0116174 0.00516102 0.00862682 -0.00179227 0.0170784 -0.0120483 -0.00594025 0.0311294 0.00167668 -3.99026e-06 -0.0327465 -0.0349873 0.0106781 -7.16048e-07 -0.00448583 0.0248221 -3.36323e-06 -3.10423e-06 -0.00310823 -0.0200249 -0.0269421 0 -0.000818329 -3.49238e-06 -4.58712e-06 0.0124319 -7.83538e-07 -0.0106428 -0.0153903 -0.00670545 -0.00065159 -0.0496228 -0.0213104 -0.00481825 -0.000143925 -0.00435762 -0.00551636 -3.48099e-06 0.0155547 -0.0138685 0 -0.00199062 -0.0272927 -0.0325524 -0.00390197 -0.00668811 -0.00438621 0.00208477 0 0 0.0207309 -0.00365856 -0.0028075 -0.0201936 -0.00574376 -0.0222128 -0.00162132 -0.0112289 -4.24453e-06 0.0147283 0 0.0102886 -0.0318433 -0.0113558 -3.37489e-06 -0.0293076 -0.0162204 -0.000319446 -0.0066952 -0.00930331 0.00660382 -0.000644304 0.00826204 -0.017971 0.00405491 -0.0182636 -0.00160805 -0.01873 -0.0264747 0.029011 0 -0.00356569 -0.00963257 -3.83384e-06 -0.00902313 0.0181125 0.0052552 -0.0165261 1.39617e-06 -0.00405589 -0.0120991 -3.48038e-06 0.000103872 -0.020844 -0.00963734 0.016876 -0.0081569 -0.0506945 -0.0050878 0 -0.00276839 -0.0121603 -0.00336484 0.0136753 0.00650028 -0.00956127 -0.0174083 -0.0130965 -0.00947306 0 0.0253153 -0.0228921 0.00158519 2.56536e-06 0 0.00450599 -0.00579724 -0.0266391 -0.0694197 0.00554691 0 0.00468877 0 -0.0123976 2.8492e-06 -0.00139969 -0.012004 -0.0173793 -0.0029856 -0.00646475 0.000909091 -0.00363593 0 -0.00857736 -0.00685668 0.0129623 -0.00262071 -0.00504073 -0.000529153 -0.00322465 0 0 -0.0109972 -0.0126367 -0.0199623 -0.00602476 -0.0207012 -0.0207978 -0.0190077 -0.0214523 0.00251351 -0.00911124 0 0 -0.0130185 -0.0202904 0 -0.0194977 0.0161456 0 -1.46542e-06 0.00967534 0 0 -0.014551 -0.00859932 0.0129274 0 1.14784e-06 9.87274e-05 -0.0122893 -0.018206 1.95658e-06 -0.00888241 -0.00597991 0 -0.0179644 0 -0.00273458 0 0 -0.0123439 -0.00808977 0.0123146 0 0 -1.18325e-06 -0.00499467 2.32869e-06 -0.000436247 0 0 0 0
-0.0142836 -0.0274157 -0.00143781 -3.99756e-06 -0.000770919 0.000577259 -0.0259888 -0.00255764 -0.00366561 -0.0363747 -0.0604168 -0.0178881 -0.0246571 -0.0142771 0.0260229 -0.0372263 0 -3.14524e-06 0.0138276 0.565027 0.00151376 -0.00703271 -0.0276888 -2.85566e-06 -0.00250842 0 0 -0.00378172 -0.00524924 -0.00401189 0.00723441 -4.1435e-06 -0.00108395 0.00336969 -0.00341664 -0.00115267 -3.60366e-06 -0.00275213 -4.00521e-06 -3.67513e-06 -0.0266106 0.000403555 -0.00238181 0 -0.00134737 -3.9246e-06 -4.13298e-06 -1.93824e-05 -0.0352768 -3.32959e-06 -0.00423186 -0.00186406 -0.00642141 -1.86467e-06 -0.00697051 -0.000970813 -3.78578e-06 -0.0124781 -0.000382226 -0.0100708 -0.00511663 -0.0259179 0 0 -3.35093e-06 0.00539127 -0.0152907 -0.000419548 -0.00779055 -0.00206722 0 -6.72248e-05 -0.00155878 -3.27074e-06 -0.0318517 0.00617351 -0.00428652 -0.0031731 -0.0315127 0 -4.01739e-06 0 -0.0178557 -0.00110936 -0.00231943 -2.55166e-06 0 -0.00595091 -0.00233957 -0.00768919 -0.000814638 -0.0253401 -3.46153e-06 -0.0072688 -0.000273655 -2.24793e-06 -0.00407811 -0.00106101 -0.00186067 -1.41014e-06 -0.00140346 -0.0109254 0 -3.34026e-06 -0.00306245 -4.16248e-06 -2.49103e-06 -0.00352377 -3.79651e-06 -0.0222285 0 -0.0210209 -3.10098e-06 -3.61524e-06 0 -0.000100467 -0.00592711 -1.17253e-06 -2.86948e-06 -0.00335559 -0.0125244 0 -2.98049e-06 0 -0.0322732 -3.95883e-06 -3.51169e-06 -0.00041034 -0.00115267 -3.23613e-06 -0.0155712 0 -3.95086e-06 -0.000274122 -3.58183e-06 0 -0.0108146 0 -0.00904912 0.00327972 -0.00332553 -3.62623e-06 0 -0.00185906 -0.00431588 -1.72306e-06 0 -0.0122397 0 -0.00167723 -0.0382622 -0.000855119 -0.00147616 0 0 0 -0.00156195 -1.03542e-06 -0.000624717 -0.0118147 0 -0.000234215 0.0173371 -8.69879e-06 -2.30761e-05 0 -0.00122991 -0.00489438 -0.00147379 -0.00224667 -0.000711935 -1.47727e-06 -2.94156e-06 -0.017923 0 0 -1.96927e-06 -0.000961611 -0.00315073 -0.00132287 0 0 0 0 0 0 0 -1.51764e-05 0 -0.00113861 0 0 -1.08263e-06 -0.00188514 0 -0.00211675 -0.000809498 0 -0.00256714 0 -0.00477173 0 0 -0.00119097 -1.00693e-06 0 0 0 0 -0.00337733 0 0 0 -0.000756015 0 0
-0.000585371 -0.000151068 -0.0103405 -0.00990144 0 -0.012453 -0.00370523 -0.0147025 -0.000626919 -3.70149e-06 -0.00123343 -3.9314e-06 -3.69528e-06 -0.00170298 0 -0.00571853 -0.00371062 -0.0103954 -0.00617855 0.00151376 0.755706 -0.0032464 -0.00404359 -0.0078371 -0.0183678 0.000114654 -0.00477712 -0.00798184 -0.0025005 -0.00142891 -0.00091929 -0.00970118 -0.000104748 -0.0123537 -0.00731957 0 -0.0134642 -0.0108297 -0.00933465 -0.0129907 -0.000624756 0.0068838 -0.0127658 0 -0.0202308 -0.00547267 -0.0083638 -0.00813057 0 -0.0232443 -0.00546137 -0.00414068 -0.000949693 -0.0131797 -0.00778991 -0.000593584 -0.0109681 -0.000364277 -0.00436173 -0.0018395 0 -0.0122471 0 0 -0.0306538 -0.00797992 -0.00199978 -0.0129174 -0.00386642 -0.00655625 -2.88316e-06 -0.000319285 -0.00810693 -0.00909523 0 -0.0189394 -0.00167656 -0.00263881 -0.000846843 0 -0.00965653 0.000785893 0 -0.00778905 0.0055525 -0.0167532 -0.00287496 -0.0095467 -0.0025579 -2.90302e-06 -4.92384e-05 -0.00345695 -0.00825697 0 -0.0154977 0.00234981 0 -0.00438389 -0.00299227 -0.0056319 -0.00673365 0 0 -0.00304862 0 -0.017688 -0.0256023 -0.00498591 -0.00849846 -0.00511526 0 -0.00042094 -0.0153686 -0.00724764 0 -0.000903615 -0.000390862 0.00132456 -0.0024219 -0.0139262 0 0 -0.00394521 0 0 -0.00857678 -0.00915358 -0.0012231 -0.00232205 -0.0107013 -0.00412806 0 -0.00914424 -0.000467804 -0.0118656 0.00114751 0 0 0 -0.00900918 0.000738283 -0.00570542 0 -0.00894288 0 -0.0160584 0 0 -0.00481194 -0.00815418 0 0 -0.000342281 -0.00437452 0 0 -0.00799531 0.00168295 -0.00735183 -0.00299978 0 0 0 0 -0.00810659 -0.00332418 -0.00104293 -0.00266705 -0.00174099 -0.00724033 -0.00345055 -0.00455947 -0.0289238 -0.00012948 0 0 -0.00233851 -0.00613268 -7.82648e-06 -0.00348447 0 0 0 0 0 -0.00250038 -0.00604884 -0.00518441 0.00176723 0 0 0.00060574 -0.00332871 -0.00228926 0 -0.00356314 -0.00269389 -0.000882626 -0.00309094 -0.000274471 0 0 0 -0.00267189 -0.0153256 0.00117676 0 0 0 0 0 -1.1778e-06 0 0 0 0
