0.922289 -0.0789419 0.0670332 -0.108368 -0.0823167 0.0160821 -0.00111282 -0.00813072 -0.0176548 -2.66531e-06 0.202838 -0.0863941 -0.0179185 0.015973 -0.00626768 0.0410296 3.40673e-06 0.0517774 -2.22476e-06 -4.01216e-07 -0.0262088 -0.0575155
-0.0789419 0.998158 -0.0421906 0.0394225 0.307478 -0.0423625 0.0923067 -0.00233492 0.0990086 2.02535e-07 -0.0198235 0.032851 0.0221532 -0.0420811 -0.0492786 0.0368433 -3.07675e-06 0.0927267 -1.24228e-06 1.04233e-06 0.200033 0.0464652
0.0670332 -0.0421906 0.635267 -0.0276593 -0.0660333 0.0018916 0.00868658 0.0131605 0.0182508 -9.25288e-07 0.0188692 -0.0155038 0.0131831 0.00188085 -0.000890174 0.0260059 -2.71255e-06 0.00673792 1.45272e-06 2.34689e-07 0.0161304 0.071853
-0.108368 0.0394225 -0.0276593 0.44745 0.0329546 0.00978813 -0.0318826 0.0294001 0.0624705 7.06415e-07 -0.0550738 0.0621204 -0.0301962 0.00972536 0.164323 -0.0360379 -2.14994e-06 -0.0714263 -6.97672e-07 -1.68869e-06 0.0996322 -0.00705278
-0.0823167 0.307478 -0.0660333 0.0329546 0.76621 -0.0670596 0.0946775 -0.0340518 0.186066 2.74825e-06 0.0722812 -0.00410564 0.0130845 -0.0666164 -0.0529785 0.0899685 -4.96897e-07 0.161312 -8.4113e-07 2.96769e-07 0.264712 0.0580565
0.0160821 -0.0423625 0.0018916 0.00978813 -0.0670596 0.280049 0.0169561 0.132184 -0.0170672 -4.81888e-08 -0.0526637 0.0411325 -0.00953492 0.278216 0.0881291 -0.0222286 -6.30269e-07 -0.00843016 2.23169e-06 -1.78122e-06 -0.0962119 0.0619055
-0.00111282 0.0923067 0.00868658 -0.0318826 0.0946775 0.0169561 0.278876 0.0392889 0.0507021 -2.09514e-06 0.120205 -0.0331963 0.0386097 0.0168451 -0.110141 0.0135727 3.21284e-07 0.147345 -1.17408e-07 -1.11956e-06 0.0553154 0.0522379
-0.00813072 -0.00233492 0.0131605 0.0294001 -0.0340518 0.132184 0.0392889 0.33569 0.0077416 -3.2893e-06 0.0384758 0.110202 0.0248182 0.131317 0.0420754 -0.00744337 -2.85122e-06 0.0299989 1.65733e-06 -1.63244e-06 -0.0594689 0.150671
-0.0176548 0.0990086 0.0182508 0.0624705 0.186066 -0.0170672 0.0507021 0.0077416 0.648287 3.65281e-07 0.0879271 -0.000379737 -0.0145043 -0.016954 0.0137312 0.0386288 -3.00718e-07 0.0486121 1.47757e-06 -1.8226e-06 0.220556 0.0402739
-2.66531e-06 2.02535e-07 -9.25288e-07 7.06415e-07 2.74825e-06 -4.81888e-08 -2.09514e-06 -3.2893e-06 3.65281e-07 3.65199e-09 -2.24323e-06 2.72291e-07 -1.11505e-06 -4.801e-08 -2.42387e-06 3.05794e-06 9.24245e-11 -5.39566e-07 -1.09831e-10 9.6808e-11 1.22033e-06 4.83031e-07
0.202838 -0.0198235 0.0188692 -0.0550738 0.0722812 -0.0526637 0.120205 0.0384758 0.0879271 -2.24323e-06 0.695899 0.0126634 0.0566689 -0.0523183 -0.0613746 0.04751 2.51307e-06 0.14171 -1.6531e-06 -9.78548e-07 0.105485 0.0532354
-0.0863941 0.032851 -0.0155038 0.0621204 -0.00410564 0.0411325 -0.0331963 0.110202 -0.000379737 2.72291e-07 0.0126634 0.413067 0.00465301 0.0408634 0.0794182 -0.0201202 4.03814e-07 -0.0332334 3.95993e-06 -2.98996e-06 0.0303874 0.102655
-0.0179185 0.0221532 0.0131831 -0.0301962 0.0130845 -0.00953492 0.0386097 0.0248182 -0.0145043 -1.11505e-06 0.0566689 0.00465301 0.627804 -0.00947103 -0.0981858 0.0547782 -2.3015e-07 0.051599 2.93614e-06 -2.06389e-06 -0.0281577 -0.0121689
0.015973 -0.0420811 0.00188085 0.00972536 -0.0666164 0.278216 0.0168451 0.131317 -0.016954 -4.801e-08 -0.0523183 0.0408634 -0.00947103 0.276396 0.0875548 -0.0220822 -6.26465e-07 -0.00837543 2.21704e-06 -1.76943e-06 -0.0955833 0.0615028
-0.00626768 -0.0492786 -0.000890174 0.164323 -0.0529785 0.0881291 -0.110141 0.0420754 0.0137312 -2.42387e-06 -0.0613746 0.0794182 -0.0981858 0.0875548 0.691515 -0.0443251 -2.29362e-06 -0.106679 -2.26449e-06 -4.62831e-07 0.0305994 -0.0628833
0.0410296 0.0368433 0.0260059 -0.0360379 0.0899685 -0.0222286 0.0135727 -0.00744337 0.0386288 3.05794e-06 0.04751 -0.0201202 0.0547782 -0.0220822 -0.0443251 0.507273 -8.81142e-07 0.061301 -6.68658e-07 -1.22216e-06 0.0016571 0.0360655
3.40673e-06 -3.07675e-06 -2.71255e-06 -2.14994e-06 -4.96897e-07 -6.30269e-07 3.21284e-07 -2.85122e-06 -3.00718e-07 9.24245e-11 2.51307e-06 4.03814e-07 -2.3015e-07 -6.26465e-07 -2.29362e-06 -8.81142e-07 3.55575e-09 8.4234e-07 -7.13396e-11 6.47606e-11 -2.63226e-07 -4.36875e-06
0.0517774 0.0927267 0.00673792 -0.0714263 0.161312 -0.00843016 0.147345 0.0299989 0.0486121 -5.39566e-07 0.14171 -0.0332334 0.051599 -0.00837543 -0.106679 0.061301 8.4234e-07 0.341927 -3.10216e-07 7.855e-07 0.0787827 0.0381811
-2.22476e-06 -1.24228e-06 1.45272e-06 -6.97672e-07 -8.4113e-07 2.23169e-06 -1.17408e-07 1.65733e-06 1.47757e-06 -1.09831e-10 -1.6531e-06 3.95993e-06 2.93614e-06 2.21704e-06 -2.26449e-06 -6.68658e-07 -7.13396e-11 -3.10216e-07 3.17281e-09 -2.33268e-10 1.15465e-06 1.32233e-06
-4.01216e-07 1.04233e-06 2.34689e-07 -1.68869e-06 2.96769e-07 -1.78122e-06 -1.11956e-06 -1.63244e-06 -1.8226e-06 9.6808e-11 -9.78548e-07 -2.98996e-06 -2.06389e-06 -1.76943e-06 -4.62831e-07 -1.22216e-06 6.47606e-11 7.855e-07 -2.33268e-10 3.09898e-09 1.68527e-06 -1.35064e-06
-0.0262088 0.200033 0.0161304 0.0996322 0.264712 -0.0962119 0.0553154 -0.0594689 0.220556 1.22033e-06 0.105485 0.0303874 -0.0281577 -0.0955833 0.0305994 0.0016571 -2.63226e-07 0.0787827 1.15465e-06 1.68527e-06 0.832706 0.0362061
-0.0575155 0.0464652 0.071853 -0.00705278 0.0580565 0.0619055 0.0522379 0.150671 0.0402739 4.83031e-07 0.0532354 0.102655 -0.0121689 0.0615028 -0.0628833 0.0360655 -4.36875e-06 0.0381811 1.32233e-06 -1.35064e-06 0.0362061 0.590876