0.933273 0 0 0.0121436 -0.0269739 0 0.000417181 0.00125742 -0.0409183 -0.0232901 0.0178382 -8.47526e-06 0 0 0.0027163 0 0 -0.0358302 -0.00567931 -0.0139469 -0.00324227 0.00274685 0.00737768 0 0 0 -0.0317598 0.00270987 -0.0174072 0 0.0107056 -0.0115582 0 0 0 0.000395945 0.000589731 0.0044727 0 0 0.00161083 0 0.00120656 -0.000116118 0 0 0 0 -0.001352 0 0.0073429 0.0137412 0.00105417 0.00126741 0 -0.00685157 0.00416546 0 0 0.000942348 0 -0.00834649 0 0.0126427 -0.00188968 0 0.000166694 0.0107665 0 0 0 0.00131728 0 0.00174654 0 -0.0273625 0 -0.00093994 0 0.00214878 0 0.00415893 0.00541485 0 0 0 0 0.000316469 0.00115315 0 0 -0.0138233 0 -0.000429956 0.000995521 0 0.00134563 0 0 0 0.0021413 0.0017767 0 0.0035199 0 0.00411235 0 -0.00473412 -0.0250104 0 0.00746608 0.00622084 0.000823622 -9.16776e-05 0.00636736 0 0.000990474 0.00164992 -2.05282e-05 0.00370332 0 0 0 0 -0.000929079 0 0 0 0 0.0102626 0 0.00385417 0 0 0 0 0 0 -0.000917508 0 0 0 0 0 -0.00157094 -0.000412289 0 0 0 -0.00557901 0.0155419 0.00193025 -0.00553883 0 0 0 -4.2627e-05 0 0 0 0 0.00335859 -0.000143485 0 0 -0.000332764 0.00222221 0 0 0 0.00028894 0 0 0 0 0 -0.000436652 0 0 -0.000249096 0.000482515 0 0 -0.0051224 -0.00521095 -0.00298367 0 0 0.00186749 0 -0.000331852 0 0.000255066 0 -0.0159218 0 -0.00154588 -0.00132381 0 0 -0.00131232 0 0.00409264 0 0 0.0020865 0.00809777 -0.000237071 0 0 -0.00199892 0 0 0 0 0
0 0.916374 -0.0255949 0.0113699 0 -0.0214629 0.0146923 0.00390091 -0.00171186 -0.00200183 0.00226977 -0.027776 -0.00542633 -0.00712525 0 0 -0.0139971 0 0 0 0 0.00120867 -0.0192456 -0.0246588 -0.0032629 -0.0290228 0 0.000186317 0 -0.00294778 0.000509836 0 -0.00761231 -0.0100654 -0.0026994 -0.000889228 0 0.0102512 0 0 0 0.00267992 0 -0.0311119 0 -0.00425363 0 0.00311254 0 -0.00632078 0.00291013 0.0163498 0 -0.0111006 0.000256443 0 0.00627033 -0.00208989 -0.0195562 0 0.000255005 -0.031877 -0.0106534 0.000121158 -0.0169807 0.000834097 0 0.000815047 -0.0250625 0 -0.00750469 0.000409204 -0.00881001 0.000430477 -0.00516277 0 -0.0054464 -0.0529971 0 0.00389145 0 0.0014951 0 0 -0.00946523 -0.00447582 -0.00380971 0 0 5.30976e-05 0 -0.000696399 0 -0.00251896 0 -0.00401629 0.00291734 0 -0.018588 -0.00966381 0.00540372 0 0 0.00179648 -0.0139742 0 0 -0.000184351 -0.000401837 0 0.00646969 0.0214975 -0.00191819 0 0.0066629 -0.0101854 0 0.000193022 0 0.00281085 -0.0205291 0 -0.0141822 0 -0.00224265 -0.00623682 0 -0.00684157 0 0.0102635 0 0.00218724 0 0 -0.00387814 -0.0144508 -0.0032869 -0.000192477 -0.00874932 -0.022958 -0.0121284 -0.00737263 -0.0127457 -0.0107669 -0.00943759 0 -0.00841886 -0.0124711 -0.00638368 -0.0167312 0 0.022868 -0.0379703 0 -0.00848161 -0.01953 -0.100359 -0.0054186 0 -0.0108293 0 0.0097519 -0.0104299 -0.00137525 0 -0.00678095 0 0 4.15816e-05 -0.00622942 0.000212703 0 -0.00893957 0.00024558 -0.0100356 0 0 0 -0.00332438 -0.0143968 0 -0.0257487 -0.0100187 0 -0.00682531 -0.0099132 7.12904e-05 0 0.00101545 0.00164086 0 0 0 0 0 -0.010352 0 0 0 -0.0130177 -0.009848 -0.00627475 0.0122367 -0.00229665 0 0.000842849 0.0141634 0 0 0.000617543 -0.000854459 -0.0144291 0 0 0 0
0 -0.0255949 0.945843 0 0 -0.0312666 0.00534821 -0.000235906 0 0 0 -0.0247289 0 -0.0112718 0 0 -0.00117963 0 0 0 0 0 -6.34889e-05 -0.0170185 -0.00219123 -0.000916625 0 0 0 -0.00398133 0 0.00525181 -0.00564986 -0.0175603 -0.00423971 0 0 0 0 0 0 0.000163159 0 -0.0145535 0 -0.00441314 0 0.00213912 0 -0.00273501 0.000597252 0.01272 0 -0.000963744 0 0 0.00310237 -0.00228703 -0.007038 0 0 -0.00798324 -0.00627194 0 -0.00485836 0 0 0 -0.00430773 0 -0.00634086 0 -0.0124183 0.00155766 -0.00113214 0 -0.00420512 -0.0139485 0 0 0 0 0 0 -0.0203408 -0.00168609 -0.000982036 0 0 0 0 -0.000802494 0 0 0 -0.00026654 0.000870788 0 -0.00725113 -0.00585011 0.0113415 0 0 0 -0.0221456 0 0 0 0 0 0 0.0105959 -0.00329815 0 0.00501463 -0.00467458 0 0 0 0 -0.00354896 0 -0.0153053 0 -0.00104435 -0.00265886 0 -0.000198347 0 0.0146543 -0.00617748 0 0 0 -0.0065058 -0.00711058 -0.000251913 -0.000158369 -0.0102153 -0.015114 -0.00355396 -0.00181878 -0.00383369 -0.00759945 -0.00556421 0 -0.0153521 -0.00236032 -0.00695843 -0.0119299 0 0.00898715 -0.012083 0 -0.00358407 -0.00807305 -0.0207187 0 0 -0.0131918 0 0.000163039 -0.00707559 0 -0.000916542 -0.00731533 0 0 0 -0.0042866 0 0 -0.000995354 0 0 -0.00117636 0 0 -0.004124 -0.0249737 0 -0.0140155 -0.00400488 0 -0.0180393 -0.00682842 0 0 0 0 0 0 -0.000673865 0 0 -0.00275299 0 0 0 -0.00146954 -0.00767038 -0.00233148 0.0111359 0 0 0 0.0071365 0 0 0 0 -0.00763104 0 0 0 0
0.0121436 0.0113699 0 0.793387 0.0306249 -0.00132713 0 -0.217796 0.00599281 0 -0.187481 0.014469 1.90545e-05 0.018858 0.040471 -0.0321861 0.0100261 0.00291529 0.00525162 1.04923e-05 0.0399055 0.0102973 0.0149834 0 -0.00140952 0.00110721 0.00226354 -0.0190236 0.00711591 -0.00698561 -0.0182764 -0.0092273 0 0.0105071 -0.00571629 -0.00961579 -0.0402513 -0.00270636 0.0161413 0 -0.00601015 0 -0.0413351 0.0084881 -0.0324488 -0.000172025 0.0140555 0.0507316 0 0.00116823 -0.008722 0 -0.00753038 -0.00942007 0 0.0477005 0 0 0 -0.0416618 -0.00101499 0 0 -0.00317763 0.0338226 -0.000447126 -0.0723303 -0.0168673 0 3.34129e-05 -0.00540387 0.0018276 0.00019886 0 0.00221531 0.00601274 -0.0127626 0 0.0351257 0.016876 0 0.0123145 -0.0434304 0.0186856 -0.00933885 0.00274945 0 -0.00393103 -0.0487828 0 0.00993592 -0.00870198 0 0.0100171 -0.0046068 0 -0.0298594 0.0531056 -0.00084217 0 0 -0.00327976 0.0138833 -0.0141453 0 -0.193774 0 0 0.0135942 0 0.0116804 -0.000778803 -0.00374063 0.0163893 0 2.05064e-05 0.0104933 -0.0119377 0 -0.0147097 0 -0.0257433 -0.00710937 0.00725352 0.000784424 0 -0.000182699 0.0403787 0 -0.010405 -0.00511925 -0.00829009 0.0209282 0.0104196 -0.000689506 0 -0.0129743 0 0 -0.0015273 -0.0150457 0 0 0.0250338 0 0.00360832 0.0238244 -0.00124771 -0.00238276 0 0 0 7.64644e-06 -0.00372334 -0.0186832 0.00174594 0.00834297 0 0 -0.000992287 0.00449665 0.0118781 0 -0.00396788 0.0108143 0 -0.0102001 -0.0165697 0.00353426 -0.010689 -0.0053218 0.0069607 0 0.0199134 0.0127116 -0.00113746 0.00575412 0 0 -0.000530614 0.000260297 0 0 0 -0.0017223 0.00061803 0 -0.00201952 -0.0036349 0 0.00458392 -0.00585156 -0.00202433 0.000869697 0.00251207 -0.000247495 0.00625973 0.00603749 0.00507485 0.000405744 0.000312017 0.000124506 -0.000507551 0 0 -0.00028034 -5.32882e-05 0.00595208 0.0150186 0.0161812 0.00548905 0.000880385 0.0269375 0.00612097 0 0
-0.0269739 0 0 0.0306249 0.915646 0 0 0.0143841 -0.025582 -0.0075632 0.0144589 0 0 0 0 0.000175101 0 -0.0187252 0 -0.0146151 -0.000169379 3.06055e-05 0 0 0 0 -0.0131091 0.00190858 -0.00382394 0 0 -0.00553479 0 0 0 0 0.00197893 0.00119517 -0.000685245 0 0 0 0.000318323 0 0 0 0 0 -0.00432877 0 0.00281814 0.00226982 0 0 0 -0.00140844 0.00020031 2.15652e-06 0 0.000384596 0 0 0 0 -0.000146554 0.000149874 0.00425606 0.0027046 0 -1.26948e-05 0 0 0 0 0 0 0 0 0 0 0 0.000518548 0.00572468 0 0 0 0 0 0 0 0 0 0 0 0 0 0.00112091 0 0 0 0 0.000173033 0 0.000478393 -0.00349563 0.0125309 0 0 0 0 0.000471785 6.05474e-05 0 -0.0141653 0 0 0.00018467 0.0011348 0 0.00100908 0 0.00432768 0 0 0 0 0 0 0 0.0012521 0 0.000364898 -0.00329989 0 0 0 0 0 0 0 0 0 0 0 0 -0.00123432 0 0 0 0 0.00743846 0 0 0.00329626 0 0 0 0 0 0 0 0 0 0 0 0 8.60543e-05 0 0 0 0 0 0 0 -5.37424e-06 0 0 -0.000933091 0 0 0 0 0 0 0 0 0 0.00016319 0 0 0 0 0 0 -0.00210119 0 0 0 0 0 0 0 0 0 0 0.000189248 9.72325e-05 -0.00382774 0 0 0 0 0 0 0 0
0 -0.0214629 -0.0312666 -0.00132713 0 0.932293 0 -0.00344302 0 0 0 -0.0150144 -0.00074138 -0.0363306 -0.0097156 -0.00128658 -9.71516e-05 0 0 0 0.00112371 -0.00632149 -0.000517449 -0.00368442 -0.0109427 -0.00176748 0 -0.0039069 3.46968e-05 -0.0179388 0 9.03858e-06 -0.0154619 -0.0345258 -0.00687185 -0.000739315 -5.24217e-05 -0.00381396 0 0 -0.00340588 0.000954438 -0.00255877 -0.00590004 0 -0.00247825 0 0 0 -0.00363877 -0.00205113 0.00953515 -0.0055502 -0.00880289 0 0 0.00107557 0 -0.0155194 -0.00167975 0 -0.0244865 -0.0101914 0 -0.0160438 0 0 -0.00575734 -0.00614408 0 -0.00403679 -0.0045998 -0.0100088 0.00717409 -0.0128134 0 -0.00320032 -0.0134275 -0.00048927 -0.00344063 0 -0.00595648 -0.00229446 0 -0.0672468 0 -0.00232256 -0.00237272 -0.00124559 0 0 -0.00520533 0 0.00141124 -0.00411493 0 0 -0.000428945 -0.0132106 -0.0123032 0.00552545 -0.00382242 0.00161181 -0.00607537 -0.011622 -0.000794203 0 0 0 0 -0.0028336 0.0106224 -0.00865178 0 0.00247677 -0.00600199 -0.00540655 -0.00076133 0 -0.00527589 -0.0154681 -0.000452073 -0.0130284 0 0 -0.00551041 0 -0.0120881 0 0.00890949 -0.0089665 -0.00423922 -0.000907305 0.000514394 -0.00537028 -0.00867662 -0.00088608 0 -0.00503141 -0.0131618 -0.0025134 -0.00356204 -0.00215447 -0.00727583 -0.00497963 0 -0.0144841 -0.00684722 -0.00108727 -0.0282966 0 0.0237813 -0.0125233 -0.000516541 -0.0187184 0 -0.0198659 -0.00767394 -0.00419736 -0.0134572 0.0082987 -0.00489664 -0.00403096 -0.00376376 -0.00512862 -0.00630305 -0.00312198 -1.56317e-05 0.000986185 -0.00391344 -0.00338609 0 -0.00246263 0 0 -0.0169631 0.0027094 0 -0.00419174 -0.0371818 -0.00120727 -0.0156013 -0.00401836 0 -0.0117122 -0.00495553 0 -0.00421624 -0.00404301 0 9.51847e-05 -0.0054353 -0.00316231 0 0 -0.0132628 0.00307503 0.00148104 0 -0.00149065 -0.007256 0 0.00636874 0 0.00097228 -0.00190536 0.00736084 0 0 0 0.00272365 0 0.0080506 0.00227001 0 0
0.000417181 0.0146923 0.00534821 0 0 0 0.715946 0 0.000393648 0.0179285 3.4063e-05 0 0 0 -0.0103313 3.564e-05 -0.00406812 0 0 -0.00371103 0 -0.0102183 -4.62138e-06 0.00183895 0.0121586 0.000497073 0 0.00396696 0 -0.00244622 -0.0014848 0 0 0.000950841 0 3.14224e-05 -9.34256e-05 -0.0162351 0.00352506 0.0153258 -0.0139787 0 -0.00308282 0.00259317 0 0.00241428 0.048328 -0.00251863 0 0.00308574 -0.0140126 -0.00246134 -0.00669899 0.00243242 -0.000219652 -0.024487 0 0.00411001 0.0264263 -0.00291238 0 0.0144126 0.0112889 -0.00135143 0 0 0.00797958 -0.0119187 0.00045052 -0.00676042 0.0159734 -0.00867426 0.000712064 0 0.000760486 1.29283e-05 0 0.0110524 -0.0023605 -0.0260553 0 -0.00877488 0 0 0.0302713 0.00185603 0 -0.00428558 7.15248e-06 -0.00285224 -0.0223958 0 0.007812 0.00378253 -0.0104902 0.000863924 -0.00243567 -0.000279939 0.00602473 0.00291393 -0.0017682 -0.00502781 0.000643232 -0.0102319 0 3.68457e-05 0 0.00285712 0 0 -0.0144093 0.00330517 -0.0019042 0 -0.000625557 0 -0.00876669 -0.00286013 6.72643e-06 -0.0110369 0 0 0.0065508 0 0.00497804 0.000570141 -0.00116263 -0.000322488 0 0 0.00230173 -0.00965443 -0.00607096 0 0.00238604 0.00458194 0.00271252 0 0.00618058 0.00555552 0 -3.60515e-06 0.0226586 0 0.00578712 -1.86418e-05 0.00328758 0 0 0.0308779 0 -0.00368172 0.00534141 -0.00116773 0 0.00137326 0.00694052 0 0 0 0.00180784 -0.0213982 0.00704285 -0.000166872 0 0.00477729 -0.00427269 0 -0.0240691 0 -0.00452971 -0.0027936 0.0123714 0 0.000789008 -0.000544341 0.0043566 0 0.00967617 0.000220096 -0.00215982 0.0145686 0.00102331 0 0.0222306 0.0113525 0 -0.00160888 -0.0084058 -0.00011153 9.14123e-05 -0.000896011 -0.00416276 0 0.000207498 0.0135322 0.00440843 0.0013486 0 0.00193782 0.0046995 0.00174103 -7.5867e-05 0.000501681 0.000754622 -0.0114688 -0.00170951 0.000701649 0 -0.00289972 0.00503329 0.00231082 0.0005344 -0.00471124 0 0
0.00125742 0.00390091 -0.000235906 -0.217796 0.0143841 -0.00344302 0 0.817902 0.00178332 0 -0.129899 0.00418675 0 3.45025e-05 -0.00140382 -0.0171143 0.00668064 0.00026298 -0.0207664 0 0.0250184 0.00678417 0.00645108 0 -0.00912552 1.31759e-06 0.000915222 -0.00874563 0.00792731 -0.00735024 -0.000783967 -0.00104461 -6.07407e-05 -0.00107845 -0.00788099 -0.00841391 -0.013756 0.0041886 0.00396681 0 -0.00478126 0 -0.0341615 0 -0.0219378 -0.00910399 0.0163709 0.024532 0 0 0.00561078 0.00981751 -0.00365097 -0.00518604 0 0.0222146 0 -0.00379574 0 -0.0211283 0 0 0 -0.00193795 0.0112915 -0.000448408 -0.029301 -0.0132918 0 0 -0.00181923 0.0102606 0 0 0 0.00105936 -0.0385028 0 0.0062113 0.0199243 0 -0.00675537 -0.0378261 0 -0.00702074 0.000914687 0 -0.00430845 -0.0190046 -0.00170698 0 -0.0134563 0 0.00571116 -0.0032942 -0.00328997 -0.0107229 0.0271171 -0.00581186 -0.000706422 0.00497066 -0.00446165 0.00388248 -0.00778458 0 -0.127314 0 -0.0031706 0.006323 0 0.0175172 0 -0.0031674 0.00253114 0 0 0.000555401 -0.0100809 0 -0.00588538 0 -0.0493326 -0.00557132 0.00362402 0 0 0 0.0318922 0 2.84512e-06 -0.00511637 0.00343102 0.0124861 0.00488364 -0.0129316 -0.00221763 -0.00597187 0 -0.0074054 -0.00164533 -0.0202755 -9.17684e-05 -0.0009296 3.4062e-05 -0.00457159 0.0023201 0.00626386 -0.00133443 -0.00507095 -0.00321849 0 0 0 -0.00417101 -0.0114045 0.000748947 2.12694e-06 -8.24445e-05 0 -0.00108245 0.00368849 0.00883101 -0.0074781 -0.00578521 -0.00143913 -0.0090478 -0.00579084 -0.00537265 0.00394513 -0.00757092 -0.00449171 0 0 0.00057925 0.00767403 -0.00201121 0.00466883 0 -0.000521986 -0.00193015 0.00253421 0 -0.00167049 0 -0.00187807 -0.00227165 0 -0.00246974 -0.00330158 0 0.00594381 -0.00586861 -0.00173581 0.0117288 7.22981e-05 -0.000370055 0.00579112 0.00521144 0 0 -0.00187116 0 0 0 0 0.00140107 0 0.013066 0.0123839 0.0166667 0.00422412 0 0.0108769 0.0143144 0 0
-0.0409183 -0.00171186 0 0.00599281 -0.025582 0 0.000393648 0.00178332 0.947023 -0.00783521 0.00363573 0 0 0 0.00409503 0 0 -0.0284747 -0.00609066 0 -0.00259488 0.00583806 0 -0.00038133 0 0 -0.0263723 0.00578805 -0.0126542 0.000605842 0.00149614 0 0 0 0 0 0.00134514 0.00535757 0 0 0.00193176 4.48772e-05 0.00130614 -0.00126727 0 0 0 0 0 -0.000146197 0.00904836 0.0255276 0.00188067 0.00212929 0.000375849 -0.00267981 0.00451734 0 0 0.00104828 3.72538e-05 -0.00571447 0 0.00544915 -0.0054589 0 0.000298915 0.00987046 0 0 0 0.00364535 0 0 0 -0.00314787 0 -0.00209849 0 0.00405978 0 0.00528093 0.00214669 0 0 -0.000129363 0 0.00125673 0.000507196 0 0 0 0 -0.00131047 0.00149263 0 0.0073903 0 0 0 0.00381914 0.00256311 0 0.0132956 0 0.00176132 0 -0.00131482 -0.0110799 0 0.0172898 0.00964744 0.00168097 0 0.00953341 0 0.00329733 0.00121197 0 0.00902203 0 0 0 0 0 0 1.64774e-05 0 0 0.00557548 0.0011131 0.00712561 0 0 0 0 0 0 -0.000556653 0 0 0 -0.00527436 0 0 -8.24097e-06 -0.000444282 0 0 0 0.00690728 0 -0.000594479 0.000106064 0.000103389 0 -0.000603251 0 0 0 -0.000556915 0.00645589 0 0 0 0 0.00302517 0 0 0 0.00201924 0 0 0 0 -1.78402e-05 -0.00155131 0 0 0 0 0 0 0 0 -0.000734057 0 0.000269365 0.0038857 0 0 0.000102782 0.00141913 0 -0.00390801 0 -0.00230459 -0.00123526 0 -4.50601e-05 -0.000183641 0 0.00567224 0 0 0.0031616 0.00374012 0 0 0 -0.00262304 0 -0.000142094 -0.000794101 0 0
-0.0232901 -0.00200183 0 0 -0.0075632 0 0.0179285 0 -0.00783521 0.760174 0 0 0 0.000802738 0.00477033 -0.0234571 0.0101188 -0.0329871 -0.0775845 -0.0130098 0 0.00531257 0.005294 0 0.000562625 0 -0.00110771 0.001805 -0.0278947 0.00086035 0.00325367 -0.0302006 0 0 0 0 0 0.0182147 -0.00474946 0 0.000871185 0 -0.0210637 -0.000929802 -0.0554193 8.41443e-06 0 0.00426373 -0.0152322 -4.56285e-05 0.0058598 0.0203605 0.00216265 0.00466577 0.000278609 0 0.00203578 0.013854 -0.00213351 0 0 -0.000259136 0 0.00180235 0 0 -0.000695565 0.00565626 0 0 0 0.00565345 0 0 0 0 0 -0.000387057 0.00330628 0.00522116 0 0.00438403 0 0 -0.00494209 -0.00749732 0 0.0015338 -0.0326333 0 0 -0.047465 0 -0.00140162 0.00148098 0 0 0.0092326 0 0 0.00139915 0.00168546 0 0.00612539 0 0 0 -0.139195 -0.011405 0 0.00860954 0.00177586 0.00256746 0 0.0120513 0 0.00324472 0 -0.00635114 0.00708461 0 -0.0389197 -0.00391913 3.00585e-05 0 0 0 0.000761041 0 0.00086117 0.000289162 0.0140409 0 0 0 0 -0.00224934 0.00768136 0 -0.0033001 0 -0.0186295 -0.000590567 0.000180802 0 0 0 0.00825931 0 -0.00135044 0.0347422 0 0 0.00112682 0 0 -0.000380096 0 0 0 -0.0011117 0.0187314 0 0.000730784 0.000315456 0 0.00376039 0.00686051 0 0 0.0015774 0 0 0 0 9.75753e-05 -0.000739994 0 0 -0.000125519 0.000808634 -0.00399737 0 0 -0.000303257 0 -0.00992307 0.00199489 0.00375436 0 -0.00027615 0 0.00140178 0 -0.0157956 0 -0.00225888 -0.00136242 0.00919309 0 0 0 0.00286311 0 -0.00585024 0.00448651 0.00714362 0 0 0.000879678 -0.00503065 0 0 -0.000637149 0 0
0.0178382 0.00226977 0 -0.187481 0.0144589 0 3.4063e-05 -0.129899 0.00363573 0 0.806975 0.0160873 0 0.015821 6.06693e-05 -0.0184047 0.0179896 0.00762079 -0.000710968 0.0170428 0.0245605 0.00876928 0.0110827 0 -0.000550101 0.0174148 0.00176307 -0.0117275 0.0091008 -0.00505999 -0.00474891 -0.00586767 0 0.0110501 -0.00738293 -0.00336291 -0.022614 0.00751134 0.00832385 0 -0.00447602 0 -0.024291 0.000481692 -0.0273255 -0.00270148 0.00297194 0.0226426 0 0.0010742 -0.00216486 0 -0.00588466 -0.00329008 0 0.0356105 0 0 0 -0.0185631 -0.000568093 0 0 -0.00443878 0.0274857 0 -0.0498125 -0.00986563 0 0.0211211 -0.000510921 0.0119306 0 0 0.00872375 0.00496598 -0.0221792 0 0.0349723 0.0172842 0 0.00367248 -0.0626208 0.00792027 -0.00533847 0.0117436 0 -0.00131719 -0.0370407 0 0 -0.00278246 0 0.00544541 -0.00382392 0 -0.0415734 0.0325664 0 0 0 -0.00360274 0.00500724 -0.00954484 1.7629e-05 -0.134754 0 0 0.0167582 0 0.00366565 0 -0.00181688 0.0101659 0 0 0.00541056 -0.0195926 0 -0.00860711 0 -0.0367682 -0.00387979 0.00983767 0 0 0 0.0169845 0 -0.00722044 -0.00408308 0.000403574 0.00751814 0.00631428 -0.00264144 0 -0.0038609 0 0 -0.000403606 -0.0059664 0 0 0.0146249 0 0.00209872 0.00905811 -0.000456214 -0.00201274 0 0 0 0 -0.00406041 -0.00865297 0.00113917 0.00769179 0 0 -0.000682914 0.00283156 0.0222674 0 -0.00230707 0 0 -0.00564216 -0.00638092 0.00325522 -0.00172509 0.00429504 0 0 0.0108585 0.00587015 -7.64288e-05 0.0036264 0 0 -0.000742676 0 0 0 0 -0.00303766 0 0 0 -0.00260666 0 0.00323596 -0.00454187 -0.00213954 0 0.000309039 0 0.00451591 0.00414541 0.00410183 0 0 0 0 0 0 0.000875447 0 0.0187333 0.000692438 0.0188095 0.00404079 0 0.00622604 0.0104698 0 0
-8.47526e-06 -0.027776 -0.0247289 0.014469 0 -0.0150144 0 0.00418675 0 0 0.0160873 0.913705 0 -0.00709852 -0.00206477 -0.000344375 -0.0054537 0 0 0 -1.18769e-05 -3.10013e-05 -0.00116461 -0.0033385 -0.0039259 -0.00535535 0 0 0 -0.00849672 0 0.00491772 -0.0216761 -0.0332833 -0.00823375 0 0 0 0 0 0 0.00301446 0 -0.0116231 0 -0.00592603 0 0 0 -0.0035879 0 0.0201305 -0.00786272 -0.00865584 0 -0.00253908 0.00269002 0 -0.0107593 0 0.000732285 -0.0183929 -0.00145897 0 -0.0207881 0 0.000862741 0 -0.00190323 0 -0.00297723 -9.69814e-05 -0.00490171 0.00139079 -0.00844817 -0.00140078 -0.000563003 -0.0193215 0 0 0 0 1.59069e-05 0 -0.00698707 -0.00497509 0 0 0 0 0 -0.00725026 0 0 0 0 0.0163333 -0.0135829 -0.00582764 -0.00396036 0.00844684 -0.000795408 0 0 -0.0304768 1.32285e-05 0 0 0 0 0 0.0128444 -0.0006273 0 0.00759814 -0.0143407 -0.00148818 0 0 0 -0.00647864 0 -0.00645021 0 -0.000387906 -0.00392195 0 -0.0212814 0 0.015265 -0.00717853 0 0 0 -0.00724994 -0.0063163 0 0 -0.00499054 -0.011801 -0.00193258 -0.0285382 -0.00445874 -0.0068111 -0.00811241 0 -0.0224702 -0.0037611 -0.0145952 -0.0186033 0 0.0191872 -0.00959294 0 -0.000223645 -0.00696143 -0.0246636 0 -0.00442407 -0.0215977 0 0 -0.00528834 -0.000495537 -0.00503545 -0.00300305 0 0 0 -0.00140364 0 0 -0.00787579 0 -0.00190057 -0.000474714 0 0 -0.000633594 -0.0152755 0 -0.00916014 -0.0171795 0 -0.0146678 -0.00354968 0 -0.00391584 0 0 0 0 0 0 0 -0.0147807 0 0 0 -0.00428844 -0.0102291 -0.000108543 0.015 0 0 0 0.0201204 0 0 0 0 -0.000288647 0 0 0 0
0 -0.00542633 0 1.90545e-05 0 -0.00074138 0 0 0 0 0 0 0.759968 -0.000424963 -0.00367746 0 0.000790658 0 0 0 0 -0.00581133 0.0457687 0 0 0 0 -0.00255422 0.00234038 -0.00933333 -0.0211522 -0.00722095 0 -0.00564468 -0.014413 0 -0.000943302 -0.00210324 0 0 -0.00136136 0 -0.00139857 0 0 0 0 -0.00133082 0 0 -0.00120055 0.00133263 -0.00191342 -0.029229 -0.00860235 0 0 -0.000731267 0 -0.00119892 0 -0.000572129 0 -0.0106238 -6.30341e-05 -0.000858503 0 -0.000485746 -0.00210374 0 0 -0.00240009 0 0 0 0 -0.0152779 -0.00866477 -0.0124976 -0.00411092 0 -0.0028833 0 -0.00653613 0 0.00577349 0 0 0 0 -0.000111006 0 0 0 -0.00131702 -0.00352563 -0.00107507 0 0 0 0.000613143 -0.000308593 0 -0.0054938 -0.00166051 0 0 0 0 0 -0.0025424 0 -0.000997524 0 0.00207917 0 -0.00363273 -0.00296046 0 -0.00179624 0 -0.000760342 0 0 0 0 0 -0.00537445 0 0 -0.000991955 -0.00167576 -4.84332e-05 0 -0.0014765 0 0 0 0 0 -0.00912827 -0.000477555 0 -5.97258e-06 -0.00266456 0 0 -0.000344219 -0.00257124 -4.63286e-05 0 0 0 0 -0.00260716 0 -0.00526788 -3.15128e-05 -0.00124697 -0.0151983 0.00122296 -0.00175295 -0.00457734 -0.00567395 -0.00781054 -0.00142219 -0.000974372 0 0 0 -0.00103708 0 0 0 -7.08345e-06 0 0.00139578 0 0 0 0 0 0 0 0 0 0 -0.000378317 -0.0028789 0 0 -0.00146878 0 0.007722 0 -0.00107325 0.00151057 0.000126534 0 0 0 -0.00316055 0 0 0 -0.000575084 0.00076557 0 0 0 0.00116453 0 0.000400741 0.000468105 0 0
0 -0.00712525 -0.0112718 0.018858 0 -0.0363306 0 3.45025e-05 0 0.000802738 0.015821 -0.00709852 -0.000424963 0.907903 -0.0223877 -0.00101022 -0.00305233 0 0 -0.0105523 0.000792894 -0.00445553 -0.022752 -0.00312235 -0.0215327 -0.0171693 0 -0.00443885 0.00355935 -0.0104212 0 7.46178e-06 -0.00397843 -0.00467956 0 -0.00210248 0 -0.00497011 0 0 -0.00331273 4.12326e-05 4.47588e-05 -0.00853266 0.0312743 -0.00611614 0 0 0 -0.00769669 -0.00275754 0.00454302 -0.0034072 -0.00609535 0 0 0.000468025 -0.000453785 -0.00511817 0 0 -0.000577551 -0.0183594 0 -0.019843 0 0 -0.00597656 -0.0269439 -0.000695968 -0.0107459 -0.0148397 -0.0149969 0 -0.0180379 0 -0.000506095 -0.00011964 -0.00143667 -0.00511608 0 -0.013807 0 -0.00725566 -0.0138354 0 -0.0152071 -0.00832084 0 -0.00635554 0 0 0.00685974 0.00118452 -0.00294214 0 0 -0.000761707 -0.0171811 -0.00747024 0.0011805 -0.00374549 0 -0.00502094 -0.0168831 0 0 0 0 0 -0.00414723 0.0101879 -0.0203979 0 0.000783161 -0.0254206 -0.00640653 -0.0010456 -0.000670287 -0.00440102 -0.0188855 3.45759e-05 -0.00513568 0 0 -0.00661517 0 -0.00624034 0 0.00533658 -0.00319468 -0.00552324 -0.0116836 0 -0.00826842 -0.0255762 -0.00333579 0 -0.0067853 -0.00718302 -0.000267683 -0.00903717 0 -0.00951096 -0.00732057 0 -0.0142371 -0.0164147 0 -0.00937196 -0.00811223 0.00244981 -0.00210248 -0.000383025 -0.00213249 -0.00299987 -0.00648869 0 -0.000151538 -0.00593134 0.00243823 -0.00664828 -0.00827561 -0.00055197 -0.00196532 -0.00900558 -0.00328413 0 0 -0.0212005 -0.00234427 0 -0.0110692 0 -0.0144943 -0.00944548 0.00292191 0 -0.00161354 -0.00773316 -0.000573504 -0.0212521 -0.0012465 0 -0.00103402 -0.0055205 0 -0.0117418 -0.00434103 0 0.00131115 -0.00189729 -0.00101142 0 0 -0.00122719 0.00294763 0.00321873 -0.0154348 0 -0.00535491 -0.00131146 0.00528188 -2.05123e-05 0.00871983 -0.00281861 0.0010597 0 0 0 0.00276044 0 0.00645491 0.00211408 0 0
0.0027163 0 0 0.040471 0 -0.0097156 -0.0103313 -0.00140382 0.00409503 0.00477033 6.06693e-05 -0.00206477 -0.00367746 -0.0223877 0.853445 -0.004701 0 0.000302091 -0.00706046 -0.00505551 0.00657366 -0.0275813 -0.0124016 0.00276459 -0.00220159 -0.00683156 0.00264702 -0.0196977 0.00316665 -0.0195196 -0.00391706 0 -0.00151377 -0.0175543 0.000945907 -0.0105812 0.000447275 -0.0355117 0.00361746 -0.00344618 -0.0194688 0 -3.62892e-05 0.000859269 0.00795805 -0.00521111 0 -0.00710027 0 0.00107382 -0.0240028 -0.00217134 -0.0240903 -0.0186088 -0.010624 0 -0.000221332 0 0 -0.00985548 -0.000787744 0.001362 0 -0.00480891 -0.00664354 -0.0228426 0.00871443 -0.0240019 -0.00349777 -0.00832136 0 -0.0236822 0 0 0 0 0 0.002457 -0.0120817 -0.0259416 0 -0.0392859 -0.00687185 0 -0.000823598 0.00519366 0 -0.0225611 0.0161689 -0.00990038 -0.00386741 -0.00492244 0 0.0147869 -0.0248979 0 -0.00625808 -0.0176575 -0.00184964 0 -0.000147642 -0.0385919 0.00773709 -0.0302177 -0.00676804 0.030749 0 0.00752764 0.00105663 0 -0.0326855 -0.00234978 -0.0150277 0 -0.00105375 -0.00400615 -0.0318351 -0.0196429 -0.00520146 -0.0527594 -0.0064328 0.00668198 0 -0.000186008 0.00134914 0 -0.0077063 -0.0290023 -0.00393076 -0.00039904 -0.01318 -0.0337726 -0.0175142 0.00218196 -7.35193e-05 -0.00204159 0 0 0.00316967 0 -0.00177154 -0.00558124 0 -0.0119069 -0.00820608 0.00363164 7.13406e-05 -0.0192361 -0.000108636 -0.00430706 -0.000535033 0 0 -0.0123415 -0.0103417 0.00310933 0 -0.0104109 -0.0177667 -0.00278391 0.0230556 -0.0294889 0.00180295 -0.00659093 -0.0290119 0 -0.0174668 -0.00259615 0.00180758 0 -0.0288533 -0.00114371 0 -0.0176051 0.000223681 -0.0165556 0.0166225 0 0 -0.00135756 -0.00955933 0 -0.00219732 -0.00396966 0 0.00325421 -0.0026509 -0.0161813 -0.0369028 -0.000313916 0.00834144 -0.0110837 -0.0136845 0 0.00355138 -0.00570848 0.0295311 0.0236446 -0.00146709 0 -0.000805961 0.00196518 -0.00152014 0 0.00542178 -0.0199316 -0.00156066 0.00135682 -0.0103044 -0.0044449 0.022491 0.000727483 0.0162127 0.0187074 0 0
0 0 0 -0.0321861 0.000175101 -0.00128658 3.564e-05 -0.0171143 0 -0.0234571 -0.0184047 -0.000344375 0 -0.00101022 -0.004701 0.791752 0.0297982 0 -0.0143235 -0.00372971 0.012932 0.0124578 -0.00047427 0 -0.00730099 -0.00431747 0 -0.00509249 0 -0.0057639 -0.00041771 -0.00823351 -0.00382521 -0.0071879 -0.0127988 -0.0903594 -0.0162577 0.0242481 0.000234645 0 -0.00154429 0.00792373 -0.0405956 0 -0.0493997 -0.000589768 0.000440267 0.00746012 -0.0181363 0 -0.00483365 0.00749613 0.00365168 -0.00466299 0 0.00388668 0.00491734 9.80193e-07 -0.0125717 -0.00462074 0 -0.00395842 0 2.79685e-05 -0.00201746 -0.00211298 -0.00269182 -0.00519467 0 -0.000370473 -0.000528415 -0.0027861 0 0.00161649 -0.000439386 0 -0.00660282 -0.00126812 0 0.006278 0 -0.00480787 -0.0300381 -0.0193834 -0.00543749 0 0 -0.00412235 -0.0234887 -0.00268178 0 -0.0313804 0 0.00400624 -0.00374658 0 -0.00414108 0 -0.00677234 -0.00133389 0.00296222 -0.00329394 0.00041347 -0.0120882 -0.00092057 -0.017598 0 -0.00579787 0 0 -0.00289826 0.0033471 -0.00290309 0.00250813 0.00909491 0 -0.00871159 -0.00780342 -0.00131553 -0.00376383 0 -0.0535136 -0.0092086 0 0 -0.00907107 -0.00823082 -0.00148976 -0.0335025 0.00354445 -0.00715606 0.00773653 -0.000439262 0.0138153 -0.00290575 -0.00202885 -0.0102614 0.0120771 0 -0.000933436 -0.00335895 -0.00477621 -0.00311294 -0.0012127 -0.00195508 0.01377 0 0 -0.00201306 -0.017239 0.000898219 0 -0.000130212 -0.0168607 -0.00353072 0 0 0 -0.00179058 -0.0153827 0.00285264 0.00260355 0 -0.00321334 -0.0101873 0 -0.00302202 0 0.0111752 -0.00142384 -0.00146699 0 -0.0091527 -0.0124225 0 -0.00163507 0.00230841 0 0 -0.0048869 0 0 -0.0227055 0 -0.00396697 0 -0.0243172 0 -0.00465562 0 0.00176332 -0.00557907 -0.000965548 0 -0.00805902 0 0.00435903 0.00383505 0 0 0 0.000349754 8.3706e-05 0 0 -0.00285195 0.00679688 0.00323551 0 0 0.00192499 0 0.0183962 0.00382646 0 0
0 -0.0139971 -0.00117963 0.0100261 0 -9.71516e-05 -0.00406812 0.00668064 0 0.0101188 0.0179896 -0.0054537 0.000790658 -0.00305233 0 0.0297982 0.681863 0 0.000235037 0 -0.00126784 0 -0.0212582 -0.000130294 0 -0.0235094 0.000242388 0.0228989 0 0 -0.0356563 0.0125019 0 0 0.00457284 0.000795814 0 0 0.0792984 0 -0.0132588 0 0.0089203 0 0.0547029 -0.00118524 -0.00231516 0 0.00309254 0 0 0 0 0 0.00274915 -0.000374383 0 0 0 0.0143649 0 0 0 0 -0.00269094 0.0421311 0.044214 0 -0.0211944 0 -0.000157239 -0.00197522 0 0 0 0 0 -0.000507978 0 -0.00855199 0.00776779 0 0.00360025 0.0198066 0.00138677 0 0 -0.00422621 0.0207925 0 0 0.0131974 0.0370839 -0.00742443 -0.0174939 0 0.0220506 -0.00121312 0 0 0 0 0 0.000236783 0 0.00866625 0.00788528 0.00216204 0 0 0 0.000129652 -0.0556065 -1.09267e-05 0 -0.0487069 0 0 0.00658391 0.000214115 -0.0167643 0.0198047 0.0117035 0 0 0 0.0133608 0 0.00564641 0.00464013 0 0 -0.00604063 0 0 0 0 0 0 0 0 0.00602875 -0.0196993 -0.0158361 0 0 -0.0077008 -0.0161944 0.0027985 0 0 0.0177269 -0.00499279 0 0.000140264 -0.026058 -0.0128861 0 0 -0.00407488 0 0 0 0 0 -0.000433317 0.00280594 0 -0.0113588 0.00265111 0 0 -0.0060404 0 0 0 0 0.000201609 0 0 0 -0.00479764 0 0 0 0 0.00517427 0 0.000101158 0.0116616 0 0.0098895 0 0 0 0 0 0 0 -0.0251756 0 0 0 0 0 0 0 0 0 0 0 -0.0122594 0 -0.000656689 0 0
-0.0358302 0 0 0.00291529 -0.0187252 0 0 0.00026298 -0.0284747 -0.0329871 0.00762079 0 0 0 0.000302091 0 0 0.913153 -0.00135317 -0.0377391 -0.000857196 0.000291462 0 0 0 0 -0.00938254 0 -0.0165797 0 0 -0.0192786 0 0 0 0.000436057 0 0 0 0 0 0 0.000241014 0 0 0 0 0 -0.00897769 0 0.000111707 0.00671784 0.000371417 0 0 -0.00192805 0 0.00139264 0 0 0 0 0 0 0 0 0.000103556 0 0 -0.0027209 0 0 0 0 0 -3.3039e-05 0 0 0 0 0 0 0.00661514 0 0 0 0 0 0.00160043 0 -0.0115748 -0.000653961 0 0 0 0 0 0 0 0 0.00290988 0.0059312 -0.00138377 0.000602082 0 0.00694343 0 -0.0114676 -0.00490194 0 0.00378271 0.000493036 0 -0.014448 7.83274e-05 0 0 0.00146606 -0.0270977 0.000966045 0 0 0 0 0 0 0 0 0 0.00939267 0 0.000708868 -9.6237e-06 0 0 0 0 0.0103069 0 0 0 0 0 0 0 -0.00520738 0 0 0 0 0.0269266 0 0 0.00795437 0 0 0 0 0 0 0 0 0 0 0.000315759 0 0.00217442 0 -0.00766883 0 0 0 0 0 0 0 0 0 0 0 0.000425597 0 0 -0.00739743 0 0 0 0 0 0 -0.00022344 0 0.000179934 0 -0.00515949 0.00240803 -2.60767e-05 -0.00366754 0 0 0 0 0.000789672 0 0 0.000315071 0.00113037 0 0 0 0 0 0 -6.12177e-05 0 0
-0.00567931 0 0 0.00525162 0 0 0 -0.0207664 -0.00609066 -0.0775845 -0.000710968 0 0 0 -0.00706046 -0.0143235 0.000235037 -0.00135317 0.75458 -0.022863 0.08217 -0.00263767 1.07727e-05 0 0 0 -0.0087977 -0.00040281 0 -0.0032576 0.0139049 -0.0299213 -0.000297054 -0.00384665 -0.000740953 -0.00159795 -0.00101376 0 0 0 0 0 -0.00813393 0 -0.0349738 0 0 0 -0.0213411 0 -0.000397519 0.0166601 -0.000152165 0.0191256 -0.00183405 0 0 0.00252685 0 -0.00381503 0 0 0 0 0 -7.90106e-05 0 -0.000243225 0 0 0 0 0 0 0 0 -1.19716e-05 0 0 0 0 -0.00237614 -0.00581253 0 0 6.50565e-05 0 -0.00302928 -0.00713896 -0.0011941 0 -0.052943 0 0.00120686 -0.00179774 0 -0.00111229 0.00383166 -8.80777e-05 0 0 -0.00129532 0 -0.00222422 0 -0.005289 0 -0.0510581 0 0 0 0 0 0 0.00376032 0 -0.00159021 -0.000538346 -0.0239091 -0.000168594 0 -0.0237336 -0.000118685 0 0 0 -0.000777738 0 0 0 -0.00537921 -2.68391e-05 -0.000141134 1.53182e-06 0 -0.0010597 0 0 0 0 0 -0.00179021 0 -0.000411364 0 0.00115106 0 0 0 -0.00416299 0.0104488 0 0 0 -0.00340328 0.000100392 0 0 -0.00682154 0 0.00049979 0 0 0 -5.6324e-05 0 -0.000364775 0.0082083 0.00033343 0 -0.00240828 0 0 -0.00240564 0.00206735 0 0.000682904 0 0 0 0 0 0 -0.0189621 -0.000204458 0 -0.0179484 -2.47988e-05 -0.00208782 -0.000565683 0 0 0 0.00162286 -0.00664682 0 0 0 0 0 0 0 0 0 0 0 0 0 -4.75866e-05 0 0.000335858 0 0.00391805 0.000868057 0 0
-0.0139469 0 0 1.04923e-05 -0.0146151 0 -0.00371103 0 0 -0.0130098 0.0170428 0 0 -0.0105523 -0.00505551 -0.00372971 0 -0.0377391 -0.022863 0.863265 0.000851523 -0.000267737 0 0 0 0 -0.0160825 0 -0.0182827 -0.00704937 0 -0.0155558 0 -0.000270722 0 0 0 -0.00241269 0 0 -0.00252671 0.000118937 0 0 0 0 0 0 -0.0117338 0 -0.000282449 0.00907403 0 0 0 -0.0220997 0 0 0 0 0 0 0 0 0 -0.000515865 0.0163575 -0.000232906 0 -0.00439682 0 -0.0005784 0 0 0 0 0 0 0 -0.00107288 0 -0.016339 0 0 0 0 0 -0.000893854 0 -0.0222362 -0.00353008 -0.00292147 0 0.004526 -0.00162164 0 0 0 0 0 0 0 0 -0.00295438 0 0.00070856 -0.0081775 -0.0136706 0 0 0 0 0 -0.0255397 0 0 -0.00308573 0 -0.03536 -0.000196635 0 0 0 0 0 0 0 0 -0.0130887 0 0 -0.000371491 -0.0264889 0 0 0 0 0.00116871 0 0 0 0 0 -0.00156525 0 -0.012837 0 0 0 0 0.00837458 -0.00615334 0 0 0 0 0 0 0 0 0.000258715 -0.00450611 0 0 0 0 0 0 0 0 -0.00149117 -0.0040926 0 0 0 -2.48019e-05 0 0 0 0 0 0 0 -0.0202799 0 0 -0.00837565 0 -0.000921136 0 0 0 0 0 0 0 0.000449985 0.00044505 0 0 0 0 0 0 0.000652267 -0.00047597 0 0 0 0 0.000246469 0 0.00876244 0.000641859 0 0
-0.00324227 0 0 0.0399055 -0.000169379 0.00112371 0 0.0250184 -0.00259488 0 0.0245605 -1.18769e-05 0 0.000792894 0.00657366 0.012932 -0.00126784 -0.000857196 0.08217 0.000851523 0.824284 0.00631878 0 0 0 0 -7.22628e-05 0.00572438 -0.00423318 0.00463726 0.000411332 0.0212947 0 0.00208893 2.53194e-05 0.0225015 0.00313286 0.00526547 -0.00302055 0 0.0032384 0 0.0287735 0 0.00841324 0 0 -0.00126546 0.00480889 0 0.00532381 0.000450109 0.00427092 -0.00603287 0.021932 -0.034703 0 0 0 0.00879766 0.00173844 -1.47786e-06 0 0.00412674 0 0.000636507 0.0116586 0.0137968 0 0 0 0.00201372 0 0 0 -0.0101987 0 0 0 -0.0205558 0 0.00605863 0.0380199 0 0.00251356 -0.00245505 0 0.00326148 0.0182958 0 0 0.0017134 -0.00440382 -0.0207052 0.00565131 0 0.00660128 0 0 0 0 0.00528913 -0.00505281 0.00978596 0 0.020026 0 0 -0.00134812 0 0.00252438 0.00201306 0.00725938 -0.0119825 0 0 0.0113539 0.00488742 6.03161e-06 0.00739922 0 0.0070449 0 0 -0.000379186 0 0.00448245 0 -1.19016e-05 0.000639701 0.00330021 0.00526299 0 -0.0168966 0 0 0 0 0 0 0.00153968 0 0 0 0 -5.98852e-05 -0.000503545 0 0 0 0 0.0056345 0 0.00252617 0.0041098 0 0 0 0.00088473 0 -0.00241296 0.00462438 0 -1.19597e-05 0.00143666 0 0.00497698 0 -0.00269706 0 0.00412164 0 0 0 0 0.000791836 -0.0024507 0 0 0 0.00233172 0 0 0 0 0 0 0.00242043 0.0054383 0.000761522 -0.00205229 0.00197519 0.00329072 -0.00316214 0 0.000109248 -0.00326181 -0.00467582 0 0 0 0 0.00216337 0 0 0.00293874 0.00193683 -0.00767427 0 0 -0.00342411 0 -0.00388835 -0.00378087 0 0
0.00274685 0.00120867 0 0.0102973 3.06055e-05 -0.00632149 -0.0102183 0.00678417 0.00583806 0.00531257 0.00876928 -3.10013e-05 -0.00581133 -0.00445553 -0.0275813 0.0124578 0 0.000291462 -0.00263767 -0.000267737 0.00631878 0.896072 -0.00144872 0.00441302 0 0.00112642 0.00167948 -0.0345181 0.000968488 -0.017928 -0.00546206 0 -0.00183642 -0.02675 -0.00524613 0.0032401 -0.00645862 -0.0246813 -0.00532614 -0.00491269 -0.0190703 0 -0.006536 0.00195215 -0.00282844 0 -8.04085e-06 -0.0029506 0 0.00378465 -0.0234203 -0.00397332 -0.0164517 -0.0142253 -0.00261391 -1.96498e-05 -0.000889708 0 0 -0.0213873 -0.00168279 0.000653011 0.000460005 -0.0125139 -0.000257535 -0.00166384 0 -0.0271765 4.5324e-06 -0.00762069 0 -0.0321318 0 0 0.000936476 0.00157358 0 0.00880966 -0.0146853 -0.0322902 0 -0.0299366 -0.0095279 -7.70867e-06 -0.000714282 0.00809827 0.000644506 -0.0119019 -0.00459598 -0.00478497 -0.0148475 -0.00310384 0 0.0149245 -0.014472 0 -0.0113615 -0.00655443 -0.00105855 0 -0.00125646 -0.0171078 0.00614873 -0.080143 -0.0020408 0.00249701 -0.000877082 0.00462785 0.00106127 0 -0.0263336 -0.00227459 -0.0114706 0 -0.0014625 -0.00177672 -0.0325306 -0.0133645 -0.00554977 -0.0503827 -0.00302369 -0.00341636 0.00114711 0 0.00195481 0 -0.00344664 -0.0114696 -0.00127028 -0.00167165 -0.0217436 -0.0409885 -0.00907749 0.00242997 0 -0.00152392 0 0.000406073 0.00535118 0 -0.00309457 -0.00417704 0.0061856 -0.0077513 0 0.00247014 0.00241878 -0.00796563 -0.00129928 -0.00238315 0 0 0 -0.00654405 -0.00946076 0.00714526 0.00101035 -0.00313582 -0.00773312 -6.24994e-05 0.0157865 -0.0307392 0.00402459 -0.0159453 -0.0104725 0.000108207 -0.0182148 -0.0031079 0.000251011 0 -0.0199464 -0.00912494 0 -0.000901553 0.00252124 -0.00667598 0.0212032 0 0 -0.000450194 -0.0207534 0 -0.00182433 -0.00203457 0 0.00580825 -0.00300816 -0.00925083 -0.0271983 -0.00697696 0.00544647 -0.0144391 -0.0128771 0 0.00218274 -0.00380066 0.0200786 0.0100844 -0.000525293 0.000487335 0.00295818 0.00248841 -0.00135249 2.62802e-05 0.00547412 -0.0210184 -0.00135962 0.00145035 -0.00115743 -0.00476693 0.0175144 0.00594799 0.00967397 0.0119307 0 0
0.00737768 -0.0192456 -6.34889e-05 0.0149834 0 -0.000517449 -4.62138e-06 0.00645108 0 0.005294 0.0110827 -0.00116461 0.0457687 -0.022752 -0.0124016 -0.00047427 -0.0212582 0 1.07727e-05 0 0 -0.00144872 0.816372 0 -0.00272076 -0.046044 0.00162655 -0.00166103 0 -0.000437165 -0.000351946 0 0 -0.00160265 0 -0.0122349 0 -0.00137053 0.00134308 0 -0.00169047 0 0 -0.00316363 0.00504771 -0.00259706 0 0 0 0 -0.00215893 0.00279484 -0.00161004 -0.00799603 0 0 0 0 0 0 0 -0.00215271 0 -0.000368418 -0.0196097 0.0055215 0 -0.0234692 -0.0229185 -0.00047791 -0.005173 -0.00715304 0 0 0 0 0 -0.000951037 -0.00209873 -0.00257969 0 -0.00334226 0 0 0 0 0 -0.0064293 0 -0.00165942 0 0 0 0 -0.00119006 0 0 0 0 0 0.0018227 -0.00596637 0 -0.00268019 -0.0119922 2.16265e-05 0.00341348 0.00162083 0 0 -0.00197428 0.0121463 -0.0203741 0 0 -0.0432242 -0.00315364 -0.000277436 0 -0.00160959 -0.0255758 2.09481e-05 0 0.00479275 0 -0.00274081 0 -0.000779905 0 0.0164378 -5.71367e-05 -0.00447357 -0.00428637 0 -0.000983226 -0.00167253 -0.00237688 -2.14463e-06 0 0 -0.000881492 -2.55594e-05 0 -0.00177197 0 0.00695312 0 -0.00680344 0 -0.0019078 0 0.000232695 -0.00202346 0 0 0 -0.0133267 -1.4927e-05 0 -0.00380635 0.000172938 -0.00861779 0 -0.000644325 -0.000101037 -0.000788273 -0.00112277 -0.000349165 0 0 -0.00136764 0 -0.0157279 0 0 -0.000841064 0.00106622 0 0 0 0 -0.00209784 -0.00258476 0 1.22156e-05 0 0 -0.00112862 -0.00403809 0 0 -0.000561239 0 0 0 0 0.00330751 0.000677488 -0.00119626 0 0 0 0.00313941 0 0.000146854 -0.00353975 0.000355512 0 0 0 0.00114762 0 0 0.000129484 0 0
0 -0.0246588 -0.0170185 0 0 -0.00368442 0.00183895 0 -0.00038133 0 0 -0.0033385 0 -0.00312235 0.00276459 0 -0.000130294 0 0 0 0 0.00441302 0 0.970586 -0.00267796 -0.00999224 0 0.0025056 0 0 0.000126943 0 -0.00210849 0 0 0 0 0.00490157 -0.00217016 0 0.00181359 2.90514e-05 0.000378362 -0.0273442 0.000544778 -0.00842318 0 0.000502938 0 -0.0302475 0.00459238 0.02018 0.000874439 0 0 0 0.00308573 -0.00185583 -0.00370825 0.00042698 0 -0.00521067 -0.0248904 0.0032959 -0.00877317 0 0 0.00384317 -0.0106763 0.00218053 -0.0107769 0.00317028 -0.0164929 0.00026319 -0.0147524 0 -0.00366535 -0.0117562 0.00026344 0.0181927 0 0.00435881 0 0 -0.00403465 -0.00683499 -0.022674 0.000709853 9.09034e-05 0.000996308 0 0 0 -0.00164728 0.00123121 -0.00171647 0.00161259 0 -0.0120553 -0.0253486 0.00751748 0.00158962 0 0.00625026 -0.00536525 0 0 0 0 0 0.00395649 0.0125792 0 0 0.00530638 0 0.00284953 0.00187686 0 0.00473371 -0.00219498 0 -0.00809005 0 -0.0015713 -0.0135491 6.39369e-05 0 0 0.014893 0 0.00530411 0.000473238 0 -0.00704638 -0.00358233 -0.00263063 0 -0.0141216 -0.005068 0 0 -0.000489552 0 -0.0077239 0 -0.00988616 0 -0.000588874 -0.00329914 0 0.00130533 -0.00589535 0 0 -0.0125459 -0.0259985 0 0 -0.00351644 -0.000416016 0.00993518 -0.00623834 0 0 -0.00702835 0.000962299 0 0 -0.017136 0.00239693 0 -0.0011869 0 -0.000992254 0 -0.00135844 0 -0.0081812 -0.00515187 0.000812644 -0.0142944 -0.00148107 0 -0.00172145 -0.00853436 0.000999226 0 0.0036158 0.000883526 0 0 0 0 0 0 -0.00154949 -0.000170707 0 -0.00016441 -0.0113664 -0.00369942 0.00677812 0 -0.0002895 0.00329154 0.0171902 0 0 0.000538384 -0.00215785 -0.00220783 -4.61735e-05 -0.000780624 0 0
0 -0.0032629 -0.00219123 -0.00140952 0 -0.0109427 0.0121586 -0.00912552 0 0.000562625 -0.000550101 -0.0039259 0 -0.0215327 -0.00220159 -0.00730099 0 0 0 0 0 0 -0.00272076 -0.00267796 0.91516 -0.0115886 0 0 0 -0.0102029 0 0 -0.000973506 -0.00933029 0 -0.000536244 0 0 0 0 0 0 0 -0.00378272 0 -0.00416154 0 0.000863409 0 0 0 0.00249693 -0.00123589 -0.0208734 0 0 0 0 -0.0067752 0 0 -0.000443158 -0.0205599 1.59293e-05 -0.000545377 0 0 -0.000990679 -0.00389931 0 -0.010616 0 -0.000962 0 -0.0160567 0 -0.000465449 -0.000961204 0 0 0 -0.00142402 -0.000174543 0 -0.00248945 0 -0.00621141 -0.000747892 0 0 0 -0.000157545 0.000235371 0.000302732 -0.00100061 0 0 0 -0.00705763 -0.0034865 0.0017647 -0.000227034 0 -0.00136582 -0.00796542 -0.00382468 0 0 0 7.05104e-07 0 0.015174 -0.00267675 0 0 -0.0150908 -0.00148504 -0.00169929 0 -0.000944006 -0.023063 0 -0.0130143 0 0 -0.00339402 0 -2.17843e-05 0 0.00453327 -0.00532678 -0.00020351 0 0 -0.00221002 -0.0225547 -0.0251784 0 -0.00406102 -0.00506886 0 -0.00299988 -0.0010534 -0.00179142 -0.0054856 0 -0.0125965 -0.0103685 0 -0.0144879 0 0.00159447 -0.00167994 0 -0.00796077 -0.00815359 -0.00249616 -0.000287503 0 -0.00345915 0.0008735 0 -0.00168308 -0.00470318 0 -0.00587537 -3.94577e-05 0 0 -0.0107591 0 0 -0.00164603 0 0 -0.00665793 0.00352133 0 -0.00807799 -0.00315444 0 -0.0174036 -0.00192031 0 -0.00691187 -0.00413759 0 -0.00597706 -0.000354883 0 0 -0.00033535 0 0 0 -0.00107759 0.000522373 0 0 -0.000927346 -0.00314263 0 0.00541049 0 0 0 0.00120032 0 0 0 0.000407751 -0.000999772 0.00175868 0.000642364 0 0
