0.893767 -0.0144975 0.0533039 -0.0871088 -0.0661301 0.0281062 -0.00192985 -0.010942 0.061054 -0.0834308 0.152796 -0.0456339 -0.00299265 0.00964904 -0.00239809 0.0541554 2.83343e-07 0.0423948 -1.91699e-06 2.66078e-07 -0.0163569 -0.0154475
-0.0144975 0.977909 -0.00557999 -0.00907818 0.238201 -0.0199028 0.100998 0.0224512 0.0579239 0.0429284 0.0547288 0.0418833 0.0310322 -0.0425369 -0.0810321 0.0526893 -7.0131e-07 0.1103 5.2868e-07 1.96678e-06 0.155831 0.0989836
0.0533039 -0.00557999 0.658769 -0.0207832 -0.00875115 0.0190393 0.0088422 0.00400198 -0.0151618 0.0616581 0.0584507 -0.0268654 0.0594876 0.0121658 -0.0192514 0.0446634 -2.14237e-06 0.018424 -1.04938e-07 4.56073e-07 -5.79519e-05 0.0564221
-0.0871088 -0.00907818 -0.0207832 0.450154 0.000983945 0.030589 -0.0469792 0.00692719 0.0731168 0.00714366 -0.0444831 0.0604055 -0.0621337 0.0229415 0.168585 -0.0499865 1.01089e-06 -0.0720637 1.16389e-07 -2.11287e-07 0.0662162 -0.0138694
-0.0661301 0.238201 -0.00875115 0.000983945 0.714633 -0.0440938 0.0945793 -0.0218234 0.117752 0.0767505 0.076538 -0.0112145 0.032266 -0.049532 -0.0539392 0.0615867 -1.59845e-06 0.157082 -7.06414e-07 1.02238e-06 0.222171 0.0414654
0.0281062 -0.0199028 0.0190393 0.030589 -0.0440938 0.358042 0.00846974 0.125265 0.0047809 -0.0724592 -0.0288421 0.0706992 -0.0245534 0.229501 0.112431 -0.0356736 -3.6727e-07 -0.0131418 6.69768e-07 -6.05122e-07 -0.0657256 0.0804152
-0.00192985 0.100998 0.0088422 -0.0469792 0.0945793 0.00846974 0.255595 0.0428966 0.00881724 0.0197867 0.0921294 -0.0271264 0.0385608 -0.0040903 -0.110572 0.0228991 -3.1376e-07 0.127274 3.603e-07 9.67682e-09 0.0257347 0.0560644
-0.010942 0.0224512 0.00400198 0.00692719 -0.0218234 0.125265 0.0428966 0.346483 -0.0109852 -0.0134265 0.0273243 0.120878 0.00739297 0.127286 0.0197992 0.0152473 -1.20105e-06 0.0400541 2.71483e-07 -4.45098e-07 -0.0292427 0.160774
0.061054 0.0579239 -0.0151618 0.0731168 0.117752 0.0047809 0.00881724 -0.0109852 0.727781 -0.185822 0.0453686 -0.00871788 -0.0309681 0.010016 0.0229665 0.0212385 -5.56579e-08 0.0167567 1.86271e-06 6.66362e-07 0.14444 0.0497089
-0.0834308 0.0429284 0.0616581 0.00714366 0.0767505 -0.0724592 0.0197867 -0.0134265 -0.185822 0.813593 0.0466522 0.0228839 0.109734 -0.0608562 -0.0192436 0.0585919 6.56683e-08 0.0343489 -4.27529e-07 1.20353e-06 0.0772126 0.0343289
0.152796 0.0547288 0.0584507 -0.0444831 0.076538 -0.0288421 0.0921294 0.0273243 0.0453686 0.0466522 0.62905 0.0139048 0.0506814 -0.0230125 -0.0430386 0.0521052 9.82496e-07 0.118809 9.33704e-08 -1.70048e-06 0.0828065 0.0853007
-0.0456339 0.0418833 -0.0268654 0.0604055 -0.0112145 0.0706992 -0.0271264 0.120878 -0.00871788 0.0228839 0.0139048 0.416608 -0.00532454 0.0717944 0.0874574 -0.00176691 1.64966e-06 -0.0348047 1.65495e-06 -1.7447e-06 0.0264454 0.0731273
-0.00299265 0.0310322 0.0594876 -0.0621337 0.032266 -0.0245534 0.0385608 0.00739297 -0.0309681 0.109734 0.0506814 -0.00532454 0.720676 -0.00938571 -0.0739845 0.060835 -8.12859e-07 0.0697917 -4.1693e-07 -2.87072e-06 -0.0263753 0.00505882
0.00964904 -0.0425369 0.0121658 0.0229415 -0.049532 0.229501 -0.0040903 0.127286 0.010016 -0.0608562 -0.0230125 0.0717944 -0.00938571 0.343615 0.0831384 -0.022409 2.64499e-08 -0.00131327 3.20169e-07 -2.02623e-06 -0.0640072 0.0424714
-0.00239809 -0.0810321 -0.0192514 0.168585 -0.0539392 0.112431 -0.110572 0.0197992 0.0229665 -0.0192436 -0.0430386 0.0874574 -0.0739845 0.0831384 0.690199 -0.0823149 1.40326e-06 -0.0999783 -1.8107e-06 -1.45472e-06 0.0407874 -0.0359479
0.0541554 0.0526893 0.0446634 -0.0499865 0.0615867 -0.0356736 0.0228991 0.0152473 0.0212385 0.0585919 0.0521052 -0.00176691 0.060835 -0.022409 -0.0823149 0.510678 -2.18277e-06 0.0630123 4.94444e-07 -1.03047e-06 0.0117334 0.0331243
2.83343e-07 -7.0131e-07 -2.14237e-06 1.01089e-06 -1.59845e-06 -3.6727e-07 -3.1376e-07 -1.20105e-06 -5.56579e-08 6.56683e-08 9.82496e-07 1.64966e-06 -8.12859e-07 2.64499e-08 1.40326e-06 -2.18277e-06 3.41194e-09 -1.86539e-07 -1.52e-11 4.08569e-11 -1.52794e-07 -1.56572e-06
0.0423948 0.1103 0.018424 -0.0720637 0.157082 -0.0131418 0.127274 0.0400541 0.0167567 0.0343489 0.118809 -0.0348047 0.0697917 -0.00131327 -0.0999783 0.0630123 -1.86539e-07 0.320937 -2.46964e-08 -4.48992e-08 0.0743341 0.0532908
-1.91699e-06 5.2868e-07 -1.04938e-07 1.16389e-07 -7.06414e-07 6.69768e-07 3.603e-07 2.71483e-07 1.86271e-06 -4.27529e-07 9.33704e-08 1.65495e-06 -4.1693e-07 3.20169e-07 -1.8107e-06 4.94444e-07 -1.52e-11 -2.46964e-08 3.22277e-09 -6.12919e-11 1.03354e-06 -3.17674e-08
2.66078e-07 1.96678e-06 4.56073e-07 -2.11287e-07 1.02238e-06 -6.05122e-07 9.67682e-09 -4.45098e-07 6.66362e-07 1.20353e-06 -1.70048e-06 -1.7447e-06 -2.87072e-06 -2.02623e-06 -1.45472e-06 -1.03047e-06 4.08569e-11 -4.48992e-08 -6.12919e-11 3.16978e-09 1.24832e-06 8.55406e-07
-0.0163569 0.155831 -5.79519e-05 0.0662162 0.222171 -0.0657256 0.0257347 -0.0292427 0.14444 0.0772126 0.0828065 0.0264454 -0.0263753 -0.0640072 0.0407874 0.0117334 -1.52794e-07 0.0743341 1.03354e-06 1.24832e-06 0.74005 0.0192175
-0.0154475 0.0989836 0.0564221 -0.0138694 0.0414654 0.0804152 0.0560644 0.160774 0.0497089 0.0343289 0.0853007 0.0731273 0.00505882 0.0424714 -0.0359479 0.0331243 -1.56572e-06 0.0532908 -3.17674e-08 8.55406e-07 0.0192175 0.625741