0.923154 -0.0470432 -0.000168792 -0.00282452 -0.0436818 -0.000534568 0.0226348 -0.00614626 0 -0.0384555 -0.0256243 -0.0445557 -0.0280164 -0.0177402 -0.0192078 -0.0288406 0 0 0 -0.0227559 -0.0011891 -0.0176173 0.00556925 0 -0.00111931 0 -0.000304129 0 -0.0193952 0.0255271 -0.00534726 -0.00630066 0.000533775 0 0 -0.0109206 -0.000899904 -0.00603764 0 0 0 0.00594218 0 -1.30406e-05 -0.00448231 0 -0.00423396 0 -0.00801916 -0.00771674 0.00173992 0.00616458 -0.0282018 0 0 0 0 0 0 -0.0376746 -0.0149172 -0.0126103 0 0.00380053 -0.000923596 0 -0.00262938 -0.00515294 -0.0156601 0 0 0 0 0 0.000496265 0 0.00146031 0 0 0 -0.00350032 -0.000950142 -0.044103 -0.00219264 0.000504099 -0.000609957 0 0 0 -0.0231918 0 -0.0103484 0 -0.00831912 -0.000940415 0 -0.00355702 0 0.00473266 0.000908567 0 -0.0140147 0.000638558 0 0 -0.0052514 0 0 -0.00295358 -0.00668262 0.00976555 -0.0165836 -0.00301984 -0.00812103 -0.00544845 0 -0.00328555 -0.0218694 0 0.00215124 -0.00547502 0 0 0.00642025 0 0 0 0.000638705 0 -0.00652208 -0.0186815 0 -0.00498939 0 -0.0025987 0.00279603 0 0 0 0 0.000356303 0 0 0 -0.0183007 0 0.00269859 0 0 0 0 0 0.00974256 -5.71426e-05 0 0.000280142 0 -0.00173727 -0.00273566 0 0 0.0113482 0 0 0 0 0.000188823 -0.000226222 0.00402795 0.00025258 0.0100995 0 0 0.00133319 0 0 0 0 -0.00242119 0 -0.00806079 0 0 0 0 0 0.000356273 -6.97773e-05 -0.00918498 0 0.00231539 0 0 0 0.00054362 0 0 0 0 0 -0.00162581 0 0 0 0 0 0 0 0 0 0.000658489 0 0 0 0 0
-0.0470432 0.912204 -0.000252877 -0.00460446 -0.0380798 0 0.0299214 -0.000898754 -0.00851995 -0.0266998 -0.0183932 -0.034595 -0.0286018 -0.0153237 -0.00677653 -0.0292028 0 -0.00364272 0 -0.0195334 0 -0.0263734 0.00959443 0 0 0 0 0 -0.0208789 0.0304155 -0.00246281 -6.51475e-05 0 0 0 -0.0180159 0 0 0 -0.000103265 0 0.00181701 0 0 -0.000614994 0 0 0 -0.00496594 -0.00491736 0 0 -0.000871409 0 0 0 0 0 0 -0.0196501 -0.0116399 -0.0148887 0 0.00427964 0 0 -0.00178993 -0.0133843 -0.0247909 0 0 0 0 0 0 0 0.00100795 0 0 0 -0.00597456 0 -0.022893 -0.00296781 0 -0.000545456 0 0 0 -0.0161153 0 -0.000982258 0 -0.00760535 0 0 -0.0072471 0 0 0 0 -0.0050516 0.00534231 0 -0.00817398 -0.00289401 0 0 -0.00143202 -0.0193599 0 -0.00320968 -0.0122726 0 -0.00149879 0 -0.0174519 -0.00295437 0 0 -0.00665931 0 0 0 0 0 0 0 0 -0.000675265 -0.0122872 0 0 0 0 0 0 0 0 0 0 0 0 0 -0.00515924 0 0.000143427 0 -0.000494794 0 -0.000336624 -0.000969092 0.0136416 0 0 0 0 -0.00100451 -0.000669905 -0.000407066 0 0.0115009 0 0 0 0 0 -0.00032935 0 0 0 -2.8687e-05 0 0.000658333 0 -0.00800706 0 0 -0.00509694 0 -0.000166026 0 0 0 0 0 0 0 0 0 0.000159225 0 0 0 0 0 0 0 0 0 -0.00407281 0 0 0 0 0 0 0 0 0 0 -7.3242e-06 0 0 0 0
-0.000168792 -0.000252877 0.94716 -0.0265098 -0.00109699 -0.0453105 0 -0.042614 0 0 -0.000390395 0 0 0 0 -0.000566093 -0.0179994 -0.0116911 -0.000254818 0 -0.00862372 0 -0.000346156 -0.00492743 -0.0130223 -0.00383746 -0.00724867 -0.00297791 0 0 -0.000935048 -0.0195398 0 -0.00759913 0 0 -0.00936167 -0.00879176 -0.0098042 -0.0146512 0 0.0186775 -0.0309434 0.0179106 -0.00742873 -0.00461251 -0.0167946 -0.0130211 0 -0.00947841 -0.000332923 0 -0.00196945 -0.00217198 0 0 -0.0105033 0 -0.00350859 0 0 0 0 0 -0.0161939 -0.000180813 0 -0.0266712 0 -0.0201872 -0.00833623 -0.0017829 -0.00779623 -0.00763 0 -0.0154504 0 0.0152333 0 0 -0.0303035 0 0 -0.0180949 0 -0.0048233 -0.00630049 -0.00220198 3.14987e-05 0 0 -0.00348308 -0.0139142 0 -0.0105397 -0.00328346 0 0 0 0 0 0 0 -0.00291929 0 -0.0274456 -0.00171444 -0.00119022 -0.0137877 0 0 0 -0.015408 -0.0173401 0 0 0 0 -0.00182329 0 0 0.000193362 -0.00870961 0 0 -0.0068356 -0.0243076 0 0 -0.0134516 0 0 -0.0244013 0 -0.0352276 0.00975002 0 -0.00324084 0 -0.00293936 0 -0.00664515 -0.000623701 -0.00370475 0 -0.00118872 0.00808929 0 0 -0.000925457 0 0 0 0 0 0.000792143 -0.00142612 0 -0.00700054 0 0 0 0 -0.00230659 -0.00404838 -0.00155617 3.39885e-05 0 0 0 0 -0.00257639 -0.00573048 0 0 0 -0.00374187 -0.0039895 0 0 0 -0.000221626 -0.000114976 0 0.0049073 -0.00865516 0 -0.0107826 0 0 0.00160791 0 0 3.31151e-05 0.00541155 -0.000152381 -0.00227288 -0.010142 0 0 0 0 -0.00215534 0 1.06075e-05 0 -0.00281669 -0.00122602 -0.000332409 0 0.00546332 -0.000830538 0 0 0 0
-0.00282452 -0.00460446 -0.0265098 0.910303 -0.0078244 -0.0257877 0.0064378 -0.0249103 0.00676384 0 -0.00262253 0 0 -0.00118085 0 -0.000743716 -0.0199395 -0.0156712 0 0 -0.0180678 0 1.32839e-05 -0.0153655 -0.00280347 -0.0383609 -0.0160744 -0.023632 0 0.00167012 -0.0183342 -0.014536 0.00969058 -0.00454651 1.68426e-05 0 -0.00999935 -0.0318057 -0.0170635 -0.00694685 0 0.0169048 -0.018277 0.00204749 -0.0206797 -0.0106964 -0.0528753 -0.0218171 0 -0.0202136 0 0 -0.00297659 -0.00651285 0 -0.00440447 -0.0113953 0 -0.0248099 -0.000196277 0 0 0 0 -0.0241416 0 0 -0.0257193 0 -0.0125661 -0.0203792 -0.00139902 -0.00992107 -0.021359 0 -0.00197751 0 0.0119658 0 0 -0.0221664 -0.0101953 -0.00422243 -0.0231389 2.68782e-05 -0.00913961 -0.0172067 0 0.00272853 0 0 -0.0029975 -0.0207044 0 -0.00580807 -0.00971247 0 0 0 0 0 -0.000109844 -0.00107762 -0.0132034 0 -0.104131 -0.0106132 -0.00634773 -0.0240033 -0.000208857 0 0 -0.016935 -0.0321136 0 0 0 0 -0.00885153 0 0 0.00232196 -0.0114315 0.0107514 0 -0.00903757 -0.0270249 0 0 -0.0195956 0 -0.00354422 -0.0113221 0 -0.0125761 0.0145341 0 -0.00857071 0 -0.00259507 0 -0.00622194 -0.00215822 0 -0.0031133 -0.000805422 0.0146324 0 0 -0.00231882 0 0 0 0 0 0.00191152 -0.000741005 0 -0.0130195 0 -0.00100695 1.1354e-05 0 -0.00255227 -0.00975827 -0.0121034 0.00734876 0 0.0106927 0 0.0115125 -0.014969 -0.0109305 0.00124854 0 0 -0.0103732 -0.00103225 0 0 -1.98067e-05 -0.00186581 -0.00324428 0 0.0046768 -0.014179 0 -0.0149458 -0.00164547 0.00955425 0.00526733 0 0 0.00871944 0.00469993 0 -0.00755832 -0.0136108 0.0101479 -0.00112317 0 -0.00229135 -0.00813361 0 -0.00192233 0 0 -0.00668623 -0.0031713 0.0026886 0.00559419 -0.0127145 0 9.51204e-06 0 0
-0.0436818 -0.0380798 -0.00109699 -0.0078244 0.926489 0 0.00938485 -0.00895816 0 -0.0441725 -0.0160357 -0.0353186 -0.0292784 -0.0236067 -0.022686 -0.015305 -0.00179194 0 0.00195648 -0.00866441 -0.000532316 -0.00416353 0.0043628 0 0 0 -0.00141796 0 -0.00971574 0.00860008 -0.00537901 -0.00748049 0.00427752 0 0.000570789 -0.00772971 -0.000806809 -0.0110592 -0.000168912 0 0 0.0119776 0 0 -0.00445976 0 -0.010986 0 0 -0.00632506 0.00172475 0.000502793 -0.0148333 0.000910998 0.000605579 0 -9.99336e-05 0 0 -0.022913 -0.00347297 -0.00928464 0 0.00115749 0 0.002155 -0.0036517 -0.0110504 -0.00549794 0 -0.00116384 0 0 0 6.08841e-05 0 0.00207613 0.00398766 0 0 -0.0131825 -0.003312 -0.0257632 -0.0111727 0.0118298 0 0 0.00176009 0.00500465 -0.0115567 0 0 0 -0.00620567 0 0 0 0.000888081 0.00912744 0.00453169 0.000919804 -0.00356421 0.00305791 0 0 -0.00847308 0 0 -0.00451362 0 0.00141275 -0.00234227 0 -0.00713474 -9.19946e-05 0 0 -0.0101727 0 0.00124973 0 0.000143672 -0.00213829 0.00717561 0 0 -0.000619518 0.00387116 0.00113559 -0.000344375 -0.0126124 0 -0.00430464 0 -0.0077654 0.001851 0 0 0 0 0.00855909 0 0 0.000483845 -0.0150013 0 0.0018403 0 0 0 0 0 0.00408476 0 0 0 0 -0.00309798 -0.000508954 0 0 0.00924355 0 0 0 0 0.00698394 0 0.0111717 0.00165471 0.0179153 0 0 0.00657275 0 0 0 0 -0.00348371 0.00234344 -0.00762188 0 0 -0.000447419 0 0 0 0 -0.00801104 0 0.000191726 0 5.03236e-05 0.00834365 0 0.000171622 0 -0.000127421 0.00658069 0 0 0 0 0.000376219 0 0 0 0 0 0.00356915 0.00018599 0 0 0 0 0
-0.000534568 0 -0.0453105 -0.0257877 0 0.930266 -7.48446e-05 -0.0275163 0 0 0 0 0 1.85386e-05 0.00015255 -0.00215326 -0.00503373 -0.0340548 -0.0099898 0 -0.0114676 0 -0.00177463 -0.0182764 -0.00988664 -0.00525315 -0.00463942 -0.00453375 0 0 0 -0.0148342 -0.00695502 -0.0208905 0 0 -0.0180456 -0.0197741 -0.00606497 -0.00650413 0 0.00587588 -0.0421897 0 -0.0204183 -0.00420579 -0.0136377 -0.00804981 0 -0.0253074 -0.00331808 0 -0.000459039 -0.0151592 -0.00292834 -0.00013879 -0.0111286 0 -0.00629439 0 0.000325454 -0.00203235 0 6.13171e-06 -0.0138818 -0.0103361 0 -0.0141325 0 -0.0676032 0 -0.000123915 -0.0121791 -0.00602957 0 -0.0158983 0 -0.00211022 0 0 -0.0177344 0.00144495 0 -0.0204081 -0.00532609 -0.00871069 0 -0.00591194 0.00521227 0 0 -0.00225106 -0.0181039 0 -0.00443647 -0.0141701 0.000407655 -0.00360099 -0.0103518 -0.00979361 -0.00518284 0 0 -0.00616429 0 -0.0246506 -0.00914983 -0.00295727 -0.0109407 -0.00208087 0 0 -0.009754 -0.0129792 0.000386607 0 0 0.00103628 -0.00641674 -0.00158972 0 0.000391152 -0.00201703 -0.000844388 -0.000233439 -0.00890398 -0.0175374 -0.00290417 -0.00278759 -0.0334448 -0.00211752 0 -0.021728 0 -0.0342191 0.00850389 0 -3.16579e-05 0 -0.0123031 -0.00532116 -0.00861802 -0.00132165 -0.00629553 0 -0.00336996 0.00446417 -0.00185603 -6.60801e-05 -0.0176009 0 -0.00027552 -0.000269868 -0.00090932 0 0 -0.00348002 0.00370464 -0.00689777 0 0 0 0 -0.000531706 -0.0092629 -0.00985752 0.000318318 0 -0.00327207 -0.00455891 -0.00215842 -0.00649907 -0.00414687 0 0 0 -0.0179836 -0.00896255 0 -0.00403198 0.00146855 0 0 0.000797546 0.00162531 0 -0.000852988 -0.01119 0.00113119 0.00282566 0.000549906 0.00699011 -0.00213772 -0.00236811 0.00288438 -0.00864275 -0.00882527 -0.00130256 -0.0035298 0 0 0 0 -0.000520528 -0.00335452 0.00877565 0 -1.31287e-05 0 -1.02178e-05 0.00149569 -0.000373315 0 0 0 0
0.0226348 0.0299214 0 0.0064378 0.00938485 -7.48446e-05 0.782116 0.00995712 0 0.002865 0 0.00877708 0.00862652 0 0.0185335 0.00388912 0 0.0243923 0.0208164 -0.00233763 0 0.0347296 -0.225515 0 -0.0171302 0 0.00287846 0.0192429 0.0328764 -0.166331 0.0135934 0.0153814 -0.00696555 -0.00780212 0 0.0171228 0.00240625 -0.00275389 0 0.0129184 -0.0179377 0.000394383 -0.00493357 0.0307977 0 0 0 -0.000602512 0 0.0169629 -0.0401936 -0.0195643 0.00800216 -0.00363645 0.0042401 0 0 -0.0118775 0 0.0123629 0.017789 0 0 -0.0511061 0 0.00138305 0 0 0.0190354 -0.0019556 0.00242452 -0.00113598 0 -0.0194118 -0.044819 -0.00466895 -0.0301927 0 -0.0183714 0 0.0119116 0.01173 0.0156478 -0.000221357 -0.00631953 0.0140819 0.00119402 -0.00567545 0.0218734 0.00757508 0 -0.00275609 0 1.0567e-05 -0.000387444 -0.00223606 0.0130063 -0.0105629 -0.0252033 0.0024125 -0.00460109 0.00914195 0 0 0 0.0054353 0 -0.0080154 -0.00385078 0.0247594 0.000539157 0 0.0285485 9.7403e-06 0.0281927 0.0105315 0 0.013702 0 -0.0055018 0 0 -0.00794755 -0.013896 -0.0399049 0 0 -0.0120891 -0.00320347 -0.000240137 0 0 -0.00846773 0 -0.00196133 0 0 0 0 -0.000572186 -0.00957113 -0.00778119 -0.00872392 -0.000841176 0.00273335 -0.000430296 0 -0.055324 0.0218779 -0.00079175 0 2.30353e-05 -0.162237 0.0160112 0 0 0.0056169 0.0128997 0 -0.00136427 0 -0.0450215 0 -0.00014293 -0.000336602 -0.000576056 -0.00472315 0.00825516 -0.0152122 -0.00649286 -0.000213981 0.0286716 -0.000139664 -0.0280393 0 0.00747808 -0.00725488 -0.00129335 0.0143673 -0.00551462 0.00941868 0 0 0.00456662 0.00243914 0 -0.00931062 -0.00329814 0.00358002 0 0 0.00999912 0.00126275 0.00329517 0 -0.00493842 -0.00691034 0 -0.00677588 0 0 0 0 -0.000592588 0.0226584 0.00680881 0.00841214 0 0 0.00474844 0 0.0194151 0 0.0167638 0 0
-0.00614626 -0.000898754 -0.042614 -0.0249103 -0.00895816 -0.0275163 0.00995712 0.907354 0 0 -0.000178167 -0.000359961 0 -0.000211462 -0.00599064 -0.00271646 -0.00676416 -0.00909157 -0.00311126 0 -0.0166069 0 0 -0.00612699 -0.0174085 -0.00462056 -0.0078192 -0.00476617 -0.00268224 0.0136425 -0.00953313 -0.0187699 0.000295226 -0.00730521 0 0 -0.0213594 -0.0106584 -0.00236527 -0.00609176 0 0.0131726 -0.027734 0.000498481 -0.0111503 -0.00257964 -0.0282577 -0.00414382 0 -0.0171018 0 0 -0.0149954 -0.00517593 0 0 -0.00886754 0 -0.00135745 -6.61309e-05 0 -0.000208096 0 0 -0.00704014 -0.00165826 0 -0.0242765 0 -0.00567427 -0.0154908 0 -0.00606551 -0.00583322 0 -0.0107117 0 0 0 0 -0.0271739 0 -0.00149381 -0.0236649 0 -0.0192039 -0.00374876 -0.00170982 0 0 0 -0.00769099 -0.00828557 0 -0.0174601 -0.0019898 0 -0.0010666 0 -0.00213904 -0.00109362 -0.00326889 0 -0.00490096 0 -0.026155 -0.00468415 -0.00170694 -0.0104612 -0.000157234 0.000720705 0 -0.0150013 -0.0129714 0 0 0 0 -0.00431545 0 0 0.000661515 -0.00977372 0 0 -0.00272264 -0.0157358 0 0 -0.0226586 -0.0011052 0 -0.0285948 0 -0.0272368 0.0100656 0 -0.000408698 0 -0.00601345 -0.000191237 -0.00361489 0 -0.00322056 -0.000714167 -0.00657929 0.00705201 0 -0.00539861 -0.00387969 0 0 0 0 0 0.000390551 -0.00121569 0 -0.0163643 0 0 1.79831e-05 0 -0.000368126 -0.0176589 -0.0027169 0 -0.000532452 0 0 0 -0.0183059 -0.0111249 2.17984e-05 0 0 -0.00147916 -0.00912036 0 0 0 0 0 0 0.00201391 -0.00154652 0 -0.0185687 0 0 0.00233588 0 -0.000480454 0 0.00700535 0 -0.00250462 -0.00868382 0 0 0 0 -7.72162e-05 -0.000272804 -0.00484818 0 -0.000729646 -0.000238397 0 0 0.00502708 -0.00878934 0 0 0 0
0 -0.00851995 0 0.00676384 0 0 0 0 0.709047 -0.00319616 0.00445269 0 0 0 0 -0.00378963 0 -0.00026075 -0.00729442 0 0 -0.00370352 0 0 -0.000278503 0 0 -0.00102933 -0.024113 0.0129761 0 0 -0.0156977 -0.00258187 -0.00242486 0 0 0.00618319 0 0 0 0 -0.00157685 0.0729982 0.0190973 0 0.00386158 0 0 -0.000156073 -0.00453798 -0.00323721 0 -0.00332535 -0.00282008 -0.000726054 0 0 0 0 0.000454357 -0.00122826 0.0202247 0.00580428 0 -0.00909736 -0.000829193 0 -0.00662538 1.51136e-05 0.000855435 0.000106636 0 0 -0.000150754 -0.000686607 0 -0.0145284 0 0 0 0.00138781 0 0 -0.00636808 0 0 -0.00889391 -0.00595372 -0.00693502 -0.0040176 0 0 -0.0144849 0 -0.00737464 -0.0130873 -0.00257376 -0.00944896 -0.01052 -0.0032539 0 0.00131224 0 -0.00101325 0.0013822 -0.00115511 0 0 -0.00590709 0 0 -0.000260555 0 4.76481e-05 0 -0.00463215 0.000358074 0 -0.00265573 0 0 0.0092807 -0.00831088 0 0 0 -0.00152502 -0.00742812 2.20415e-05 -0.000139291 0 0.0104431 0 0 0 0 0.00600047 0 -0.000608984 -0.0180073 0 0 -0.0104918 0 -0.000320619 0 0 -0.000166529 -0.00139976 -0.000444242 -0.00183056 1.88209e-05 -0.000399595 0 0 -0.000259879 0 0 -0.000310475 0 0 0 0 0 -0.000549865 -0.00699102 -0.00669513 -0.0117251 -0.00327722 -0.0197715 -0.000886378 0 -0.00170582 0 0 -0.000372516 -0.00265918 -0.00504156 -0.00825632 0.000786915 0.000820808 0.00514256 0.00152916 0 6.33015e-05 0 0 0.00132007 -0.0177862 0 0 -0.00242284 -0.0197472 0 -0.000493706 -0.00049235 0 -0.00517597 0 0 0 0 -0.000903998 0 0 0 0.00211974 0.00606799 -0.00761278 0 0 0 -0.000514206 0 0
-0.0384555 -0.0266998 0 0 -0.0441725 0 0.002865 0 -0.00319616 0.910132 -0.035907 -0.0234695 -0.0287994 -0.00538903 -0.0114846 -0.044583 0 0 0 -0.0318232 0 -0.00573521 0.000213935 0 0 0 0 0 -0.017801 0.0130696 0 0 0 0 0 -0.00222985 0 0 0 0 0 0 0 0 0 0 0 0 -0.00656974 0 0 0 -0.00110893 0 0 0 0 0 0 -0.0159101 -0.0148523 -0.0270748 0 0.000807022 0 0 -0.0237461 -0.000368862 -0.00854798 0 0 0 0 0 0 0 0 -0.000777737 0 0 0 0 -0.0107784 0 0 0 0 0 0 -0.0253487 0 -0.0105322 0 -0.0187906 0 0 -0.00980032 0 0 0 0 -0.00898145 0.0069817 0 -0.00157898 0 0 0 0 -0.0101894 0.00931731 -0.00122093 0 0 -4.44899e-05 0 -0.00941216 -0.00997893 0 0 -0.00617062 0 0 0 0 0 0 0 0 -0.000414304 -0.0170984 0.00465039 0 0 0 0 0 0.00173823 0 0 0 0 0 0 -0.0107441 0 0 0 0 0 -0.00597458 0 0.00251724 0 0 0 0 -0.000634552 0 -0.0114145 0 0.00534273 0 0 0 0 0 -0.00209276 0 0 0 0 0 0 0 0 0 0 -0.00413118 0 -0.00116578 0 0 0 0 0 0 0 0 0 0 0 0 0 0 0 0 0 0 0 -0.00754884 0 0.000336662 0 0 0 0 0.00187283 0 0 0 0 0 0 0 0
-0.0256243 -0.0183932 -0.000390395 -0.00262253 -0.0160357 0 0 -0.000178167 0.00445269 -0.035907 0.743794 -0.0183938 -0.0362538 -0.082896 -0.00379789 -0.0353582 0 0 0.00635323 -0.0405833 -0.000132246 0 0 0 0 -0.0132659 -0.00102929 0 -0.00587309 0 0 -0.00655059 0.00585875 -0.000219341 0 -0.0138642 -4.98908e-05 -0.00569819 0 0 -0.0323503 0.00815167 0 0 -0.0162863 0 -0.00191075 0 -0.0196734 -0.00173903 0 0.00305429 -0.00170291 0.0058589 0 0 0 0 0 -0.0327598 -0.00647185 -0.025466 0 0 -0.000820553 1.02035e-05 -0.0083478 -0.000440089 -0.000514544 -0.000997618 -0.00342065 0 -0.000263206 0 -0.0169443 0 0 0 -0.040976 0 0 -0.000946274 -0.023033 -0.00516631 9.53654e-06 -0.0111942 0 0 0 -0.00235365 0.0030059 -0.039815 -1.91318e-05 0 -0.00138586 0 -0.000544728 0 0 0 0 -0.0109236 0.00905087 0 0 -0.00192332 0 -0.00951896 -0.00308767 -0.00282541 0.0223161 -0.0057735 0 -0.00128561 -0.0070503 -3.8148e-05 0 -0.016901 0 0 -0.000241645 3.54634e-06 0 0.0131266 -0.03342 0 0 0.000191746 0 -0.00154936 -0.0133029 0.00481943 -0.00035904 0 -0.00064157 0.00110894 0 0 0 0 0.000634261 0 -7.76609e-05 0 -0.155167 0 0.00147301 -0.0331903 0.00889224 0.0055235 0 0 0 0 0 0.000611605 0 -0.000984507 -0.000290556 -0.00939982 0.00398973 0.00477329 0 0 0 7.54776e-06 0 -0.00731286 0.0163557 0.00182208 0.0258525 0.00630552 -0.000340173 0 0 0 0 0 0 0.00092934 -0.00370405 0 0 0 0.000683117 0 0.00797398 -0.000758747 -0.00793315 0 0.00462382 0 0.002455 0 0.00165201 0 5.65561e-06 0 0 0 0 0 0 0 0 0 0 0 0 0 0.000195553 0 0 0 0 0
-0.0445557 -0.034595 0 0 -0.0353186 0 0.00877708 -0.000359961 0 -0.0234695 -0.0183938 0.915643 -0.0359318 -0.0221626 -0.0176005 -0.0292046 0 0 0 -0.0205111 0 -0.0252392 0.00266329 0 0 0 0 0 -0.0101482 0.0090488 0 0 0 0 0 -0.0347745 -0.000695934 0 0 0 0 0 0 0 0 0 0 0 -0.00427861 -0.00029794 0 0 -0.0119095 0 0 0 -7.40915e-05 0 0 -0.0205128 -0.0132651 -0.010401 0 0.00582334 0 0 -0.0240756 -0.000659561 -0.00350371 0 0 0 0 0 0 0 0 0 0 0 0 0 -0.00901178 0 0.000712893 0 0 0 0 -0.00764368 0 -0.000479883 0 -0.0113579 0 0 -0.00114174 0 0.00860071 0 0 -0.00340328 0 0.00100521 0 0 0 0 0 -0.00315011 0 -0.00523891 -9.75716e-06 0 -0.00238884 -0.00336932 0 -0.0108156 2.1148e-05 0 -7.38956e-05 0 0 0.00118332 0 0 0 0 0 0 -0.0162802 0 0 0 0 0 0 0 -0.00616873 0 0 0 0 0 -0.0215286 0 0 0 0 0 -0.00177863 0 0.00361631 0 0 0 0 -0.000212541 0 -0.00126927 0 0.00447874 0 0 0 0.00432562 0 -0.000585331 0.000439972 7.28071e-05 0.000251202 0 0 0.000103164 0 0 0 0 -0.00594646 4.55421e-06 -0.000174376 0 0 0 0 0 0 0 0 0 0 0 0 0 0 2.80858e-05 0 0 0 0 0 0 0 0 0 0 0 0 0 0 0 0 0 0 0 0
-0.0280164 -0.0286018 0 0 -0.0292784 0 0.00862652 0 0 -0.0287994 -0.0362538 -0.0359318 0.913831 -0.0168156 -0.00928246 -0.025137 0 0 0 -0.0216115 0 -0.0300714 0.00240532 0 0 0 0 0 -0.0190667 0.00423461 0 0 0 0 0 -0.0107388 0 0 0 0 0 0 0 0 0 0 0 0 -0.00183769 0 0 0 -0.015573 0 0 0 0 0 0 -0.0209181 -0.00740157 -0.0228801 0 0.00386223 0 0 -0.021723 0 -0.011115 0 0 0 0 0 0 0 0.000200944 -7.38113e-06 -0.000932519 0 0 -0.000403845 -0.0192938 0 0 0 0 0 0 -0.0257897 0 -0.00797561 0 -0.00147486 0 0 -0.00740457 0 0 0 0 -0.0196196 0.00458867 0 -0.00259737 0 0 0 0 -0.00684648 0.000726421 -0.00934466 0 0 -0.00211967 -0.00797885 -0.00930027 -0.0146005 0 0 -0.000228764 0 0 0 0 0 0 0 0 0 -0.025049 0.000389387 0 0 0 0 0 0 0 0 0 0 0 0 -0.0247628 0 0 0 0 0 -0.0130072 -0.00262443 0.00289076 0 0 0 0 -0.00189801 0 -0.0242605 0 0.00394031 0 0 0 0 0 -0.00296303 0 0 0 0 0 0 0 0 0 0 -0.000648068 0 -0.0128545 0 0 0 0 0 0.00694618 0 -0.00569865 0 0 0 0 0 0 0 0 0 0 0 -0.00069124 0 0.000612144 0 0 0 0 0 0 0 0 0 0 0 0 0
-0.0177402 -0.0153237 0 -0.00118085 -0.0236067 1.85386e-05 0 -0.000211462 0 -0.00538903 -0.082896 -0.0221626 -0.0168156 0.735328 0.0581709 -0.0560265 0 -0.000529016 -0.00666106 -0.0293332 -0.00126305 -0.00690524 -0.00490312 0 -0.00263857 0 0 0 -0.00310023 0 0 -0.00031005 -0.00253737 -0.00434163 -0.000731845 -0.0279303 0 -0.00263949 0 -0.00128358 -0.00500545 0.00774204 -0.00381132 -1.1419e-05 0 0 -0.00283439 -0.00164144 -0.0308526 -0.000559947 0 0 -0.0034953 0 -0.00492351 0 0 -0.00756414 -8.678e-06 -0.0355871 -0.0295253 -0.0378734 0 9.18105e-05 -0.000819808 0.00784037 -0.0108307 -0.00186861 -0.00522705 0 0 0 0 -0.00018031 -0.019835 -0.00429928 0 -0.00202824 -0.0326203 0 0 0 -0.01543 -0.000588604 -0.00450478 -0.00384375 0 -0.00183527 -0.00388204 0 0 -0.0470693 -0.00155901 -0.000654871 -0.00165113 -0.00136838 0 -0.00563034 -0.0030195 -0.000189254 -0.00350931 -0.0049456 0.00024803 0 -0.00217325 -0.00057144 0 -0.00292849 -0.00204833 -0.0139995 0.00732038 -0.0220705 -0.00224583 0 -0.00804978 -0.0231423 0 -2.50397e-05 0 0 -0.0179969 0 0 2.87779e-05 -0.0120804 -0.000511212 0 0 -0.000602242 -0.0063269 -0.0292801 0 -0.00133597 -0.00128746 -0.000889796 0.00123313 0 0 0 -0.00184641 0.00138372 0 -0.00355657 0 -0.0736256 -0.00373168 0 -0.0305171 0 0 -0.0102846 0 0 0 0 0 0 0 -0.00158128 -0.0164336 0 0 0 0 -0.000259741 0 -0.00196057 -0.0138881 0 0 3.35549e-05 0 0 -4.5106e-05 0 0 0 -8.51335e-05 0 0 0 0 0 0 0 0 0.0147612 -0.00083663 0 0 0.000317011 0 0 -0.00232164 1.46837e-05 0 0 0 -0.00453966 0 -0.00409156 0 0 0 -0.00230201 0 0 0 0 -0.00111603 0 0 0 0 0 0
-0.0192078 -0.00677653 0 0 -0.022686 0.00015255 0.0185335 -0.00599064 0 -0.0114846 -0.00379789 -0.0176005 -0.00928246 0.0581709 0.797005 0 0 0 0.0130604 0.013205 0 0 0.0126532 0 0 0 -0.000646418 0 -0.036635 0.0297111 -0.00775996 0 0.00415264 0.00353433 0.00416536 -0.0178166 0 -0.00940166 0 0 0.0064264 0 0.00221857 -0.00955434 0 0 -0.000581135 0 0.0093461 0 0.00433393 0.000138269 -0.0168831 0.0024061 0.00171561 0 0 0.0222585 0 -0.000490194 -0.0312451 0 0 0.0108892 0 -0.00226404 0 0 -0.0163329 0.00290149 -0.00542683 -9.50257e-05 0 0.00140179 0.0391675 0.00232693 0.00300573 -0.0203142 0.00529375 0 -0.000707131 -0.0220107 -0.00978021 0 0.00610062 0 0 0.00190291 0.00144951 -0.00941229 0.00999869 0 0 0 0 0.00300355 -0.0220663 0.00314381 0.00698731 0.00524685 0.0032641 -0.0101884 0 0 0 0 0 0 0 0 0 0 0 0 -0.0421449 1.60127e-05 0 -0.015923 0 0.00631414 0 0 0 0.00485204 0.0150078 0 0 0.00407573 0.00523721 0 0 0 0 6.95619e-05 0 0.000265647 0 0 0 0.000803892 0.00735946 0 0 0.000662377 -0.00143576 3.30459e-06 0.00764414 0.00235856 0 0.0016117 0 0 0.0206809 0 0 0 0 -0.0140442 0 0 0 0.0281525 0 0 0 0 0.00318406 0 0.0141794 0.00407869 0.00393052 0 0 0.0059865 0 0 0.00286653 0.000907167 0 0.00340532 -0.00497903 -0.000205105 -0.00124085 -0.00124589 0 0 0.000351187 0 -0.00355798 0.00271931 0 -0.0099616 0.00239832 0.00258004 0 0.00357949 0.000879282 0 0.00131048 0 0 0 0 0.00357581 0 -0.00260102 0 0 0 0.00171423 0.0020537 0 -0.00534657 0 0 0
-0.0288406 -0.0292028 -0.000566093 -0.000743716 -0.015305 -0.00215326 0.00388912 -0.00271646 -0.00378963 -0.044583 -0.0353582 -0.0292046 -0.025137 -0.0560265 0 0.858999 0 -0.0198794 -0.0146632 -0.0258192 -0.00095484 -0.0202498 0 0 -0.0010022 0 0 -0.00112991 -0.0448068 0.0259562 0 -0.000173168 -0.00362172 -0.0166689 -0.00263084 -0.0238332 -0.00013268 -0.00011658 0 -0.00251965 -0.00109802 0.00317838 -0.00287134 -0.000370534 0 0 0 -0.000424877 -0.0112012 -0.00128555 0 0 -0.0132392 -0.00468192 -0.0126047 0 -0.000233205 0 0 -0.0132764 -0.00818108 -0.0569652 0 0.023057 -0.00132219 -0.00449514 -0.020734 -0.0104314 -0.0333585 0 0 0 0 -0.000244333 0 -0.00325217 0 -0.0106291 -0.00326186 0 0 0.0003393 -0.00440575 -0.000870914 -0.00610858 -0.00209484 0 -0.00632475 -0.0058671 -0.0184369 -0.000189123 -0.015067 -0.00199659 -0.0179286 -0.000757427 -0.00702679 -0.00275182 -0.000966254 -0.0025919 -0.00173517 -0.00324718 -0.00633583 0 0 -0.022054 -0.00140177 0 -0.000156627 0 -0.0218177 0.00399669 -0.0300351 -0.00374145 0 -0.00213885 -0.00788556 -0.0106239 0 0 8.31763e-06 -0.0198447 0.00129054 0 -0.000101882 0 0 0 0 -0.00287859 -0.00937865 -0.0357074 0 0 -0.00782191 -0.000766055 0.00257265 0 0 -0.00570507 -0.00506914 -0.00455379 0 -9.17282e-05 -0.000491524 -0.0339314 -0.000430442 0.000785561 -0.000215847 -0.000939224 1.53378e-05 -0.0095159 2.5339e-05 0.00631978 -0.00227613 0 0 -0.00582869 0 -0.00304502 -0.0159864 0 0.00410735 -0.00340705 0 -0.000283499 0 -0.00848543 -0.0143138 0.000960199 0.00260054 0.00346435 -0.00102423 -0.00187011 0 0 0 -0.00115391 -0.00162962 -0.0118363 -0.00300859 0 0 0 0 0 0 0 -0.000773406 0 0 0 0.00119503 0 -0.0152327 5.71117e-05 0 0 0 -0.00664189 0 -0.00296516 0 0 0 -0.000283926 0 0 0 0 -0.00272715 0.000713989 0 0 -0.000925123 0 0
0 0 -0.0179994 -0.0199395 -0.00179194 -0.00503373 0 -0.00676416 0 0 0 0 0 0 0 0 0.962201 -0.00599799 0.0024278 0 -0.00280686 0 0 -0.00448294 -0.00177478 -0.011235 -0.0361335 -0.00162992 0 0 -0.0021227 -0.0341274 0.00792695 0 0.000515631 -0.00500647 -0.0152177 -0.00533766 -0.0289971 -0.0177911 0 0.0251156 -0.00155953 0.0106288 -0.00445046 -0.0324211 -0.0226903 -0.00976699 0 -0.00717888 0 0 -0.000329137 0 0.00331781 0 -0.0266659 0 -0.011315 0 -0.000233445 0 0 0 -0.0146408 0.00585511 0 -0.0211309 0 -0.00189505 -0.0144937 -0.00226132 -0.0161045 -0.00152653 0 0 0 0.0163336 0.000790872 0 -0.0203607 -0.00494521 0 -0.0123845 0.0101718 0 -0.0116911 0.00204335 0.0101238 0 0 0 -0.00543897 0 -0.00320186 0 0 0.000173879 0.00404679 8.35501e-05 0.000616544 0 0 -0.00155041 0 -0.0257619 0 -0.00338503 -0.0161776 0 0 0 -0.0014944 -0.0151227 0 0.000229012 0 -0.000709541 -0.00101558 0.000265883 0 0 -0.00283958 0.00386152 0 -0.0202326 -0.0149617 0.000371456 0.000842434 -0.00914015 0 0 -0.0039719 0 -0.010772 0.0194632 0 -0.0160896 0 0 0.00458158 -0.020005 -0.000845274 0 0 0 0.0129142 0 0 0 0 0.00025161 0 0 0 0.000200732 0 -0.00107334 -0.00203329 0 0 0 0 -0.000752643 -0.000949181 0 0.013148 0 0.00407306 0.000787536 0.00328321 0 -0.0018639 0.000373918 -0.00785677 0 0 0 0 0.000729573 -0.00631335 -0.00324779 -0.000789192 -0.00051656 0.00533785 -0.00932324 0 -0.00266825 -0.00527995 0 0.00160906 0 0.000496523 0.0156555 0.00875159 0 0 -0.00370046 0.00674312 0 0 -0.00235819 -0.002479 0 0 0 0 -0.0104187 -0.00529475 0.00178419 0.00621646 -0.00444855 0 0.0003846 0 0
0 -0.00364272 -0.0116911 -0.0156712 0 -0.0340548 0.0243923 -0.00909157 -0.00026075 0 0 0 0 -0.000529016 0 -0.0198794 -0.00599799 0.898941 -0.0095254 0 -0.00603434 -0.00103465 2.72566e-05 -0.0171255 0.00200852 -0.0318151 -0.00674353 -0.0421845 -0.0118865 0.0225174 -0.0122034 -0.0166308 -0.0103374 -0.00951397 -0.00175518 0 -0.0181497 -0.00326865 -0.0133628 -0.0219542 0 0.00719275 -0.0123385 -0.000406495 -0.00754068 -0.0160009 -0.00409917 -0.00953608 0 -0.0259568 3.44028e-05 -3.78954e-05 -0.000307767 -0.0110583 -0.00628751 -0.000536679 -0.0112892 0 -0.0284377 0 0 -0.00368318 0 0 -0.0125928 -0.0136977 0 -0.0115841 0 -0.0133464 0 -0.0041069 -0.0100081 -0.00162071 0.00907656 -0.00743029 0 -0.00727299 0 0 -0.0119245 0.000305742 -0.000787182 -0.00428335 -0.00620864 -0.0112171 -0.00160974 -0.0127974 -0.00497157 0 -0.000583183 -0.00122197 -0.0211352 0 -0.00063367 -0.0203173 0 -0.00351475 -0.00589538 -0.00500045 -0.00371698 0 0 -0.0209741 -0.00107238 -0.010555 -0.000496648 -0.0091379 -0.00321592 -0.0160173 0 -0.0147999 -0.0251145 -0.00632943 0 -0.000169946 -0.000117362 0.000754658 -0.0208405 -0.000154595 0 0 0 -0.000903829 2.52139e-05 -0.00407854 -0.0155249 -0.000947367 -0.00306399 -0.0124857 -0.000896817 0 -0.00115938 1.21186e-05 -0.00768122 0.00455819 0 -0.0016757 0 -0.00776576 -0.00402064 -0.0136802 -0.000724836 -0.0026655 -0.000210386 -3.88595e-05 0.00654876 0 0 -0.00735087 0 -0.00145875 0.00477336 -0.00112164 0 0 -0.0159094 0.000666154 -0.0116272 0 0 0 0 -0.00308837 -0.00424744 -0.014654 -0.0134203 -0.000257217 -0.00150051 -0.00237352 -0.00545893 -0.00524069 -0.00275701 0 0.00211364 0 -0.00198353 -0.00542098 0 -0.00235836 0.00130253 -0.00254838 -0.00115299 0.000828985 0.000727043 0 0 -0.0102079 0.00061771 0 0.000331783 0.00236401 -0.000589274 -0.00887813 0.00169171 -0.0018563 -0.00139254 0 -0.0041286 0 0 -0.00186521 0 -0.000947636 -0.000337332 0.000994339 0 -0.00153175 -0.000100968 -0.00743415 0.0045056 -0.0111743 0 -0.000149695 0 0
0 0 -0.000254818 0 0.00195648 -0.0099898 0.0208164 -0.00311126 -0.00729442 0 0.00635323 0 0 -0.00666106 0.0130604 -0.0146632 0.0024278 -0.0095254 0.83838 0.00129712 -0.0044676 -0.00924554 0.00940954 -0.00305377 -0.00186082 0 0.000291354 -0.00708388 -0.00427867 3.75218e-05 0 0 -0.0556151 -0.033222 -0.0226002 0.00256959 0 0 0 -0.000564846 -0.00180855 -2.74643e-05 -0.0155886 -0.00282801 -0.00190346 0 0.011177 -0.000658793 -0.00101723 -0.00411447 -0.0133446 -0.00471252 0 -0.0473396 -0.0199984 -0.00894053 -0.000216911 -0.0023087 -0.00591068 0 0.00508478 -0.00841641 -0.00141461 0 -0.00730331 -0.02134 -0.00354445 -0.00427011 -0.00126219 -0.00588516 0.00553752 0 -1.67119e-05 -0.00166645 0.00356485 -0.0126582 0.00114081 -0.0496062 -0.00351793 -0.000158372 0 0.0114715 0 0 -0.0533746 -0.0117975 0.00191767 -0.0597902 -0.0229747 0.00335336 -0.0104435 -0.00460442 -0.00455754 -0.00372751 -0.000620703 -0.0117782 0.000768761 -0.0204161 -0.0136958 -0.0374899 -0.0265181 0.00707072 0 -0.00103538 -0.010382 0 -0.0121216 -0.000421559 0 -0.0274583 0 -0.00585277 -0.0153005 0 0.000445389 -0.0105964 -0.00937797 0.0220514 -0.00341684 -0.0306404 -0.00369551 0 0 -0.015217 0.00866249 0 0 -0.0146777 -0.0189902 -0.0102511 -0.00712135 0 0 -0.0222664 -0.00308433 7.3051e-05 0 0.00500238 -2.89619e-05 -0.0223085 -0.0401937 0 0 -0.0167028 0 -0.0144756 -2.42528e-05 0.00722285 -0.0114078 -0.0229359 -0.00124901 -0.0174613 0.019125 -0.0108576 0 0 -0.0026944 0.0171281 -0.00169063 -0.00438048 0 -0.00178503 -0.00448024 0 -0.0101636 -0.00998702 -0.0223607 -0.00764573 -0.0309789 -0.015882 -0.0227759 -0.0347945 -0.00303169 -0.00622254 0.00105097 0 -0.0100754 -0.0286799 -0.001881 -0.022842 0.0183223 0 0.00264912 0.0155628 0 0.00148519 -0.00151723 -0.00610358 0.0149327 0 0 0.0124273 -0.01072 -0.0234259 0 -0.00981914 -0.0094729 0 -0.0326378 0.000203609 -0.00613016 0 0.000430158 -0.0111861 -0.0218616 0.0165508 0 0.00086192 0.00334683 -0.0153277 0 0 0.000256793 -0.00364487 0 0
-0.0227559 -0.0195334 0 0 -0.00866441 0 -0.00233763 0 0 -0.0318232 -0.0405833 -0.0205111 -0.0216115 -0.0293332 0.013205 -0.0258192 0 0 0.00129712 0.830187 0 -0.00136645 -0.000999903 0 0 0 0 0 0 0 0.0104517 0 -0.00210848 -0.00157422 -0.00161135 -0.00749388 0 -1.21131e-06 0 0 -0.00572215 0.000296007 -0.00187986 0 -0.0019462 0 0 0 -0.0526682 0 0 0 0 0 -0.00261747 -0.0116099 0 -0.00999241 0 -0.0150275 -0.00169031 -0.0252252 0 0 0 -0.00175938 -0.00670159 -7.53799e-05 -0.00449841 0 0 0 0 0 -0.0194036 -0.000784883 -0.00121829 -0.00204324 -0.0291478 0 0 0 -0.012905 0 -0.00139214 -0.000165433 0 -0.00155896 -0.00176864 -0.000106307 0 -0.0340941 0 -0.0108922 0 0 0 -0.000580424 -0.00295948 0 -0.00129714 0 0.00674721 0 -0.00027083 0 0 -0.00371251 0 -0.00497848 0.00478927 -0.0181761 0 0 -0.000126431 -0.0121795 -0.00151838 0 0 0 -0.0100581 0 0 0 -0.0162719 0 0 0 -0.000126962 0 -0.0200096 0.00750232 0 -0.000271567 0 0 0 0 -0.0163487 -1.52375e-05 -0.00468892 0 0 0 -0.0254483 0 0 -0.0166282 0 0 -0.00772556 0 0 0 0 0 0 0 -0.000116745 -0.00323693 0 0 0.00154179 0 0 0 -0.00445558 0 0 -0.00022004 0 0 0 -0.0104903 0 0 0 0 -0.000832341 -0.000405833 0 0 0 0 0 0 0 -0.000251243 0 0 0 0 0 -0.0031453 0 0 0 0 -0.00199254 0 -0.00775762 0 0.000697978 0 0 0 0 0 0 -0.00100498 0 0 0 0 0 0
-0.0011891 0 -0.00862372 -0.0180678 -0.000532316 -0.0114676 0 -0.0166069 0 0 -0.000132246 0 0 -0.00126305 0 -0.00095484 -0.00280686 -0.00603434 -0.0044676 0 0.910267 0 -0.000592618 -0.00394322 -0.0157258 -7.43536e-05 -0.00283564 -0.00343829 0 0 0 -0.00377978 -0.00279987 -0.0089977 -0.00202214 0 -0.0128163 -0.0074306 -0.00323901 -0.0069893 0 0.0182187 -0.0087953 0 -0.0226856 -0.00109969 -0.0172234 -0.00338049 -0.000360877 -0.032829 -0.00626959 0 -0.000907732 -0.0158828 -0.00164123 0 -0.0108588 0 -0.000763241 -0.000615154 0 -0.00397785 0 0 -0.0296048 -0.00243855 0 -0.0154365 0 -0.004483 0 0 -0.00594471 -0.00654954 0 -0.00848147 0 -0.0041325 -0.00135389 0 -0.00912092 0.000119755 -0.00419423 -0.0116326 -0.0026295 -0.0276752 -0.00257612 -0.0035221 -0.00101688 0 0 -0.00457538 -0.0121649 0 -0.00654452 -0.00424768 0 -0.00334932 -0.0021199 -0.00615976 -0.00229926 0 0 -0.000304874 0 -0.0128065 -0.00574318 -0.000249049 -0.00350082 -0.00069026 3.33417e-05 -0.00166529 -0.0194137 -0.0191669 0 0 0 0 -0.00208641 -0.00248644 -4.43519e-05 0 -0.00179603 0 0 -0.010532 -0.00373068 -0.00130134 -0.00101968 -0.015462 -0.00659533 0 -0.0187887 -0.000507297 -0.0190701 0.00468378 0 0 0 -0.00893875 -0.00596839 -0.0024969 0 -0.00804783 -0.00108703 -0.00779863 0.00395585 -0.000661952 -0.00312661 -0.00330779 0 0 0 -0.000217958 0 0 -0.000993315 -2.74639e-05 -0.00935236 0 0 0 0 0 -0.0201574 -0.00154138 -0.0012794 0 -0.000554079 -0.00188102 -0.000700458 -0.013244 -0.014698 0 0 0 -0.00135142 -0.00544764 0 -0.00192868 -7.37653e-06 0 0 0 0.000139189 0 0 -0.0166273 0 0 0.00087677 0.000426744 -0.00148069 -0.00334837 0.0045351 -0.000822959 -0.00398432 0 -0.00212596 0 0 0 0 -0.000604613 -0.00609913 0.000866412 0 0 0 0 0.00173772 0.00712033 0 0 0 0
-0.0176173 -0.0263734 0 0 -0.00416353 0 0.0347296 0 -0.00370352 -0.00573521 0 -0.0252392 -0.0300714 -0.00690524 0 -0.0202498 0 -0.00103465 -0.00924554 -0.00136645 0 0.811303 0.00800479 0 -0.00104633 0.0157965 0 -0.000469835 -0.0298993 0.028628 0 0 -0.00395426 -0.00655917 -0.00409214 -0.0372676 0 0 0 -0.00139271 0 0 -0.000438129 -0.0059631 0 0 0 0 0 0 0 0 -0.00171143 -0.000805535 -0.00326199 -0.00288891 0 0 9.08451e-06 -0.00100081 0 -0.0224387 0 0.0278636 0 -0.0100321 -0.0224845 -0.00390299 -0.0109007 0 0.0118083 0 0 0 0 -0.00335189 0 -0.00843318 0 0 0 6.89735e-05 -0.00956718 0 -0.00256359 -0.000111553 0 -0.00313029 -0.0075569 -0.00428728 -0.000777425 0 0 -0.000535046 0 -0.000784043 0 -0.00234248 -0.000939882 -0.00203485 -0.00338745 0 0 0.00734916 -0.015289 0 0 0 0 -0.0182381 0 -0.000794991 -0.00455004 0 0 -0.007367 -0.0221183 0 0 -0.00116072 -0.00155758 0 0.00361082 -0.00103374 0.000341129 0 0 -0.00038598 -0.0046974 -0.00022417 -0.0114311 0 0 -0.0119333 0 0 0 0.000245097 -0.000310498 -0.00206663 -0.0082439 0 0 -0.00260856 -0.000642798 -0.00233397 0 0 -0.0110068 -0.000157969 -0.00814808 -0.00431974 0.0131597 -0.0174228 0 0 0 0 0 -0.0157532 0 0.00429604 -0.00141327 0 -0.000519517 0 -0.00666338 -0.02117 -0.00239551 -0.000598596 -0.00352809 -0.00742846 0 0 0 0 0 -0.00102987 0 -0.00127599 0 0 0 0 0 0 0 0 0 0 0 0 -0.000462927 -0.00937898 0 0 0 0 -0.0119195 0 -0.00510332 0 0 -0.000180126 -0.000907124 0 0 0 0 -0.00625413 0 0 0 -0.00395487 0 0
0.00556925 0.00959443 -0.000346156 1.32839e-05 0.0043628 -0.00177463 -0.225515 0 0 0.000213935 0 0.00266329 0.00240532 -0.00490312 0.0126532 0 0 2.72566e-05 0.00940954 -0.000999903 -0.000592618 0.00800479 0.801944 0 -0.0141221 0 0 0 0.0166356 -0.130128 0.00963011 0 -0.00672587 -0.00674583 -0.0006595 0.0066934 0 -0.00126961 0 0 -0.0110149 0.017636 -0.00479147 0.0146995 0 0 0 -0.00298448 0 1.96816e-05 -0.0321397 -0.00186766 0.00213071 -0.00543555 -0.00245431 0 0 -0.00837357 0 0.00319674 0.0176787 0 0 -0.0184685 -0.00101836 -0.00376067 0 0 0.00433007 -0.00335693 0.00188747 -0.013172 -0.000847024 -0.0211307 -0.0161233 -0.00720121 -0.0196265 0.0239576 -0.00856431 0 0.00190895 0.0116991 0.005091 -0.000360229 -0.0052136 0 7.08002e-05 -0.0155494 0.0223845 0.00403613 0 -0.00494982 -0.000278902 0 -0.00203084 -0.00276588 0.0158165 -0.00412647 -0.0269671 -0.00236901 -0.00464079 0.0114753 0 0 0 0 0 -0.00637274 -0.00208305 3.07161e-05 0.000300262 0 0.0112283 0 0.00832367 2.21473e-05 0 0.00970325 -6.44877e-05 -0.00484974 0 0 -0.00996106 -0.0124488 -0.0220448 -0.000173611 0 -0.00849582 -0.00361412 -0.0015965 0 0 -0.00378569 0 -0.00415448 -1.02604e-05 0 -0.00970821 0 -0.0013753 -0.00850436 -0.00562285 -0.0191566 -0.00116363 0 -0.00106863 0 -0.0449326 0.0167113 -0.00151371 0 0 -0.122632 0.00261627 0 0 0 0.00760601 0 -0.00111972 0 -0.0298145 0 -0.0109477 -0.00126691 -0.00134642 -0.00507651 0 -0.00700039 -0.00554815 0.00634471 0.0207437 -0.00241538 -0.00873344 0 0.00755254 -0.0110073 -0.0027331 0.00132812 -0.0113451 0.00428345 -0.00204046 0 0.00343577 0.00314499 0 -0.00261853 -0.00367047 0.00296873 0 0 0.0058314 0.000339994 0.00974475 0.000280311 -0.0035114 -0.00442413 0 -0.00458394 0 0 -0.000470129 0 -0.00167837 0.0159141 0.00242098 0.00896302 -0.00158264 0 0.00741266 0 0.0140697 0 0.0075842 0 0
0 0 -0.00492743 -0.0153655 0 -0.0182764 0 -0.00612699 0 0 0 0 0 0 0 0 -0.00448294 -0.0171255 -0.00305377 0 -0.00394322 0 0 0.915393 0 -0.00873983 -0.00405829 -0.00194689 0 0 0 -0.013565 0 -0.00685537 0 0 -0.0142815 -0.00142661 -0.0163233 -0.00486021 0 0.00370037 -0.00767514 0 -0.0138636 -0.010317 -0.00378742 -0.0157388 0 -0.00814064 0 0 0 -0.0235554 -0.00150971 0 -0.00440871 0 -0.00586894 0 0 0 0 0 -0.00842052 0 0 -0.0108926 0 -0.00326113 -0.00690506 -0.00214437 -0.0119741 -0.000424243 0 -0.00419769 0 0 0 0 -0.0128118 0 0 -0.00921511 -0.00110828 -0.0049493 -0.00901811 -0.000819335 0 0 0 -0.000175282 -0.0185931 0 -0.000176632 -0.00409985 0 -0.00077476 -0.000330052 -0.00019203 -0.00378443 0 0 -0.0101613 0 -0.00774122 -0.006794 -0.0183318 -0.0124222 0 0 0 -0.00508985 -0.00503031 0 0 0 0 -0.0132122 -0.000693575 0 0 0 0 0 -0.0106083 -0.0133393 0 0 -0.00699428 0 0 -0.00347957 0 -0.00655902 0.00383237 0 -0.000796745 0 -0.0116468 -0.000453611 -0.0107883 0 0 0 0 0.00564937 0 0 -0.00691516 0 0 0 0 0 0 -0.00131657 0 -0.0090324 0 0 0 0 -0.00013607 -0.00740839 -0.0034394 0 0 0 -0.000159241 0 -0.00114193 -0.00185707 0 0 0 -0.00437215 0 0 -0.000383365 0 -0.00157969 -9.02036e-06 0.000407548 0.000371785 -0.00204537 0 -0.00640384 0 0 0 0.000168755 0 0 0.000439286 -8.10148e-05 -0.00216741 0 0 0 0 0 0 0 -0.000488363 0.00100607 0 -0.000194902 -1.93057e-05 0 0.00297202 -0.00186164 0 0 0 0
-0.00111931 0 -0.0130223 -0.00280347 0 -0.00988664 -0.0171302 -0.0174085 -0.000278503 0 0 0 0 -0.00263857 0 -0.0010022 -0.00177478 0.00200852 -0.00186082 0 -0.0157258 -0.00104633 -0.0141221 0 0.898852 0.0157959 0 -0.000457061 -0.00230934 -0.0149708 0 -0.00228411 -0.00741686 -0.0363953 -0.00228796 0 -0.00135773 -0.0393131 0 -0.0038612 -0.00986486 0.0164204 -0.0133291 0.0165875 -0.010148 0 -0.0316886 -0.00200275 -0.0110956 -0.00405448 -0.00971079 0 -0.017792 -0.00438706 0.00543729 -0.0123129 -0.00260316 -0.000548433 0 0 0 -0.00154866 0 0 -0.0100348 -0.00457879 -0.00516682 -0.0220055 0 -0.00522935 0.00078338 0 -0.00276617 -0.0280662 -0.00540096 -0.0360552 -0.000406383 -0.00209193 -0.00147439 0 -0.0160833 0.00118238 0 -0.0184667 -0.000375726 -0.00561506 0 -0.0166319 0.0184601 0 0 -0.00553959 -0.00322657 -0.000520755 -0.0578703 -0.00270193 0.00210011 -0.0031295 -0.00281158 -0.00281288 -0.0068504 -0.0121155 0 0 0 -0.0100715 -0.000235307 0 -0.00910091 -0.000806332 0.0175712 0 -0.0262357 -0.021533 0.0056892 -0.000539329 0 6.36787e-05 0 -0.00571821 0 9.85294e-05 -0.000759199 -0.000730995 -0.00640851 -0.00208273 -0.000468541 -0.00414472 -0.000429031 -0.0199638 -0.0027512 0 -0.041631 -0.000818639 -0.0299842 0.0104296 0 0 -0.000120688 -0.00267681 -0.0052873 -0.0023554 -0.00191455 -0.00921138 0 -0.0315846 0.00723368 -0.0151758 -0.006392 -0.00144412 0 -0.00120102 -0.00627219 -0.0101305 0.00169955 1.32536e-05 0 0.000378284 -0.00291765 -0.00205711 0 -0.00118646 0 0 -0.0174754 -0.000113678 -0.000429152 -0.0217365 -0.00377931 -0.00524866 -0.00250631 -0.00936587 -0.0242723 0 0 0 -0.00332593 -0.0431302 0 -0.00245348 0.000405976 0 0 0 0.00186542 0 0 -0.0171717 0 0 0.00084557 0.000761571 -0.00629283 0.00850445 0.00445428 -0.00237892 -0.00401392 0 -0.00513733 0 0 0 0 -0.00208386 -0.000728841 0.000409549 0 0 0 0.0026791 0.00314523 0 0 0 0 0
0 0 -0.00383746 -0.0383609 0 -0.00525315 0 -0.00462056 0 0 -0.0132659 0 0 0 0 0 -0.011235 -0.0318151 0 0 -7.43536e-05 0.0157965 0 -0.00873983 0.0157959 0.840953 -0.0148575 -0.0340687 0 0 -0.0248815 -0.0169614 0.00538431 0 0.0117106 0.00991898 -0.00753306 -0.00256199 -0.0186772 0 -0.00146141 0.00932848 -0.00248607 0.000110054 -0.00716117 -0.0142198 -0.00296968 -0.0214385 0 -0.0233493 0 0 0 -0.00950776 0 0 -9.11355e-05 -0.00413606 -0.043637 0 0 0 0 -0.018652 -0.00244481 0 0.00475555 -0.00265545 0 -0.00187989 -0.091776 -0.00265154 -0.00840301 -0.00240423 0.0007575 1.29949e-05 0 0.000123319 0 0 -0.00287041 -0.000467596 0 -0.000515524 9.19218e-06 -7.43198e-05 -0.0186741 0.00272236 0.00021451 0 0 -0.0179334 -0.0063872 0 0 -0.011451 0 0 0 0 0 0 0 -0.0384484 0 -0.0200466 0 -0.0504 -0.000566525 -0.00109824 0 0 -0.000699587 -0.00457097 -0.000490782 0.00131174 0 0 -0.021259 9.89114e-05 0 0.000120969 -0.0133385 0 0 -0.00307038 -0.00454758 0.00267722 0 -0.00104698 0 0 0 0 0 0.00453978 0.00465225 -0.00337732 0 0 0.00319751 -0.0084329 -0.000590581 0 -0.00189128 0.0163455 0.00580646 0 0 0 0.00826874 0 0 4.72257e-05 0 0 0 0 -0.0140468 0.00676221 0 0 0 -0.000990719 0 -0.0367312 0.000114324 0.00387058 0.0158605 0.000154192 0.0164586 0 0 0 0 0 0 0 0 0 0 -0.00345388 -0.00473112 0 0.0102105 -0.0131047 0 -0.00714003 0 0 0.000334206 0 0 0.0019607 0.00144602 0 -0.000585352 -0.00195956 0.00187118 -0.000806989 0 -0.00196662 -0.000825093 0 0 0 0 -0.00356494 -0.00259208 0 0.00239043 -0.0119682 0 0 0 0
