0.890488 -0.108664 0.0803631 -0.063937 -0.0597941 0.00986855 -0.0485475 0.00875452 -0.0411534 -0.0778516 0.187165 -0.0619005 -2.42521e-06 0.00980349 -0.0388058 0.143478 -2.17574e-06 0.0572187 -1.83923e-06 1.1945e-06 -0.0891617 0.0364959
-0.108664 1.06199 0.0199364 0.0530742 0.253902 -0.0257012 0.127075 -0.00489061 0.0752036 0.0763725 0.0431529 0.0102111 4.59832e-07 -0.0255262 -0.0997963 0.0761305 1.0742e-07 0.160086 -1.89559e-07 -1.65768e-06 0.274978 0.0237269
0.0803631 0.0199364 0.711025 -0.0112526 0.0761004 -0.0215926 0.0334396 0.0160791 0.0281321 0.0101389 0.110463 -0.0345278 -1.27703e-06 -0.0214517 -0.0203628 0.0641259 -1.12738e-06 0.0589739 4.38153e-06 -7.69035e-07 0.0188694 0.137447
-0.063937 0.0530742 -0.0112526 0.513637 0.0529882 0.0424922 -0.0101046 0.0479128 0.0612743 -0.0251311 -0.0494195 0.0783495 -1.32394e-06 0.0422109 0.173898 -0.036947 7.26532e-07 -0.0387015 -7.70524e-07 -7.60607e-07 0.0720307 -0.028558
-0.0597941 0.253902 0.0761004 0.0529882 0.685778 -0.0638529 0.114306 -0.0220642 0.156879 0.0694993 0.0732021 -0.00854792 -1.3651e-06 -0.0634355 -0.022823 0.0824062 3.92134e-09 0.164547 -3.46872e-07 1.96307e-07 0.298107 -0.0270765
0.00986855 -0.0257012 -0.0215926 0.0424922 -0.0638529 0.47717 0.00318471 0.234041 0.0575358 -0.112693 -0.0528206 0.0761764 2.51208e-06 0.474047 0.0348267 0.0126293 -3.51617e-07 0.00463076 7.48819e-07 -1.70673e-07 -0.0845472 0.121315
-0.0485475 0.127075 0.0334396 -0.0101046 0.114306 0.00318471 0.271637 0.041533 0.0330571 -0.00120681 0.088714 -0.00641743 3.52212e-07 0.00316248 -0.0808581 0.0329293 7.95995e-07 0.131447 3.4697e-07 -1.44113e-07 0.0837693 0.0468206
0.00875452 -0.00489061 0.0160791 0.0479128 -0.0220642 0.234041 0.041533 0.441181 0.069369 -0.0852126 -0.00285244 0.180592 1.20058e-06 0.23251 0.0596091 0.00863181 -2.05581e-07 0.058674 1.57236e-06 -7.90321e-07 -0.0240574 0.203382
-0.0411534 0.0752036 0.0281321 0.0612743 0.156879 0.0575358 0.0330571 0.069369 0.695092 -0.220148 0.0389659 -0.00852263 4.21757e-06 0.0571549 0.0298262 0.0310255 -2.07958e-07 0.0246659 -2.06609e-06 9.77052e-08 0.159955 0.0248596
-0.0778516 0.0763725 0.0101389 -0.0251311 0.0694993 -0.112693 -0.00120681 -0.0852126 -0.220148 0.731669 0.0110081 0.00764478 -1.6571e-06 -0.111954 -0.0132125 -0.000982199 -1.29234e-06 0.00745707 -2.26889e-08 -1.92043e-06 0.0355826 -0.037205
0.187165 0.0431529 0.110463 -0.0494195 0.0732021 -0.0528206 0.088714 -0.00285244 0.0389659 0.0110081 0.632939 -0.0434001 -8.31861e-07 -0.0524774 -0.0615676 0.105856 -2.24566e-06 0.130979 -1.14967e-06 1.30147e-06 0.0442318 0.0389829
-0.0619005 0.0102111 -0.0345278 0.0783495 -0.00854792 0.0761764 -0.00641743 0.180592 -0.00852263 0.00764478 -0.0434001 0.457717 2.44604e-07 0.0756801 0.105211 -0.00451936 -1.66154e-07 0.00858652 2.15038e-06 -3.72275e-07 0.00679074 -0.00965441
-2.42521e-06 4.59832e-07 -1.27703e-06 -1.32394e-06 -1.3651e-06 2.51208e-06 3.52212e-07 1.20058e-06 4.21757e-06 -1.6571e-06 -8.31861e-07 2.44604e-07 3.12637e-09 2.4956e-06 -1.13628e-06 -1.60752e-06 1.24379e-10 8.64706e-07 -1.26834e-11 1.17735e-10 7.31703e-07 1.99033e-06
0.00980349 -0.0255262 -0.0214517 0.0422109 -0.0634355 0.474047 0.00316248 0.23251 0.0571549 -0.111954 -0.0524774 0.0756801 2.4956e-06 0.470945 0.0345964 0.0125426 -3.49365e-07 0.00460133 7.44234e-07 -1.69644e-07 -0.0839913 0.120522
-0.0388058 -0.0997963 -0.0203628 0.173898 -0.022823 0.0348267 -0.0808581 0.0596091 0.0298262 -0.0132125 -0.0615676 0.105211 -1.13628e-06 0.0345964 0.65842 -0.0693046 -1.78715e-06 -0.0816515 1.01103e-06 -5.50404e-07 0.0577827 -0.0304216
0.143478 0.0761305 0.0641259 -0.036947 0.0824062 0.0126293 0.0329293 0.00863181 0.0310255 -0.000982199 0.105856 -0.00451936 -1.60752e-06 0.0125426 -0.0693046 0.456787 -1.10817e-07 0.0831015 -7.60958e-07 1.97313e-06 0.0237788 0.0451396
-2.17574e-06 1.0742e-07 -1.12738e-06 7.26532e-07 3.92134e-09 -3.51617e-07 7.95995e-07 -2.05581e-07 -2.07958e-07 -1.29234e-06 -2.24566e-06 -1.66154e-07 1.24379e-10 -3.49365e-07 -1.78715e-06 -1.10817e-07 3.40592e-09 2.03326e-06 -5.21815e-11 -1.9415e-11 -1.25691e-06 6.93082e-07
0.0572187 0.160086 0.0589739 -0.0387015 0.164547 0.00463076 0.131447 0.058674 0.0246659 0.00745707 0.130979 0.00858652 8.64706e-07 0.00460133 -0.0816515 0.0831015 2.03326e-06 0.344171 1.08824e-08 6.39249e-07 0.0969309 0.0785166
-1.83923e-06 -1.89559e-07 4.38153e-06 -7.70524e-07 -3.46872e-07 7.48819e-07 3.4697e-07 1.57236e-06 -2.06609e-06 -2.26889e-08 -1.14967e-06 2.15038e-06 -1.26834e-11 7.44234e-07 1.01103e-06 -7.60958e-07 -5.21815e-11 1.08824e-08 3.37092e-09 -9.27585e-11 6.4986e-07 2.42449e-07
1.1945e-06 -1.65768e-06 -7.69035e-07 -7.60607e-07 1.96307e-07 -1.70673e-07 -1.44113e-07 -7.90321e-07 9.77052e-08 -1.92043e-06 1.30147e-06 -3.72275e-07 1.17735e-10 -1.69644e-07 -5.50404e-07 1.97313e-06 -1.9415e-11 6.39249e-07 -9.27585e-11 3.12057e-09 1.44773e-06 -1.81891e-07
-0.0891617 0.274978 0.0188694 0.0720307 0.298107 -0.0845472 0.0837693 -0.0240574 0.159955 0.0355826 0.0442318 0.00679074 7.31703e-07 -0.0839913 0.0577827 0.0237788 -1.25691e-06 0.0969309 6.4986e-07 1.44773e-06 0.774515 -0.0990105
0.0364959 0.0237269 0.137447 -0.028558 -0.0270765 0.121315 0.0468206 0.203382 0.0248596 -0.037205 0.0389829 -0.00965441 1.99033e-06 0.120522 -0.0304216 0.0451396 6.93082e-07 0.0785166 2.42449e-07 -1.81891e-07 -0.0990105 0.610413