0.910734 -0.00182442 -0.0574081 -0.00298302 -0.0410865 -0.000823006 0.00260992 0.0148424 -0.0167681 -0.00448162 -0.0301994 -0.00135294 0.0018552 0 0 -0.0311668 -0.00204582 -0.0208876 0.00890927 -0.0150458 0 -0.0338895 0 -0.00176813 -0.0043217 -0.0279721 -0.0065409 0 0 0 0 -0.0205836 0 -0.00088925 -0.00248492 0 -0.00698979 -0.0111693 -0.00240606 0.00665504 -0.00342981 -0.00258214 0 0 0.00341209 0.00251914 0 0 0 -0.0012416 0.00128191 0.00883215 0 0.00264817 -0.00735385 -0.0267496 -0.0254467 -0.00307601 -0.0173444 -0.00521768 0.000701485 -0.00826549 0 -0.00762791 0.0146444 -0.000893564 0.00164356 -0.00228214 0.00449209 0 0 -0.00867185 0.0038091 0.000866646 -0.0113841 0.0205737 -0.00569481 0.00718395 -0.000454155 0 -0.00326506 0.00289517 0.00916255 0.00400136 -0.00123403 0 -0.0193945 0.013991 -0.000261623 0 -0.00187796 0.000615383 -0.00739377 0.00776301 -0.0194821 0.00114999 -0.00436396 0 -0.00276024 0.0143771 0.004949 0.0149272 1.63581e-05 0.00139223 -0.000127603 0.00201632 -0.00241163 -0.0128177 0.0316679 -0.0238874 0 -0.000634156 -0.00589881 0 0.00980565 0 0.00252248 -0.00110711 0 0.00204132 -0.00022382 -0.00451478 -0.00101362 0.000953163 -0.0038339 0 -0.00735887 -0.0298515 0 0 0.000127767 -0.00912739 0 0.00236609 -0.000738775 0 0 0 -0.00802019 -0.0314915 0 -0.00160986 3.48798e-05 -0.000355979 0 -0.000974731 0.00617342 -0.00160091 -0.0175998 0 -0.000575447 0.00296161 -0.00192547 0 0 0 -0.00497577 0.00908114 -0.00186079 0 0 0 0 0 -0.0216045 -0.00704058 0 -0.00848873 0 0 0 0.00151702 0 0.00114978 0 -0.00471112 0.0037202 -0.000600643 0 0 -0.00243575 0.0021761 -0.0206636 -0.00243103 0.00188581 0.000190741 -0.000511984 0 -0.000744748 0 0 -0.00444482 0.00277118 0 0 0 0 0.00468074 -0.0176298 0.000819558 -0.0101396 -0.00287151 0 0 0 -0.00431794 0.00515577 -0.00591581 0 -2.00085e-06 0 0 0 0 0 0
-0.00182442 0.920915 -0.000206988 -0.0184839 -0.00896676 -0.0183217 0.0026201 0.0101647 -0.00320101 -0.0106159 -0.0037101 -0.00955123 0.0170945 -0.000160007 0 0 -0.0111753 -0.0017633 0.00107741 -0.00267862 -6.86864e-06 -5.05286e-05 -9.43905e-06 -0.0105262 -0.00372227 0 -0.00387283 -0.0162928 -0.0112999 0 0 0 0.000575656 -0.0103126 0 -0.00726742 -0.00295297 -0.000217392 -0.00483212 0.00768227 -0.0236093 -0.00106473 -0.0110701 0 0.00602615 0.0014114 0 -0.00746935 -0.0206661 1.73527e-05 0.00199714 0.00624211 -0.0170682 0 0 3.32423e-05 -0.0143736 -0.021354 -0.0155479 -0.00136944 0 -0.0222172 -0.00790058 -0.0134584 0.0227829 -0.0222256 0 -0.00128638 0.00100866 -0.0110225 -0.003691 -0.00740562 0.00422363 0 -0.00141119 0 0 0.00105141 0 -0.0108273 1.07735e-06 0.000863271 0.00146459 0 -0.0188891 0.00909483 -0.00175512 0 0 0 0 0.00157763 0 0.0167405 -0.00113035 0.00027443 0 0 -0.0233412 -0.000950946 0.000184715 0 -0.00294958 0.000824411 -0.00683236 0.00228726 -0.00634505 -0.00364959 0.00201298 -0.00107153 0 -0.0113643 -0.00412918 0 0 0 0.00145421 -0.00908126 -0.00464499 0.00409363 -0.000302026 -0.00197781 -0.0131657 -0.0145541 -0.000820815 -0.00217664 0 -0.00284322 -0.00382225 0 0.000685624 -0.0235243 -0.00779835 0.00333054 -0.0119919 -0.00516975 0 -0.0100219 -0.0215869 -0.000423728 0 -0.0202859 -0.00428233 -0.00485084 -0.0059018 -0.00538675 0.00895486 -0.090753 0 -0.00347363 -0.0147931 0.0065838 -0.0159444 0 -0.00538545 0 -0.00772207 0.00794495 0 -0.0034091 0 -0.00405796 0 -0.00261886 -0.000465465 -0.00960661 -0.00546208 -0.0218268 -0.00176228 -0.00677498 -0.00318837 0.00853793 -0.00425797 -0.00321156 -0.0010026 -0.0200382 0.0085331 -0.0237458 -0.0128968 0.00222701 1.88103e-05 -6.19576e-08 0 0 0 0 0 0 -0.0211325 -0.0256606 0.0113407 0 0 0 0 0 -0.00104997 0.0119477 -8.53862e-05 0.000552314 -0.00354918 -0.000514958 -0.00465997 0 0 -0.00105624 0.00779492 0 -0.00281769 0 0 -0.00749355 0 0 0 0
-0.0574081 -0.000206988 0.895608 -0.00119527 -0.0316512 0 0.00825802 0.0219174 -0.0191417 -0.000843272 -0.00803159 -0.0052729 0 0 -0.00146844 -0.0139663 0 -0.0298471 0.0189165 -0.0131931 0.00777291 -0.0414574 0 -0.00301485 -0.000958514 -0.00575132 -0.00363374 -0.0014661 0 0 0 -0.00988015 0 -0.00116157 -0.00860301 -0.00106589 -0.00610406 -0.0378364 -0.00266601 0.00104211 0 -0.00508634 0 0.000800295 0 0 -0.00214819 0.00548237 2.86781e-06 -0.000448769 0 0.00118202 0 0.00597184 -0.010055 -0.0208701 -0.0146422 -0.00100597 -0.00065521 -0.00142909 0 -0.0001729 0 -0.00192319 0.00743403 0 0 -0.00668464 0.00721937 0 0 -0.01586 0.00350449 0 -0.0224727 0.00058884 -0.0111909 0.00883301 0 0 -0.00204409 0 0.0118409 0.00248723 -0.000903871 0 -0.00561067 0.0186075 0 0 -0.0169392 8.35696e-05 -0.00944891 0.00597472 -0.0277006 0 -0.00101409 0 0 0.0183613 0.00473296 0.000413073 0 0.00130893 2.56882e-05 0 -0.00858723 -0.00676178 0.0103657 -0.0164037 -0.00437079 -0.000720694 -0.00308506 0 0.00877776 0 0 -0.000104662 2.00051e-05 0 -0.00168354 -0.000160621 -0.00235956 0 0 0 -0.0127881 -0.0124619 0 0 0 -0.00151887 0 2.54781e-05 0 0 -0.00351342 0 -0.00483758 -0.00373814 0 -0.0027059 0.00410884 0 0 -0.00158049 0.00173499 -0.000579343 -0.00785797 0 0 0.000408523 -0.0012475 0 0 -0.00295892 -0.00131058 0.00370285 -0.000687996 0.00206025 0 0 -0.00294556 0.00373106 -0.0275345 -0.00578084 0 -0.000487573 0.00327631 2.24301e-05 0 0 0 0 0.00521742 -0.000718705 0.00364176 0 0 0 -0.00263199 0 -0.00783229 -0.0028378 0 0 0 0 1.09129e-05 0 0 0 0.0002149 0 0 0 0 0 -0.00128903 0 -0.0104567 0 0 -0.0128201 0 0 0.00332809 -0.00229579 0 0 0 0 0 0 0 0
-0.00298302 -0.0184839 -0.00119527 0.939858 -0.00255015 -0.0410873 0 0 -0.0008817 -0.0334362 -0.00101558 -0.0172647 0.000146815 -0.000169076 -0.00158975 0 -0.00459796 -0.00389237 0 -0.00155063 0 -0.000196266 -0.00241912 -0.00386769 -0.00426689 0 0 -0.00338507 -0.00797951 0 -0.000382981 0 0.00114895 -0.00769046 0 -0.00354117 -0.00568673 0 -0.00549432 0.00289045 -0.0164368 -0.00057238 -0.00495591 0 0 0 0 -0.00416265 -0.00602425 0 0 0 -0.0105502 0 0 -0.00197683 -0.0163298 -0.0116277 -0.0130798 0 0 -0.0202262 -0.0184986 -0.0125168 0.0116069 -0.0122514 0 -0.00236366 0 -0.0116866 -0.00484222 -0.00587256 0.00111936 -0.000168112 -0.00118588 0 0 0 0 -0.011707 -0.00240403 0 0 0 -0.02244 0 -0.00205225 0 0 0 0 0.000394566 0 0.0124513 -0.00450637 0 0 0 -0.00361421 0 0 0 -0.000591155 0 -0.00715137 0 -0.0247576 -0.00710014 0.00150757 0 0 -0.00658223 -0.00372009 -0.000663088 0 0 0 -0.00371293 -0.00107273 0 0 0 -0.00163941 -0.0045627 -0.00253761 -0.00712228 0 -0.000890339 -0.000410449 0 0 -0.00813899 -0.0025397 0 -0.00794898 -0.0017628 0 -0.0128436 -0.0363884 -0.000556888 0 -0.010353 -0.000917472 -0.00300472 -0.00429524 -0.00696148 0.0138483 -0.01396 0 -0.000636318 -0.0179473 0.00499474 -0.0116667 -0.000105608 -0.00488532 0 -0.00644692 0.0044417 -0.00108481 -0.00117884 0 -0.00722855 0 -0.000741021 -0.000567911 -0.00487025 -0.00123587 -0.00954811 0 -0.0022033 -0.00320928 0 -3.07044e-05 -0.00340508 0 -0.00997983 0.00759077 -0.0160398 -0.00945677 0 0 0 0 -0.000190616 -0.00184714 0 0 0 -0.0304454 -0.00340858 0.00176578 0 0 0 -0.00157882 0 -0.000796572 0.00579279 0 0 0 0 0 0 0 0 0.00551128 0.000298719 0 8.76422e-06 0 0 0 0 0 0
-0.0410865 -0.00896676 -0.0316512 -0.00255015 0.926127 0 0.00705719 0.0143169 -0.0189657 -0.00338797 -0.000480571 -0.00328648 0.00334007 0.000548897 0.00267712 -0.0405618 -0.0136974 -0.0127289 0.0056292 -0.00768484 0.000313749 -0.033242 0.0019538 -0.00483393 0 -0.0044186 -0.0074387 0 -0.00169461 0.000797811 0.00255162 0 0.00176524 -0.0013838 -0.0413964 0 -0.000565719 -0.0077623 0.000615021 0.00307557 -0.00770464 -0.00282954 -0.00248565 0.00763948 0.00886719 0.00351045 0 -0.000654061 -0.000284809 -0.000216512 0.00687497 0.0172062 -0.00113072 0.00324932 -0.00752759 -0.0115881 -0.0156934 -0.00821378 -0.00784427 0 0.00755188 -0.00623985 0.00218084 -0.00607756 0.00604963 0 0.00608868 0.000873167 0.0184177 -0.000236199 0 -0.0119771 0.000337826 0.00276267 -0.00849107 0.00646426 0 0.00728313 0 0 0 0.0137862 0.00724383 0.0113455 -0.0047127 0.00625661 -0.00225844 0.002245 0 0.00410136 0 0 0 0.00831991 -0.0174218 0.00852631 -0.00185237 0.000697375 -0.00472764 0.00144565 0.0100265 0.0100149 0 0.0205353 -0.000107151 0.0149826 -0.00484561 -0.013242 0.0125286 -0.019224 0 -0.00176287 0 0.00484825 0 0.00208393 0.0099698 -0.00502751 -0.00104506 0.00689407 0 -0.0122355 0 0.000184575 0 0 0 -0.0183497 0.000718534 0.00261928 0.00565393 -0.00733631 0 0.011224 -0.00112628 0 0 0 -0.00721202 -0.0058398 0.000195826 -0.00252631 -0.000712221 -0.00486798 0 0 0.004185 -0.00521095 -0.00255452 0 -0.00357615 0.00282754 0 0.0025018 -0.00221174 0 -0.00884148 0.00393046 0 0 0 0 0 -0.000692652 -0.00602247 -0.00169439 0 -0.00702959 0 -0.00238317 0 0.00992329 -0.000571411 0.00673855 0 -0.00230956 0.00170577 -0.000533471 -0.000111682 0 -0.00141735 0.00291309 -0.00473644 0 0.00239713 0.00424353 -0.00153758 0 0 0 0.000610878 -0.00645151 0.00949359 0 0.00153586 0.00146926 0.00148109 0.0193967 -0.00688966 0.00520426 -0.00753728 -0.00627918 -0.000824919 -0.000733588 -0.00453695 -0.00738642 0.00382184 -0.00905576 -0.00207258 -0.00311655 0 -6.43395e-05 0 0 0 0
-0.000823006 -0.0183217 0 -0.0410873 0 0.911772 -0.000479019 0 -0.00269369 -0.0175806 -0.00029601 -0.0316687 0 -0.00173053 -0.0078367 0 -0.00409162 -0.010766 0 -0.00410943 0 0 -0.0154252 -0.00107012 -0.00399004 0 0 -0.000620546 -0.00485044 -0.000997664 -0.00138013 0 0 -0.0108721 0 -0.00748796 -0.00592546 0 -0.0264578 0.00298852 -0.00628691 -0.0078418 -0.00236105 0 -0.00207492 -0.000506741 -0.000187067 0 -0.020206 0.0084556 -0.00229494 8.27965e-05 -0.00958896 0 0 -0.000234198 -0.00901274 -0.00994554 -0.0243317 -0.00129333 0 -0.00712616 -0.0407035 -0.0225481 0.00467386 -0.0139195 -0.000989825 -0.0169676 -0.00180077 -0.00342911 -0.000929288 -0.0108357 0.0011699 -0.00332567 -0.00421451 -0.00512915 0 -0.00319272 0 -0.00974136 -0.000879896 -0.00313198 0 -0.00230541 -0.0322065 0.00947916 -0.00061714 0 0 0 0 0.000855161 0 0.00761944 0 -0.00468758 0.00133384 0 -0.00138743 0 0 -0.00200381 -0.000431317 -0.00108516 -0.00715854 -0.00256603 -0.0207973 -0.0109749 0.00274988 2.13504e-05 0 -0.0109051 -0.0127472 -0.0029517 0 0 -0.00393368 -0.0060299 0 -0.00291793 -0.000529418 0.00283385 -0.0056031 -0.0172324 -0.00283033 -0.0648225 0.00409218 0 -0.00146262 -0.000809116 0.0103414 -0.00642581 -0.010476 -0.0024936 -0.00699654 -0.00695032 0 -0.00650665 -0.0195704 0 0 -0.00962253 0 -0.00516574 -0.00381694 -0.00692972 0.00298763 -0.0216632 0 -0.00391815 -0.0112793 0.0025246 -0.0231229 -0.00293237 0 0 -0.00382017 0.00348445 -0.00214197 0 0 -0.00628363 0 0 -0.000744624 -0.0145672 -0.00652855 -0.011936 0 0 -0.0196557 -0.00188179 0 -0.0131534 0 -0.0133875 0.00199305 -0.0114553 -0.0094235 0 0.00424798 0 0.00108889 0 -0.0140294 -0.00296267 0.0007796 0 -0.0110902 -0.00430729 0.00812003 0.0128001 -0.0030483 0 -0.00301659 -0.00194107 -0.00929262 0 0.00200707 -0.00208813 0.00216878 0.000360392 0 0 0 0.00541572 0.00354485 0.0128665 -0.00210156 0.010573 0 -0.000686473 0 0 0 0
0.00260992 0.0026201 0.00825802 0 0.00705719 -0.000479019 0.806503 -0.178752 -0.00423058 0 0 0.00769728 -0.0075601 -0.0273857 0.0191155 0.000826115 -0.0081903 0.0019444 -0.111432 0.00759847 -0.00296368 0.00303186 -0.00866763 0.000555234 -0.00185207 9.28951e-06 0.0216727 0.0141956 0.000733359 -0.00391193 -0.0202125 -0.0333029 0 -9.68608e-05 0.0132245 -0.00382803 -0.0120776 0.0246772 -0.0129422 0 0.000828129 0.030028 0.000713833 -0.0101301 -0.0109044 -0.00243109 0.00862749 -4.07297e-05 0.00278266 0.0143506 -0.00368612 -0.0108225 0 -0.0211772 0.0116286 0.0181514 -1.96179e-05 0 -1.21423e-05 0 -0.00786833 0.0020652 -0.0122559 0.00389842 0.0312316 -0.000306228 -0.0078493 0.00663653 -0.0100358 0.000135438 0 0.047049 0 -0.0122807 0 -0.000136606 0 -0.0149118 0 0 0 -0.0119427 -0.132843 -0.00993434 0 0.0273834 0.00195867 -0.00201633 0.0087759 -0.00409119 0 0 -2.79831e-05 0 0.00463583 -0.0128477 0.0113213 -0.00110854 0.0070763 -0.00621664 -0.0136366 -0.0170826 -0.000501133 -0.0261754 -0.0117171 -0.0100838 0 0 -0.000319831 0.00444399 0 0 -0.00340005 -0.00866149 0 -0.00360158 -0.0137868 0.00136177 -5.55479e-05 -0.00642093 0 0.0160368 -0.00265573 -0.00254641 -0.0487269 -0.00151159 -0.00242781 0.00308588 -0.00824198 -0.0109335 0 0.0040824 0 -0.0222443 -8.20505e-06 0 0.00870153 -0.00513752 0 0.0033781 -0.0010908 0 -4.76975e-05 -1.94302e-05 -0.000683413 0 1.57872e-05 0.00165497 0.00669502 -0.000101231 0.000688201 0 -0.00154095 -0.0038199 -5.11294e-05 0 0 0 -0.00265487 -0.00848809 0.00166954 -0.00288445 -0.0010761 -5.42891e-05 0 1.70666e-05 -0.000257751 -2.44406e-05 0 -5.39541e-05 0 -0.00180082 0.000168663 -0.00636969 -0.0160264 -0.000903783 0 0 0 0 0.015754 -0.00534786 0.00569376 -0.00245636 -0.00439815 -0.00770667 0.00277639 0.000727126 -0.0101551 0 0.0156816 0.00961169 -0.00802783 0 -0.00186754 -0.00254043 -0.00364233 -0.00632214 0.01807 -0.00840232 0.0109269 0.0139174 0.000807171 0.00374378 0.00448364 0.0141205 0 0.00834057 0 0.00527012 0.000972869 4.92093e-06 0 0 0 0
0.0148424 0.0101647 0.0219174 0 0.0143169 0 -0.178752 0.799473 0.000925886 0.00130026 0.000638716 0.0224514 0.0191619 -0.0296568 4.81366e-05 0.00353271 0.0106799 0.0110303 -0.145494 0.0247685 -0.00261303 0.0132321 -0.0092645 0.00155051 0 0.00393576 0.0177475 0.011433 0.00303247 -0.00503884 -0.0276358 -0.0245943 0 0 0.0225326 -0.000302902 0 0.0227874 -0.00330098 -0.0019844 0.00308455 0.0357837 0.00174323 -0.0237678 -0.00938764 -0.00130252 0.0188385 -3.96195e-05 0.00706002 0.0152752 0.00203094 -0.0133605 0 -0.0351715 0.0199477 0.0309951 -0.0228827 0 0.000748829 0.0162418 -0.0137858 0.00718982 -0.00739824 0.010075 2.82288e-05 -0.00684294 -0.0151017 0.00663379 -0.0111965 0.00287832 0 0.0767649 0 -0.00865476 0.00837188 -0.00443334 0 -0.0121654 0.00816597 0.00284147 0.00386141 -0.0237134 -0.148054 -0.0106738 0.00377765 0.0195168 0.00598115 -0.00897226 0.0173104 -0.00924801 0 0 0 -0.00303841 0.0103162 -0.0108025 0.00462871 -0.000183521 0.0114665 -0.0183341 -0.0416341 -0.00509389 -0.00455013 -0.0279784 -0.0191674 -0.0133299 0.00114586 0.00933548 -0.00808716 0.0149814 0 0 -0.000362383 -0.0017466 0 -0.00334622 -0.0206252 0.00448651 -5.07734e-05 -0.000435811 0.0042009 0.0201909 -0.000790964 -0.00136319 -0.0363079 -0.000607151 0.00868397 0.0127861 -0.00701392 -0.00345335 0 0.00515238 0 -0.0196699 -1.46174e-05 0 0.0112304 -0.00704456 0.000158373 0.0182922 -0.00118382 0 -4.45014e-05 0 -0.0112575 0.0147652 0 0.00869648 0.0108358 0 0.00155347 0 0 -0.00224268 -4.84177e-05 0.00112766 0.00126229 -0.00132387 0 -0.0146451 0.00756465 -0.000852008 0 -0.0245217 0.00400726 0 -3.05566e-05 0.000938788 0 -5.01194e-05 0 0.0069957 0.000295028 -0.00816286 -0.0220184 0 0 0 0 0 0.0103752 -0.0076464 0.0100553 -0.00537365 -0.00696389 -0.00637883 0.00201601 0.00409429 -0.00476725 0 0.0158763 0.0118508 -0.00800275 0.00538317 -0.000909771 0.00244163 -0.00260981 -0.00613412 0.00966841 -0.00718636 0.0111345 0.00837653 0.000762224 0.00860487 0.00709301 -0.00386734 -0.000636354 0.0166987 0 0.00429364 0.00026231 0.000267448 0 0 0 0
-0.0167681 -0.00320101 -0.0191417 -0.0008817 -0.0189657 -0.00269369 -0.00423058 0.000925886 0.715988 -0.00973529 -0.0561229 -0.00228398 0.00813957 0 -0.010322 -0.0154823 -0.00438862 -0.0312025 0.00176288 -0.0155302 0.000739852 -0.0415763 0.01152 -0.00178133 -0.0245748 -0.0214296 -0.0133959 -0.00786025 -0.00274145 0 0 -0.00204288 0 -0.0040311 0.0561804 -0.00485054 0.00636542 -0.00602687 -0.0227056 0.00501269 -0.00344711 -0.010007 -0.000238256 -1.08751e-05 0.000824226 0.0152514 -0.00789 -0.00027249 0.00193614 -0.00592663 0.0256051 0.00452189 0 0.0171581 -0.0196155 -0.00501616 -0.035562 -0.00755751 -0.0110167 -0.0319793 3.91091e-05 -0.00522187 -0.00122349 -0.00627548 -0.00059249 -0.00115911 0.0064699 -0.0267938 0.0108876 0 0 -0.0208031 0.00448125 0.00221551 -0.0346182 0.0228714 -0.0288109 0.0226426 0 0 -0.00608819 0.00215607 0.00278942 0.0038409 -0.00318438 0 -0.0381834 0.00475907 0 0 -0.00976055 0 0 0.00425629 -0.00638633 0 -0.0200753 1.18187e-05 -0.0100147 0.0032593 0.00248914 0.0097545 0 0 0.00133475 0.000436049 -0.0105415 -0.0104865 0.0233993 -0.00836783 0 -0.00030862 -0.0127185 0 0.00167354 0 0.000348008 -0.00714979 0 0.00498984 -0.019519 -0.0184943 -0.00367507 0.0100312 -0.0293987 0 -0.00115729 -0.0151435 0.0170599 0.000670683 0.0108631 -0.00452686 -0.00614188 0.0011524 -0.00371915 -0.0030315 0 0 -0.00366471 -0.0194015 -0.0117013 -0.00631964 0 -0.00605496 -0.000578421 0 0.00320938 -0.00177546 -0.00114838 0.00894828 -0.000847132 0.00174051 -0.00190289 0 -0.00175686 0 -0.00748624 0.00587264 0 -0.000309602 0 2.37143e-05 -0.000248004 0 -0.0212319 -0.0140101 -0.00455426 -0.0111688 0 -0.000738118 -0.00267406 0.00102783 0 0 0 -0.00015953 0.00796542 -0.000197236 -0.00207671 0 -0.0123528 0.00261956 -0.00523543 -0.00801313 0 0 0 0 0 0 0 -0.0292036 0.0021214 0 6.62142e-06 0 0 0.00523892 -0.0101756 0.000117381 -0.00181378 -0.0313125 0 0 0 -0.00578909 0.00708787 -0.00785763 -0.0117332 0 0 0 0 0 0 0
-0.00448162 -0.0106159 -0.000843272 -0.0334362 -0.00338797 -0.0175806 0 0.00130026 -0.00973529 0.901304 -0.00264014 -0.00824661 9.05091e-05 -0.00177592 -0.0036142 -0.000572998 -0.00608316 -0.00655194 0 -0.00531445 0 -0.00319369 -0.0136372 -0.00537765 -0.00694832 -0.00152066 -0.00427306 -0.00157664 -0.00720034 0 0 0 0.0018664 -0.0243962 -0.006306 -0.0103644 -0.00752589 -0.000701007 -0.00519705 0.00272701 -0.00754564 -0.00565142 -0.00811534 0 0 0 -0.00140227 -0.0019662 -0.0246404 0 0 0.00221707 -0.00614614 0.000207299 -3.73647e-06 -0.00417269 -0.0142367 -0.0197921 -0.0075272 0.0114887 0 -0.0259179 -0.00647051 -0.00709405 0.0120097 -0.00186459 0 -0.0030208 0.00497784 -0.00196527 -0.00478618 -0.00999784 0.000875455 0 -0.00739929 -0.000161835 0 0 -0.00802264 -0.0121423 -0.00412181 0 0 0 -0.017797 0 -0.00224981 0 -0.000285199 0 0 0 0 0.019156 -0.00366782 0 0 0 -0.00655539 0 0.000481131 0 -0.00209457 0 -0.00508218 0 -0.0292941 -0.0130574 0.0077846 -0.0026632 0 -0.00248571 -0.0123536 -0.000759588 0 0 0 -0.00641135 0 0 -0.000679887 0 -0.00637873 -0.0073233 -0.00149162 -0.00736149 0 -0.000256629 -0.0017193 0 0.000144365 -0.0205159 -0.00784908 0 -0.00534044 -0.0060065 0 -0.0014515 -0.0275336 -0.00262056 0 -0.0128604 0 -0.00650644 -0.000231657 -0.00613719 0.0126932 -0.0120969 0 -0.00575799 -0.0234703 0.00419385 -0.0151132 0 -0.0010019 0 -0.0197981 0.00404837 -0.00232597 -0.000218741 0 -0.0055974 0 0 -0.00120076 -0.0183287 -0.0073999 -0.0221446 0 6.76306e-06 -0.0134319 0 -0.00145049 -4.27167e-05 0 -0.0126182 0.00745727 -0.0152478 -0.00384865 0 0 0 -0.000163214 -0.00058655 -0.000330662 0 0 0 -0.00909928 -0.00341148 0.00872007 0 0 -0.000293112 -0.00435937 0 -0.00742154 0.0191229 0 0 0 0 0 0 0 0 0.00532727 0 -0.00459571 0 0 -0.00530327 0 0 0 0
-0.0301994 -0.0037101 -0.00803159 -0.00101558 -0.000480571 -0.00029601 0 0.000638716 -0.0561229 -0.00264014 0.738549 -0.000453756 0.000371674 0 0 -0.015295 2.81006e-05 -0.0102532 -1.58021e-05 2.85221e-05 0 -0.0183125 -0.0112318 -0.00344948 -0.00830147 -0.0259026 2.81339e-05 0 -0.00349623 0 0 -0.0421851 0.000402021 -0.000170554 0.0258895 1.75949e-05 -0.00381993 0.0254821 -0.00467702 0.00314238 -0.000859257 2.44362e-05 -9.32138e-05 -0.00531423 0 0 0.0225138 -0.00366688 0 -0.000206504 0.00269618 0.0144595 -0.000728791 0.00111177 -0.00127239 -0.0018173 -0.036606 -0.00340492 -0.00622819 -0.00148125 -1.22509e-05 -0.0130856 -0.0169073 -0.00392179 0.00923704 -0.00107723 0.000356418 9.28788e-06 0.00270848 0 0 2.96983e-05 0.00187253 0.00641705 -0.00842145 0.00114298 -0.0124135 0 0 -0.000191557 -0.00635698 0 0 0.00210756 -0.000946823 0 -0.156709 0 -0.000913088 -0.0147978 -0.0102469 0.00241221 -0.0111314 0.00673391 -0.00879676 0 0 0 -0.00366581 0 0 0.00225004 0 0 -0.00873363 0.00207055 0.000746502 -0.00506725 0.0134983 0 0 -0.00524132 -0.00196932 0 0 -0.0053104 0 0 -0.00308611 0.00333418 0.0234648 0 0 0 -0.0364458 -0.00424702 -0.0190948 -0.0197796 0 0 0.00290327 -0.00395605 0 0.0162705 -0.00186303 0 0 -0.00491158 -0.00741909 -0.0372628 0 -0.00442598 -0.00242345 0 -0.000405901 -0.000237234 0.0120558 -0.00461258 -0.000948477 0 -0.000154058 0.00127425 -0.00163276 0 -0.00865802 -0.00910901 -0.00385281 0.0065931 -0.00492505 -0.00160406 -0.010045 -0.018443 -0.00387217 -0.000453468 -0.00384772 -0.00487721 0 -0.0023728 -0.00195475 -0.00569107 -0.000141276 0.0021434 0 0 -2.50789e-05 -0.00252352 0.00617083 -0.000422493 -1.68986e-05 -0.00215016 0 0.00714264 -0.00104608 -0.0250845 0 0 0 0 -0.00368775 0 0.000144441 0 0.00902726 0 0 0 0 0.00154007 -6.25616e-05 0.0088473 -0.000531737 -0.00361248 0 0 0 -0.0024738 0.00639124 0 0 0 0 0 0 0 0 0
-0.00135294 -0.00955123 -0.0052729 -0.0172647 -0.00328648 -0.0316687 0.00769728 0.0224514 -0.00228398 -0.00824661 -0.000453756 0.886466 0 0 -0.0134184 0 -0.0106398 -0.0124722 0.00892295 -0.00141952 0 0 -0.0135152 -0.00568997 -0.00731943 0 -0.00111936 -0.0298779 -0.0264602 0 0 0 0 -0.00438971 0 -0.0109413 -0.00334641 0 -0.0196141 0.00550321 -0.0111645 -0.00972208 -0.00372212 0.00809137 0 -0.0073761 -0.00309485 -0.00978315 -0.0125659 0 -0.00163185 0 -0.0212267 0 0 -0.00662307 -0.00551395 -0.00531885 -0.00762913 -0.0104344 0 -0.00691303 -0.0183349 -0.0283442 0.00932147 -0.00523639 0 -0.0109714 0 -0.00782372 -0.00838077 -0.0117926 0.00267374 -0.000329172 -0.00340253 0 0 -0.000490371 0 -0.00737555 -0.00102707 -0.000792386 0.00648294 0 -0.0175477 -0.00162406 -0.00474281 0 0 0.00335473 0 0.00136363 0 0.00653152 -0.00316564 -0.00276301 0 0 -0.0139457 0 0 0 -0.0125335 0 -0.00735192 0 -0.0324412 -0.0129291 0.0032499 -0.00445788 0 -0.00507364 -0.00396611 -0.00127806 0 0 -0.000512854 -0.0223162 -0.00269335 -0.000620939 -0.00171571 0.00265738 -0.0162015 -0.00192278 0 -0.0165977 -0.00368121 -0.0007274 -0.000578032 0 0.000858938 -0.00271223 -0.0202669 0 -0.00866467 -0.000927423 0 -0.00131174 -0.00609963 -0.00139487 0 -0.000893129 -0.00503296 -0.00206613 -0.00786778 -0.00433293 0.00692673 -0.00918428 0 -0.00021472 -0.00524447 0.00196548 -0.0213161 -0.00136937 -0.0133635 0 -0.0038647 0.00696216 -0.00305955 -0.00412989 0 -0.00471526 0 -0.00183931 -0.00145555 -0.0150142 -0.00755331 -0.00352617 0 -0.00528205 -0.016236 -0.0010616 -0.00466945 -0.000810419 -0.000443341 -0.00884554 0.00626921 -0.00756253 -0.00641992 0 0 0 0 0 -0.0189315 -0.00101953 0.00451006 0 -0.00150848 -0.00181228 0 0.00289947 -0.000748217 0 -0.00182166 -0.000748124 -0.000752585 0 0 0 0.000519563 0 0.00571561 0 0 0.000375722 0.00681737 0.000413631 -0.000488876 0.00155326 0 -0.0015516 0 0 0 0
0.0018552 0.0170945 0 0.000146815 0.00334007 0 -0.0075601 0.0191619 0.00813957 9.05091e-05 0.000371674 0 0.738229 0 0.00518444 0 0.00671532 0 0.0141656 5.99728e-06 -0.0113299 0 -0.00266236 0.0129429 0 0 0.0670324 0 0.000904608 -0.000948985 -0.00125069 0 -0.000205756 0 0 -0.000316596 0 0 0 -0.000424564 0.00616216 0 0.0046277 -0.00030489 -0.019716 -0.00098822 0 0.00728534 0.00285321 0.0374777 -0.0119021 -0.0130027 0.0104513 -0.00031136 0.00352411 -2.46516e-05 0.013863 0.00685599 0.00710419 1.59806e-05 0 0.0116247 0.000101395 0 -0.00157261 0.0170254 -0.00532449 -0.00408324 -0.0071422 0.00138044 0.000154646 0 0 -0.00883086 0 -0.00114308 0 -0.00580755 0 0.00366831 -0.0105382 -0.00487803 0.00782836 -0.00468352 0.00641249 -0.00970965 0.00186575 0.000584577 0 0 -0.0030046 -0.000733841 -5.97643e-05 -0.000114455 -2.22208e-05 -0.0168113 0.00347312 -0.00944564 0.00536522 0.000330379 0.0225605 -0.00627481 0 -0.00437847 0.00486171 -0.00852957 0 0.00343538 0 0 -0.000239052 0 0 -0.00670224 0.000119137 -0.0145519 -0.0176042 0.00992348 0.00534902 -0.00802311 -0.00506301 0.00743777 -0.000389669 -0.00020784 0 0 -0.002716 0 -0.000312566 -0.0137767 -0.00318099 0.00379284 0.00422537 -0.00685009 0.000394613 0 -0.00552257 0 0.00322636 0 0 0.00209781 0.00680261 0.0042199 0 0 0 0.00894155 0 0 0.000728639 -0.000771189 0 -0.0024396 0.00633114 -0.00281562 0 -0.000631266 -0.0011772 0.00420605 0 0.00026825 0 0.00365704 0 0.00394208 0 0.0104079 0.0042414 0.00798026 2.60761e-05 -0.0345672 0.00509507 6.14776e-05 0.00401799 0.00034839 0 0.0050456 0.0105861 -0.00262996 0 -0.00331 -0.000867714 -0.00250479 0 -0.00896331 0.00160848 0 0 0 -0.00917077 0.00416081 -0.00463107 0 -0.00280963 -0.00495497 0 -0.0247077 0.00334797 -0.00683524 0.0131161 0.0012043 0.014625 0 0 0.0104991 0 0.00347504 0.00517661 0.00295244 0 0.00178386 0 0 0 0
0 -0.000160007 0 -0.000169076 0.000548897 -0.00173053 -0.0273857 -0.0296568 0 -0.00177592 0 0 0 0.808859 -0.00245869 0 0.0235777 -0.000969136 -0.016649 -0.00110361 -0.000541737 0 -0.000353625 0 0 0 0.00575556 0.0263585 0 -0.0609416 -0.00958175 -0.0192139 0 -0.00216572 4.27494e-05 -0.0017725 -0.0136233 0 -0.00412558 0 0 0 0 -0.00421211 -0.00415821 0 0.0243671 0 0 0.0125798 0.00332263 -0.00274545 0 -0.00167337 0.000956293 0.00110811 -0.00727456 -0.00342983 -0.0148514 0 -0.0258792 -0.0126399 -0.00748757 0 0.00153566 0 -0.00199543 0.00437785 -0.00092031 0 0 0 0 -0.00737638 -0.00402339 -0.00108064 -0.00942083 -0.00233276 -0.00171099 -5.71311e-05 -0.00963759 -0.00124321 -0.00679685 -0.00267295 -0.000926532 0 0 0 0 -0.0201836 -0.00260417 0 -0.00178089 0 0 -0.00909932 0.002655 0 0 0 -0.00360051 -0.00702174 0 -0.00663364 -0.0151626 -0.00318125 0 -7.8096e-06 0.000210511 0 0 -0.000167358 -0.00435335 -0.00338215 0.000522368 -0.00490392 -0.00562638 0 0 -0.00283507 0 0.00244342 -0.00018105 -0.0014465 -0.010431 -0.00341542 -0.00246017 0 -0.00927665 -0.00338491 0 -0.00526466 0 -0.00541918 0 -0.00043148 0 -0.0086455 -0.00704206 0 -0.00044575 -0.00266468 0 0 0 -0.00176553 0.000955419 0 0 -0.00780886 0 0 -0.00576148 -0.00308071 0 0 -0.00057301 0 -0.0050445 0 0 -0.0102287 -0.00010138 0 0 -0.00035743 0 -0.0130617 0 0 -0.000439486 0 0.00081212 -0.00304619 0 -0.0406703 0 0 0 0 0.0124847 -0.000422481 0.000387163 -0.00713407 -0.000348494 -0.00340095 0 0 -0.00686445 0 0.00934476 0.00427661 -0.00230711 0 0 -0.00039629 -0.00151151 0 0.00297724 -0.00262405 0.00243453 0.00090007 -1.89846e-05 0 0 0.00105027 0 0.00302746 0 0.000947391 0 0 0 0 0 0
0 0 -0.00146844 -0.00158975 0.00267712 -0.0078367 0.0191155 4.81366e-05 -0.010322 -0.0036142 0 -0.0134184 0.00518444 -0.00245869 0.805323 0 0 -0.00905389 0.0216265 -0.0168968 0 -0.00155393 0 0.000657815 -0.0124611 -0.000751796 -3.02535e-05 -0.0218395 0 -0.00618318 -0.00938202 0 -0.00050451 -0.00999379 0.00366384 -0.0259695 -0.006571 -0.0303011 -0.0290129 0 0 -0.0398677 7.43785e-05 -0.00216542 -0.0299184 -0.00613011 -0.0170172 0.00302663 -0.00479541 -0.00279601 -0.0198287 -0.0203045 0 0 0 -0.0164003 -0.00790593 -0.00172069 -0.00246056 -0.0262748 -0.00382461 0.00552119 -0.0144159 -0.00980347 -0.0027467 -0.000639522 -0.0103906 -0.0309772 -0.0188011 0 0 -0.0476948 0.00611004 -0.00906356 -0.0119418 -0.0109811 0 -0.00809761 -0.00929559 0 -0.0082691 0.00461951 0.0157847 -0.0134268 -0.00706431 -0.0200184 0 0.00155307 -0.0169141 -0.00182259 -0.00141024 0.000131063 -0.00794984 -0.000906336 0 -0.0220832 0.00653041 -0.0169154 0 0.00349192 -0.00131065 -0.0215708 -0.00511599 -0.00978413 0.00144748 -0.0190554 -0.00692135 -0.0281484 0.00323476 -0.00381608 -0.00303489 -0.00639444 -0.013404 -0.0186331 0.000137113 -0.00634549 -0.0444316 -0.00512693 0.0087064 -0.0192308 -0.0402626 0.0110971 -0.011044 -0.0070903 0.00687989 -0.00125328 -0.0193028 0 -0.000213831 -0.00639076 0 0 -0.0153061 -0.0347104 -0.00122037 -0.0178202 0 0 -0.00079101 0 -0.00992682 -0.0014019 0.00599302 -0.000396073 -0.000497685 -0.00419087 0.00176924 0 0 -0.00609332 0 0 -0.00797539 -0.00881818 0.00496003 0 -0.00154641 0.000968832 -0.01395 0.00137392 0 0 -0.00275922 0.0167421 -0.0101427 -0.0206606 -0.0226199 0 0.00375876 0.00651318 -0.0250125 -0.0204351 0 -0.00718998 0.00908674 -0.00323073 5.26328e-05 0 -0.000305731 -0.000177814 0.00128777 -0.0072135 0.00534435 -0.00552938 -0.00887777 -0.0352532 0.0166724 6.99469e-05 0.00224535 -0.00177274 -0.000467588 0.00856576 -0.0135398 -0.00129581 -0.00818523 -0.0135563 -0.00604251 -0.010128 0.0113508 -0.0155202 0.015768 0.00446361 0.00114439 0 0 0.0322672 0.000522742 0.0105026 0 0.0145268 0.0101287 0.000103775 0.00310786 0 0 0
-0.0311668 0 -0.0139663 0 -0.0405618 0 0.000826115 0.00353271 -0.0154823 -0.000572998 -0.015295 0 0 0 0 0.914709 -0.00100911 -0.0226316 0.0045041 -0.00180068 0.0048991 -0.00407759 0.000599652 0 0 -0.0179623 -0.00507858 0 0 0 0 -0.0048495 0 0 -0.00207188 0 0 -0.00663051 0 0.00266013 0 0 0 0 0.000888998 0 0 0 0 -0.00700799 0.000138493 0.00193389 0 0.000621899 -0.00178938 -0.0265137 -0.019689 0 -0.000698528 -0.00143046 8.80505e-05 -0.000816305 0 -0.00135317 0.00559983 0 0.00129306 0 0.00183602 0 0 0 0.000295503 0.000557735 -0.00318148 0.00821358 -0.00765396 0.00290479 0 0 4.41617e-06 0.000671171 0.00172256 0.00420657 0 0 -0.00500648 0.0055926 0 1.71504e-05 -0.0157555 0 -0.00364374 0.00398456 -0.00187917 0.000454607 -0.0111303 0 -0.00217989 0.00566507 0.0019689 0.00300501 0 0.000451441 -0.000231256 0 -0.00062342 -0.00609774 0.0183933 -0.00475217 0 -0.00117733 0 0 0 0 0.00478494 0 0 0.00114793 0 -0.00209828 0 0 -0.00682925 0 -0.0164433 -0.0201365 1.24818e-05 0 6.12455e-05 -0.000747126 0 0.00162718 0 0 -0.00542975 0 -0.00026633 -0.0036835 0 0 0 0 0 0 0.00368865 0 -0.00571865 0 0 0.000441571 0 0.000594496 -0.000214508 0 -0.000410835 0.00680805 0 0 0 0 -0.00529284 0 -0.00636517 -0.000306022 0 -0.00106971 0 0 0 9.59037e-05 0 0.00714217 0 0 0.00152211 0 0 0 -0.00885971 0.001699 -0.00829604 -0.00233268 0.000123662 0 0 0 0 0 0 -0.00239368 0.00458666 0 0 0 0.00691266 0.00122377 -0.00270227 0 -0.00293834 -0.00136944 0 0 0 -0.00121748 0.00227108 -0.00891732 0 0 0 0 0 0 0 0
-0.00204582 -0.0111753 0 -0.00459796 -0.0136974 -0.00409162 -0.0081903 0.0106799 -0.00438862 -0.00608316 2.81006e-05 -0.0106398 0.00671532 0.0235777 0 -0.00100911 0.696573 -0.00127467 -0.00251194 0 0 -0.000402074 0.00128441 -0.0131508 -0.0382636 1.66897e-05 -0.0144846 -0.0253395 -0.0200062 0.000444913 0.000737058 0.00516116 0.0033962 -0.00499223 -0.00200223 -0.0165333 0 0 0 0.00943388 -0.00888889 -0.011632 -0.00636859 0.0011824 0.00969937 0 -0.0110441 -0.016442 -0.00570677 -0.000801729 0.00715387 0.00984647 -0.00382805 0.05547 0.0614589 -0.00609846 -0.0127365 -0.00271224 -0.00830579 -0.00958757 0.032248 -0.00981007 0.00154879 -0.0115718 0.0107232 -0.0030427 0.00566765 -0.0154486 0.0137436 -0.00292535 -0.00178213 -0.00805202 0.00264498 0.00246507 0 0.00334486 0.0149836 0.00547706 0.0126065 -0.000730662 0.00518357 0.00905 0.00100505 0.00405774 0 0.00399082 -0.00169557 0 0 0.0115886 0.0489748 0 0.0396351 0.00689527 -0.00317364 0.00472047 -0.000703043 0 -0.0353022 0 0.00620226 0.00318291 -0.00914726 0.0119059 -0.00749539 0.00414217 -0.00809999 -0.0101493 0.00475814 -0.00597289 0.0189429 -0.000250264 0 0.0027024 0 0.00268143 0.00651491 -0.0782347 0.0176135 0.00735665 0 -0.0119712 -0.0180796 0 0 0 0.00769409 -0.00212756 -1.6635e-05 0.00120877 0.0182852 -0.0143489 -0.0254296 0.00622334 -0.00358407 -0.00220324 0 0 -0.00129737 -0.00470424 0.00858358 -0.00139114 -0.00880084 -0.0407613 0 0 0.0108912 -0.0132952 0 0 -0.00407673 0.012227 -0.000278042 0.00170135 -0.0106313 0 -0.00226829 0.00701536 0.000613393 -0.0111767 0.0269365 0 0.0132081 -0.00780987 0 -0.00412004 -0.0170904 -0.00320433 -0.00333234 -0.0100157 0 0.0143184 -0.0107993 0.00126951 -0.00305331 -0.00301059 0.00772684 -0.00885667 -0.000426434 0.0301588 -0.00576276 0.00188327 -0.00132688 0.0280524 0.0001519 0.00249397 -0.000308792 0.00915595 0 0 0.00314003 -0.0194155 0.0035398 0 0 -3.52613e-06 0.00141049 0.00627698 -0.00781699 0.00507271 -0.00438356 -0.00683384 0 0 0 -0.00923571 0.00719853 -0.00837893 -0.0406172 -0.00189319 0 -0.0113737 -0.00224951 0 0 0
-0.0208876 -0.0017633 -0.0298471 -0.00389237 -0.0127289 -0.010766 0.0019444 0.0110303 -0.0312025 -0.00655194 -0.0102532 -0.0124722 0 -0.000969136 -0.00905389 -0.0226316 -0.00127467 0.852022 0.012981 -0.0248016 0 -0.0151889 0 -0.00281574 -0.00314199 -0.0207735 -0.0170228 -0.0126085 -0.000886164 0 -0.000849925 -0.00794399 8.01991e-05 -0.00626209 0 -0.00788274 -0.0131338 -0.0309514 -0.0109755 0.00584774 -0.00117833 -0.00841768 -0.00013303 0 0.00146134 -0.000334965 -0.0107454 0 -0.00232534 -0.00998201 -0.00197436 0 -6.0461e-05 0.00639883 -0.0218621 -0.0385371 -0.0267274 -0.0074336 -0.00570089 -0.0178974 0 -0.000278356 -0.00133857 -0.014051 0.00711023 5.30987e-06 0 -0.0275629 0 0 0 -0.0163028 0.00521025 0 -0.05505 0 -0.00339858 0 -0.00483972 0 -0.0114994 0 0.0047198 0 -0.00382286 -0.0104351 -0.0138523 0.00431732 -0.00484774 0.000402505 -0.033189 0.00153424 -0.00621607 0.00731863 -0.0219376 -0.00521276 0 0 -4.94693e-05 0.00748875 0.00877188 0 0 0 0 -0.000984392 -0.0146943 -0.0107585 0.0128235 -0.0360178 0 -0.00254981 -0.0127658 -0.00451441 0.00047649 -1.83036e-05 0.000203906 -0.00158876 0.000177623 -0.000445427 -0.00470886 0 -0.00578714 0 -0.00282967 -0.000783924 -0.0189002 -0.0270735 0 0 0 -0.00304324 0 0 0 -0.00194557 0 0 -0.00534078 -0.015708 -0.00047635 -0.00480368 0 -0.00023446 -0.000477755 -0.00349546 0.00897378 -0.00211135 -0.00500286 0 -0.000497225 0.000950191 -0.00500591 0 0 -0.0133078 -0.00810654 0.00548678 -0.00467411 0 0 0 -0.00672836 0.00152741 -0.0373093 -0.0145012 -0.000372504 -0.00218625 0 0 -0.00367479 -0.00224426 0 0 0.00057993 -0.00808809 0.0108292 -0.0018008 -9.87224e-06 0 -0.0125247 0 -0.0156819 -0.0125173 0 -0.00180389 0 0 -0.000170754 2.51841e-05 0 0 0 -0.0206026 0 0 0 0 0 -0.000991096 0 0 0 0 0 0 0.00538312 0 0 0.000268722 0 0 0 0 0 0
0.00890927 0.00107741 0.0189165 0 0.0056292 0 -0.111432 -0.145494 0.00176288 0 -1.58021e-05 0.00892295 0.0141656 -0.016649 0.0216265 0.0045041 -0.00251194 0.012981 0.872236 0.0121001 -0.00198842 0.00792695 -0.0028035 0.000445489 -0.000662206 0.00289526 0.00998768 0.00361174 0 -0.00494588 -0.0169921 -0.00401923 -0.000491206 0 0.0128881 -0.00428319 -0.000495777 0.0256665 -0.00632001 0 0.00207389 0.017933 0.000888731 -0.0121743 -0.0162179 -0.00033451 0.00615902 -4.31681e-05 0.00554031 0.00638691 0.00715945 -0.0123035 0 -0.0352725 0.00684049 0.0326543 -2.31114e-05 0 0 -0.00020098 -0.0173268 0.000604575 -0.00631378 0.0032005 2.54145e-05 -0.0110903 -0.00709638 -0.00433081 -0.0107251 0.000370603 0 0.0295788 0 -0.00923058 0 -0.00121975 0 -0.0106402 0.00418851 0 0 -0.0260383 -0.0980764 -0.0144187 0 0.0110498 0.00356317 -0.00364399 0.0072088 -0.0102113 0 0 0 0 0.00758906 -0.00991483 0.00506634 0 0.00292777 -0.00552296 -0.0467878 -0.00784827 -0.00530065 -0.0181933 -0.00805454 -0.00772231 0 0 -0.00228895 0.0090223 0 0 -0.00223425 -0.00655212 0 -0.00130537 -0.0130936 0 0 -0.00696243 0 0.00788753 -0.00197202 -0.001246 -0.0217164 0 0.00269847 0.00645304 -0.0239256 -0.0019431 0 0.000875988 -4.8613e-06 -0.00971381 -1.09035e-05 0 0.00529985 -0.00225682 0 0.00964443 -0.000573833 0 -4.98599e-05 -0.0130468 -0.00496791 0 0 0.0013592 0.00344168 0 0.00222293 0 -0.000214797 -0.00274104 0 0.000411334 0 0 0.00157432 -0.0119983 0.00354123 -0.00393317 -7.60989e-05 -5.61615e-05 0 0 -0.00538821 0 0 0 0 -0.00200643 6.75144e-05 -0.00861426 -0.010465 -9.4915e-07 0 0 0 0 0.00839477 -0.00264263 0.0126875 -0.00125276 -0.00637125 -0.00653751 0.00258932 0.0020006 -0.00123831 0 0.00583593 0.0144121 -0.00676659 0 -0.0018183 -0.00178739 -0.00224639 -0.00312134 0.0111178 -0.0181646 0.0145308 0.00462956 0.000898628 0.000935461 0.000552734 0.00538083 0 0.00828407 0 0.0053391 0 0 0 0 0 0
-0.0150458 -0.00267862 -0.0131931 -0.00155063 -0.00768484 -0.00410943 0.00759847 0.0247685 -0.0155302 -0.00531445 2.85221e-05 -0.00141952 5.99728e-06 -0.00110361 -0.0168968 -0.00180068 0 -0.0248016 0.0121001 0.828916 0 -0.0244195 0.0390487 -0.00225986 -0.0213758 -0.0153942 -0.0147677 -0.00405159 2.56935e-05 0 0.00202884 -3.22621e-05 0 -0.00626158 -0.0273089 -0.00768755 -0.0308756 -0.0455865 -0.0136117 0.00618637 -0.000589095 -0.0493922 0 0 -0.00504966 -0.00150749 -0.0578473 0.00840234 -0.00397506 -0.0117936 -0.014323 -8.99808e-05 0 0.00901932 -0.0229967 -0.0263557 -0.0164017 -0.00971869 -0.0139818 -0.018947 0.00837922 -4.96092e-05 0.00901809 -0.00821316 0.0114961 -0.000524721 -0.00188788 -0.0188713 0 -0.000601755 0 -0.0399669 0.0135808 -0.00133878 -0.0456845 0 -0.000942685 0.0257265 -0.00107188 -0.000751207 -0.0454182 -0.000271862 0.0129872 0 -0.0124515 -0.0186294 0.00161151 0.0123666 -0.00550017 0.0160163 -0.0120393 0 -0.00946026 0.00470472 -0.0200528 -0.00491319 0 -0.00155857 0 0.0196139 0.0171418 0 2.4943e-05 0 0 -0.0048866 -0.0107529 -0.0383725 0.0279382 -0.0321407 -0.0100503 -0.0116479 -0.0255878 -0.00538296 0.00339811 0 -0.00437991 -0.00124406 0.00376366 -0.00808879 -0.0160611 0 -0.00569662 0 -0.00117808 -0.000214833 -0.00466581 -0.0073398 0 -0.00120336 0 -0.00762898 0 -0.00272363 -0.00111243 -0.0273399 0 0.0128973 -0.00877282 -0.00445415 0 -0.0106701 0.0170875 0 0 -0.00412018 0.00392678 -0.00619742 -0.00160403 -0.0016138 0 0.000356827 0.00211664 -0.00191632 6.09028e-06 -0.00156614 -0.00830153 0.0105909 -0.00789768 0.00614378 0 0 -0.00309323 0.0135002 -0.0299422 -0.0206769 -0.00104464 -0.00568135 0.00362457 0.000877963 -0.0042733 -0.00609308 0.00738637 0 0.0188908 -0.0101779 0.00462197 0 -0.0014835 -0.00538602 -0.0041381 0 -0.0181776 -0.00717258 0 -0.0058185 0.000921041 0 0.00528905 0 -0.000794278 0 -0.00194979 -0.000740618 -0.00555634 -0.000582181 -0.000171478 -0.00046199 0 -0.00824024 0 0 0 0 0 0.000211239 0.00484456 0 0 0.0019254 0 0.00225707 0 0.0083065 0 0
0 -6.86864e-06 0.00777291 0 0.000313749 0 -0.00296368 -0.00261303 0.000739852 0 0 0 -0.0113299 -0.000541737 0 0.0048991 0 0 -0.00198842 0 0.766349 0 -0.000326796 0 0 0 0.0011522 0.0559932 0 -0.00028792 -0.000699479 -0.0109596 0 0 0.0116542 0 0 0 0 0 0 0.00403304 0.00025352 0 -0.00985369 0 0 0 0 0.0130753 -0.00146192 -0.00457063 0 -0.000510364 0 0.0081049 0 0 -0.00207736 0 0 0 -0.000994282 0 0.00551963 0 -0.00437912 -0.000272117 -0.00179397 0 0 0 0 -0.0151347 0 -0.00144574 0 -0.0145858 0 0 0 -0.000999188 -0.00177998 -0.00303156 0 -0.000190939 0 0 0 -0.000258292 0 0 0 7.01214e-06 0 -0.0018971 0 0 0.000123385 -0.00458828 -0.00459733 -0.0129972 0 -0.00178401 0 -0.000356277 0 0 0 0.00110523 0 0 0 -0.00201367 0 0 -0.0041466 0 0 -0.000302312 0 0.000775579 0 0 -1.10211e-05 0 0 3.64783e-05 -0.0179542 0 0 0 0 -0.00178159 0 0 0 0 0 0 0 0 0 0 0 -0.000119559 0.00642757 -0.00556353 0 0 0 0 0 -0.000762256 0 0 0 0 -0.000173676 -1.11169e-05 -0.000954453 0 0 0 0 0 0 0 0 0 0 -0.00166831 0 0 0 0 0 0 0 0 0.000332187 0 0.000433788 0 0 -0.000620138 0 0 0 0 0 0.00687771 -0.00109091 0 0 -0.000195074 -0.00134528 -0.00121431 0.00147585 -0.00128062 0.000960068 0 0 0 0 0.00241078 0 0.00143382 0 0 0 0 0 0 0 0
-0.0338895 -5.05286e-05 -0.0414574 -0.000196266 -0.033242 0 0.00303186 0.0132321 -0.0415763 -0.00319369 -0.0183125 0 0 0 -0.00155393 -0.00407759 -0.000402074 -0.0151889 0.00792695 -0.0244195 0 0.908894 0.00364308 -0.00152569 -0.00413009 -0.0244512 -0.00713998 0 0 0 0 -0.0200666 0.000731431 -0.000707909 -0.0101202 -0.000877666 -0.00682847 -0.0283811 0 0.00159866 -0.00102858 -0.00783553 -1.71398e-05 0 0.00118204 0 -0.00170388 2.89833e-05 -0.000246303 -0.0010362 0.0020909 0.00615456 0 0.00953616 -0.0146511 -0.0186814 -0.0177569 -0.00104711 -0.00772252 -0.00536812 0.0019037 -0.00196477 0.000326575 -0.00561206 0.00893105 0 0.00085649 -0.00338184 0.00264146 0 0 -0.00987262 0.00177577 0.00183341 -0.02748 0.0133119 -0.00513357 0.0086693 0 0 -0.00117741 0.00200694 0.00711233 0.00587071 -0.00082514 0 -0.0132616 0.00821778 0 0 -0.0255397 0 0 0.00202826 -0.0104442 0.000395961 -6.77749e-06 0 -0.000134885 0.00366787 0.00374238 0.00405163 0.00618938 0.0010551 0 0.00180186 -0.00138747 -0.00850853 0.01424 -0.0185012 -0.00214318 -0.00122029 -0.00369147 0 0 0 0.00108957 0 0 0.00117102 -0.00251908 -0.00195976 0 0.0107584 -0.000177389 0 -0.00116006 -0.00901896 0.00102409 0 0.00174139 -0.0107109 0 0.00514774 0 -0.00171089 0 0 -0.00160104 -0.00444819 0 -0.000456034 0 -0.000469762 0 -0.000260123 0.00262266 -4.97935e-05 -0.0101416 0 0 0.000226246 0 0 0 -0.000676509 -0.00367439 0.00192226 -0.000546071 0 0 0 0 0 -0.0239268 -0.00316451 0 -0.00356685 0 0 0 0.00212145 0 0.000726693 0.0037708 -0.00165883 0.000937647 0 0 0 -0.000549636 0.000103499 -0.00363187 -0.00374238 6.16647e-05 0 0 0 0 0 0 -0.00408575 0.00217027 0 0 0 0 0.00214703 -0.00638371 0 -0.00994741 -0.00490438 -0.000253373 0 0 -0.00501793 0.00181602 -0.00497993 -4.16048e-05 0 0 0 0 0 0 0
