0 0.0523368 -0 -0 -0 -0.0292779 0.0590598 -0 -0.0137062 0.0214832 -0 -0.0360717 -0 -0.0076999 -0.00826182 -0.000467303 0.0515372 0.0122571 0.0298658 -0 -0 -0 -0 -0 0.0281031 -0 0.017622 0.0125697 -0.00367295 0.0198599 -0 0.020585 -0 -0 0.0180755 -0 0.00856775 0.00091481 -0 -0 0.0389777 -0 -0.00819102 -0.00270242 0.00459472 -0.000943726 -0.000987058 -0.00232325 -0.023334 -0.00232641 -0.00125385 -0 -0 -0.000717376 -0.00824829 -0 0.00139815 -0.00255628 -0 -0 -0.000848044 0.00521004 0.0120929 -0.00104859 -0.00800998 -0 -0 -0 -0 -0 -0 -0.0123958 0.011402 0.010411 0.00588714 0.0152003 -0 -0.00442492 0.0129179 -0 -0.000142148 -0.00506784 -0 -0.00355986 0.00332184 -0.000218624 -0 -0 -0 -0.0279171 -0 -0.00019437 2.00658e-05 -0.000685023 -0.00142906 0.0219349 -0 -0 -0.000504629 0.0257821 -0 0.014442 -0 -0 -0 -0.00130763 -0.00319025 0.0186511 -0.00146626 1.43689e-05 -0.00232255 -0 0.00702296 0.011047 0.0298056 -0 0.00477218 -0.0213412 -0 -0 -0 -0 0.00125706 0.00672321 0.0190031 0.00792735 -0.0162297 0.000698528 0.00736905 -0 0.00521004 -0 -0 -0 0.000183183 -0 -0.000626444 -0.00387718 -0 -0 -0.00134392 0.00550102 0.0219379 0.00394365 0.0160991 -0 -0.0300277 -0 1.09808e-05 1.64574e-05 -0 -0 0.000163868 -0 -0.00260318 -0 0.00985955 -0.00533316 -0.00165742 -0 -0 0.0479223 -0 -0 -0 -0 -0 -0 -0 -0 -0 -0 0.000450785 -0 -0 0.00163976 -0 -0.00116907 -0.00333042 -0 0.00895367 -0 -0.00130137 -0.000146627 -0 -0 0.00428954 -0 0.020387 0.00418973 -0 -0.00406876 -0 0.00213668 -0 -0 -0 -0.000899186 -0 -0 -0 -0 0.000931997 -0.00191197 -0 -0 -0 -0.00308397 -0 -0 0.000448412 -0 -0 -0 -0 -0
0.0523368 0 -0 -0 -0.000637832 -0.0582398 0.0484921 0.0035837 -0.0272966 0.0091599 0.00155644 -0.0472832 -0 -0.0004948 -0.0160888 -0.00261448 0.02283 0.0318848 0.0569417 -0 -0 -0.000421672 -0 0.0277671 0.0065743 -0 0.0355459 0.0349344 -0 0.0361887 -0 0.0437296 -0 -0.00125319 0.0471079 -8.09212e-05 -0 0.00391851 -0 -0 0.0280323 -0 -0.00136061 -0.00386614 0.00048819 -0 -0 -0.000954458 -7.76029e-05 -0.000215272 -0 -0 -0 -0.00507519 -0 -0 0.00701962 -0 -0 -0.00870685 -0.000340105 -0 0.0437631 -0.00830096 -0.0145905 -0 -0 -0.000552527 -0 -0.0035615 -0.0014768 -0.00437592 0.0255429 0.0149256 -9.23906e-06 0.0135949 -0 -0 -0 8.25007e-06 -0 -0 0.00221359 -0 0.00485706 -0 -0.000123235 -0 -0.0043404 -0.0430589 -0.00849169 -1.36244e-05 -0 -0 -0 0.0322719 -0 0.00191314 -0 0.0161534 -0 -0 -0 -0 -0 -0.00051155 -9.4505e-05 0.0238063 -0 -0 -0 0.00462043 0.0193516 -0 0.0291174 -0.00186817 0.0178486 -0.0146174 -0 -0.00709579 0.00171523 -0 0.0240294 0.00770483 0.0160834 0.00885964 -0.0180763 -0 -0 -0 0.00638232 -0 -0.000526643 -8.97068e-06 -0 -0 -0.00292223 -0.00102897 -0 0.000517221 -5.99022e-06 0.0187113 0.0272813 0.0103564 -0 -0 -0.0215783 -0.00246102 -0 -0 -0.00203356 -0 0.00652423 -0 -0 -0 -0.000153065 -0.000909189 -0 -0.000896569 -0.00692087 0.0134846 -0 -0 -0 -0 -0 -0 0.0135605 -0.000164287 -0 -0.001023 0.00386526 -0 -0.000440667 -0 -0.00288093 -0 -0.00173527 -0 -0 -0 -0 -0 -0 -0 0.0271879 -0 0.0394843 0.0191771 0.00239495 -0 -0.00380635 0.0166815 -0.00307225 -0 -0 -0 -0.00136953 -0 -0 -0 0.000174468 -0.00297101 -0.00432049 -0.00103322 -0.00019312 -0 -0.000501629 -0.00194334 -0 -0 -0.00114124 -0 -0 -0
-0 -0 0 0.0410924 0.0360142 -0 -0 -0.000321532 -0 0.0303657 3.27811e-05 -0 0.00468786 0.0192299 0.00683704 0.00365307 -0.000138853 -0.00435233 -0.000366211 -0 0.0185179 0.00833383 0.0153422 -0.0175936 -0 -0 -0 -0.00390761 -0 -0.00323166 -0 -0.00639892 0.00841247 0.0234123 -0.00484991 0.0100663 0.00794625 -0 -0.000234527 0.0314087 -0 0.017351 -0.00898959 0.0122717 -0 0.000122249 0.00259839 -0 -0.0117943 0.000574423 -0 -0 0.00458358 0.0129957 -0 -0.0105437 -0 -0.0239281 -0 0.0124241 -0 0.0303245 -0.0111444 0.0049786 -0.0219071 0.0270756 0.0178641 0.0113881 0.00553566 0.00514616 0.00784421 -0.0131992 -0 -0 0.0370341 -0.000531084 0.0328451 -0.0103597 0.00092184 0.000148669 0.00593714 -0.0148314 -0 -0 -0 -0 0.0234561 -0 0.0212997 -0 -0 0.00691829 0.0125183 -0.00159854 -0.0196041 -0.00330453 -0 -0 -0 -0 -0 0.027672 -8.73576e-05 0.0214995 -0.00425868 -0 -0 -0.00250954 -0 0.0190394 -0.0190715 0.0173678 -0.00608952 0.01062 -0 0.0240122 -0.00982348 -0 0.000460617 0.00497227 -0 0.0122793 -0.00336325 -0.00690818 -0.00081953 -0 -0.0139349 -0 0.0216001 -0.00114069 -0.00139112 0.0166932 0.000916816 -0.00266647 0.0333238 -0 0.00595047 -0 0.0137825 -0 -0 -0.0194777 -0.000525105 -0.0034789 0.0113066 0.00694108 -0 0.00224445 0.0149765 0.0172711 0.00360267 0.000529928 -0.00146141 0.0108397 0.000902023 0.0104958 0.029998 0.00504742 -0 -0 0.00570244 -0 0.0111719 -0 0.00158011 0.120376 -0 -0 -0.00616492 0.0306214 -7.19472e-05 0.00749308 -0 0.0133576 -0 0.000489371 0.00335102 -0 0.00436172 0.0189639 0.0167035 0.00578408 -0.0233311 0.00293891 0.0178636 -0 -0 -0.000532809 -0.00410408 -0.0016855 -0.0180435 -0.0118221 0.0173292 -0.00663059 0.00611688 -0.00644506 -0 -0 0.00899522 -0 -0 -0 -0 -0.00109897 0.00433766 0.00108619 0.00253029 -0.0050562 0.0100963 0.00227549 -0.00875744 -0 0.0123824 -0 -0 -0
-0 -0 0.0410924 0 0.0691008 0.00172782 1.79917e-05 -0 0.000309021 0.0152397 0.00450046 -0 -0 0.0102048 0.0050344 -0 -0 -0.000705653 -0 -0 0.0268319 0.0202908 0.0150025 -0.0112963 -0 0.000435234 -0 -0.000306321 -0 -0.00118554 -0 -0.00324027 0.00552855 0.0224988 -0.00316681 0.00562802 0.00557489 -0 -0 0.0145305 -0 0.00104848 -0 0.00833356 -0 0.000810956 0.00233285 9.88042e-05 -0 0.00118849 0.000551183 -0 0.00298526 0.00632879 -0 -0 -0 -0.0124529 -0 0.0103208 -0 0.0131753 -0.00801674 -0 -0.0170288 0.00721842 0.00539833 0.0127079 0.00434016 -0 0.00394678 -0.0108887 -0 -0 0.0231347 -0 0.0251256 0.000161775 0.00178356 0.000540876 0.00324558 -0 -0 0.000744307 0.000154856 0.00261478 0.0150285 0.000555881 0.0110117 -0 -0 0.00224488 0.0091841 -0 -0 -0 -0 -0 -0 0.0145708 0.0025524 0.0309182 -0 0.0193342 -0 -0 0.000572965 -0 0.00083582 0.0252696 -0 0.0153231 -0.0104206 0.0110657 -0 0.00764928 -0.00366013 -0 0.00203003 0.000116562 -0 0.0184501 -0.00113664 -0.0085538 -0.00139553 -0 -0.00873923 -0 0.0267265 -0.00240525 -0.00508926 0.010262 -0 -0.00539866 0.0186416 0.00147892 0.00474749 -0 0.00569594 0.000388453 -0 -0.0119238 -0.000550883 -0.00589766 0.0126623 0.00592332 -0 -0 0.0258677 0.030802 -0 0.00253375 -0.000429572 0.00747428 -0 0.00150074 0.0199218 0.00179641 5.20757e-05 -0 -0 -0 0.0114531 0.000423958 0.00507548 0.0338403 0.000574388 -0 -0 0.0199369 -0 0.00416106 -0 0.00786561 -0 -0 -0 -0 0.00147981 0.00720049 0.0302871 0.00803802 -0 0.00614988 0.00572691 -0 -0 -0 -0 -0.000698983 -0.025248 -0.00686635 0.00740632 -0.00486853 -0 -0.00932036 -0.00604513 -0 0.00451632 -0 -0 -0.000892293 -0 -0.000699622 -0 -0 0.000421193 -0.000954445 0.00211747 -0 -0.0100796 -0 0.00287623 -0 -0 -0
-0 -0.000637832 0.0360142 0.0691008 0 0.00124789 -0 0.0017751 0.00352774 0.0241079 0.014842 -0.00715093 -0 0.00842276 0.0181521 0.00051748 -0.000422401 -0.00403672 -0 -0 0.0609974 0.0230646 0.0221298 -0.00923163 0.00906714 0.00310632 -0 -0.00253848 0.00437895 -0 -0 -0.00441795 0.00257648 0.0386821 -0.01077 0.00636258 0.009933 -0.000287138 -0 0.0119514 -0 0.0064774 0.00271888 0.0127661 0.0011541 0.00253795 0.0111152 0.0045059 -0.00630016 0.0055583 0.00578873 -0 0.0146353 0.00355367 0.00876618 -0 -0 -0.00430601 -0 0.022847 0.00151724 0.018892 -0.0116958 0.000139269 -0.00723327 0.0223305 0.00456004 0.0192473 0.00390082 0.000158667 0.00488477 -0.00621218 0.00108319 -0 0.015877 -0 0.0207414 0.00698364 0.00277215 0.00893399 0.0114085 0.00148865 0.0012767 0.00670561 0.00082446 0.0136956 0.026539 0.00132208 0.0126095 -0.00091272 -0 0.00546677 0.0173457 -0.00122189 0.0010398 -0 -0 0.000753078 0.00400581 0.00138032 0.0123805 0.0137224 -0 0.00976574 -0 0.00117278 0.0063018 -0 0.0078886 0.0856607 -0.00809522 0.0112263 -0.00982653 0.00484399 -0 0.0145426 -0.0102151 -0 0.00766658 0.00302545 -0 0.02114 -0 -0.0160658 -0.012652 1.9116e-05 -0.0101763 -0 0.0336515 -0.0142465 -0.00866068 0.0170954 0.00208744 -0.0026486 0.0231748 0.00542586 0.0017808 -0 0.0161147 0.00498115 0.000427041 -0.0328152 -0.00723093 -0.0150337 0.0116458 0.022657 0.00153933 -0 0.0101493 0.0160012 0.000589362 0.00781443 -0.000697097 0.0149187 0.000177069 0.00611246 0.0415979 0.00872761 0.00454172 -0.00418182 0.00159296 -0 0.0181201 0.00812784 0.0346018 0.0273049 0.00366277 -0 -0 0.0190897 0.00049815 0.00790596 -0 0.0107896 -0 -0.00397916 0.00026048 0.00509604 0.00540889 0.0126158 0.0174347 0.0175589 -0.00736752 0.0193613 0.00760174 -0 1.20337e-05 -0 -0 -0 -0.00634126 -0.00898636 0.0102524 -0.00933969 0.000428803 -0.0067826 -0.00989661 0.00409573 0.00819444 -0.00192366 0.00600353 -0.0080398 -0.00418353 -0.000178623 0.000371731 -0 0.00101598 -0.00325163 0.00236482 -0 -0.0284115 -0 0.00439726 -0 -0 -0
-0.0292779 -0.0582398 -0 0.00172782 0.00124789 0 -0.0140016 -0 0.218244 -0.00917168 -0.057432 0.194344 -0.0171423 -0 0.0525421 0.00800375 -0.0167951 -0.0246352 -0.0185206 -0 -4.68494e-05 0.00536954 0.00352651 -0.0243919 -0.0174148 -0 0.00765521 -0.00818008 0.0522486 -0.0146127 0.00443664 -0.0464745 -0 0.00919355 -0.0315592 -0 0.00319386 -0.00710658 -0.00961229 -0.0140407 -0.0209064 -3.8821e-05 0.0125642 0.017517 -0.0352747 0.0466846 0.0238579 0.0269401 0.030809 0.0166619 0.0142414 0.00981396 0.00690413 0.00552436 0.0100027 -0 -0.0164707 0.0107164 -0 0.00168469 0.0337736 -0 -0.013698 -0 -0.0019956 -0 0.000814989 -0 -1.02241e-05 -0 0.00542135 -0 -0.000317907 -0.0126738 -0 -0.016141 -0.0062669 0.0168176 0.0125509 -0 0.00790453 0.00622512 0.0105026 0.0154966 -0.0224857 0.0167638 -0 0.0013064 0.0206747 0.170308 -0 0.00178516 -0.007469 0.000234424 0.0126969 -0.00802968 -0 -0 -0.00671869 -0.00888645 -0.0137623 -0 -0 0.000651663 -0 0.0178276 0.0158801 -0.0433566 -0.00752268 7.39828e-05 0.00946923 -0.0324445 -0.0160421 -0 -0.0318618 0.00148565 -0.0083945 -0 0.00400587 -0 -0 -0.00463581 -0 -0.0112705 -0.0182732 0.00041814 -0 -0.00946865 -0.00415327 -0.00162089 -0.0227224 -0.00600276 0.0115671 -0.000155581 -0.0145573 -0 -0 -0 0.0123205 -0.0417776 0.000467272 -0.0238618 -0.0223466 -0.0201308 -0 0.00168434 0.04602 -0 -0 0.00385182 -0 0.00484118 -0.0200132 -0.0079591 -0 0.011974 0.000927224 0.00785249 0.00628864 -0.00589238 0.00173631 -0.00636814 0.00137453 0.00339756 -0.00569014 -0 -0.00305141 0.00281688 -2.21378e-05 -0 -0 0.00785037 -0.0134623 -0.026723 0.0157211 -0.0176929 -0 0.0135575 0.0188865 -0 0.00116777 0.00596073 0.00976203 0.00437739 -0 0.00972525 -0.0406168 0.000170581 -0 -0 -0 -0.000534526 0.00652948 -0.00211933 -0 -0 -0.00292241 0.00879445 0.0122975 -0.0020381 -0 -0.00368125 -0.00921283 -0 -0 -0 -0 -0 -0 -0 -0.0100089 -6.31492e-05 -0 -0.0101786 -0 -0
0.0590598 0.0484921 -0 1.79917e-05 -0 -0.0140016 0 -0.000559186 -0.00839979 -0 -0.000555478 -0.0223646 0.000458971 -0 -0.00468818 -0 0.0551219 0.00910759 0.0423012 -0 -0 -0 -0 -0 0.0196768 -0 -0 0.00425118 -0.000775356 0.00660085 -0.0012604 0.0125652 -0 -0.00519142 0.000574664 -0 0.0104853 0.000454716 -0 -0 0.0125889 -0 -0.0122112 -0.00233566 -0 1.65604e-05 -0.00208588 -0.00292745 -0.0044992 -0.00312644 -0.00373124 -0 -0 -0 -0.00766367 -0 0.034199 -0.00911065 -0 -0 -0.00472398 0.00700777 0.00243313 -0 -0.0150079 -0 -0 -0 -0 -0 -0 -0.00655659 -0 0.00487979 0.00952207 -0 -0 -0.00383266 2.20609e-05 -3.76336e-05 -3.33e-05 -0.0121971 -0.000812877 -0.00236813 -0 -0.00121306 -0 1.5468e-05 -0 -0.0215824 -0.000425529 -0 -0 -0.00303772 -0.00661397 0.0159497 -0 -0 -0.00224604 0.0214793 -0.000208484 0.00811606 -0 -0 -0 -0.0103157 -0.00370661 0.0204955 -0.00216771 -0 -0.015775 -0 0.00214773 -0 0.0219724 -0 -0 -0.0018554 -0 -0 -0 -0 -0 0.000416436 0.00191042 -0 -0.014282 0.00500872 0.0126191 -0 0.00664369 -0 -0 -0 0.0012328 -0 -0 -0 -0 -0 -0.00117441 -0 0.0151065 0.00390032 0.00223722 -0 -0.00921014 -0 -0 1.78074e-05 -0 -0.000699562 -0 -0 -0 -0 -0 -0.00044253 -0.00163172 0.00119134 -0 0.0155288 -0 -0.00117125 -0.0001442 -0 -0 -0.000546746 -0 -0 -0 -0 -0 0.000862432 -0 0.00206032 -0 -0.00279209 -0.00118447 -0 0.000434211 -0 -0.0101996 -0 -0 -0 0.00604548 -0 -0 -0 -0.00387877 -0.00172482 -0 -0 -0 -1.26745e-05 -0 -0.00278978 -0 -0 -0 -0 0.00208112 -0 -0 -0 -0 -0.0046926 -0 -0 0.000898122 -0 -0 -0 -0 -0
-0 0.0035837 -0.000321532 -0 0.0017751 -0 -0.000559186 0 -0.000834116 -0 0.0143942 -0.0575459 0.000504833 -0 0.00141648 -0.000351271 -0 0.00408073 -0 -0 0.00236477 -0 0.000578766 -0.0825681 -0 0.000148294 -0 -0 -0 0.00430367 0.00124271 0.00288066 -0.000361725 0.00263068 -0 -0 -0 -0 -0.00957184 -0 -0 0.00244932 0.00812639 0.00941111 0.00844438 -0 0.0072537 0.00560039 0.00829646 -0.00249152 0.019399 1.5697e-06 0.00548136 -0.00192572 0.00972619 0.000742129 0.0370481 0.03038 0.00114228 -0 -0 -0.0176972 -0 -0.000735509 -0 0.000694178 -0 -0.000304588 -0 -0.000297737 -0 -0 0.00463502 0.00380433 -0 0.00496722 0.000812134 0.0130934 0.000984887 0.00384155 0.00912731 0.0475711 0.0215267 0.00593141 0.00371174 0.00579614 -0 0.00310868 -0 -0 -0 -0 0.00395538 0.0114087 0.0199869 0.0055482 -0 0.000868592 0.0218665 -0 0.0103836 -0.00223343 -0 -0 0.00210078 0.00220433 0.00926818 0.00988472 0.00601035 -0 0.0202999 0.00380767 -0 -0 -0 -0.0154974 -0 -0 0.000995964 -0 -0 0.0130897 0.0148501 -0 -0.00237401 0.00305013 -0.00153666 -0 0.00075074 -0.000750284 0.000903402 0.00446505 -0 -0 -0 0.00166342 -0.00073864 -0 0.00209108 0.00366153 -0 0.00420721 -0.000673598 -0.00266209 -0.00594821 0.000274067 -0 -0.000121267 -0 -0 -0 0.0198919 0.0141656 0.000270658 -0 0.00562856 -0 -0 0.00664438 -0.00611057 -0 -0 -0 0.00927418 0.0033364 -0 0.00535817 0.00888019 0.00861474 -0 0.00614954 -0 -0 -0 -0 -0.00400421 -0.000234862 0.00788123 -0 -0 -0.0114827 -0 0.0195335 0.00361528 -0 0.00202672 -0 0.00904333 0.00244735 0.00957276 0.0106368 -0 -0 -0 -7.04534e-05 -0 -0.00441546 0.00794959 -0 -0.000592247 0.0049886 -0.00292477 0.000512455 -0 -0 1.22628e-06 -0 -0 -0.000994287 -0 -0.0048999 -0 -0.00142571 -0 -0 -0
-0.0137062 -0.0272966 -0 0.000309021 0.00352774 0.218244 -0.00839979 -0.000834116 0 -0.00411568 -0.032292 0.156872 -0.00974845 0.00317636 0.0243754 0.0091958 -0.00514778 -0.010883 -0.00179628 -0 -4.60476e-05 0.00148489 0.000303614 -0.00803088 -0.00532306 -0 0.0178285 -0 0.0543539 -0.00519503 -0 -0.0110715 -0 0.00178954 -0.0129651 -0 0.00220105 -0.000168973 -0.00127063 -0.00243344 -0.00120292 -3.84535e-05 0.0151094 0.0119921 -0.0211841 0.0349996 0.00664214 0.0168905 0.0180728 0.0142444 0.00124535 0.00413685 0.0032314 0.00895239 -0.00322915 -0 -0.0252626 0.0110579 -0 0.00135453 0.0213298 -0 -0.00417612 -0 -0.00472654 -0 -0 -0 -0 -0 0.00129924 -0 0.00115301 -0.0134084 -0 -0.00421188 -0.00089524 0.00769164 0.0365917 -6.05197e-05 0.0051695 0.00154715 0.00265594 0.00642478 -4.05274e-05 0.0031498 -0 0.00147747 0.0114819 0.136671 -0 0.000649269 -0 -0.000277954 0.00943002 -0 -0 -0 -0.0113981 -0.00343743 0.00518425 -1.31622e-05 -0 0.00199101 -0 0.0103606 0.0177489 -0.0121192 -0.0156435 7.88276e-05 -0.00317611 -0.0315886 -0.00861202 -0 -0.00900475 0.000751202 -0.00441374 -0 0.00561146 -0 -0 -0.00205446 5.52318e-05 -0.0119896 -0.0131852 0.00168307 -0.000169147 -0.00267208 -0 -0.00161742 -0.017055 0.00280773 0.0153834 -0.000813087 -0.00339472 -5.70097e-05 -0 -0 0.00381421 -0.038686 -0 -0.0167317 -0.0206396 -0.0166349 -0 0.00111399 0.0281376 -0 0.000187706 0.000663807 -0 0.00263942 -0.00852373 -0 -0 0.00330713 0.00244093 0.00287685 0.00205353 -0.0050616 0.00131036 -0.00333241 0.000997335 0.00191735 -0.0120791 -0 -0.0062842 0.00163601 -0 -0 -0 0.00822089 -0.00684794 -0.0152626 0.02442 -0.00465495 -0 0.0142729 0.00825994 -0 -0 0.00194622 0.0071018 0.00258646 -0 0.00311828 -0.0247207 0.000977795 -0 -0 -0 -0.000700853 0.00316416 -0 -0 -0 -0.00090483 0.00870359 0.00416958 -0.00051859 -0 -0.00303794 -0.00633894 -4.54812e-05 -0 -0 -0 -0 -0 -0 -0.00691211 -0 -0 -0.00935124 -0 -0
0.0214832 0.0091599 0.0303657 0.0152397 0.0241079 -0.00917168 -0 -0 -0.00411568 0 0.0024957 -0.00463776 -0 0.00891221 -0 -0 -0 0.015496 -0 0.00400537 0.000497632 0.0025301 0.0267906 -0.000170851 -0 -0 0.0131162 -0 -0.00743708 0.0004069 -0 -0 0.000700679 0.00545402 0.00662204 0.00170447 0.00323845 -0 -0 0.00190476 0.00198602 0.00836522 -0 0.00374094 -0 -0 0.00137056 -0 -0.00442455 -0 -0 -0 0.00029382 0.000396391 -0 -0 -0 -0.00264162 -0 0.000964189 -0 0.0192885 -0 -0 -0.0250719 0.00314591 0.00795835 0.0104779 0.0025563 -0 -0 -0.0274932 -0 -0 0.00510235 -0 0.00836237 -0 0.00102037 0.000183866 0.00281277 -0 -0 -0 -0 -0 0.00131195 -0 0.00700408 -0.00839522 -0 0.00714107 0.00415982 -0 -0 -0 -0 -0 -0 -0 0.00113739 0.0134331 -0 -0 -0 -0.00630499 -0 -0 -0 0.0310038 -0 0.00187992 -0 0.0121197 0.0132478 0.00160089 -0 -0.000686139 0.000490729 -0 -0 0.0177698 -0 -0 2.16313e-05 -0 -0.0202824 -0 0.0256971 -0 -0 0.00393899 -0 -0.000591158 0.0190426 0.000118818 -0 -0.000139455 0.0024378 0.00131003 0.0113439 -0 0.0122154 -0 0.0137826 -0 -0 -0 0.0176739 0.00933827 -0 -0 -0 0.00775607 -0 0.00206827 0.0212748 6.56535e-05 -0 -0 -0 -0 0.00209641 -0 0.0025267 0.0154242 -0 -0 -0 0.00328206 -0 0.000728531 -0 0.00107624 -0 -0 -0 -0 -0 0.00742614 0.0132988 0.0149594 -0 -0 0.00356099 -0.000394067 -0 -0 1.13055e-05 -0 -0 -0.0160376 -0 -0 -0 -0.0087595 -0 -0 0.000587196 -0 -0 -0 -0 -0.00510444 -0 -0 -0 -0.00372722 -0 -0 -0 -0 -0 -0 -0 -0
-0 0.00155644 3.27811e-05 0.00450046 0.014842 -0.057432 -0.000555478 0.0143942 -0.032292 0.0024957 0 -0.0403244 0.00881157 -0 0.00685468 0.00202356 -0.00117075 0.00197891 -0 -0 0.0234054 0.0128138 0.00402694 -0 -0 0.00279925 0.00374627 -0 0.0114756 0.01626 0.00270737 0.00582036 -0 0.0222688 -0 -0 0.00616283 -0 -0.00231427 -0 0.000864402 0.021963 0.0190844 0.0271415 0.0106554 0.00539858 0.0311777 0.0190895 0.016552 0.0180113 0.026709 0.000170962 0.0336753 -0.00199651 0.0365376 0.0113503 -0.00170404 0.0350665 0.0067223 -0 0.00692099 -0 0.00949909 -0 -0.00281205 0.015695 0.00218635 -0 -0 -0 -0 -0.00166334 0.0331933 0.012533 -0 0.00468076 0.0153506 0.0352853 0.0152186 0.0303987 0.0216282 0.0268128 0.0163442 0.0205367 0.00941864 0.0500862 0.00101211 0.00585058 0.00438893 -0.0216975 -3.57551e-05 0.00295964 0.022047 0.02796 0.0441479 0.011271 -0 0.00505259 0.0354237 0.00203627 0.0390467 -0 -0 0.0153911 0.0254844 0.0106136 0.0778057 0.0200764 0.0235224 0.00492706 0.0195186 0.0388467 -0 0.00255101 -0.000308826 0.00280566 -0 -0 0.0131617 -0 0.0126908 0.0184302 0.0381438 -0.00610141 -0.0238194 0.0158627 -0.0071134 -0.00150845 0.0123805 -0.0111566 -0.0197084 0.0386991 -0 -0.00527641 -0 0.0163806 -0.000887506 -0.00455098 0.0235431 0.0193455 0.0074218 -0 -0.0111981 -0.0170233 -0 0.005861 0.00446767 -0.000783805 0.00295948 0.00903895 -0 0.015019 -0 0.0131156 0.0127432 0.0156822 0.00982344 0.0276875 0.0306689 -0.0213477 -0.000516096 -9.56246e-05 0.00485154 0.0221125 0.0377838 0.000876089 0.0266429 0.0217343 0.0029457 -0 0.0155357 -0 0.00267135 0.00979428 -0 -0.0227031 -5.52796e-05 0.0202486 0.00195251 0.00430652 -0 0.00834494 0.0199439 0.0470569 0.00154879 -0 -0 0.0146568 0.0064475 0.0081641 0.0118319 -0.00106578 0.00104325 -0 -0.000479723 -0.0020157 -0.00606002 0.0232396 -0 -0.0235036 0.0113293 -0.029246 -0.0232631 -0 -0 -0.00208768 -0 -0.0144196 -0 -0 -0.0171973 -0.00336077 -0 -0.000511815 -0 -0
-0.0360717 -0.0472832 -0 -0 -0.00715093 0.194344 -0.0223646 -0.0575459 0.156872 -0.00463776 -0.0403244 0 -0.0433362 -0 0.0244088 0.00882234 -0.010368 -0.0302267 -0.0191292 -0 -0.0305844 -0 -0 -0.00376873 -0.00822673 -0 -0 -0.00546131 0.0249857 -0.0245492 0.000263364 -0.034305 -0 0.00597115 -0.00740031 -0.00936626 0.000718873 -0.00397259 -0.00109539 -0.019853 -0.00451569 -0.0347837 0.0234693 0.00990394 -4.63508e-05 0.0463257 0.0062111 0.0258223 0.0322652 0.00838986 0.00976899 0.0105294 0.0015059 -0 0.0165328 -0 -0.0347416 0.0131608 -0 -0 0.0378151 -0 -0.005106 -0.00319009 -0 -0.0247079 -0 -0.0144247 -0.0110775 -0.00587787 -0 -0 -0 -0.0156382 -0 -0.0144225 -4.40221e-05 0.00632097 0.00693846 -5.75446e-05 0.0105146 0.00541695 0.00167149 0.00577348 -0.0177233 0.000796071 -0 0.000260291 0.00364645 0.165254 -0 -0 -4.88128e-05 0.00749321 0.00841489 -0 -0 -0 0.00150966 -0.0132717 -0.000830348 -0.00138397 -0 -0 -0 0.0325494 0.0150166 -0.0289331 0.00287799 -0 0.00369246 -0.0445386 -0.00218315 -0 -0.0169092 0.000274161 -0.00246762 -0 0.00123526 -0 -0 0.00193677 -0 -0.00931537 -0.0140944 -0 3.55881e-05 -0.00399894 -0.0154165 -0.00194377 -0.0107644 -0 -0 -0 -0.0304231 -5.43442e-05 -0 -0 0.00362384 -0.0346923 0.000393455 -0.00787332 -0.0126224 -0.00972929 -0 -0 0.0444788 -0 -0 -0 -0 -0.00361129 -0.0072956 -4.68328e-05 -0 0.00218833 -0 0.00384737 0.005159 -0.00403836 -0 -0.0177719 -0 -0.00834412 -0.0143451 -0.00502907 0.0013408 0.00112707 -0.0131493 -0.0034266 -0 0.00127144 -0.00131905 -0.0239606 0.00517281 -0.00509754 -0 0.0135981 0.00294137 -0 -0 0.0021962 0.00690427 0.00423708 -0 0.000495962 -0.0225167 -0 -0 -0 0.00209668 -0 0.000575981 -0 -0 -0 6.05865e-06 0.0073118 0.000318531 -0.000593437 -0.00823597 -0.0030222 -0.00658749 -0 -0 -0.000636948 -0 -0 -0 -0 -0.00740274 -0.00172297 -0 -0.00383906 -0 -0
-0 -0 0.00468786 -0 -0 -0.0171423 0.000458971 0.000504833 -0.00974845 -0 0.00881157 -0.0433362 0 0.0197418 -0.0962935 -0.0042641 -0 -0.00569815 -0 -0.013904 0.0201082 -0 -0 -0 -0 -0 -0.0070945 -0.00885644 -0.0184207 -0.0178344 -0 -0.0401553 0.00737719 0.0124018 -0.0301466 0.00315427 -0.000610007 -0.0860698 -0 0.00597051 -0.00382217 -0 -0.00828328 0.0111264 -0.00360481 -0.007477 0.00196577 -0.0134547 -0.0121946 0.0164671 -0.00887705 -0.022113 -0.00495672 0.00324168 0.00425881 -0.00542752 0.00103945 -0.00604023 -0.00546351 0.0154438 -0.0081994 0.00128441 -0.0123268 -0 -0 0.0293513 -0 0.00469001 -0 -0 0.00509271 -0.0066581 -0.00616108 -0.0300574 0.000365638 -0.00560029 -0 -0.00997922 -0.00529448 0.00285721 -0 -0.00940216 0.000953819 -0.00402011 -0.00340707 -0.00966713 6.47142e-05 -0.0017296 -0 -0.0281064 -0 0.0120097 -0 -0.0113662 -0.025884 -0.0134207 -0 -0.00236286 -0.00485808 -0.000327632 -0.006604 0.00902136 -0 -0.00078223 -0.00756968 -0.0170768 -0.0204975 -0.000889073 0.0027888 -0 -0.0225753 0.0326224 -0 -0 -0 0.0239071 -0.0026773 0.00777262 -0.00146209 0.00197554 -0.00447662 0.0032645 -0.00833338 0.0099797 0.000939334 -0.0057935 -0 -0 -0 0.00023831 0.0159838 0.00728647 -0 -0 0.0116054 -0.000927552 0.00438463 -0 -0.00139713 -0 0.0122772 -0.0068144 0.00177059 0.00933589 -0 -0 -0.0377834 0.000735665 -0 -0 0.000594709 -0.00200517 -0.0190999 -0 0.0528276 -0 -0 -0 -0.0114445 0.00562034 -0 0.00108986 -0 -0.00266701 -0.00224854 0.00177803 -0.00346292 -0.000485202 -0.0177835 0.00627298 -0.000618562 -0 -0.00183197 0.0192486 -0.0139497 0.00486985 0.000134838 -0.00604794 -0 -0 2.9123e-05 -0 -0.00806178 -0.00284629 -0 -0.00351176 -0 -0.00987757 -0.00863372 -0.0268642 -0.0104507 -0.00317557 -0 -0.0151409 0.000659878 -0 -0 -0.0252122 -0 -0 0.00896569 0.00234242 0.00684575 -0 0.000730283 0.00120283 0.00189896 -0 0.0132737 0.000277937 0.00492431 0.000570707 0.00310536 0.0030178 -0 -0
-0.0076999 -0.0004948 0.0192299 0.0102048 0.00842276 -0 -0 -0 0.00317636 0.00891221 -0 -0 0.0197418 0 0.0645279 0.0300563 -0 -0.0133387 -0.0029831 0.0176132 0.0547961 0.032426 0.000525622 -0.00632292 -0 -0 1.48309e-05 -0.00273661 -0.00566009 0.0120219 0.00908197 -0.00982718 0.00558771 0.00712938 -0.00788536 0.0265246 -0.0198003 -2.63339e-06 -3.89485e-05 0.0108019 -0.00362829 0.0425386 -0.00223706 0.00453698 -0.0226184 -0.00662898 0.011664 -0.0238855 -0 -0 -0.00383206 -0 -0 0.119493 -0 -0.0185977 -0 -0.00199746 -0 0.0191915 -0 0.00346741 -0.00823347 0.00596238 -0.00723431 0.0178663 0.000220114 0.00649104 -0 0.00485057 0.0307401 -0.0154865 -0 -0.0135084 -0.00325814 -0.00261626 0.00232171 -0.00200666 0.00374329 -0.0161961 0.0145972 -0.00321628 -0 -0 -0.0222026 -0 0.00431991 -0 0.011405 -0 -0 0.0612801 0.000463437 -0.0109193 -0.00941777 -0.00199455 -0 -0.0025752 -0.000523873 -0 -0.00119462 0.00836904 -0 -0 -0.0101461 -0.0104777 -0.00339108 -0.00419519 -0 0.00746723 -0.013147 0.00693193 -0.0039119 -0 -0 0.027974 -0.0256725 3.52135e-05 -0.0295114 0.00929071 -0 -0 -0.00765973 -0.00213599 -0.00856421 -0.0030051 -0.00659253 -0 0.0109689 -0 -0.00271832 -0 0.00218256 -0.000633369 0.00965593 -0 0.0367808 -4.09776e-05 0.00137916 -0.0279785 0.0241131 -0.0170066 -0.00394573 -0.00272915 0.000506624 -3.96258e-06 -0 0.00490212 0.000346991 0.000359279 0.00647157 -0.000894631 -0.000572948 -1.18933e-05 0.0518092 0.00611818 0.00274291 0.0187519 -7.64761e-05 0.000529585 0.0337461 -0 0.00722561 -0 -0 0.0141981 -0 -0 -0.00488276 0.0122634 -0 0.00152212 -0 0.010104 -0 0.000191508 0.00723352 -0.00167256 0.0573475 0.000307281 0.000793379 0.00532448 -0.00390452 -0 0.00823743 -0.0245327 -0 -0.0207753 -0.00615191 -0.00737548 -0.00792 -0.00738003 0.00310645 -0.00876463 0.00388719 -0.00394772 -0.00925996 -0.00296148 0.00420462 -0 -0 -0 -0 -0.000855285 0.0027626 0.00489037 0.00332754 -0 0.0180415 0.000560496 -0.00279935 0.00141694 0.0185752 -0 -0 -0
-0.00826182 -0.0160888 0.00683704 0.0050344 0.0181521 0.0525421 -0.00468818 0.00141648 0.0243754 -0 0.00685468 0.0244088 -0.0962935 0.0645279 0 0.041339 -0.00747091 -0.0173482 -0.0250793 0.0110435 0.00803736 0.00875185 0.00336109 -0.00411497 -0.001263 -0 -0 -0.00168762 -0.00582989 -0 0.0275352 -0.012239 -0 0.0189515 -0.00963788 -0 -0 -0.0615508 -0.00354609 0.0029467 -0.00469327 0.00652764 0.00625644 0.0122747 -0 0.00144761 0.0119015 0.00616974 0.0167059 0.0075847 0.0025407 -0 0.00620223 0.0372116 0.00664311 -0.0230598 -0.00276482 0.00546799 0.00050107 0.00404867 0.00285913 0.00270281 -0.0325783 0.000361633 -0.00196954 0.00429456 0.00150944 -0 -0 0.000349708 0.00510431 -0.00226139 0.0060243 -0.0387881 0.00180692 -0.00466938 0.0020145 -0.00230598 0.00393223 -6.3961e-05 0.0107138 0.0064448 0.00215028 0.00742165 -0 0.00526737 0.000709135 0.00426975 0.0062293 0.0434108 -0 0.0270355 0.00588636 0.00543833 0.0108068 -0 -0 -0 0.00605457 -9.45791e-05 0.00501034 -0 -0 0.00195204 -0 0.00161603 0.010783 -0.00367105 0.0133078 0.00850269 0.000355308 -0 -0.0070893 0.000398701 -0.0025735 0.005917 -0.0246981 -0 0.000735777 0.00580246 -0 0.00493769 -0 -0.0141338 -0.0128474 0.00141855 -0 -0.00111694 0.00246987 -0.00222197 -0.0267719 0.0031434 0.00518068 -0 -0 -0.00119037 0.00160481 -0 0.017765 -0.0211855 0.00615904 -0.0175994 -0.015688 -0.00911143 -0 -0 0.0241431 -0 0.00147421 0.00705543 0.00182274 0.00464422 -0 0.000519088 0.000473061 0.00414188 0.00416836 0.0113602 0.00400381 -0.00995958 0.0569466 -0.00353713 0.00477699 0.00239776 0.00400559 0.00818569 0.00314221 1.36195e-05 -0 0.00785789 -0 0.00388245 -0.00195095 -0 -0 -0.00396251 0.000542026 0.00531097 0.0177912 0.00123165 2.26598e-05 0.0127123 0.00534049 0.00304132 6.06982e-05 -0 -0.000525402 -0 -0 -0 0.000121971 -0.00306376 0.00557808 -0.0091043 0.00139078 -0.000160797 -0.00738444 0.00606583 0.000881721 -0.00131036 -0 -0.00360686 -0.00863587 -0 -0 -0 -0 -0 0.000114149 -0 -0.010341 -0 0.00255509 -0 -0 -0
-0.000467303 -0.00261448 0.00365307 -0 0.00051748 0.00800375 -0 -0.000351271 0.0091958 -0 0.00202356 0.00882234 -0.0042641 0.0300563 0.041339 0 -0 -0.0314338 -0 0.0706294 -0 -0 -0 -0.000412054 0.00915021 -0 -0 -0 0.0635701 -0 -0 -0.00906284 -0 -0 -0 -0 -0 -0 -0.000292093 -0 -0 -0 -0 0.00259552 -0.0256446 0.0343681 0.00786436 -0 -0 -0 -0 0.000460969 -1.00292e-05 0.00476569 -0 -0 -0.0153353 -0.0053659 -0 0.000270414 -0 -0 -0 -0 -0.000131035 -0 -0 -0 -0 -0 -0 -0 -0 -0 -0 -0 -0 -0 0.000129452 -0.0154461 0.0100168 -0.0117642 -0 -0 -0 -0 -0 -0 -0 0.00769013 -0 0.000248312 -0 -0 -0 -0 -0 -0 -0 -0.000680542 -0 0.000851524 -0 -0 -0 -0 -0 -0 -0 0.000195935 -0 -0 -0.0125073 -0 -0 0.00499117 -0.0258255 -0 -0 -0 -0 -0 -0.00239091 -0.00284316 -0.00825388 -0 -0.000198824 -0 -0 -0 -0.00643021 -0 -0 -0 -0 -0 -0 -0 0.00215205 -0.00337821 -0 -0.0146974 -0.00275669 -0.00828734 1.54992e-05 -0 0.00116426 -0 -0 -0 -0 -0 -0 -0 -0 0.00185779 0.000918931 0.0248761 -0 -0 -0 -0 0.000665808 -0 -0 0.0018098 -0 -0 -0 -0 -0 -0 -0 -0 -0 -0 -0 -0 0.0115502 0.00163037 -0 -0 -0.00622819 -0 -0 -0 -0 -0 -0 -0 -0.00655024 -0 -0 -0 -0 -0 -0 -0 1.64536e-05 -0 -0 -0 -0 -0 -0 -0 -0 -0 0.000188879 -0 -0.000872976 -0 0.00112958 -0 -0 -0
0.0515372 0.02283 -0.000138853 -0 -0.000422401 -0.0167951 0.0551219 -0 -0.00514778 -0 -0.00117075 -0.010368 -0 -0 -0.00747091 -0 0 0.015891 0.0252393 -0 -0 -0.00105267 -0 -0 0.0310124 -0.000756488 0.0425004 0.0144301 -0.00105565 0.0284851 -0 0.0304397 -0.000383909 -0.00435166 0.0107161 -0 -0 -0 -0 -0.00035626 0.0165554 -0 -0.00425645 -0.00924322 -0 -0.000938778 -0 -0.00587919 -0.00202268 -0.0011044 -0.00150631 -0 -0 -0 -0.00832804 -0 0.000846978 -0.000760132 -0 -0.00122838 -0.000926024 -0 0.0178068 -0.002746 -1.86015e-05 -0 -0 -0 -0 -0.000377838 -0.00115189 -1.57905e-05 0.0214541 0.00312067 -0 0.00791782 -0 -0.00753426 -0 -0 -0.000371473 -0.00196842 -0 -0.00440914 -0 -0 -0.000372856 -0.000749318 -0.000893798 -0.015016 -0 -0 -0 -0.000519521 -4.12433e-05 0.0240814 -0 -0 -2.48497e-05 0.00197478 -0 -0 -0 -0.000904223 -0 -0 -0.00166705 0.0276211 -0.000734602 -0 -0.000976239 -0.000142786 0.0166609 -0 0.0256138 -0.00526733 0.0047176 -0.00485068 -0 -0 -0 -0 0.0186155 0.0140709 0.0188118 0.00204489 -0.00851512 0.00169746 -0 -0 0.0247363 -0.000141713 -0 -0 -0 -0 -0.0040472 -0 -0.00107917 -0 -0 0.00832105 0.0222162 0.00766889 -0 -0 -0.0186585 -0 -0 -7.10081e-05 -0 -0.00224513 0.000151064 -0.00199057 -0.000251356 -0 -0 -0.000854949 -0.00211166 -0 -0 0.024115 -0 -0 -0.00022599 -0.000259083 -0 -0.000612539 0.00534688 -0 -0 -0 0.00181134 -0 -0 0.0009298 -0.001142 -6.71863e-05 -0 -0 4.79696e-06 -0 -0 -0.000138422 -0 -0 0.00229952 -0 0.0126564 0.00895058 -0 -0 -0.0015953 0.00362665 -0 -0.0047103 -0 -2.18606e-05 -4.04215e-05 -0 -0 -0 0.00287432 -0 -0 -0 -0 -0 -0.000674088 -0 0.000611345 -0 -0.000743373 -0 -0 -0
0.0122571 0.0318848 -0.00435233 -0.000705653 -0.00403672 -0.0246352 0.00910759 0.00408073 -0.010883 0.015496 0.00197891 -0.0302267 -0.00569815 -0.0133387 -0.0173482 -0.0314338 0.015891 0 0.00600457 -0.00015001 -0 -0.00817701 -0 0.0112072 -0 -0.0102209 0.00775264 0.0391431 -0.013148 0.077009 -0 0.0491675 -0.000636886 -0.0091564 0.0226121 -0.00110516 -0 0.00208807 0.0128981 -0.00520548 0.0136057 -0 -0 -0.00511269 0.0127171 -0.00324483 -0 -0 -0 -0 -0 -0 -0 -0.0144797 -0 0.0114236 0.0529153 0.00435448 0.0199948 -0.0195577 -0.000184073 -0 0.0388055 -0.0119438 -0.0214338 -0 -0 -0.00191051 -0 -0.00715755 -0.00890635 -1.79545e-05 0.00301295 0.024507 -0.000461453 0.019614 -0 0.00179088 -0 0.00050602 -0 0.0108741 0.00120347 -0 0.0116076 -0 -0.00242545 -0 -0.00570675 -0.0217017 -0.00547656 -0.000402505 -0 0.00214995 0.0018322 0.0216364 -0 0.000372983 0.00588106 0.0155993 0.00555398 -0 -0.000227338 -0.000285372 0.00400928 -0 0.000310336 0.0558521 -0 -0 0.00351284 -0 0.0247154 -0 0.0242195 -0.0099634 0.0159636 -0.0181115 -0 -0.00831046 -0 -0 0.0471798 0.0351011 0.0117313 0.0191413 -0.0325898 -0 -0 -0 0.0189575 -0 -0.00170057 -0 -0 -0 -0.0195249 -0 -0.00109205 0.000480286 -0 0.0471586 0.0356186 0.0127235 -0.000441562 -0 -0.0210644 -0.00576118 -0 -9.70652e-05 -0.0143305 -0 0.0160665 -0 -0.00235652 -0 -0.000314224 -0.00676172 -0 -0.00192618 -0.00764115 7.44553e-05 -0.00260131 0.000373779 -0 -0.00145083 0.000679075 -0 0.00399929 -0.000542212 6.38649e-05 -0 0.00573645 -0 -0 -0 -0.0104025 -0 -0.0111685 -0 -0.000613169 -0 0.00384549 -0 -0 0.00208767 0.00774508 0.00350571 0.0503874 0.0145219 0.0239918 -0 -0.00930748 0.0312861 -0.00508308 -0.00796934 -0 -0 -0.00557141 -0 -0 -0 -0 -0 -0.00540141 -0.00562313 -0.00842838 -0 -0.0139765 -0.00391063 -0 -0 -0.006627 -0 -0 -0
0.0298658 0.0569417 -0.000366211 -0 -0 -0.0185206 0.0423012 -0 -0.00179628 -0 -0 -0.0191292 -0 -0.0029831 -0.0250793 -0 0.0252393 0.00600457 0 -0 -0 -0.00014027 -0 -0 0.0217487 -0 0.00634007 0.0273665 -0 0.0212831 -0.00517642 0.0444675 -0 -0.000673706 0.0199953 -0 0.00264684 0.0117425 -0 -0 0.00461083 -0 -0 -0.00267804 -0 -0 -0.000484512 -0 -0 -0 -0 -0 -0 -0.00516862 -0 -0 0.0126295 -0 -0 -0.000959251 -0 -0 0.00937343 -0.000631577 -0 -0 -0 -0 -0 -0.000276398 -0 -0 0.000107353 0.0234916 -0 0.0108773 -0 -0 0.00977024 -0 -0 -0 -0 -0 0.00161586 -0 -0 -0 -0 -0.0167227 -3.96507e-05 -0.0127418 -0 -0 -0 0.0203682 -0 0.00431744 -0 0.00248765 -0 -0 -0 -0 -0 -0 -0 0.0120067 -0 -0 -0 -0 0.0222561 -0 0.0246389 -0.00089246 0.00369024 -0.00695137 -0 -0.00209359 -0 -0 0.00556874 -0 0.00456993 0.00523587 -0 0.00315248 -0 -0 0.00074588 -0 -0 -0 -0 -0 -0.00204355 -0 -0 -0 -0.00511 0.00441842 0.00726368 -0 -0 -0 -0.00827454 -0.00135257 -0 -0 -0.000560495 -0 0.00598194 -0 -0.00397413 -0 -0 -0 -0 -0 -0.00956358 0.00994321 -0 -0 -0 -3.02461e-05 -0 -0 0.00160454 -0.000210244 -0 -1.49177e-06 0.00116245 -0 -0 -0 -0 -0 -0 -0 -0 -0 -0 -0 -0 -0 0.00109172 -0 0.0213612 0.0122866 -0 -0 -0 0.00179556 -0.00125312 -0 -0 -0 -0 -0 -0 -0 -0 -0 -0.00157796 -0 -0 -0 -0 -0.000286909 -0 -0 -0.00013345 -0 -0 -0
-0 -0 -0 -0 -0 -0 -0 -0 -0 0.00400537 -0 -0 -0.013904 0.0176132 0.0110435 0.0706294 -0 -0.00015001 -0 0 -0 -0 -0 -0.000319628 0.0077784 -0 -0 -0 -0 -0 -0 -0.0122391 -0 -0 -0 -0 -0 -0 -0 -0 -0 -0 -0 -0 -0 -0 -0 -0 -0 -0 -0 -0 -0 0.000628108 -0 -0 -0.0056037 -0 -0 -0 -0 -0 -0 -0 -0 -0 -0 -0 -0 -0 -0 -0 -0 -0 -0 -0 -0 -0 -0 -0 0.00187473 -0 -0 -0 -0 -0 -0 -0 -0 4.09017e-05 -0 -0 -0 -0 -0 -0 -0 -0 -0 -0 -0 -0 -0 -0 -0 -0 -0 -0 -0 -0 -0 -0 -0 -0 -0 -0 -2.84298e-05 -0 -0 -0 -0 -0 -0 -0 -0.000658171 -0 -0 -0 -0 -0 -0 -0 -0 -0 -0 -0 -0 -0 -0 -0 -0 -0 -0 -0.000894394 -0 -0 -0 -0 -0 -0 -0 -0 -0 -0 -0 0.00209228 -0 -0 -0 -0 -0 -0 -0 -0 -0 -0 -0 -0 -0 -0 -0 -0 -0 -0 -0 -0 -0 -0 -0 -0 -0 -0 -0 -0 -0 -0 -0 -0 -0 -0 -0 -0 -0 -0 -0 -0 -0 -0 -0 -0 5.76716e-05 -0 -0 -0 -0 -0 -0 -0 -0 -0 -0.000308661 -0 -0 -0 -0 -0
-0 -0 0.0185179 0.0268319 0.0609974 -4.68494e-05 -0 0.00236477 -4.60476e-05 0.000497632 0.0234054 -0.0305844 0.0201082 0.0547961 0.00803736 -0 -0 -0 -0 -0 0 0.0459403 0.00338645 -0.00602394 -0 0.00291639 -0 -0.00123644 -0.0135347 -0 0.000446868 -0.00319435 0.0021421 0.0265884 -0.00525424 0.00816899 0.000388874 -0 -0 0.0170987 -0 0.0109411 0.00102467 0.0123015 0.000836548 -0 0.00460688 0.00179407 0.00133859 0.00269657 0.00284987 -0.0113659 0.0105009 0.0276243 0.00477779 -0 -0 0.000550192 0.00235594 0.0182322 -0 0.0109721 -0.00710862 0.00894089 -0.00270026 0.00828524 -0 0.00942539 0.000887908 0.00772705 0.0195012 -0.00324803 -0 -0 0.00144633 -0 0.0199576 0.00425604 -2.40639e-05 0.00229186 0.0124662 0.00330683 0.00276673 0.00939184 -0 0.00416136 0.00480402 0.000542032 0.00598825 -0.0229021 0.00164182 0.0142207 0.00332045 0.00215567 0.00122693 -0 -0 -0 0.00723144 -0 0.00482931 0.00214611 -0 0.00142644 -0 -0 0.00305112 0.00184373 0.00654353 0.0284512 0.000462848 0.00986796 -0.00242308 -0 -0 0.00501224 -0.00342448 -0 -0 0.0130662 -0 0.0139447 -0 -0.0034306 -0.00156486 -0 -0.00306289 -0 0.0254016 -0.00175663 -0.0054742 0.00541657 -0 -0.00207045 0.00618283 0.00247815 0.0106249 -0.00086726 0.00547244 -1.02982e-05 0.00155217 -0.00650402 -0.00310894 -0.00992175 0.0035221 0.0016821 -0 0.00112405 0.00265311 0.00650778 0.00173325 0.00458327 -0 0.00360453 0.00263677 0.00327407 0.0121556 0.00930998 0.00800382 -0.00318556 0.00133234 -0 0.0137317 0.00224103 0.0227151 0.0144276 0.025397 0.000166614 -0 0.00874143 -0 0.0247235 -0 0.0127006 -0 -0.00241375 0.00213605 0.00354519 0.0149122 0.00593412 0.00149729 0.00194601 0.00103417 0.0226756 0.00374017 -0 -0 -0 -0 -0 -0 -0.00126842 0.00673186 -0.00430992 0.00406951 -0.00185144 -0.0144086 0.00259906 0.00469964 -0.000748443 0.00683908 -0.00241344 -0.00329318 -0.000665776 0.00136801 -0 0.00484616 -0 0.00180128 0.000517093 -0.00589054 -0 0.00388681 -0 -0 -0
-0 -0.000421672 0.00833383 0.0202908 0.0230646 0.00536954 -0 -0 0.00148489 0.0025301 0.0128138 -0 -0 0.032426 0.00875185 -0 -0.00105267 -0.00817701 -0.00014027 -0 0.0459403 0 0.00466556 -0.00472586 -0.00180163 0.000348556 -0 -0.0021045 -0 -0 -0 -0.0017469 0.00263522 0.0125721 -0.0093133 0.00424828 0.00127142 -0 -0.000384382 0.0115754 -0.00252701 0.00178357 0.000331766 0.0222455 -0 -0 0.00388063 0.00110419 0.00421952 0.00544898 0.00208063 -0 0.0113989 0.0256213 0.00335323 -0 -0 -0 0.000191165 0.0303896 -0 0.00771803 -0.00871228 0.0123196 -0.00251178 0.00578411 0.00420326 0.0195641 0.00222784 0.00467302 0.0174786 -0.00488834 0.000103148 -0 0.00275399 -0 0.0127783 0.00338518 -0 0.00298917 0.00341639 0.000106039 -7.96257e-06 0.0028521 -0 0.0061131 0.0153795 -0 0.0146151 0.00250529 0.00651916 0.0159323 0.00416149 0.00128908 -0 -0 -0 -0 0.00191311 -0 0.00255095 -0 -0 0.00471167 -0.00672614 -0 0.00280249 -0 0.00495215 0.0108608 -0 0.00685699 -0.00404486 -0 -0.000348544 0.00839024 -0.00462791 0.00451454 0.00427553 0.000604121 -0 0.0037103 -0 -0.0062512 -0.00233819 -0 -0.000182631 -0 0.0208507 -0.00431545 -0.00650437 0.00389988 -0 -0.000303587 0.000895384 0.00126221 0.015096 -0 0.00652829 -0 0.0037851 -0.0244551 -0.00572794 -0.0112751 0.0027431 0.00122921 0.000927136 -0 0.0047166 0.00449331 -0 0.000515274 -0.00033431 0.00434701 0.000296043 0.004534 0.0263376 0.00546107 0.00175442 -0.00249006 0.00115588 -0 0.0149273 0.0039284 0.0246005 0.00771512 0.00167064 -0 -0 0.0229247 -0 0.0135035 -0 0.000696552 -0 -0.003426 0.00935901 0.00391485 0.0281402 0.00394761 0.00266998 0.00156588 -1.94075e-05 0.0101657 0.000473572 -0 -0 -0 -0.00706505 -0 -0.0126487 -0.00357643 0.00813351 -0.00689538 0.000351378 -0.000216459 -0.000782675 0.000848631 0.00863228 -0.000305591 -0 -0.00297946 -0.00300167 -0 -0 -0 0.00883407 -0 0.00375022 -0 -0.010668 -0 0.0157539 -0 -0 -0
-0 -0 0.0153422 0.0150025 0.0221298 0.00352651 -0 0.000578766 0.000303614 0.0267906 0.00402694 -0 -0 0.000525622 0.00336109 -0 -0 -0 -0 -0 0.00338645 0.00466556 0 -0.0121622 0.00377662 -0 -0 -0.001908 -0 -0 4.29109e-06 -0.0042513 0.00248584 0.00593382 -0.000515155 0.0112536 0.0371245 -0 -0 0.0212515 -0 0.00335002 3.04756e-05 0.012646 0.00105491 -0 0.0039355 0.000852265 -0 0.00582714 0.00164343 -0 0.00349277 -0 0.000862022 -0 -0 -0 -0 0.0133031 -0 0.0289562 -0.00915249 -0 -0.0145042 0.0272764 0.0237608 0.0194008 0.0198721 -0 0.00376897 -0.0114592 0.00067478 -0 0.00776163 -0 0.0351352 0.00473744 0.00802345 0.00395148 0.00102592 -0 0.00133615 0.00230905 0.00166314 0.00204026 0.0182121 0.0170162 0.00589868 -0 -0 0.000733584 0.0223508 0.00176239 0.000137875 -0 -0 -0 0.00180462 2.7552e-05 0.00582578 0.00578877 -0.00545014 0.0148032 -0 -0 0.0025468 0.000252012 0.00183242 0.0116682 -0 0.0117667 -0.00470837 0.0226861 -0 0.00460346 -0 -0 0.0117843 -0 -0 0.0074605 -0 -0.00153616 -0.000735586 5.31637e-05 -0.010989 -0 0.0187217 -0.000281762 -0.00217027 0.0150991 -0 -0.00464143 0.01909 0.000904457 0.00316882 -0 0.00561635 0.0127463 -0 -0.00459501 -0.000329854 -0.00330473 0.0076853 0.0154139 -0 -0 0.0114925 0.0124912 -0 0.00320541 -0 0.0138663 0.000567644 0.00342215 0.00907141 0.000909016 0.00261698 -0.000344627 0.00114209 -0 0.00628991 0.00131472 0.00454945 0.0194274 0.000664121 0.000412968 -0 0.00364106 -0 0.00279925 -0 -0 -0 -0.000523828 -0 0.00220659 0.00069594 0.0100892 0.0129104 0.00352512 -0 0.00229146 0.00433744 -0 -0 -0 -0 -0 -0.00163468 -0.00903743 0.00384055 -0.00648866 -0 -0.00497983 5.90791e-06 0.000261583 0.00505047 -0 -0 -0.000836765 -0.000299196 -0.000639414 -0 -0 -0 -0.000198245 0.00441406 -0 -0.00605207 -0 0.00145471 -0 -0 -0
