0.910064 -0.046839 0 0 0 0.0244033 -0.0539084 0 0.0118304 -0.0191665 0 0.0314003 0 0.00660509 0.00682271 0.000394168 -0.0467456 -0.010708 -0.0271811 0 0 0 0 0 -0.0234176 0 -0.015113 -0.0113696 0.00311603 -0.0174362 0 -0.0177142 0 0 -0.0154004 0 -0.00777127 -0.000772221 0 0 -0.0332331 0 0.00738544 0.00232838 -0.00397339 0.000830417 0.000863633 0.00210295 0.0204864 0.00206161 0.00112662 0 0 0.000628151 0.00731309 0 -0.00122697 0.00231065 0 0 0.000774821 -0.00470283 -0.0107478 0.000942403 0.00711219 0 0 0 0 0 0 0.0111355 -0.0101424 -0.0089887 -0.00533091 -0.0134942 0 0.00398707 -0.0113084 0 0.000127403 0.0045722 0 0.003171 -0.00302428 0.000195966 0 0 0 0.0253015 0 0.000177066 -1.78702e-05 0.000614517 0.00131483 -0.0199269 0 0 0.000461755 -0.0228117 0 -0.0131005 0 0 0 0.00119192 0.00287973 -0.0166278 0.0013278 -1.28571e-05 0.00206853 0 -0.00639347 -0.010082 -0.0272807 0 -0.00435116 0.0192327 0 0 0 0 -0.00113647 -0.00619999 -0.0172939 -0.00721539 0.0145482 -0.000637855 -0.00675062 0 -0.00483006 0 0 0 -0.000168292 0 0.000573135 0.0036522 0 0 0.00122383 -0.00514054 -0.0202223 -0.00365018 -0.0147099 0 0.0274708 0 -1.01175e-05 -1.52955e-05 0 0 -0.000149588 0 0.00237278 0 -0.00904657 0.00485357 0.00151024 0 0 -0.0437459 0 0 0 0 0 0 0 0 0 0 -0.000416944 0 0 -0.00154273 0 0.00106513 0.00305075 0 -0.00824435 0 0.00120767 0.000135633 0 0 -0.00396763 0 -0.0186882 -0.0038183 0 0.00374416 0 -0.00196085 0 0 0 0.000825794 0 0 0 0 -0.00086857 0.00179654 0 0 0 0.00292165 0 0 -0.000421786 0 0 0 0 0
-0.046839 0.880095 0 0 0.000570918 0.0477373 -0.0435276 -0.00285039 0.0231697 -0.00803643 -0.00130008 0.0404765 0 0.000417399 0.0130657 0.00216869 -0.0203636 -0.0273925 -0.0509626 0 0 0.000374957 0 -0.0240686 -0.00538723 0 -0.0299788 -0.0310744 0 -0.0312448 0 -0.0370061 0 0.00108301 -0.0394698 7.42096e-05 0 -0.00325282 0 0 -0.023504 0 0.00120643 0.00327572 -0.000415164 0 0 0.000849608 6.7001e-05 0.000187602 0 0 0 0.00437016 0 0 -0.0060579 0 0 0.00790407 0.00030558 0 -0.0382496 0.00733648 0.01274 0 0 0.000496858 0 0.00319007 0.00136159 0.00386578 -0.022344 -0.0126727 8.22724e-06 -0.0118686 0 0 0 -7.25757e-06 0 0 -0.00194671 0 -0.00434856 0 0.000112229 0 0.0039589 0.0383768 0.00762028 1.22054e-05 0 0 0 -0.0288309 0 -0.00171515 0 -0.0140551 0 0 0 0 0 0.000458541 8.38899e-05 -0.0208713 0 0 0 -0.00413638 -0.0173246 0 -0.0262084 0.00166909 -0.0160038 0.0129546 0 0.00634296 -0.00152825 0 -0.0213635 -0.00698725 -0.0143938 -0.00793006 0.0159346 0 0 0 -0.0058186 0 0.000477767 8.19689e-06 0 0 0.00262916 0.000953168 0 -0.000462889 5.36434e-06 -0.0171948 -0.0247303 -0.00942653 0 0 0.0194131 0.00223273 0 0 0.00184075 0 -0.00585677 0 0 0 0.000138112 0.000813692 0 0.000819669 0.00620851 -0.0121051 0 0 0 0 0 0 -0.0121906 0.00014811 0 0.000925846 -0.00351573 0 0.000395584 0 0.00262968 0 0.00156316 0 0 0 0 0 0 0 -0.02473 0 -0.0355931 -0.0171868 -0.00218046 0 0.00345237 -0.0150546 0.00281888 0 0 0 0.00126792 0 0 0 -0.000159895 0.0027453 0.00398973 0.000955452 0.000178092 0 0.000456226 0.00178815 0 0 0.00104867 0 0 0
0 0 0.908463 -0.037632 -0.0327515 0 0 0.000259828 0 -0.0270673 -2.78195e-05 0 -0.00377186 -0.0164812 -0.00564114 -0.00307864 0.000125833 0.0037989 0.000332998 0 -0.0165491 -0.00752905 -0.01384 0.015494 0 0 0 0.00353142 0 0.00283478 0 0.00550165 -0.00785717 -0.0205565 0.00412851 -0.00937896 -0.0072012 0 0.000215744 -0.0289218 0 -0.0148362 0.00809834 -0.0105639 0 -0.000107476 -0.00227148 0 0.0103458 -0.000508592 0 0 -0.00414917 -0.0113693 0 0.00958825 0 0.0216098 0 -0.0114589 0 -0.0273483 0.00989611 -0.0044705 0.0194346 -0.0237435 -0.0158412 -0.0104044 -0.00518641 -0.00468316 -0.00734787 0.0118469 0 0 -0.0335055 0.000471061 -0.0302251 0.00932638 -0.000806271 -0.000132875 -0.00531659 0.0133691 0 0 0 0 -0.0217028 0 -0.0197382 0 0 -0.00629685 -0.0111387 0.00143275 0.0180212 0.00299937 0 0 0 0 0 -0.0250796 8.16148e-05 -0.0193885 0.00388418 0 0 0.00223532 0 -0.0170212 0.0169707 -0.0157968 0.00553882 -0.00968366 0 -0.0217963 0.00894895 0 -0.000415084 -0.0045158 0 -0.0111893 0.00303794 0.00636496 0.000745164 0 0.0124802 0 -0.0197699 0.00106926 0.00128852 -0.0151672 -0.000845028 0.00247542 -0.030588 0 -0.00543931 0 -0.0125177 0 0 0.0181853 0.000483614 0.00321717 -0.0103218 -0.00632076 0 -0.00206881 -0.013787 -0.0160377 -0.00331323 -0.000482772 0.00133288 -0.00987092 -0.000821466 -0.00956066 -0.0275003 -0.00458948 0 0 -0.00519728 0 -0.0103073 0 -0.00143735 -0.112274 0 0 0.00563076 -0.0280474 6.562e-05 -0.00688989 0 -0.0121828 0 -0.000460008 -0.00310768 0 -0.00399193 -0.0172573 -0.0153667 -0.00527546 0.0216321 -0.00271618 -0.0163233 0 0 0.000487738 0.00375877 0.00153473 0.0166903 0.0108694 -0.0159689 0.0060796 -0.00570215 0.00595425 0 0 -0.00846099 0 0 0 0 0.00103171 -0.00406963 -0.0010205 -0.00237071 0.00478585 -0.00932934 -0.00212725 0.00823019 0 -0.0115599 0 0 0
0 0 -0.037632 0.923171 -0.0633471 -0.00145049 -1.65402e-05 0 -0.000268643 -0.0136938 -0.00385008 0 0 -0.00881661 -0.0041873 0 0 0.000620891 0 0 -0.0241725 -0.0184792 -0.0136427 0.0100284 0 -0.000382258 0 0.000279063 0 0.00104833 0 0.00280837 -0.00520524 -0.0199137 0.0027175 -0.00528603 -0.00509291 0 0 -0.0134879 0 -0.000903746 0 -0.00723163 0 -0.000718709 -0.00205578 -9.00769e-05 0 -0.00106077 -0.000498808 0 -0.00272412 -0.0055814 0 0 0 0.011337 0 -0.00959576 0 -0.011978 0.00717617 0 0.0152286 -0.0063811 -0.00482564 -0.0117039 -0.00409912 0 -0.00372686 0.00985187 0 0 -0.0210992 0 -0.0233078 -0.000146813 -0.00157254 -0.000487313 -0.00292978 0 0 -0.000667759 -0.000141996 -0.0023606 -0.0140172 -0.000502537 -0.0102867 0 0 -0.00205971 -0.00823784 0 0 0 0 0 0 -0.0129846 -0.00234977 -0.0282476 0 -0.0175764 0 0 -0.000520907 0 -0.000762323 -0.0227732 0 -0.0140495 0.0095546 -0.0101714 0 -0.00699938 0.00336117 0 -0.00184411 -0.000106714 0 -0.0169479 0.00103498 0.00794472 0.00127913 0 0.00789004 0 -0.0246593 0.0022728 0.00475195 -0.00939912 0 0.00505227 -0.0172491 -0.00135611 -0.00437465 0 -0.00521492 -0.000356054 0 0.0112224 0.000511447 0.00549794 -0.0116527 -0.00543745 0 0 -0.0240051 -0.0288328 0 -0.00232689 0.000394949 -0.00686114 0 -0.00137806 -0.0184103 -0.0016466 -4.77917e-05 0 0 0 -0.0106519 -0.000389096 -0.00465414 -0.0318173 -0.000527274 0 0 -0.0184083 0 -0.00385695 0 -0.00723165 0 0 0 0 -0.00136527 -0.00660533 -0.0280878 -0.00739031 0 -0.00572961 -0.0052753 0 0 0 0 0.000641587 0.0235427 0.0063639 -0.00687998 0.00449995 0 0.00868001 0.00555791 0 -0.00428234 0 0 0.000858823 0 0.000662101 0 0 -0.00039781 0.000910697 -0.00197239 0 0.00954916 0 -0.00270683 0 0 0
0 0.000570918 -0.0327515 -0.0633471 0.910345 -0.00104029 0 -0.00143593 -0.00304541 -0.0215115 -0.0126086 0.00622582 0 -0.00722629 -0.0149925 -0.000436559 0.000383188 0.00352708 0 0 -0.0545686 -0.0208589 -0.0199836 0.00813836 -0.00755656 -0.0027092 0 0.00229647 -0.00371555 0 0 0.00380239 -0.0024089 -0.0339988 0.00917754 -0.0059343 -0.00901098 0.00024242 0 -0.0110165 0 -0.00554433 -0.00245186 -0.0110009 -0.000998187 -0.00223358 -0.0097268 -0.00407926 0.00553214 -0.0049264 -0.00520215 0 -0.013262 -0.00311215 -0.00777345 0 0 0.00389285 0 -0.0210939 -0.00138645 -0.0170555 0.0103964 -0.000125185 0.00642353 -0.0196026 -0.00404786 -0.017603 -0.0036585 -0.000144541 -0.00458042 0.00558149 -0.000963681 0 -0.0143791 0 -0.0191067 -0.00629358 -0.00242712 -0.00799313 -0.0102267 -0.00134327 -0.0011419 -0.00597404 -0.000750722 -0.0122781 -0.0245807 -0.00118688 -0.0116972 0.000827335 0 -0.00498086 -0.0154501 0.00109629 -0.000956839 0 0 -0.000686648 -0.00366604 -0.00122148 -0.0113181 -0.0124497 0 -0.00881598 0 -0.00106916 -0.00568928 0 -0.00714477 -0.0766598 0.00721095 -0.0102215 0.00894713 -0.00442149 0 -0.0132143 0.00931531 0 -0.00691588 -0.00275055 0 -0.0192834 0 0.0148178 0.0115159 -1.74018e-05 0.00912337 0 -0.0308322 0.0133682 0.00803027 -0.0155487 -0.00192598 0.00246138 -0.0212942 -0.00494062 -0.00162951 0 -0.0146509 -0.00453387 -0.000388939 0.0306696 0.00666648 0.0139171 -0.0106425 -0.0206535 -0.00140846 0 -0.00935283 -0.0148738 -0.000542574 -0.00712641 0.000636444 -0.0135994 -0.000161422 -0.00557364 -0.0381738 -0.007944 -0.00413904 0.00388829 -0.00145334 0 -0.0167351 -0.00740748 -0.0315082 -0.0254936 -0.00333889 0 0 -0.0175032 -0.000454812 -0.00727706 0 -0.0098508 0 0.00374429 -0.000241815 -0.00464366 -0.00495545 -0.0114923 -0.0160559 -0.0160315 0.00683811 -0.0179125 -0.00695347 0 -1.11323e-05 0 0 0 0.00587174 0.00827071 -0.00945739 0.00857245 -0.000400144 0.00627257 0.00903554 -0.00376201 -0.00771575 0.00181621 -0.00553746 0.00768428 0.00389942 0.000167865 -0.000349123 0 -0.000952889 0.00308096 -0.00218743 0 0.0267286 0 -0.00410943 0 0 0
0.0244033 0.0477373 0 -0.00145049 -0.00104029 0.763392 0.0117052 0 -0.172529 0.00749428 0.0446786 -0.154944 0.0126436 0 -0.0397399 -0.00618321 0.0139521 0.0197112 0.0154378 0 3.83801e-05 -0.00444685 -0.00291618 0.0196913 0.0132905 0 -0.00601299 0.00677666 -0.0405975 0.0117502 -0.00352782 0.0366287 0 -0.0073996 0.0246267 0 -0.00265325 0.00549426 0.00810576 0.0118518 0.0163257 3.04289e-05 -0.0103756 -0.0138229 0.0279384 -0.0376237 -0.0191186 -0.0223342 -0.0247737 -0.0135233 -0.0117199 -0.00803681 -0.0057291 -0.00443033 -0.00812254 0 0.0132383 -0.00887178 0 -0.00142436 -0.0282617 0 0.0111503 0 0.00162286 0 -0.000662491 0 8.78097e-06 0 -0.00465522 0 0.000258999 0.0100219 0 0.013124 0.00528652 -0.0138788 -0.0100628 0 -0.00648862 -0.00514384 -0.00860221 -0.0126426 0.0187494 -0.0137623 0 -0.00107398 -0.0175628 -0.141368 0 -0.00148943 0.00609217 -0.000192606 -0.0106993 0.00668098 0 0 0.00563069 0.00720122 0.0115212 0 0 -0.000538715 0 -0.0148831 -0.0131286 0.0354015 0.00623924 -6.063e-05 -0.00772412 0.0270512 0.0133756 0 0.0267096 -0.0012362 0.00701006 0 -0.00330913 0 0 0.00387235 0 0.00951911 0.0152308 -0.000348571 0 0.00791888 0.00348466 0.0013928 0.0192931 0.00499962 -0.0097731 0.0001324 0.0122489 0 0 0 -0.0102575 0.034822 -0.00038972 0.0204224 0.0188662 0.0170653 0 -0.00140602 -0.0385596 0 0 -0.00327874 0 -0.00404292 0.0167323 0.00664391 0 -0.00999843 -0.0007792 -0.00654518 -0.00524815 0.00501712 -0.00145065 0.00532415 -0.0011625 -0.00283552 0.0047448 0 0.00254721 -0.00235358 1.85351e-05 0 0 -0.00661702 0.0114042 0.0223421 -0.0131438 0.0152457 0 -0.011313 -0.0158451 0 -0.000984807 -0.00498363 -0.00829708 -0.00370857 0 -0.00814796 0.0344083 -0.000143141 0 0 0 0.000450505 -0.00551564 0.00178132 0 0 0.00244331 -0.00739722 -0.0106034 0.00176211 0 0.00322199 0.00786359 0 0 0 0 0 0 0 0.00862258 5.44672e-05 0 0.00884965 0 0
-0.0539084 -0.0435276 0 -1.65402e-05 0 0.0117052 0.915499 0.000453622 0.00727183 0 0.000473225 0.0195264 -0.000370716 0 0.0038831 0 -0.0501461 -0.00798023 -0.0386134 0 0 0 0 0 -0.0164451 0 0 -0.00385676 0.000659752 -0.00581258 0.00109753 -0.0108451 0 0.00457579 -0.000491077 0 -0.0095389 -0.000384985 0 0 -0.0107655 0 0.0110431 0.00201838 0 -1.46156e-05 0.0018305 0.00265775 0.00396189 0.00277884 0.00336262 0 0 0 0.00681501 0 -0.0301014 0.00825977 0 0 0.00432896 -0.0063444 -0.00216894 0 0.0133655 0 0 0 0 0 0 0.00590758 0 -0.00422572 -0.00864812 0 0 0.00346371 -1.93698e-05 3.37655e-05 2.99347e-05 0.011037 0.000729107 0.00211573 0 0.00109059 0 -1.39254e-05 0 0.0196187 0.000389466 0 0 0.00273319 0.00610345 -0.0145328 0 0 0.00206134 -0.0190613 0.000191133 -0.00738415 0 0 0 0.00943087 0.0033558 -0.0183265 0.00196886 0 0.0140915 0 -0.00196106 0 -0.020171 0 0 0.00167708 0 0 0 0 0 -0.000385173 -0.00174378 0 0.0128405 -0.00458731 -0.0115945 0 -0.00617752 0 0 0 -0.00113596 0 0 0 0 0 0.00107265 0 -0.0139667 -0.00362084 -0.00205027 0 0.00845099 0 0 -1.65996e-05 0 0.000639774 0 0 0 0 0 0.000403936 0.00149125 -0.00111085 0 -0.0142177 0 0.00107047 0.000131679 0 0 0.000500267 0 0 0 0 0 -0.00078962 0 -0.00194419 0 0.00255143 0.00108824 0 -0.000401005 0 0.00949342 0 0 0 -0.00560846 0 0 0 0.00360173 0.00159195 0 0 0 1.17546e-05 0 0.00256972 0 0 0 0 -0.00194527 0 0 0 0 0.00445887 0 0 -0.000847312 0 0 0 0 0
0 -0.00285039 0.000259828 0 -0.00143593 0 0.000453622 0.718814 0.000639854 0 -0.0108659 0.0445198 -0.000361312 0 -0.00103959 0.000263328 0 -0.00316832 0 0 -0.00187986 0 -0.000464414 0.0646808 0 -0.000114927 0 0 0 -0.00335805 -0.000958862 -0.0022031 0.000300522 -0.0020546 0 0 0 0 0.00783243 0 0 -0.00186294 -0.00651191 -0.00720632 -0.00648996 0 -0.00564051 -0.00450529 -0.00647351 0.00196226 -0.0154912 -1.24735e-06 -0.00441367 0.00149859 -0.00766393 -0.000600314 -0.0288947 -0.0244054 -0.000897128 0 0 0.0141969 0 0.000587477 0 -0.00054149 0 0.000247534 0 0.000241015 0 0 -0.00366425 -0.00291915 0 -0.00391906 -0.000664782 -0.0104851 -0.000766242 -0.0030541 -0.00727032 -0.0381432 -0.017109 -0.00469562 -0.00300326 -0.00461735 0 -0.00247987 0 0 0 0 -0.00313063 -0.00909576 -0.0163432 -0.00447949 0 -0.000703745 -0.0177824 0 -0.00843509 0.00180056 0 0 -0.00170435 -0.00178571 -0.0074352 -0.00783188 -0.00483719 0 -0.0160681 -0.00308064 0 0 0 0.0125131 0 0 -0.000798352 0 0 -0.0106099 -0.0119317 0 0.00192011 -0.0024673 0.00122419 0 -0.000611215 0.000625596 -0.000744328 -0.00360867 0 0 0 -0.00134592 0.000600592 0 -0.00168935 -0.00296147 0 -0.00349407 0.000551834 0.00218983 0.00483022 -0.000222 0 9.94282e-05 0 0 0 -0.0161196 -0.0114923 -0.000219238 0 -0.00456064 0 0 -0.0053807 0.00504871 0 0 0 -0.00751063 -0.00269965 0 -0.00434025 -0.00719977 -0.00699901 0 -0.00498907 0 0 0 0 0.00334811 0.000193743 -0.00638157 0 0 0.00939659 0 -0.0161101 -0.00297213 0 -0.00164769 0 -0.00736373 -0.0019938 -0.00775342 -0.00875203 0 0 0 5.84205e-05 0 0.0035822 -0.00648842 0 0.000496875 -0.00408872 0.00248402 -0.000424441 0 0 -1.02483e-06 0 0 0.000817246 0 0.00409613 0 0.00118395 0 0 0
0.0118304 0.0231697 0 -0.000268643 -0.00304541 -0.172529 0.00727183 0.000639854 0.818639 0.00348254 0.0260144 -0.129516 0.00744576 -0.00258424 -0.0190916 -0.00735668 0.00442843 0.00901729 0.00155052 0 3.90645e-05 -0.00127346 -0.000259994 0.00671374 0.00420686 0 -0.0145018 0 -0.0437348 0.00432588 0 0.00903619 0 -0.00149155 0.0104768 0 -0.0018935 0.000135281 0.00110958 0.0021271 0.000972749 3.12124e-05 -0.012921 -0.00979957 0.0173748 -0.0292095 -0.00551194 -0.0145006 -0.0150491 -0.0119722 -0.00106129 -0.00350818 -0.00277677 -0.00743475 0.00271541 0 0.0210265 -0.00947998 0 -0.00118593 -0.0184833 0 0.00352024 0 0.00398039 0 0 0 0 0 -0.0011553 0 -0.000972757 0.0109798 0 0.00354636 0.00078204 -0.00657321 -0.0303809 5.13466e-05 -0.00439437 -0.00132387 -0.0022527 -0.00542788 3.49947e-05 -0.00267778 0 -0.0012578 -0.0101004 -0.11748 0 -0.000560973 0 0.000236489 -0.00822892 0 0 0 0.00989192 0.00288459 -0.00449435 1.1324e-05 0 -0.00170444 0 -0.00895688 -0.0151952 0.0102474 0.0134358 -6.68971e-05 0.00268289 0.027274 0.00743587 0 0.007817 -0.000647293 0.00381686 0 -0.00480026 0 0 0.00177713 -4.73588e-05 0.0104865 0.0113806 -0.00145292 0.000143806 0.00231418 0 0.00143922 0.0149959 -0.00242167 -0.0134596 0.000716543 0.00295796 4.92272e-05 0 0 -0.00328845 0.0333915 0 0.0148291 0.0180446 0.0146031 0 -0.000962975 -0.0244144 0 -0.000164032 -0.000585133 0 -0.00228258 0.00737972 0 0 -0.00285968 -0.00212418 -0.00248316 -0.0017747 0.00446297 -0.0011337 0.00288515 -0.000873478 -0.00165707 0.0104304 0 0.00543233 -0.00141553 0 0 0 -0.00717569 0.00600728 0.0132141 -0.0211424 0.0041537 0 -0.0123335 -0.0071762 0 0 -0.00168504 -0.00625067 -0.00226918 0 -0.00270543 0.0216865 -0.00084968 0 0 0 0.000611687 -0.00276789 0 0 0 0.000783389 -0.00758107 -0.00372301 0.000464308 0 0.00275347 0.00560295 4.0532e-05 0 0 0 0 0 0 0.00616645 0 0 0.00841938 0 0
-0.0191665 -0.00803643 -0.0270673 -0.0136938 -0.0215115 0.00749428 0 0 0.00348254 0.874612 -0.00207813 0.00395774 0 -0.00749463 0 0 0 -0.0132712 0 -0.00345795 -0.000436359 -0.00224278 -0.0237129 0.000147632 0 0 -0.0110275 0 0.0061853 -0.000350216 0 0 -0.000642119 -0.00469867 -0.00553103 -0.00155822 -0.00287961 0 0 -0.00172095 -0.00166001 -0.00701827 0 -0.00315975 0 0 -0.00117559 0 0.00380816 0 0 0 -0.000260971 -0.000340261 0 0 0 0.00234081 0 -0.000872559 0 -0.0170682 0 0 0.0218238 -0.00270686 -0.00692445 -0.00939284 -0.00234998 0 0 0.0242123 0 0 -0.00452939 0 -0.00755058 0 -0.000875665 -0.000161242 -0.0024714 0 0 0 0 0 -0.00119105 0 -0.00636854 0.007459 0 -0.00637737 -0.00363176 0 0 0 0 0 0 0 -0.00101918 -0.0119456 0 0 0 0.00563401 0 0 0 -0.027196 0 -0.00167772 0 -0.0108433 -0.0118871 -0.00142583 0 0.000606188 -0.000433903 0 0 -0.0158879 0 0 -1.92985e-05 0 0.0178234 0 -0.0230775 0 0 -0.0035116 0 0.000538481 -0.0171504 -0.000106047 0 0.000128779 -0.00217243 -0.00116876 -0.010127 0 -0.0110386 0 -0.0123456 0 0 0 -0.0159641 -0.00850826 0 0 0 -0.00693003 0 -0.00184857 -0.0191366 -5.85742e-05 0 0 0 0 -0.00189779 0 -0.00225519 -0.0141155 0 0 0 -0.00294964 0 -0.000657286 0 -0.000963116 0 0 0 0 0 -0.00663073 -0.0120043 -0.0133873 0 0 -0.00319274 0.000353388 0 0 -1.01595e-05 0 0 0.0144678 0 0 0 0.00794024 0 0 -0.000541934 0 0 0 0 0.00470193 0 0 0 0.00346158 0 0 0 0 0 0 0 0
0 -0.00130008 -2.78195e-05 -0.00385008 -0.0126086 0.0446786 0.000473225 -0.0108659 0.0260144 -0.00207813 0.792764 0.032762 -0.00662296 0 -0.00528329 -0.00159307 0.000991103 -0.00161354 0 0 -0.0195396 -0.0108141 -0.00339346 0 0 -0.00227827 -0.00299868 0 -0.00908653 -0.013324 -0.00219381 -0.00467472 0 -0.018265 0 0 -0.00521724 0 0.00198875 0 -0.00068787 -0.0175432 -0.0160603 -0.0218258 -0.00860016 -0.00443369 -0.0254605 -0.0161274 -0.0135632 -0.0148971 -0.0223989 -0.000142672 -0.0284765 0.00163164 -0.0302352 -0.00964208 0.00139571 -0.0295838 -0.00554452 0 -0.00590184 0 -0.00787966 0 0.0023304 -0.0128571 -0.00181112 0 0 0 0 0.00139462 -0.027558 -0.0100994 0 -0.00387836 -0.013196 -0.0296742 -0.0124342 -0.0253802 -0.0180924 -0.0225777 -0.0136419 -0.0170738 -0.00800326 -0.0419022 -0.000874791 -0.00490135 -0.00379937 0.0183537 3.04524e-05 -0.00251641 -0.0183256 -0.02341 -0.0379111 -0.0095566 0 -0.0042991 -0.0302531 -0.00168155 -0.0333112 0 0 -0.0129659 -0.0217129 -0.00902946 -0.0655501 -0.0167052 -0.019881 -0.00411474 -0.0162248 -0.0330065 0 -0.00217294 0.00026382 -0.00237906 0 0 -0.0110797 0 -0.0107317 -0.0156883 -0.0321856 0.00525147 0.0202319 -0.0134755 0.00595133 0.0012856 -0.0105854 0.00976933 0.0170529 -0.0328463 0 0.00457582 0 -0.0139191 0.000757848 0.00400109 -0.0199745 -0.0164319 -0.00630798 0 0.00963417 0.014706 0 -0.00498578 -0.00381475 0.000674898 -0.00254503 -0.00784073 0 -0.0127816 0 -0.011157 -0.010841 -0.0133444 -0.00841253 -0.0235178 -0.0260823 0.0185231 0.000439404 8.14714e-05 -0.00418134 -0.0188063 -0.032107 -0.000763323 -0.0226643 -0.0185057 -0.00251332 0 -0.0132365 0 -0.00230608 -0.00834465 0 0.0199357 4.78897e-05 -0.0172184 -0.00166931 -0.00366091 0 -0.00710997 -0.017274 -0.0406268 -0.00132206 0 0 -0.0125335 -0.0055162 -0.00694429 -0.0102239 0.000915369 -0.000898058 0 0.000417751 0.00173958 0.0051631 -0.0199199 0 0.0207082 -0.00975158 0.0260851 0.0202345 0 0 0.00183225 0 0.0127499 0 0 0.0150977 0.00295396 0 0.000453471 0 0
0.0314003 0.0404765 0 0 0.00622582 -0.154944 0.0195264 0.0445198 -0.129516 0.00395774 0.032762 0.83265 0.0333818 0 -0.0192807 -0.00711806 0.0089952 0.0252583 0.0166527 0 0.0261673 0 0 0.00317747 0.00655706 0 0 0.00472512 -0.0202756 0.0206162 -0.000218709 0.0282372 0 -0.00501927 0.00603097 0.00835469 -0.000623694 0.0032076 0.000964698 0.0175016 0.00368276 0.0284743 -0.0202411 -0.00816213 3.83401e-05 -0.0389913 -0.00519816 -0.0223575 -0.0270959 -0.00711165 -0.0083961 -0.00900534 -0.00130506 0 -0.0140209 0 0.0291625 -0.011379 0 0 -0.0330478 0 0.00434076 0.00274239 0 0.0207434 0 0.0126169 0.00993615 0.00512098 0 0 0 0.0129148 0 0.0122471 3.87834e-05 -0.00544788 -0.00580986 4.92384e-05 -0.00901419 -0.00467468 -0.00142979 -0.0049192 0.0154342 -0.000682542 0 -0.000223479 -0.00323506 -0.14326 0 0 4.15815e-05 -0.00642972 -0.00740566 0 0 0 -0.00132134 0.0112321 0.000725982 0.00120084 0 0 0 -0.0283792 -0.0129656 0.0246729 -0.00249291 0 -0.00314563 0.038783 0.00190106 0 0.0148039 -0.000238251 0.0021521 0 -0.00106569 0 0 -0.0016896 0 0.00821693 0.0122691 0 -3.05141e-05 0.00349283 0.0135087 0.00174436 0.00954549 0 0 0 0.0267348 4.73253e-05 0 0 -0.00315095 0.0301996 -0.000342717 0.00703751 0.0111294 0.00861374 0 0 -0.0389221 0 0 0 0 0.00314967 0.00637024 4.08289e-05 0 -0.00190838 0 -0.00334916 -0.00449648 0.00359109 0 0.0155177 0 0.00727284 0.0124927 0.00449063 -0.00116892 -0.000983489 0.011498 0.00300475 0 -0.00111925 0.00116698 0.0209215 -0.0045167 0.00458739 0 -0.0118504 -0.00257723 0 0 -0.00191768 -0.00612859 -0.003749 0 -0.000433964 0.0199214 0 0 0 -0.00185674 0 -0.00050814 0 0 0 -5.2902e-06 -0.00642306 -0.00028684 0.000535848 0.00726518 0.00276254 0.00587226 0 0 0.00057291 0 0 0 0 0.00666043 0.00155203 0 0.00348595 0 0
0 0 -0.00377186 0 0 0.0126436 -0.000370716 -0.000361312 0.00744576 0 -0.00662296 0.0333818 0.712614 -0.0149855 0.0703671 0.00318274 0 0.00440498 0 0.0108351 -0.0159159 0 0 0 0 0 0.00538405 0.00708877 0.0138288 0.0138557 0 0.0305776 -0.00610249 -0.00964417 0.0227286 -0.00260291 0.00048961 0.0642914 0 -0.00486923 0.00288374 0 0.00660895 -0.00848291 0.00275851 0.00582196 -0.00152198 0.010777 0.00947399 -0.0129131 0.00705818 0.0174961 0.00397397 -0.00251176 -0.00334131 0.00437139 -0.000807188 0.00483137 0.00427241 -0.0126156 0.00662913 -0.00102592 0.00969464 0 0 -0.0227964 0 -0.00379503 0 0 -0.00422508 0.00529274 0.00484964 0.022964 -0.000292981 0.00439945 0 0.00795676 0.00410131 -0.00226172 0 0.00750621 -0.000754798 0.00316878 0.00274483 0.00766781 -5.30314e-05 0.00137378 0 0.022541 0 -0.00968124 0 0.00902267 0.0210738 0.0107887 0 0.00190615 0.00393365 0.000256518 0.00534157 -0.00724144 0 0.000624776 0.0061147 0.013774 0.0163726 0.000701388 -0.00223476 0 0.0177919 -0.0262794 0 0 0 -0.01922 0.00216012 -0.00619843 0.00116693 -0.00158906 0.00358909 -0.00263463 0.00666675 -0.00814373 -0.000756451 0.00466621 0 0 0 -0.000197847 -0.0131124 -0.0058635 0 0 -0.00943476 0.000747266 -0.00354976 0 0.00112385 0 -0.00989316 0.00563488 -0.00144426 -0.0076465 0 0 0.0305872 -0.000600572 0 0 -0.000484402 0.00161789 0.0154285 0 -0.0426095 0 0 0 0.00922787 -0.0046236 0 -0.000880365 0 0.00215053 0.00181155 -0.00146878 0.00279292 0.000391686 0.0143857 -0.00508881 0.000499665 0 0.0014994 -0.0155486 0.0112682 -0.00405431 -0.00011075 0.00487596 0 0 -2.37292e-05 0 0.00662018 0.00232983 0 0.00284267 0 0.00800827 0.00700328 0.0216645 0.00856171 0.00258586 0 0.0122956 -0.000544812 0 0 0.0204891 0 0 -0.00731664 -0.00198083 -0.0056455 0 -0.000606827 -0.00100088 -0.00157578 0 -0.0108631 -0.000230125 -0.00409875 -0.000475592 -0.00256765 -0.00253502 0 0
0.00660509 0.000417399 -0.0164812 -0.00881661 -0.00722629 0 0 0 -0.00258424 -0.00749463 0 0 -0.0149855 0.808565 -0.0502285 -0.0238968 0 0.0109839 0.00255907 -0.0146206 -0.0461993 -0.0276372 -0.000447328 0.00525328 0 0 -1.19891e-05 0.00233322 0.00452618 -0.00994882 -0.00743217 0.00797113 -0.00492357 -0.00590555 0.00633265 -0.0233153 0.0169285 2.0953e-06 3.38019e-05 -0.00938385 0.00291594 -0.0343152 0.00190125 -0.00368459 0.0184368 0.00549818 -0.00961953 0.0203793 0 0 0.00324554 0 0 -0.0986236 0 0.0159554 0 0.00170186 0 -0.0166991 0 -0.00295015 0.00689754 -0.00505094 0.00605467 -0.014781 -0.000184145 -0.00559482 0 -0.00416441 -0.0271657 0.0131133 0 0.0109934 0.00278092 0.00218927 -0.00201562 0.00170429 -0.00308874 0.0136564 -0.0123319 0.00273512 0 0 0.0190532 0 -0.00377085 0 -0.00997086 0 0 -0.0526196 -0.000389031 0.00923305 0.00816751 0.00170793 0 0.00221289 0.000451842 0 0.00102925 -0.00715581 0 0 0.00873025 0.0090022 0.00288526 0.00352535 0 -0.00629796 0.0110368 -0.00594819 0.0033568 0 0 -0.0239558 0.0220637 -2.99126e-05 0.0250894 -0.00796036 0 0 0.00652735 0.00185667 0.00734647 0.00257817 0.00557025 0 -0.00947145 0 0.00237538 0 -0.00189784 0.00055472 -0.00836169 0 -0.0317189 3.63836e-05 -0.00118171 0.0240004 -0.0206975 0.0149798 0.00342835 0.00238103 -0.000436331 3.40428e-06 0 -0.00426285 -0.000301356 -0.000314743 -0.00561489 0.000768905 0.000492988 1.02176e-05 -0.0445126 -0.00525775 -0.00237225 -0.0160858 6.5684e-05 -0.00046407 -0.0290164 0 -0.00628922 0 0 -0.0124933 0 0 0.00420735 -0.010597 0 -0.00132039 0 -0.00869394 0 -0.000169832 -0.00632867 0.00143636 -0.0495158 -0.000263806 -0.000688585 -0.0045815 0.00341536 0 -0.00710125 0.0211532 0 0.0179418 0.00531549 0.00633571 0.00691148 0.00640136 -0.00270064 0.00758159 -0.00341861 0.00344072 0.00796767 0.00256361 -0.00373113 0 0 0 0 0.00075751 -0.00244524 -0.00433461 -0.00294127 0 -0.0157276 -0.000494335 0.00248195 -0.00125777 -0.0163601 0 0 0
0.00682271 0.0130657 -0.00564114 -0.0041873 -0.0149925 -0.0397399 0.0038831 -0.00103959 -0.0190916 0 -0.00528329 -0.0192807 0.0703671 -0.0502285 0.74936 -0.0316411 0.00614897 0.0137525 0.0207118 -0.00882507 -0.0065236 -0.00718104 -0.00275372 0.0032913 0.000954995 0 0 0.00138518 0.00448804 0 -0.0216926 0.00955708 0 -0.0151126 0.00745132 0 0 0.0471469 0.0029627 -0.00246436 0.00363111 -0.00506929 -0.00511888 -0.00959667 0 -0.00115587 -0.00944925 -0.00506768 -0.0133093 -0.00609913 -0.00207155 0 -0.00509913 -0.0295668 -0.00534462 0.0190455 0.00220169 -0.004485 -0.000401807 -0.00339143 -0.00237043 -0.00221382 0.0262741 -0.000294923 0.00158688 -0.00342039 -0.00121567 0 0 -0.000289037 -0.00434251 0.00184341 -0.0048627 0.0303888 -0.00148472 0.00376153 -0.00168367 0.00188544 -0.0031236 5.19194e-05 -0.00871343 -0.0052762 -0.00174493 -0.00599891 0 -0.00428436 -0.00059591 -0.00347771 -0.00524283 -0.0357012 0 -0.0223486 -0.00475694 -0.00442694 -0.00902251 0 0 0 -0.00502727 7.59354e-05 -0.00415573 0 0 -0.00159881 0 -0.00133666 -0.00883234 0.00296981 -0.0109354 -0.00690374 -0.000287151 0 0.00585638 -0.000330184 0.00213743 -0.00487803 0.0204344 0 -0.000602191 -0.00478612 0 -0.00408643 0 0.0118272 0.0106095 -0.00117161 0 0.000925497 -0.00205313 0.00189166 0.0225216 -0.00259393 -0.00433678 0 0 0.000983416 -0.00133231 0 -0.0146538 0.0174952 -0.0050894 0.0149236 0.0131224 0.00765264 0 0 -0.0200424 0 -0.00123256 -0.00595025 -0.00152245 -0.00384263 0 -0.000429311 -0.000391274 -0.0034266 -0.00347058 -0.00938153 -0.00331051 0.00840188 -0.0471384 0.00292995 -0.00400281 -0.00198264 -0.00330928 -0.00693407 -0.00259879 -1.12744e-05 0 -0.00653681 0 -0.00324227 0.00163743 0 0 0.0033829 -0.000456532 -0.00439081 -0.0147884 -0.00101795 -1.89331e-05 -0.0105303 -0.00449716 -0.00255285 -5.0374e-05 0 0.000440982 0 0 0 -0.000102468 0.00255833 -0.00466846 0.00758161 -0.00117749 0.000134918 0.00611684 -0.005055 -0.000753238 0.00112246 0 0.00312773 0.00730306 0 0 0 0 0 -9.57967e-05 0 0.00882646 0 -0.00216645 0 0 0
0.000394168 0.00216869 -0.00307864 0 -0.000436559 -0.00618321 0 0.000263328 -0.00735668 0 -0.00159307 -0.00711806 0.00318274 -0.0238968 -0.0316411 0.781796 0 0.0254523 0 -0.0576501 0 0 0 0.000336633 -0.0070669 0 0 0 -0.0499862 0 0 0.00722844 0 0 0 0 0 0 0.000249265 0 0 0 0 -0.00207269 0.0205545 -0.0280296 -0.00637764 0 0 0 0 -0.000382018 8.42199e-06 -0.00386771 0 0 0.0124734 0.00449551 0 -0.000231367 0 0 0 0 0.000107838 0 0 0 0 0 0 0 0 0 0 0 0 0 -0.000105033 0.0128066 -0.00832102 0.00983728 0 0 0 0 0 0 0 -0.00645983 0 -0.00020966 0 0 0 0 0 0 0 0.000558092 0 -0.000715929 0 0 0 0 0 0 0 -0.000162496 0 0 0.0105534 0 0 -0.00420288 0.0218247 0 0 0 0 0 0.00200344 0.00243011 0.00696207 0 0.000165188 0 0 0 0.00552519 0 0 0 0 0 0 0 -0.00181317 0.0028495 0 0.0127297 0.00235523 0.00710953 -1.31259e-05 0 -0.000987208 0 0 0 0 0 0 0 0 -0.00156987 -0.000781485 -0.0209831 0 0 0 0 -0.00056985 0 0 -0.00156591 0 0 0 0 0 0 0 0 0 0 0 0 -0.00980634 -0.00137634 0 0 0.00535698 0 0 0 0 0 0 0 0.00562073 0 0 0 0 0 0 0 -1.4357e-05 0 0 0 0 0 0 0 0 0 -0.000161906 0 0.000761076 0 -0.00097827 0 0 0
-0.0467456 -0.0203636 0.000125833 0 0.000383188 0.0139521 -0.0501461 0 0.00442843 0 0.000991103 0.0089952 0 0 0.00614897 0 0.903998 -0.0138363 -0.0228938 0 0 0.000948677 0 0 -0.0257555 0.000657473 -0.0363276 -0.0130088 0.000892599 -0.0249254 0 -0.026107 0.000357685 0.00381144 -0.00909968 0 0 0 0 0.000327245 -0.0140683 0 0.00382502 0.00793728 0 0.000823305 0 0.00530394 0.0017699 0.000975423 0.00134894 0 0 0 0.00735914 0 -0.000740798 0.000684798 0 0.00113016 0.000843244 0 -0.0157734 0.00245968 1.64615e-05 0 0 0 0 0.000342998 0.00107635 1.41378e-05 -0.0190204 -0.00268535 0 -0.00700567 0 0.00676608 0 0 0.000331828 0.00176998 0 0.00391439 0 0 0.000344137 0.00067034 0.000826236 0.0135637 0 0 0 0.000464494 3.782e-05 -0.0218038 0 0 2.26626e-05 -0.00174143 0 0 0 0.000813433 0 0 0.00149976 -0.0245425 0.000663012 0 0.000866564 0.000129552 -0.0151169 0 -0.0233657 0.00476949 -0.00428704 0.00435686 0 0 0 0 -0.0167735 -0.0129326 -0.0170627 -0.00185502 0.00760745 -0.00154485 0 0 -0.0228557 0.000128442 0 0 0 0 0.00369043 0 0.00097772 0 0 -0.00774982 -0.0204105 -0.0070745 0 0 0.0170126 0 0 6.57746e-05 0 0.00204031 -0.000137439 0.0018082 0.000228345 0 0 0.000775469 0.00191771 0 0 -0.0219399 0 0 0.000205067 0.000241052 0 0.000556936 -0.00487159 0 0 0 -0.00166976 0 0 -0.000871861 0.00105646 6.10084e-05 0 0 -4.40219e-06 0 0 0.000127617 0 0 -0.00211985 0 -0.011563 -0.00812985 0 0 0.00146646 -0.0033171 0 0.00434089 0 2.00093e-05 3.79273e-05 0 0 0 -0.00266977 0 0 0 0 0 0.000621346 0 -0.000573124 0 0.000692288 0 0 0
-0.010708 -0.0273925 0.0037989 0.000620891 0.00352708 0.0197112 -0.00798023 -0.00316832 0.00901729 -0.0132712 -0.00161354 0.0252583 0.00440498 0.0109839 0.0137525 0.0254523 -0.0138363 0.838621 -0.00524592 0.000126815 0 0.00709774 0 -0.00948281 0 0.00855591 -0.00638253 -0.0339878 0.0107076 -0.064903 0 -0.0406158 0.000571523 0.0077243 -0.0184939 0.000989331 0 -0.00169201 -0.0113999 0.00460538 -0.0111359 0 0 0.0042286 -0.0105569 0.00274088 0 0 0 0 0 0 0 0.0121709 0 -0.00998111 -0.0445768 -0.00377841 -0.0169619 0.0173311 0.000161443 0 -0.0331077 0.0103044 0.0182691 0 0 0.00167706 0 0.0062582 0.0080157 1.54831e-05 -0.00257277 -0.0203116 0.000401117 -0.0167152 0 -0.00154903 0 -0.000434529 0 -0.00941766 -0.00103313 0 -0.0101445 0 0.00215616 0 0.00508104 0.0188807 0.00479736 0.000351986 0 -0.00185142 -0.00161823 -0.0188684 0 -0.00032641 -0.00516585 -0.0132493 -0.00487328 0 0.000204065 0.000247262 -0.00351334 0 -0.000268909 -0.0477987 0 0 -0.00300332 0 -0.0215989 0 -0.02128 0.00868938 -0.0139723 0.0156684 0 0.00725161 0 0 -0.0409454 -0.031073 -0.0102485 -0.0167244 0.0280433 0 0 0 -0.0168709 0 0.00150596 0 0 0 0.0171478 0 0.000952939 -0.000419585 0 -0.0423033 -0.0315181 -0.011305 0.0003873 0 0.0184989 0.00510214 0 8.65991e-05 0.0126625 0 -0.0140789 0 0.00206192 0 0.000276766 0.00590719 0 0.00171898 0.00669119 -6.52442e-05 0.0023059 -0.000326957 0 0.00130014 -0.000594142 0 -0.00350956 0.000477163 -5.59647e-05 0 -0.00509328 0 0 0 0.00926885 0 0.00982086 0 0.000541979 0 -0.00342568 0 0 -0.00183324 -0.0068769 -0.00308333 -0.0443385 -0.0127044 -0.0213223 0 0.00824061 -0.0275615 0.00455266 0.00707378 0 0 0.00503505 0 0 0 0 0 0.00486896 0.00507588 0.00758719 0 0.0124084 0.00351254 0 0 0.00594423 0 0 0
-0.0271811 -0.0509626 0.000332998 0 0 0.0154378 -0.0386134 0 0.00155052 0 0 0.0166527 0 0.00255907 0.0207118 0 -0.0228938 -0.00524592 0.91015 0 0 0.000126842 0 0 -0.0181235 0 -0.00543764 -0.0247548 0 -0.0186866 0.00449432 -0.0382677 0 0.000592076 -0.0170369 0 -0.00240089 -0.0099127 0 0 -0.00393146 0 0 0.00230748 0 0 0.000423946 0 0 0 0 0 0 0.00452597 0 0 -0.0110838 0 0 0.000885551 0 0 -0.00833122 0.000567647 0 0 0 0 0 0.000251764 0 0 -9.54984e-05 -0.0202833 0 -0.00965692 0 0 -0.00855329 0 0 0 0 0 -0.00147118 0 0 0 0 0.0151567 3.61842e-05 0.011608 0 0 0 -0.0185045 0 -0.00393617 0 -0.00220115 0 0 0 0 0 0 0 -0.0107047 0 0 0 0 -0.0202622 0 -0.0225528 0.000810855 -0.00336484 0.0062649 0 0.00190315 0 0 -0.00503477 0 -0.0041591 -0.00476585 0 -0.00287879 0 0 -0.000691514 0 0 0 0 0 0.00186974 0 0 0 0.00465357 -0.00412908 -0.00669596 0 0 0 0.00757029 0.00124788 0 0 0.000515944 0 -0.00546088 0 0.00362257 0 0 0 0 0 0.00872446 -0.00907709 0 0 0 2.82367e-05 0 0 -0.00146687 0.00019275 0 1.37296e-06 -0.00107523 0 0 0 0 0 0 0 0 0 0 0 0 0 -0.00100983 0 -0.0195821 -0.0111979 0 0 0 -0.00164788 0.00116925 0 0 0 0 0 0 0 0 0 0.00148183 0 0 0 0 0.000268468 0 0 0.000124701 0 0 0
0 0 0 0 0 0 0 0 0 -0.00345795 0 0 0.0108351 -0.0146206 -0.00882507 -0.0576501 0 0.000126815 0 0.85219 0 0 0 0.000272626 -0.00627205 0 0 0 0 0 0 0.0101918 0 0 0 0 0 0 0 0 0 0 0 0 0 0 0 0 0 0 0 0 0 -0.000532211 0 0 0.00475869 0 0 0 0 0 0 0 0 0 0 0 0 0 0 0 0 0 0 0 0 0 0 0 -0.00162596 0 0 0 0 0 0 0 0 -3.58716e-05 0 0 0 0 0 0 0 0 0 0 0 0 0 0 0 0 0 0 0 0 0 0 0 0 0 0 2.50839e-05 0 0 0 0 0 0 0 0.000579617 0 0 0 0 0 0 0 0 0 0 0 0 0 0 0 0 0 0 0.000801081 0 0 0 0 0 0 0 0 0 0 0 -0.0018459 0 0 0 0 0 0 0 0 0 0 0 0 0 0 0 0 0 0 0 0 0 0 0 0 0 0 0 0 0 0 0 0 0 0 0 0 0 0 0 0 0 0 0 0 -5.14672e-05 0 0 0 0 0 0 0 0 0 0.00028095 0 0 0 0 0
0 0 -0.0165491 -0.0241725 -0.0545686 3.83801e-05 0 -0.00187986 3.90645e-05 -0.000436359 -0.0195396 0.0261673 -0.0159159 -0.0461993 -0.0065236 0 0 0 0 0 0.879138 -0.0408286 -0.00300516 0.00521873 0 -0.00249958 0 0.00109922 0.0112857 0 -0.000381316 0.00270175 -0.00196815 -0.0229653 0.00439992 -0.00748739 -0.000346678 0 0 -0.0154886 0 -0.00920313 -0.00090806 -0.0104172 -0.000711025 0 -0.00396173 -0.00159612 -0.00115508 -0.00234869 -0.00251681 0.00998841 -0.00935101 -0.0237739 -0.00416348 0 0 -0.000488801 -0.00204629 -0.0165422 0 -0.00973418 0.00620966 -0.00789777 0.00235651 -0.00714736 0 -0.00847114 -0.000818353 -0.00691743 -0.01797 0.00286781 0 0 -0.00128724 0 -0.0180667 -0.00376918 2.07045e-05 -0.00201505 -0.0109816 -0.00293229 -0.00243183 -0.00822253 0 -0.00366616 -0.0043726 -0.000478188 -0.00545895 0.0204007 -0.00147254 -0.0127327 -0.00290644 -0.00190066 -0.00110951 0 0 0 -0.00650365 0 -0.00433859 -0.0019134 0 -0.00126544 0 0 -0.00270694 -0.00161554 -0.00582407 -0.0250215 -0.000405161 -0.00882935 0.00216809 0 0 -0.00447567 0.00306885 0 0 -0.0116736 0 -0.0125001 0 0.0031094 0.00139971 0 0.00269852 0 -0.0228711 0.00161982 0.00498798 -0.00484134 0 0.00189083 -0.00558288 -0.00221751 -0.00955414 0.000802934 -0.00488935 9.21141e-06 -0.00138923 0.00597365 0.0028167 0.00902601 -0.00316303 -0.00150685 0 -0.00101923 -0.00240264 -0.00594467 -0.00156806 -0.00410747 0 -0.00322896 -0.00236222 -0.00293384 -0.0109621 -0.00832756 -0.00716807 0.00291075 -0.00119455 0 -0.0124629 -0.0020071 -0.0203266 -0.0132377 -0.022751 -0.000149392 0 -0.00787636 0 -0.0223633 0 -0.0113951 0 0.00223201 -0.00194871 -0.00317463 -0.0134259 -0.00531221 -0.00135504 -0.00174601 -0.000943264 -0.020616 -0.00336206 0 0 0 0 0 0 0.00114723 -0.0061025 0.00388747 -0.00373187 0.00168262 0.0129275 -0.00234602 -0.0043486 0.000694421 -0.00619908 0.00226683 0.00301646 0.000614861 -0.0012626 0 -0.00446663 0 -0.00163736 -0.000475541 0.00544581 0 -0.00356958 0 0 0
0 0.000374957 -0.00752905 -0.0184792 -0.0208589 -0.00444685 0 0 -0.00127346 -0.00224278 -0.0108141 0 0 -0.0276372 -0.00718104 0 0.000948677 0.00709774 0.000126842 0 -0.0408286 0.89843 -0.00418543 0.00413884 0.00149162 -0.000302 0 0.00189137 0 0 0 0.00149363 -0.00244764 -0.0109774 0.0078841 -0.0039363 -0.00114583 0 0.00035164 -0.0105999 0.00214076 -0.00151662 -0.000297219 -0.0190436 0 0 -0.00337361 -0.000993073 -0.00368082 -0.00479779 -0.00185752 0 -0.0102614 -0.0222908 -0.00295397 0 0 0 -0.000167852 -0.0278735 0 -0.00692199 0.00769356 -0.011001 0.00221595 -0.00504418 -0.00370666 -0.0177752 -0.00207572 -0.00422905 -0.016282 0.00436321 -9.11654e-05 0 -0.0024778 0 -0.0116939 -0.00303066 0 -0.00265682 -0.00304237 -9.5055e-05 7.07511e-06 -0.00252425 0 -0.0054444 -0.0141511 0 -0.0134686 -0.00225601 -0.00591079 -0.0144209 -0.00368236 -0.00114899 0 0 0 0 -0.00173935 0 -0.00231674 0 0 -0.00422552 0.00610068 0 -0.00251348 0 -0.00445576 -0.00965573 0 -0.00620224 0.0036587 0 0.000316973 -0.00757382 0.00419257 -0.00404243 -0.00383155 -0.000545622 0 -0.00336223 0 0.00572775 0.00211425 0 0.00016266 0 -0.0189784 0.0040228 0.00599132 -0.00352376 0 0.000280275 -0.000817323 -0.00114179 -0.0137228 0 -0.00589634 0 -0.00342475 0.022706 0.00524614 0.0103692 -0.00249032 -0.00111315 -0.000842749 0 -0.00431792 -0.0041493 0 -0.000466822 0.000303218 -0.00393658 -0.000268111 -0.00410718 -0.0240109 -0.00493811 -0.00158837 0.00230008 -0.00104765 0 -0.0136958 -0.00355673 -0.022254 -0.00715604 -0.00151291 0 0 -0.0208814 0 -0.0123477 0 -0.000631771 0 0.00320261 -0.00863133 -0.00354391 -0.0256119 -0.00357246 -0.0024427 -0.00142027 1.78947e-05 -0.00934322 -0.000430342 0 0 0 0.00643479 0 0.0116353 0.00327 -0.00745357 0.00628738 -0.000325741 0.000198868 0.000709885 -0.000774368 -0.00807465 0.000286628 0 0.00282901 0.00277946 0 0 0 -0.00823108 0 -0.00344613 0 0.00997016 0 -0.014626 0 0 0
0 0 -0.01384 -0.0136427 -0.0199836 -0.00291618 0 -0.000464414 -0.000259994 -0.0237129 -0.00339346 0 0 -0.000447328 -0.00275372 0 0 0 0 0 -0.00300516 -0.00418543 0.895756 0.0106356 -0.00312212 0 0 0.00171221 0 0 -3.69607e-06 0.00362952 -0.00230546 -0.00517345 0.000435451 -0.0104116 -0.0334075 0 0 -0.0194315 0 -0.00284438 -2.72615e-05 -0.0108097 -0.000905053 0 -0.00341622 -0.000765361 0 -0.00512312 -0.00146501 0 -0.00313955 0 -0.000758253 0 0 0 0 -0.0121835 0 -0.025931 0.00807026 0 0.0127769 -0.0237517 -0.0209223 -0.0176007 -0.0184877 0 -0.00350571 0.010213 -0.000595501 0 -0.00697283 0 -0.0321056 -0.00423497 -0.00696831 -0.0035069 -0.000912245 0 -0.00118546 -0.00204058 -0.00150221 -0.00181437 -0.0167325 -0.0151532 -0.00542789 0 0 -0.000663003 -0.019748 -0.00156852 -0.000125853 0 0 0 -0.00163826 -2.41853e-05 -0.00528304 -0.00520963 0.00505612 -0.013256 0 0 -0.00228077 -0.0002229 -0.00164629 -0.0103581 0 -0.0106272 0.00425252 -0.0205408 0 -0.00414932 0 0 -0.0105449 0 0 -0.00675054 0 0.00140543 0.000664143 -4.80071e-05 0.00977274 0 -0.0170152 0.000262263 0.00199611 -0.0136225 0 0.00427864 -0.0173998 -0.000816944 -0.00287628 0 -0.00506512 -0.0115084 0 0.00426001 0.000301659 0.00303466 -0.00696672 -0.0139379 0 0 -0.0105054 -0.0115177 0 -0.00289968 0 -0.0125384 -0.000513322 -0.00309538 -0.00825772 -0.000820743 -0.00236576 0.000317859 -0.00103361 0 -0.00576241 -0.00118856 -0.00410937 -0.0179927 -0.000600526 -0.000373766 0 -0.00331159 0 -0.00255585 0 0 0 0.000488942 0 -0.00199454 -0.000632468 -0.00911682 -0.0117938 -0.00319258 0 -0.00210293 -0.00393563 0 0 0 0 0 0.00150147 0.0082508 -0.00351424 0.00590771 0 0.00456831 -5.35049e-06 -0.000238336 -0.00471718 0 0 0.000793329 0.000276633 0.00059607 0 0 0 0.000186328 -0.0040501 0 0.00564778 0 -0.00134855 0 0 0
0 -0.0240686 0.015494 0.0100284 0.00813836 0.0196913 0 0.0646808 0.00671374 0.000147632 0 0.00317747 0 0.00525328 0.0032913 0.000336633 0 -0.00948281 0 0.000272626 0.00521873 0.00413884 0.0106356 0.853711 0.0102353 0 -0.00103957 -0.00453054 0.000462627 -0.00515361 0 -0.0295529 0.000915861 0.00500854 -0.00466301 0.00816766 0.001164 0 0 0.00324295 -0.000664353 0 9.34613e-06 0.00592461 0 0.000354184 0.000217746 0 -1.50157e-05 0 0 0 8.53104e-05 0.0173413 0 -0.00149944 0 -0.00862043 0 0.012237 0 0.0168115 -0.0230254 0.0014142 -0.0040549 0.00943486 0.000788715 0.00573673 0.00086807 0.000427611 0.00309959 -0.00628108 0 0 0.0125549 0 0.0134245 0 0 0 0.000278981 -0.00362755 0 0 0 0 0.0111527 0 0.00787933 0.00732495 0 0.00105231 0.00566682 0 0 -0.00332646 0 0 0 0 0 0.00613009 0 0.00151856 0 0 0 -0.00287997 0 0.00113498 -0.00239635 0 -0.0122389 0.00407079 -0.000615373 0.0065249 -0.0272018 0.00036658 0.000346073 0.00527842 0 0.00174352 -0.00694987 -0.00792133 -0.00235476 0 -0.00080594 0 0.0035581 0 -0.00804232 0.00194734 0.00838789 0 0.00928904 0 0.00223851 0 0.0101945 0 0 -0.0212034 -0.0157515 -0.00842813 0.00208403 0.000289389 0 0.00283917 0.00285981 0.0180124 0.00534277 0 0 0.00343966 0 0.000413298 0.00827501 0.00467803 0 0 0.00623211 0 0.0043991 0.000133081 0.00237071 0.0142076 0 0 -0.00297313 0.0035888 0 0.00282464 -2.4596e-05 0 0.00122414 0 0.00162079 0 0.00276 0.000634778 0.00809242 0.000912617 -0.00219788 0.00123245 0.000180549 0 0 0 -0.00226849 -0.00401366 -0.0180938 -0.00435889 0.0105565 -0.0119498 0.00243687 -0.000256858 0 0 0.0185651 0 0 0 0 0 0.0020101 0.00137591 0 0 0.00431173 0.00145493 -0.00185584 0 0.00339715 0 0 0
