0 0.100097 0 0 0.0411102 -0.000905145 -0.0027645 0 0 0.00878196 0.0334373 0.0206054 0.0099768 0.00120458 0.0103676 0.0275648 0.000742205 0 -0.0209742 0.00258656 -0.00493944 0.0464436 -0.0031111 -0.0376132 0 0 0.00211671 -0.00657272 0.00183433 -0.00643949 0 -0.012294 -0.0243247 -0.0110712 0 0.0374045 0 0 0 0 0 0 -0.00422498 0.00746417 0 0 0 0 0.00854489 0 -0.00189379 -0.0796124 0 -0.0382754 -0.000104285 -0.00693078 0 0.013267 0 0 0.0090969 0 0 -0.000490863 0 0 0.0353504 0 0 0 0 0 0 0 0.00491081 0 -0.00747747 -0.00684756 0.00999587 0 0 -0.0153501 0 0 0 0 0 0 -0.0163873 0 -0.00300512 0 0 0 0 -0.0025119 0.0065857 -0.0139097 -0.0010491 -0.00927423 -0.0182236 0 0 0 0.0129138 0 0 0 0 0 0 0 0 0 0.00877966 0 0 0 0 -0.00639762 0 0.00558891 0 -0.0112992 0.00344464 0 0 -0.00482742 -0.0154096 0 0 0 0 0.0323234 0 0 0 0 0 0 0 0 0 0 0 0 0 0.0155442 0 0 0 -0.000695395 -0.00594657 0 0 0 0 0 0 0 0 0 0 0 0 0 0 0 0 0 0 0 0 0 0 0 0 0 0 0 0 0 0 0 0.00336385 0 0 0 0 0 0 0 0 0 0 0 0 0 0 0 0 0 0 0 0 0 0 0 0 0 0 0 0 0 0 0
0.100097 0 -0.00164182 -0.0211767 0.0690139 -0.00429774 -0.0148988 -0.00137238 0.0522026 0.0085501 0.0142027 0.0903197 0.00863991 0 0.0150028 0.0453464 0 0 -0.014491 0.0238586 -0.00449715 0.0493363 -0.00586469 -0.0184764 -0.00046822 0 0 0 0.00408845 -0.0066135 0.0102167 -0.0234573 -0.00671844 -0.00640069 0 0.0200462 0 0 0 0 0 0.00770788 -0.0296016 0.0149797 0 0 0 -0.0203191 0.0283298 0 -0.000480861 -0.0215452 0 -0.00934178 0 0 0 0.000224692 0 0 0.00823896 0 0.0014713 0 0 0 0.0435482 0 0 0 0 0 0 0 0.0115645 0 -0.0136918 -0.000500805 0.013419 0 0 -0.00297483 0 0 0 0 0 0 -0.0111231 0 0 0 0 0 0 -0.00141144 0.00574569 -0.0276732 -0.0136395 -0.0207573 -0.00924524 0 0 0 0.00859492 0 0 0 0 0 0 0 0 0 -0.0177919 0 0 0 0 -0.00836838 0 0.019036 0 -0.00873497 0.00764323 0 0 -0.00721662 -0.0386247 0 0 0 0 0 0 0 0 0 0 0 0 0 0 0 0 0 0 0.00409223 0 0 0 0 -0.00913028 0 -0.00817015 0 0 0 0 0 0 0 0 0 0 0 0 0 0 0 0 0 0 0 0 0 0 0 0 0 0 0 0 0 0.0109092 0 0 0 0 0 0 0 0 0 0 0 0 0 0 0 0 0 0 0 0 0 0 0 0 0 0 0 0 0 0 0
0 -0.00164182 0 0 0 0.054172 0 0.029548 -0.0158382 -0.00602854 -0.000221666 -0.00281348 -0.00272243 0 -0.000777345 -0.000680267 0 0.00293057 0 -0.0184415 0 -0.0293726 0 0 0.00463579 0 0 0 -0.000781419 0 -0.0167654 0.0121262 0 -3.66085e-06 0 -0.0117924 0.0206565 0.0162582 0 0 0 -0.00839049 0.0053682 -0.0174594 0 0 0 0 -0.00857656 0 0 -0.00310694 0 0 -0.001942 0 0 0 0 0 -0.00102091 0 0 0 0 0 -0.00864538 0 0 0.0133807 0 0 0 0 -0.025837 0 -0.0024392 0 -0.0111603 0 0 0 0 0 0 0 0 0 -0.0206416 0 -0.000436495 0 0 0 0 0 -0.00100497 0 0 0 0 0 0 0 -4.14584e-07 0 0 0 0 0 0 0 0 0 -0.00288374 0 0 0 0 0 0 -0.0322069 0 0 -0.0241848 0 0 0 0 0 0 0 0 0.00159241 0 0 0 0 -0.00107718 0 0 0 0 0 0 0 0 0 0 0 0 0 0 0 -0.00292096 -0.00664561 0 0 0 0 0 0 0 0 0 0 0 0 0 0 0 0 0 0 0 0 0 0 0 0 0 0 0 0 -0.0454575 0 0 0 0 0 0 0 0 0 0 0 0 0 0 0 0 0 0 0 0 0 0 0 0 0 0 0 0 0 0 0
0 -0.0211767 0 0 0 0.0319444 0 0.00209756 -0.00816673 -0.00550276 0 -0.0181341 0 0 0 -0.00466894 0.000648984 0 -0.000927621 -0.0337343 0.00313774 -0.0523327 0 0 0 0.00821678 0 0 -0.0029289 0 0 0 -0.0122113 0 -0.00593307 -0.0262295 0 0.0248478 0 0 0 -0.0170004 0 -0.00683652 0 0 0 0.0334256 0 0 0 0 0 0 -0.0153382 0 0 -0.00231256 0 0 0 0 0 0 0 0 -0.0159535 0 0 0 0 0 0 0 -0.0094387 0 -0.00308926 -0.0334689 -0.0133446 0 0 0 0 0 0 0 0 0 -0.0447715 0 -0.00359771 0 0 0 0 0 -0.00752746 0 -0.00577695 0 -0.0177318 0 0 0 -0.000110441 0 0.0129561 0 0 0 0 0 0 0 0 0 0 0 0 -0.0126798 0 0 0 -0.000211869 -0.00516801 0 0 0 0 0 0 0 0 -0.00219248 0 0 0 0 0 0 0 0 0 0 0 0 0 -0.00507538 -0.0224043 0 0 -0.00367189 0 0 0 0 0 0 0 0 0 -0.00649621 0 0 0 0 0 0 0 0 0 0 0 0 0 0 0 0 0 0 0 0 0 0 -0.0138584 0 0 0 0 0 0 0 0 0 0 0 0 0 0 0 0 0 0 0 0 0 0 0 0 0 0 0 0 0 0 0
0.0411102 0.0690139 0 0 0 -0.00318889 -0.00773276 -0.00492447 0 0.0185231 0.00811131 0.0707992 0.00720113 0 0.081992 0 0.00453038 -0.00172639 -0.0193396 0.00549762 -0.00442873 0.0206577 -0.0045132 -0.0055248 0 0 0.00313328 -0.00284761 0.00652489 -0.00485757 0.00930015 0 -0.0300068 -0.0124923 -0.00721658 0.018189 0 0.000180066 0 0 0 0.000643933 -0.0122765 0.0142287 0 0 0 -0.0100535 0.0125344 0 -0.011073 -0.0389207 0 -0.0106249 -0.00235767 -0.0212055 0 0 0 0 0.0104503 0 0 -0.000901114 0 0 0.0126844 0 0 0 0 0 0 0 0 0 -0.0218809 -0.0178622 0.00194143 0 0 0.0186001 0 0 0 0 0 0 -0.0251126 0 -0.0059902 0 0 0 0 -0.0146654 0.00722095 -0.03024 -0.0045165 -0.0132007 -0.0182921 0 0 0 0 0 0 0 0 0 0 0 0 0 0.0227674 0 0 0 0 -0.0155051 0 0.0189669 0 -0.0237806 0 0 0 -0.0297864 -0.0189238 0 0 0 0 0 0 0 0 0 0 0 0 0 0 0 0 0 0 0.00575071 -0.00847092 0 0 -0.00318373 -0.0086338 0 -0.0115798 0.00295661 0 0 0 0 0 0 0 0 0 0 0 0 0 0 0 0 0 0 0 0 0 0 0 0 0 0 0 0 0.00955013 0 0 0 0 0 0 0 0 0 0 0 0 0 0 0 0 0 0 0 0 0 0 0 0 0 0 0 0 0 0 0
-0.000905145 -0.00429774 0.054172 0.0319444 -0.00318889 0 0 0.0195091 -0.0218411 -0.017924 -0.00411363 -0.0052468 -0.00353851 0.0313434 -0.00963288 0 0 0.00287393 0.0203257 -0.0831073 0.00312653 -0.0264563 0 0.002985 0.00209267 0 0 -0.0173148 -0.00289418 0 -0.00842968 0 0 0.00397364 0 -0.0104308 0 0.0168288 -0.00823057 0 0 -0.0314336 0.0249136 -0.0286485 0 0 0 0 -0.0183571 0 0.00282613 -0.00712987 0 0.00369999 0 0 0 -3.75729e-05 0 0 -0.0198209 0 0 0 0 0 -0.00775907 0 0 0.162828 0 0 0 0 -0.0513545 0 0 -0.0208603 -0.0183931 0 0 -0.00946807 0 0 0 0 0 0 -0.0240413 0 -0.00648756 0 0 0 0 0 -0.0174853 0 -0.00458091 0.000660531 0 0 0 0 -0.00895305 0 0.00244008 0 0 0 0 0 0 0 -0.0244163 0 0 0 0 0.00401932 0 -0.0141438 0 0 -0.0379112 0 0 0 -5.32923e-06 0 0 0 0 0.00683979 0 0 0 0 0 0 0 0 0 0 0 0 0 0 0 0 0 -0.0112037 0.00217916 0 -0.00690437 -0.00239364 0 0 0 0 0 0 0 0 0 0 0 0 0 0 0 0 0 0 0 0 0 0 0 0 0 0 0 0 -0.023141 0 0 0 0 0 0 0 0 0 0 0 0 0 0 0 0 0 0 0 0 0 0 0 0 0 0 0 0 0 0 0
-0.0027645 -0.0148988 0 0 -0.00773276 0 0 0 -0.0196719 -0.0126477 -0.00583259 -0.0170243 -0.00106957 0.0346222 -0.0360455 0 2.04397e-06 -0.0214502 -0.0059521 0 0 -0.0324079 0.300704 0.0046275 0 0 -0.00328516 -0.00594468 -0.0294603 0.127308 -0.0369245 -0.00216368 -2.9012e-06 0 -0.0599597 0 -0.0058893 0 0.00307498 -0.0149317 0.0144092 -0.0121377 0.0192284 -0.119106 0.00335075 0 0 0.00451429 0 -0.00921502 0.00320238 0.000164641 0 0.00566975 0.00167178 -0.0178928 0 0.0523861 0 0 -0.0044132 0 -0.114179 0.0609931 0 0 -0.000111688 0 0 0.000487196 0 0 0 0 0.0329204 0 0.0197105 0.00174427 0.06811 0 0 0.0122316 0 0 0 0 0 0 0.013567 0 -0.0100891 0 0 0 0 0 -0.0233201 0.00307703 0.0157676 -0.02218 0.00623188 0 0 0 -0.0386459 0 0 0 0 0 0 0 0 0 0.000129431 0 0 0 0 -0.00296352 0 0.00277164 0 0 0.033433 0 0 0.000616276 0.0046658 0 0 0 0 -0.0547642 0 0 0 0 0 0 0 0 0 0 0 0 0 0.0218685 0.00829716 0 0 0 0.24511 0 0 0.0167147 0 0 0 0 0 0.0421169 0 0 0 0 0 0 0 0 0 0 0 0 0 0 0 0 0 0 0 0 0 0 0.00426981 0 0 0 0 0 0 0 0 0 0 0 0 0 0 0 0 0 0 0 0 0 0 0 0 0 0 0 0 0 0 0
0 -0.00137238 0.029548 0.00209756 -0.00492447 0.0195091 0 0 -0.0666551 -0.000550605 0 -0.00744227 0 0.0268853 -0.00144243 0 0 -0.0228142 0.00166989 -0.0222627 0.00482302 -0.00049222 0 -1.46937e-06 0 0 0 -1.78922e-07 -9.35866e-05 -1.36638e-06 -0.044892 0 0 -2.97496e-06 0 0 0 0.022585 0 0 0 -0.00689723 0.00198418 -0.0134206 0 0 0 0 -0.0739315 0 0 -0.0277456 0 0 -0.0519421 0 0 0 0 0 -0.00934523 0 0 0 0 0 -0.00184853 0 0 0 0 0 0 0 -0.000251145 0 0 0 0 0 0 0 0 0 0 0 0 0 -0.00789048 0 0.0182009 0 0 0 0 0 -0.0181324 0 -0.0179902 0 0.000454855 0 0 0 0 0 0 0 0 0 0 0 0 0 -0.0175625 0 0 0 0 0 0 -0.00689546 0 0 -0.00122941 0 0 0 0 0 0 0 0 0.00207363 0 0 0 0 0 0 0 0 0 0 0 0 0 0 0 0 0 0 0 0 -0.00232966 0 0 0 0 0 0 -0.00397978 0 0 0 0 0 0 0 0 0 0 0 0 0 0 0 0 0 0 0 0 0 0 -0.0113943 0 0 0 0 0 0 0 0 0 0 0 0 0 0 0 0 0 0 0 0 0 0 0 0 0 0 0 0 0 0 0
0 0.0522026 -0.0158382 -0.00816673 0 -0.0218411 -0.0196719 -0.0666551 0 -0.000221807 -0.019597 0.011441 0 -0.072114 0.0115527 0.00200502 0 0.0102431 0.0378283 0 -0.00980792 0.0503126 -0.0104024 0.00032195 0 -0.053934 0 0 0.00331762 -0.00558396 0 -0.00138702 0.0321214 0.00136991 0.0228968 0.00952159 0 -0.0141738 0 0 -0.053837 0.0827978 0 -0.11935 0 0 0 -0.0248362 0.0205562 -0.00124211 0.0296716 -0.0907651 0 0.00246184 0.0897881 0.0122139 0 -0.00840051 0 0 0.00318857 0 -0.0758205 -0.0012469 0 0 0 0 0 -0.00241786 0 0 0 0 -0.0645566 0 0 -0.0270291 0 0 0 0 0 0 0 0 0 0 0.147507 0 -0.00873927 0 0 0 0 0.0361099 0.0174067 0.000267618 0.0680688 0.00174167 -2.27716e-06 0 0 0 0 0 -0.112973 0 0 0 0 0 0 0 0.0938251 0 0 0 0 0.00407444 0 0 0 0.00763614 -0.0497532 0 0 0.00188181 0 0 0 0 0 0 0 0 0 0 0 0 0 0 0 0 0 0 0 -0.00582882 0.0104704 0 0 0.0183288 -0.0050209 0 0 0 0 0 0 0 0 0 0 0 0 0 0 0 0 0 0 0 0 0 0 0 0 0 0 0 0 0 0 0 0.123698 0 0 0 0 0 0 0 0 0 0 0 0 0 0 0 0 0 0 0 0 0 0 0 0 0 0 0 0 0 0 0
0.00878196 0.0085501 -0.00602854 -0.00550276 0.0185231 -0.017924 -0.0126477 -0.000550605 -0.000221807 0 0.0167266 0.047148 0.0553923 0 0.0221989 0.00223443 0 -0.00877883 0.00294065 0.0144318 -0.00230143 0.0448171 -0.0112922 -0.0039254 0 0.000210732 0 0 0.0533641 -0.0253694 0.00710313 0 -0.0198095 -0.012814 -0.0540172 0.020522 0 0 0 0 0 0.00813255 -0.0175457 0.0368669 -0.00123432 0 0 0 0.0124666 0 -0.00977441 -0.029439 0 -0.0357102 -0.000274976 0 0 0.0312148 0 0 0.0104484 0 0.000844593 -0.0244118 0 0 0.0538067 0 0 -0.0600576 0 0 0 0 0.0139893 0 -0.0123097 -0.0213201 0.0155248 0 0 -0.00667173 0 0 0 0 0 0 -0.0428631 0 -0.00616275 0 0 0 0 -0.0171565 0.0148002 -0.0131377 -0.00419939 -0.0288746 -0.0205497 0 0 0 0 0 0 0 0 0 0 0 0 0 0.0240468 0 0 0 0 -0.0347724 0 0.0123018 0 -0.0156274 0.0114796 0 0 -0.0157844 -0.00806757 0 0 0 0 3.43313e-06 0 0 0 0 0.0191795 0 0 0 0 0 0 0 0 0 -0.00745528 0 0 -0.000906996 -0.0162894 0 -0.00704387 0.00246766 0 0 0 0 0 0 0 0 0 0 0 0 0 0 0 0 0 0 0 0 0 0 0 0 0 0 0 0 0.0223322 0 0 0 0 0 0 0 0 0 0 0 0 0 0 0 0 0 0 0 0 0 0 0 0 0 0 0 0 0 0 0
0.0334373 0.0142027 -0.000221666 0 0.00811131 -0.00411363 -0.00583259 0 -0.019597 0.0167266 0 -0.012264 0.0416197 0.165928 -0.0394915 0.0546546 0 0 -0.0855039 0.0918419 -0.00385516 0.0367321 -0.00206324 -0.0047088 0 -0.00473458 0 -0.0125827 9.04723e-05 -0.0414203 0.0552503 0 -0.00306419 0 0 0.0548446 0 0.00153254 0 0 0.00945107 -0.0267676 -0.000437343 0.0342467 0 0 0 -0.000632803 0.0506563 -0.0191644 -0.0473324 -0.00772644 0 -0.0711486 0 0 0 0.00314919 0 0 0.0171798 0 0 -0.00123598 0 0 0.0405164 0 0 0 0 0 0 0 0.0381254 0 -0.0146901 -0.0106121 0.0572292 0 0 0 0 0 0 0 0 0 -0.0660143 0 -0.00239554 0 0 0 0 -0.0174445 0 -0.053997 0 -0.028971 -0.106842 0 0 0 0.0544089 0 -0.0677119 0 0 0 0 0 0 0 -0.119923 0 0 0 0 -0.00736696 0 0 0 -0.0317397 0.0740793 0 0 -0.00293952 -0.00194353 0 0 0 0 0.15858 0 0 0 0 0 0 0 0 0 0 0 0 0 0.169636 1.16619e-06 0 0 -0.00254386 -0.00757348 0 -0.00928269 -0.0217317 0 0 0 0 0 0.0674639 0 0 0 0 0 0 0 0 0 0 0 0 0 0 0 0 0 0 0 0 0 0 -0.0233088 0 0 0 0 0 0 0 0 0 0 0 0 0 0 0 0 0 0 0 0 0 0 0 0 0 0 0 0 0 0 0
0.0206054 0.0903197 -0.00281348 -0.0181341 0.0707992 -0.0052468 -0.0170243 -0.00744227 0.011441 0.047148 -0.012264 0 0.0471823 0.0105278 0.0130357 0.0380401 0 -0.0056602 -0.0102737 0.0331873 -0.0611144 0.0610704 -0.00704817 -0.00616621 0 -0.0998253 0 -0.0021217 0.00479119 -0.00500502 0 -0.0022416 -0.0224998 -0.00558168 0 0.0473311 0 0.00076877 0 0 0 0.0046684 -0.00997187 0.0164062 0 0 0 0 0.0191055 -0.000423142 -0.00309393 -0.0195835 0 -0.0110216 0.0474825 0 0 0.00496216 0 0 -0.00294435 0 0 0 0 0 0.0968959 0 0 -0.000113127 0 0 0 0 0.0264406 0 -0.00647107 -0.00812369 0.0177205 0 0 0.00907797 0 0 0 0 0 0 -0.010441 0 -0.000169479 0 0 0 0 -0.00337535 -0.0246722 -0.0129957 0 -0.0110405 -0.0100041 0 0 0 0.00552188 0 0 0 0 0 0 0 0 0 0.017693 0 0 0 0 -0.0115964 0 0.00831754 0 -0.054687 0.00651127 0 0 -0.00717199 -0.00417374 0 0 0 0 0 0 0 0 0 0.00262375 0 0 0 0 0 0 0 0 0.00243162 0 0 0 0 -0.00850237 0 -0.0140301 0 0 0 0 0 0 0 0 0 0 0 0 0 0 0 0 0 0 0 0 0 0 0 0 0 0 0 0 0 0.0150187 0 0 0 0 0 0 0 0 0 0 0 0 0 0 0 0 0 0 0 0 0 0 0 0 0 0 0 0 0 0 0
0.0099768 0.00863991 -0.00272243 0 0.00720113 -0.00353851 -0.00106957 0 0 0.0553923 0.0416197 0.0471823 0 0.0252123 0.00554919 0.0294068 0 -0.0180154 0.0163865 0.0988588 -0.0158742 0.0249787 -0.000911872 0 0 -0.0349031 0 -0.00611795 0.00712235 -0.0116605 -0.00187372 -0.00776421 -0.00777141 -0.00344294 0 0.0368007 0 0 -0.000476191 -0.00937457 0 0 -0.0065726 0.0322451 0 0 0 0 0.0119234 -0.014585 0 -0.103117 0 -0.00993231 0.00745241 0 0 0.0162866 0 0 0.00416303 0 0.00065673 0 0 0 0.0190954 0 0 -0.0332167 0 0 0 0 0.0592571 0 -0.00480024 0 0.042311 0 0 0.00793246 0 0 0 0 0 0 0.00254352 0 0 0 0 0 0 0 -0.000274939 -0.0187366 0 -0.0139187 -0.0138568 0 0 0 0.0452662 0 0 0 0 0 0 0 0 0 0.013643 0 0 0 0 -0.0346567 0 0.00437596 0 -0.00895576 0.0338489 0 0 -0.00142403 -0.00347257 0 0 0 0 0.0117227 0 0 0 0 0.00313609 0 0 0 0 0 0 0 0 0.0122027 0.0234901 0 0 0 -0.0074491 0 0.00297754 0 0 0 0 0 0 0 0 0 0 0 0 0 0 0 0 0 0 0 0 0 0 0 0 0 0 0 0 0 0.0155807 0 0 0 0 0 0 0 0 0 0 0 0 0 0 0 0 0 0 0 0 0 0 0 0 0 0 0 0 0 0 0
0.00120458 0 0 0 0 0.0313434 0.0346222 0.0268853 -0.072114 0 0.165928 0.0105278 0.0252123 0 -0.195844 0.00989288 0 -0.0413888 0 0.00666839 -0.018502 -2.2464e-06 0.00911209 0 0 -0.0303012 -0.00612101 -0.0173275 -0.00458352 -0.0481145 -0.071549 -0.000463708 0 0 0.00783379 0.0446843 0 0 -0.00520654 -0.0165379 0 -0.0603787 -1.07094e-06 -0.00127869 0.00242914 0 0 0 0.020362 0.00174263 0.0662504 5.69038e-07 0 1.79226e-06 0.00978222 0.0251492 0 0.013317 0 0 0 0 0 0.0204669 0 0 0.0307054 0 0 0.0391131 0 0 0 0 0.0828909 0 0.000837207 0 0.0332523 0 0 0.00574512 0 0 0 0 0 0 -0.01133 0 0 0 0 0 0 -0.0154902 -0.00705227 -0.0787273 0 -0.0487927 -0.0015289 0 0 0 -1.45297e-06 0 0 0 0 0 0 0 0 0 -0.0167261 0 0 0 0 0 0 0 0 -0.0168456 0.0509662 0 0 0 0 0 0 0 0 0.00563266 0 0 0 0 0.00141209 0 0 0 0 0 0 0 0 0.00725999 -0.00674642 0 0 -0.000917999 -0.0243425 0 -0.00130237 -0.0634098 0 0 0 0 0 0.0112641 0 0 0 0 0 0 0 0 0 0 0 0 0 0 0 0 0 0 0 0 0 0 -0.0130041 0 0 0 0 0 0 0 0 0 0 0 0 0 0 0 0 0 0 0 0 0 0 0 0 0 0 0 0 0 0 0
0.0103676 0.0150028 -0.000777345 0 0.081992 -0.00963288 -0.0360455 -0.00144243 0.0115527 0.0221989 -0.0394915 0.0130357 0.00554919 -0.195844 0 -0.000720749 0.003978 -0.0282894 -0.0360528 -0.00409914 -0.000592555 0.0195779 -0.0207169 -0.0108 -0.00637753 0.011447 0.0167924 -0.00424874 0.0454902 -0.0279229 0.0502474 0 -0.0222796 -0.0530278 -0.00884986 0 0 0.00412234 0 0.00171031 -0.0296269 0.0335774 -0.0309222 0.0544923 -0.00513871 0 0 -0.00921341 0.0108395 0.00181988 -0.0238223 -0.135367 0 -0.00288011 -0.0561553 0 0 -0.00519212 0 0 0.015032 0 0.000783865 -0.00616513 0 0 0.00617138 0 0 -0.00712087 0 0 0 0 -0.0691921 0 -0.0328149 0.0244887 -0.00934747 0 0 0.0439796 0 0 0 0 0 0 -0.0243432 0 -0.0104419 0 0 0 0 -0.00302833 -0.010231 -0.0237448 -0.0123624 -0.00976554 -0.0204085 0 0 0 -0.00104768 0 -0.0101139 0 0 0 0 0 0 0 0.0649707 0 0 0 0 -0.0265265 0 0.0234081 0 -0.023424 -0.062699 0 0 -0.0172813 -0.0398059 0 0 0 0 -0.023661 0 0 0 0 0 0 0 0 0 0 0 0 0 -0.00135886 -0.0117703 0 0 0 -0.0648752 0 0.0599222 0.0121831 0 0 0 0 0 -0.00806075 0 0 0 0 0 0 0 0 0 0 0 0 0 0 0 0 0 0 0 0 0 0 0.120321 0 0 0 0 0 0 0 0 0 0 0 0 0 0 0 0 0 0 0 0 0 0 0 0 0 0 0 0 0 0 0
0.0275648 0.0453464 -0.000680267 -0.00466894 0 0 0 0 0.00200502 0.00223443 0.0546546 0.0380401 0.0294068 0.00989288 -0.000720749 0 -0.00552193 -0.00930955 0.00253455 0.011678 0 0.0423754 0 -0.0232251 0 -0.0237024 0 1.72642e-06 0 -0.0189895 -0.0041505 -0.00108309 0 0 0.00291441 0.0229508 0 0 -0.0112785 -0.0109563 0.000173863 0 0 -6.1739e-07 0 0 0 0 0.003428 -0.0199301 0.00239264 -0.10712 0 -0.0421642 0.00107796 0 0 0.0334746 0 0 0 0 0.000680733 -0.00382558 0 0 0.0656077 0 0 0 0 0 0 0 0.0109118 0 0 0.0072706 0.0344529 0 0 -0.0279253 0 0 0 0 0 0 0 0 0.0163334 0 0 0 0 -0.00129308 -0.00181002 0 0 -0.00415813 0.042416 0 0 0 0.0331472 0 0 0 0 0 0 0 0 0 -0.047375 0 0 0 0 0.0028999 0 -0.000669371 0 0 0.0106239 0 0 0 0 0 0 0 0 0.0702214 0 0 0 0 0 0 0 0 0 0 0 0 0 0.0819736 0.0400815 0 0 -0.052556 0 0 -0.033394 0 0 0 0 0 0 0 0 0 0 0 0 0 0 0 0 0 0 0 0 0 0 0 0 0 0 0 0 0 0 0 0 0 0 0 0 0 0 0 0 0 0 0 0 0 0 0 0 0 0 0 0 0 0 0 0 0 0 0 0 0
0.000742205 0 0 0.000648984 0.00453038 0 2.04397e-06 0 0 0 0 0 0 0 0.003978 -0.00552193 0 0 -0.0267647 -4.81299e-06 0 -0.00779421 0.00896769 -0.000278321 -0.00137019 0.0088199 0.0587786 -0.00113002 0 0.0203243 0.00758171 0.000485006 -0.0690005 -0.00609802 -0.0192136 0 0 5.48809e-05 0.018912 0.000634099 0 -0.0382445 -0.00771835 0 0 0 0 0.0116697 0.000243636 0.000349949 -0.00935028 -0.0114221 0 -0.00362132 -0.0249612 -0.00408963 0 0 0 0 0.00294119 0 -0.0041275 0 0 0 0 0 0 0 0 0 0 0 0 0 -0.00941014 -0.0329013 0 0 0 0.0157726 0 0 0 0 0 0 -0.0255585 0 -0.0075079 0 0 0 0 -0.000711232 0.00503909 -0.011967 -0.00396371 -0.00367078 -0.00861025 0 0 0 -0.0274139 0 0 0 0 0 0 0 0 0 0.0135327 0 0 0 0 -0.0103309 0 0.00770846 0 -0.0113606 0 0 0 -0.00747665 -0.000796441 0 0 0 0 -0.0120193 0 0 0 0 -2.49329e-06 0 0 0 0 0 0 0 0 0 -0.0140803 0 0 -0.0112392 0 0 0.00486297 0.00258633 0 0 0 0 0 0 0 0 0 0 0 0 0 0 0 0 0 0 0 0 0 0 0 0 0 0 0 0 0 0 0 0 0 0 0 0 0 0 0 0 0 0 0 0 0 0 0 0 0 0 0 0 0 0 0 0 0 0 0 0
0 0 0.00293057 0 -0.00172639 0.00287393 -0.0214502 -0.0228142 0.0102431 -0.00877883 0 -0.0056602 -0.0180154 -0.0413888 -0.0282894 -0.00930955 0 0 -0.00282818 -0.00330871 0 -0.00985937 -0.0191522 0 0 0 0 0 -0.00480501 -0.0108269 0.0142411 0 0.000747774 0.0141702 0 -0.00359656 0 -0.000791194 0 0.013106 0 -0.0100282 0.0047746 -0.0154927 0 0 0 0 -0.00555976 0.00171701 0 -1.74787e-06 0 0 0.0774738 9.85566e-07 0 -0.0135671 0 0 0 0 -0.0102923 -0.00199017 0 0 -0.0344364 0 0 0.0365635 0 0 0 0 -0.0340132 0 0 0 -0.0634452 0 0 -0.027842 0 0 0 0 0 0 0.00142409 0 0 0 0 0 0 0.0252538 -0.00119673 0.00130004 0 0.00405019 0.000227102 0 0 0 0 0 0 0 0 0 0 0 0 0 -0.0260514 0 0 0 0 0.00530217 0 -0.0183756 0 0.00286863 -0.0519541 0 0 0 0 0 0 0 0 0.0149402 0 0 0 0 -0.000507301 0 0 0 0 0 0 0 0 0 0 0 0 0 -0.0014942 0 -0.0176727 -0.00237635 0 0 0 0 0 -0.00631011 0 0 0 0 0 0 0 0 0 0 0 0 0 0 0 0 0 0 0 0 0 0 -0.0129541 0 0 0 0 0 0 0 0 0 0 0 0 0 0 0 0 0 0 0 0 0 0 0 0 0 0 0 0 0 0 0
-0.0209742 -0.014491 0 -0.000927621 -0.0193396 0.0203257 -0.0059521 0.00166989 0.0378283 0.00294065 -0.0855039 -0.0102737 0.0163865 0 -0.0360528 0.00253455 -0.0267647 -0.00282818 0 -0.0289439 0.0149309 0 -0.0017336 0.0122402 0.0143184 -0.0198214 -0.0280003 0.000187743 -0.014383 0 -0.0315083 0 0.0284615 0.0262273 0.0236712 -0.00159737 0 -0.0631771 -0.000666173 -0.000851384 -0.0321283 -0.00308524 0.0684715 -0.0381648 -3.44661e-06 0 0 -0.00402043 -0.0158344 0 0.0393906 -0.0148869 0 0.0346348 0.0190117 0.0261621 0 0 0 0 -0.0361814 0 0 -0.0283352 0 0 -0.0424448 0 0 -0.0369352 0 0 0 0 -0.0210261 0 0.0232048 0.0778523 -0.0130967 0 0 -0.0428992 0 0 0 0 0 0 0.0964791 0 0.0452395 0 0 0 0 -0.0215783 -0.0571359 0.0281041 0.0308498 0.0214071 0.040285 0 0 0 0.009219 0 0 0 0 0 0 0 0 0 -0.0567522 0 0 0 0 0.0586028 0 -0.0172459 0 0.0292504 -0.0392108 0 0 0.0642642 -0.00819913 0 0 0 0 0.0372917 0 0 0 0 0 0 0 0 0 0 0 0 0 -0.0232292 0.0403326 0 0 0.0151676 0.0026905 0 -0.00597987 0.00310186 0 0 0 0 0 -0.0254917 0 0 0 0 0 0 0 0 0 0 0 0 0 0 0 0 0 0 0 0 0 0 0.00693398 0 0 0 0 0 0 0 0 0 0 0 0 0 0 0 0 0 0 0 0 0 0 0 0 0 0 0 0 0 0 0
0.00258656 0.0238586 -0.0184415 -0.0337343 0.00549762 -0.0831073 0 -0.0222627 0 0.0144318 0.0918419 0.0331873 0.0988588 0.00666839 -0.00409914 0.011678 -4.81299e-06 -0.00330871 -0.0289439 0 -0.0560435 0.0129182 0 -0.00142413 -0.00961785 0 -4.86173e-06 0 0.00212415 0 0.00171191 -0.00074285 0 -0.00522577 -0.0327177 0.0156159 0 0.00182679 0 0 0 0.0100264 -0.0133364 0.0398773 0 0 0 0 0.00863461 -0.00152894 -0.00268182 0 0 -0.0109238 0 0 0 0.00402293 0 0 0.0105459 0 0 0 0 0 0.026278 0 0 -0.0517858 0 0 0 0 0.030829 0 0 0.00236759 0.0278636 0 0 0.00600736 0 0 0 0 0 0 0.00154849 0 0 0 0 0 0 0.0557237 0.01034 -0.00128568 -7.21823e-05 -0.026918 -0.00852377 0 0 0 0.0184728 0 -0.0240962 0 0 0 0 0 0 0 0.014414 0 0 0 0 -0.0117407 0 0.00915547 0 0.0082828 0.0340538 0 0 -0.00448473 7.33614e-06 0 0 0 0 0.00265674 0 0 0 0 0.00213594 0 0 0 0 0 0 0 0 0.00993128 0 0 0 0 -0.00487641 0 0.0029387 0 0 0 0 0 0 0 0 0 0 0 0 0 0 0 0 0 0 0 0 0 0 0 0 0 0 0 0 0 0.0139272 0 0 0 0 0 0 0 0 0 0 0 0 0 0 0 0 0 0 0 0 0 0 0 0 0 0 0 0 0 0 0
-0.00493944 -0.00449715 0 0.00313774 -0.00442873 0.00312653 0 0.00482302 -0.00980792 -0.00230143 -0.00385516 -0.0611144 -0.0158742 -0.018502 -0.000592555 0 0 0 0.0149309 -0.0560435 0 0 0 0 0 0 0 0 -0.00948853 0 -0.00214878 0.00973044 0.00736006 0 0 -0.0141411 0 0 0 1.23999e-06 0 -0.0108628 0.00721671 -0.00988303 0 0 0 0 -0.0259298 0 0.0262431 0 0 0.0032067 0 0 0 -0.00407093 0 0 -0.0227347 0 0 0 0 0 -0.00937134 0 0 0 0 0 0 0 -0.00643872 0 0 0.00358321 -0.00479993 0 0 -0.011018 0 0 0 0 0 0 0.00241905 0 0 0 0 0 0 -0.0345493 -0.0055874 0 0 0.000749637 0.00140264 0 0 0 0 0 0.000629892 0 0 0 0 0 0 0 -0.0263588 0 0 0 0 0.00586286 0 -0.00123891 0 0.000107031 -0.00499032 0 0 0.00328616 0 0 0 0 0 0.00365186 0 0 0 0 0 0 0 0 0 0 0 0 0 0 0.000882125 0 0 0 0 0 -0.00513534 0 0 0 0 0 0 -0.003594 0 0 0 0 0 0 0 0 0 0 0 0 0 0 0 0 0 0 0 0 0 0 -0.027102 0 0 0 0 0 0 0 0 0 0 0 0 0 0 0 0 0 0 0 0 0 0 0 0 0 0 0 0 0 0 0
0.0464436 0.0493363 -0.0293726 -0.0523327 0.0206577 -0.0264563 -0.0324079 -0.00049222 0.0503126 0.0448171 0.0367321 0.0610704 0.0249787 -2.2464e-06 0.0195779 0.0423754 -0.00779421 -0.00985937 0 0.0129182 0 0 -0.0293052 -0.0366498 0 -0.0330955 0 -0.000627448 8.16291e-05 -0.0244045 -3.89315e-07 -0.000157068 0.025159 -0.00233819 0.0249594 0.0332427 0 -0.0193364 0 0.0184478 0 0.00333783 -0.00318392 0.0448961 0 0 0 -0.0540108 0.0269208 -0.0113988 0 0.0214875 0 -0.0173262 0.0193083 -2.02684e-06 0 -2.9916e-06 0 0 0 0 0.00685281 -0.0103486 0 0 0.0876832 0 0 -0.0151014 0 0 0 0 0.0331239 0 0 0.00244391 0.0783679 0 0 -0.0782315 0 0 0 0 0 0 0 0 0.00402566 0 0 0 0 -0.101032 0 0 0 -0.00470998 -0.0066954 0 0 0 0.0242085 0 -0.00428853 0 0 0 0 0 0 0 0 0 0 0 0 0 0 0.00366364 0 -0.00175067 0.0347773 0 0 0 0 0 0 0 0 0.0848538 0 0 0 0 0.0236187 0 0 0 0 0 0 0 0 0.0356326 0.00487519 0 0 0 -0.0351295 0 0 0 0 0 0 0 0 0 0 0 0 0 0 0 0 0 0 0 0 0 0 0 0 0 0 0 0 0 0 0 -0.00378 0 0 0 0 0 0 0 0 0 0 0 0 0 0 0 0 0 0 0 0 0 0 0 0 0 0 0 0 0 0 0
-0.0031111 -0.00586469 0 0 -0.0045132 0 0.300704 0 -0.0104024 -0.0112922 -0.00206324 -0.00704817 -0.000911872 0.00911209 -0.0207169 0 0.00896769 -0.0191522 -0.0017336 0 0 -0.0293052 0 0.00662223 0 -0.00516281 -0.00194105 -0.0236596 -0.0404641 0.229343 -0.0925623 -0.0109128 -0.0556649 -0.00197676 -0.0284936 0 -0.0157645 -0.00532511 0.0112173 -0.0135729 0.0191905 -0.0130147 0.014525 -0.0765823 0.00740354 0 0 0 0 -0.00359819 -0.00548794 0.00501703 0 0.00274662 0.00160547 -0.0174135 0 0.0210261 0 0 -0.00788801 0 -0.0676919 0.0267174 0 0 0 0 0 0 0 0 0 0 0.0315915 0 0.0125521 0 0.0249853 0 0 0.00339305 0 0 0 0 0 0 0.00748577 0 -0.0411258 0 0 0 0 0 -0.0163574 0.00239121 0.0091261 -0.0206856 0.00364516 0 0 0 -0.0598857 0 0 0 0 0 0 0 0 0 -0.0125718 0 0 0 0 0.000124505 0 0.00633011 0 0 0.0170894 0 0 0 0.00678277 0 0 0 0 -0.101213 0 0 0 0 0 0 0 0 0 0 0 0 0 0.0648223 0.0219469 0 0 0 0.14555 0 0.00292245 0.0193435 0 0 0 0 0 0.0607259 0 0 0 0 0 0 0 0 0 0 0 0 0 0 0 0 0 0 0 0 0 0 -0.0240462 0 0 0 0 0 0 0 0 0 0 0 0 0 0 0 0 0 0 0 0 0 0 0 0 0 0 0 0 0 0 0
-0.0376132 -0.0184764 0 0 -0.0055248 0.002985 0.0046275 -1.46937e-06 0.00032195 -0.0039254 -0.0047088 -0.00616621 0 0 -0.0108 -0.0232251 -0.000278321 0 0.0122402 -0.00142413 0 -0.0366498 0.00662223 0 0 0 -0.000736121 0 -0.0114557 0.00509286 -0.0418071 0 0 0.00317597 0 0 0 0 0 0 0 -0.00169097 0.00944101 -0.0364633 0 0 0 0 -0.00647911 0 0.00380932 0 0 0.00267515 0.00152795 -0.0189114 0 0 0 0 -0.00327679 0 0 0 0 0 -0.0215084 0 0 0 0 0 0 0 -0.00717898 0 0 0.000198254 -0.0120077 0 0 -0.00920518 0 0 0 0 0 0 0.00184362 0 0 0 0 0 0 0.00225266 -0.00367109 0 0 0.00276223 0.0138947 0 0 0 0 0 0 0 0 0 0 0 0 0 -0.0247413 0 0 0 0 0.00747094 0 -0.00836618 0 0 -0.018479 0 0 0 0.00227691 0 0 0 0 0.00499986 0 0 0 0 0 0 0 0 0 0 0 0 0 -0.0155398 0.00317182 0 0 0 0.00899265 0 -0.00165684 0 0 0 0 0 0 0 0 0 0 0 0 0 0 0 0 0 0 0 0 0 0 0 0 0 0 0 0 0 -0.00694768 0 0 0 0 0 0 0 0 0 0 0 0 0 0 0 0 0 0 0 0 0 0 0 0 0 0 0 0 0 0 0
0 -0.00046822 0.00463579 0 0 0.00209267 0 0 0 0 0 0 0 0 -0.00637753 0 -0.00137019 0 0.0143184 -0.00961785 0 0 0 0 0 -0.0718935 -0.00040134 0 0.0439164 0 -0.0467959 0 -0.000246746 0 0.0297372 2.90754e-07 0 0 0 0 -0.0180228 -0.0123019 0.0388126 -0.00433892 0 0 0 0 -0.000696872 0 0.00731678 -0.00261687 0 0 0.0101572 0 0 0 0 0 6.20787e-06 0 0 -0.0167792 0 0 -0.000125577 0 0 0 0 0 0 0 -0.00321759 0 0 0.0191331 0 0 0 -0.0112611 0 0 0 0 0 0 0.00988078 0 0.000701113 0 0 0 0 0 -0.00189932 0 0.0351696 0 0 0 0 0 0.00260333 0 0 0 0 0 0 0 0 0 -0.0136995 0 0 0 0 -6.83113e-06 0 -0.0123364 0 0.00365696 -0.00200678 0 0 0.00276359 0.000477471 0 0 0 0 0.0504926 0 0 0 0 0 0 0 0 0 0 0 0 0 0.0094484 0.0249218 0 0 0 0 0 -0.0409233 -0.0138699 0 0 0 0 0 0 0 0 0 0 0 0 0 0 0 0 0 0 0 0 0 0 0 0 0 0 0 0 -0.00325967 0 0 0 0 0 0 0 0 0 0 0 0 0 0 0 0 0 0 0 0 0 0 0 0 0 0 0 0 0 0 0
0 0 0 0.00821678 0 0 0 0 -0.053934 0.000210732 -0.00473458 -0.0998253 -0.0349031 -0.0303012 0.011447 -0.0237024 0.0088199 0 -0.0198214 0 0 -0.0330955 -0.00516281 0 -0.0718935 0 0.00183931 0 0.00146884 0 0.0214348 0 -0.0104244 -0.0281387 -0.0793928 -0.00712367 0 0 0 0 0 0 -0.0465664 0.00471064 0 0 0 0 0 0.0409357 -0.0182865 8.3186e-07 0 0 -0.083106 0 0 0 0 0 0 0 0 0 0 0 -0.00537235 0 0 0 0 0 0 0 0 0 -0.00539177 -0.0321151 -0.0204779 0 0 0.0182211 0 0 0 0 0 0 -0.0189654 0 0 0 0 0 0 0 0.00393444 0 -0.00574624 -0.00189342 0.000450975 0 0 0 -0.00660689 0 0 0 0 0 0 0 0 0 0.0195161 0 0 0 0 -0.00718774 0 0.00629087 0 -0.00369189 0 0 0 -0.00429605 0 0 0 0 0 -0.0381058 0 0 0 0 0 0 0 0 0 0 0 0 0 -0.00740188 -0.0294878 0 0 -0.00346908 0 0 0.0110729 0.0207714 0 0 0 0 0 -0.000365912 0 0 0 0 0 0 0 0 0 0 0 0 0 0 0 0 0 0 0 0 0 0 0 0 0 0 0 0 0 0 0 0 0 0 0 0 0 0 0 0 0 0 0 0 0 0 0 0 0 0 0 0 0 0
0.00211671 0 0 0 0.00313328 0 -0.00328516 0 0 0 0 0 0 -0.00612101 0.0167924 0 0.0587786 0 -0.0280003 -4.86173e-06 0 0 -0.00194105 -0.000736121 -0.00040134 0.00183931 0 0 0 -0.00355304 0.0100699 0 -0.0254734 -0.0055452 -0.00102976 0 0.0113957 0 0.0169919 0.0215943 0 0 -0.00915877 0.00328585 0 0 0 0 -4.71959e-06 0 -0.00574285 -0.00368425 0 -0.0209332 -0.0329417 -0.0165305 0 0 0 0 0.00154629 0 0 -0.0174878 0 0 0 0 0 0 0 0 0 0 -0.0105123 0 -0.00802318 -0.0115936 0 0 0 0.0124718 0 0 0 0 0 0 -0.0292502 0 0 0 0 0 0 -0.0112085 0.00334672 -0.0131531 -0.000390106 0 -0.00313288 0 0 0 0 0 0 0 0 0 0 0 0 0 0.0260342 0 0 0 0 -0.00381143 0 0.00563139 0 -0.0174925 0 0 0 -0.00384957 -0.00217627 0 0 0 0 -0.00313267 0 0 0 0 -0.0148216 0 0 0 0 0 0 0 0 0 -0.00962446 0 0 -0.0036998 -0.00357986 0 0.00225772 0 0 0 0 0 0 -0.00525042 0 0 0 0 0 0 0 0 0 0 0 0 0 0 0 0 0 0 0 0 0 0 0 0 0 0 0 0 0 0 0 0 0 0 0 0 0 0 0 0 0 0 0 0 0 0 0 0 0 0 0 0 0 0
-0.00657272 0 0 0 -0.00284761 -0.0173148 -0.00594468 -1.78922e-07 0 0 -0.0125827 -0.0021217 -0.00611795 -0.0173275 -0.00424874 1.72642e-06 -0.00113002 0 0.000187743 0 0 -0.000627448 -0.0236596 0 0 0 0 0 0.00610008 -0.0545332 0.0119321 0 0.0069538 0 0 -0.0506001 0 0 0 -0.00286124 -0.0717579 5.91869e-07 0 0.0112974 0 0 0 0 -0.0085991 0 -0.0893063 0.157819 0 0.00426947 0 -0.0420316 0 -0.0104361 0 0 0 0 0 0.0151273 0 0 -0.0205447 0 0 -0.0440818 0 0 0 0 0.0299168 0 0.0351752 0.000736746 -0.00114842 0 0 -0.00492968 0 0 0 0 0 0 0.0248691 0 0.045313 0 0 0 0 0 0 0.0298115 -0.00220752 0.0490889 0.0453891 0 0 0 -0.00895473 0 0 0 0 0 0 0 0 0 -0.00282527 0 0 0 0 0 0 2.22648e-06 0 0.0278475 1.69742e-05 0 0 0.00312328 0 0 0 0 0 -0.00457065 0 0 0 0 0 0 0 0 0 0 0 0 0 0 -0.0440623 0 0 0 -0.00829236 0 0 1.05687e-06 0 0 0 0 0 -0.0551182 0 0 0 0 0 0 0 0 0 0 0 0 0 0 0 0 0 0 0 0 0 0 1.07166e-06 0 0 0 0 0 0 0 0 0 0 0 0 0 0 0 0 0 0 0 0 0 0 0 0 0 0 0 0 0 0 0
0.00183433 0.00408845 -0.000781419 -0.0029289 0.00652489 -0.00289418 -0.0294603 -9.35866e-05 0.00331762 0.0533641 9.04723e-05 0.00479119 0.00712235 -0.00458352 0.0454902 0 0 -0.00480501 -0.014383 0.00212415 -0.00948853 8.16291e-05 -0.0404641 -0.0114557 0.0439164 0.00146884 0 0.00610008 0 -0.0561255 0.0152625 0 0.00327507 -0.00612935 0.00965996 -2.15531e-06 0.000234464 0 -0.0521285 0 -0.0344505 0.0109029 -0.0276129 0.0232602 -0.00230383 0 0 0 0 0 -0.0032313 -0.0197551 0 -0.00255949 0 0 0 -0.00324417 0 0 0.0852367 0 0.0303605 -0.00427159 0 0 0.0114765 0 0 -0.00419151 0 0 0 0 0 0 -0.0419328 0.0527597 0 0 0 0.016578 0 0 0 0 0 0 0.0555428 0 0 0 0 0 0 0 0.0521952 -0.0080365 0.043072 5.78108e-06 0.00203856 0 0 0 0 0 0 0 0 0 0 0 0 0 0.026234 0 0 0 0 -0.0571394 0 0.000882361 0 -0.00501747 -0.0347784 0 0 -0.0512016 -0.00517641 0 0 0 0 -0.00161239 0 0 0 0 0 0 0 0 0 0 0 0 0 0 0 0 0 0.0342864 -0.0582393 0 -0.00471643 0 0 0 0 0 0 -0.00294736 0 0 0 0 0 0 0 0 0 0 0 0 0 0 0 0 0 0 0 0 0 0 0.0276917 0 0 0 0 0 0 0 0 0 0 0 0 0 0 0 0 0 0 0 0 0 0 0 0 0 0 0 0 0 0 0
-0.00643949 -0.0066135 0 0 -0.00485757 0 0.127308 -1.36638e-06 -0.00558396 -0.0253694 -0.0414203 -0.00500502 -0.0116605 -0.0481145 -0.0279229 -0.0189895 0.0203243 -0.0108269 0 0 0 -0.0244045 0.229343 0.00509286 0 0 -0.00355304 -0.0545332 -0.0561255 0 -0.0368328 -0.00759571 0.000928363 0.00057837 -0.0137213 0 -0.0309084 0 0.0169003 -0.00720132 0.00801937 0 0.00558022 -0.0534067 0.0129088 0 0 0 0.0193228 -0.00582148 0.00763316 0.0265205 0 0.00489817 0 0 0 0.0496471 0 0 -0.00779714 0 -0.0175767 0.0499941 0 0 0 0 0 0.00171084 0 0 0 0 0.0752148 0 0.0567672 0 0.0303451 0 0 0.00577563 0 0 0 0 0 0 0.0173214 0 -0.00863317 0 0 0 0 0 -0.0128664 0.0263734 0.0145363 -0.0238972 0.0019464 0 0 0 -0.0292368 0 0 0 0 0 0 0 0 0 0 0 0 0 0 0 0 0 0 0.00266114 0.0536946 0 0 0.00607692 0.00933684 0 0 0 0 -0.0797466 0 0 0 0 0 0 0 0 0 0 0 0 0 0 0.00497337 0 0 0 0.156527 0 0.0120977 0.0175513 0 0 0 0 0 0.0241979 0 0 0 0 0 0 0 0 0 0 0 0 0 0 0 0 0 0 0 0 0 0 0.0196678 0 0 0 0 0 0 0 0 0 0 0 0 0 0 0 0 0 0 0 0 0 0 0 0 0 0 0 0 0 0 0
0 0.0102167 -0.0167654 0 0.00930015 -0.00842968 -0.0369245 -0.044892 0 0.00710313 0.0552503 0 -0.00187372 -0.071549 0.0502474 -0.0041505 0.00758171 0.0142411 -0.0315083 0.00171191 -0.00214878 -3.89315e-07 -0.0925623 -0.0418071 -0.0467959 0.0214348 0.0100699 0.0119321 0.0152625 -0.0368328 0 0 -0.00832219 -0.0136072 -0.0169558 -0.20588 0 -0.05781 0 0.000981273 -0.00694404 0.0200063 -0.0308512 0.114157 -0.0734058 0 0 0 0 0.0386274 -0.0618202 0.124859 0 0.0552907 -0.0190297 0 0 -0.0982424 0 0 0.00104592 0 0 -0.0599205 0 0 -0.115274 0 0 0 0 0 0 0 0 0 -0.0154685 -0.0263709 -0.0612052 0 0 0.0414598 0 0 0 0 0 0 -0.0159516 0 -0.00511666 0 0 0 0 0 0.0297999 0 -0.0308108 0.0161208 -0.0125806 0 0 0 -0.0733636 0 -1.68993e-07 0 0 0 0 0 0 0 0.0428801 0 0 0 0 -0.0165223 0 0.0664622 0 -0.000120838 5.24924e-09 0 0 0.0029608 -0.00921509 0 0 0 0 -0.0444877 0 0 0 0 -0.00952869 0 0 0 0 0 0 0 0 -0.0226819 -0.0574917 0 0 -0.00203432 -0.0501345 0 0.0865083 0.0163572 0 0 0 0 0 -0.028902 0 0 0 0 0 0 0 0 0 0 0 0 0 0 0 0 0 0 0 0 0 0 0.00242567 0 0 0 0 0 0 0 0 0 0 0 0 0 0 0 0 0 0 0 0 0 0 0 0 0 0 0 0 0 0 0
-0.012294 -0.0234573 0.0121262 0 0 0 -0.00216368 0 -0.00138702 0 0 -0.0022416 -0.00776421 -0.000463708 0 -0.00108309 0.000485006 0 0 -0.00074285 0.00973044 -0.000157068 -0.0109128 0 0 0 0 0 0 -0.00759571 0 0 -0.020517 0 -0.00223418 -0.00677006 0.0153354 0 0 0 0 0 0 0 0 0 0 0.0138759 -0.00553928 0 0 0 0 0 -0.0013394 0 0 -0.00166613 0 0 0 0 0 -0.000279045 0 0 -0.002994 0 0 0 0 0 0 0 -0.0128758 0 -0.00102303 -0.0147113 -0.022433 0 0 0 0 0 0 0 0 0 -0.0325362 0 -0.000102323 0 0 0 0 0 0 0 -0.00336178 0 -0.00465385 0 0 0 0 0 0.000454445 0 0 0 0 0 0 0 0 0 0 0 0 0 0 -0.0244919 0 -0.00199719 -0.0137024 0 0 -0.00133529 0 0 0 0 0 0 0 0 0 0 -0.000556148 0 0 0 0 0 0 0 0 -0.000568985 -0.010119 0 0 -0.000484873 0 0 0 0 0 0 0 0 0 -0.000891675 0 0 0 0 0 0 0 0 0 0 0 0 0 0 0 0 0 0 0 0 0 0 -0.0059231 0 0 0 0 0 0 0 0 0 0 0 0 0 0 0 0 0 0 0 0 0 0 0 0 0 0 0 0 0 0 0
-0.0243247 -0.00671844 0 -0.0122113 -0.0300068 0 -2.9012e-06 0 0.0321214 -0.0198095 -0.00306419 -0.0224998 -0.00777141 0 -0.0222796 0 -0.0690005 0.000747774 0.0284615 0 0.00736006 0.025159 -0.0556649 0 -0.000246746 -0.0104244 -0.0254734 0.0069538 0.00327507 0.000928363 -0.00832219 -0.020517 0 0.0244683 0.0763456 -0.0175278 -0.000745398 -0.0116056 -0.00343388 -0.00172899 -0.0230526 0.0626431 -0.00874908 0 0 0 0 -0.0275586 0.0174078 -0.00802935 0.0474341 0.0834507 0 0.0398423 0.0216179 0.0160739 0 -0.0301021 0 0 -0.0123713 0 0.0329819 0.0183824 0 0 0.00376512 0 0 0 0 0 0 0 0 0 0.0705072 0.112636 0.0033053 0 0 -0.0302481 0 0 0 0 0 0 0.114603 0 0.0429493 0 0 0 0 0.00476172 0.00540906 0.0675228 0.0219003 0.0242163 0.0252166 0 0 0 0.00175449 0 0 0 0 0 0 0 0 0 -0.0403676 0 0 0 0 0.030907 0 -0.0130315 0 0.0774702 0.00804597 0 0 0.0674801 0.0120724 0 0 0 0 -0.0274236 0 0 0 0 0 0 0 0 0 0 0 0 0 0 0.0345565 0 0 0.0311448 0 0 -0.00397584 -0.00704634 0 0 0 0 0 0.0282367 0 0 0 0 0 0 0 0 0 0 0 0 0 0 0 0 0 0 0 0 0 0 0.0182127 0 0 0 0 0 0 0 0 0 0 0 0 0 0 0 0 0 0 0 0 0 0 0 0 0 0 0 0 0 0 0
-0.0110712 -0.00640069 -3.66085e-06 0 -0.0124923 0.00397364 0 -2.97496e-06 0.00136991 -0.012814 0 -0.00558168 -0.00344294 0 -0.0530278 0 -0.00609802 0.0141702 0.0262273 -0.00522577 0 -0.00233819 -0.00197676 0.00317597 0 -0.0281387 -0.0055452 0 -0.00612935 0.00057837 -0.0136072 0 0.0244683 0 0.0090085 0 0 -0.00218659 0 0 0 0.00601319 0.022473 -0.0186156 0 0 0 0.00794984 0 -0.0132851 0.0124661 0.0103161 0 0.00619321 0.00987745 0.0367604 0 0 0 0 -0.0139003 0 0 0 0 0 -0.00983545 0 0 0 0 0 0 0 -0.000456704 0 0.0108681 0.0181255 0 0 0 -0.0728351 0 0 0 0 0 0 0.0256048 0 0.00437711 0 0 0 0 0.00407734 -0.0147442 0.0104312 0.0050012 0.00844931 0.0173868 0 0 0 0.00438294 0 0 0 0 0 0 0 0 0 -0.0615755 0 0 0 0 0.0171994 0 -0.0166295 0 0.0119456 -0.00464869 0 0 0.0135725 0.00708705 0 0 0 0 0.0116923 0 0 0 0 0 0 0 0 0 0 0 0 0 -1.84795e-06 0.00872632 0 0 0.00700287 0.00480688 0 -0.013107 -0.00629171 0 0 0 0 0 0 0 0 0 0 0 0 0 0 0 0 0 0 0 0 0 0 0 0 0 0 0 0 -0.00964541 0 0 0 0 0 0 0 0 0 0 0 0 0 0 0 0 0 0 0 0 0 0 0 0 0 0 0 0 0 0 0
0 0 0 -0.00593307 -0.00721658 0 -0.0599597 0 0.0228968 -0.0540172 0 0 0 0.00783379 -0.00884986 0.00291441 -0.0192136 0 0.0236712 -0.0327177 0 0.0249594 -0.0284936 0 0.0297372 -0.0793928 -0.00102976 0 0.00965996 -0.0137213 -0.0169558 -0.00223418 0.0763456 0.0090085 0 0 0 -0.0124973 -0.00196891 0 -0.00497771 0.0215696 0.0282037 0.0804043 0.0245043 0 0 -0.000583694 0 -0.138613 0.0280509 0.00770055 0 0 0.0355112 0.0217804 0 -0.00311566 0 0 4.62052e-06 0 0.0179656 0 0 0 0.0100705 0 0 -0.000570054 0 0 0 0 0.0249687 0 0.0452024 0.0795023 0.0274722 0 0 -0.00997823 0 0 0 0 0 0 0.0398717 0 0.0125678 0 0 0 0 -0.0224463 0 0.00798871 0.0295378 0.00116549 -0.000267357 0 0 0 0.015142 0 0 0 0 0 0 0 0 0 -0.00023336 0 0 0 0 0.0460972 0 -0.00703071 0 0.0229601 0.0235472 0 0 0.0204971 0 0 0 0 0 0.0365521 0 0 0 0 -0.0258352 0 0 0 0 0 0 0 0 0 0.0565586 0 0 0.0268273 -0.0584906 0 -0.00721168 -0.0868823 0 0 0 0 0 1.25196e-05 0 0 0 0 0 0 0 0 0 0 0 0 0 0 0 0 0 0 0 0 0 0 0.0773511 0 0 0 0 0 0 0 0 0 0 0 0 0 0 0 0 0 0 0 0 0 0 0 0 0 0 0 0 0 0 0
0.0374045 0.0200462 -0.0117924 -0.0262295 0.018189 -0.0104308 0 0 0.00952159 0.020522 0.0548446 0.0473311 0.0368007 0.0446843 0 0.0229508 0 -0.00359656 -0.00159737 0.0156159 -0.0141411 0.0332427 0 0 2.90754e-07 -0.00712367 0 -0.0506001 -2.15531e-06 0 -0.20588 -0.00677006 -0.0175278 0 0 0 0.00761322 0 0 0 0.000859083 0.0207477 -0.0345395 -0.0476315 0 0 0 0 0.00681346 -0.00984176 0.00133825 -0.114437 0 -0.00900512 0.000298647 0 0 0.0201535 0 0 0 0 0 -0.0736738 0 0 0.0344903 0 0 -0.00015623 0 0 0 0 0.007416 0 -0.0243489 0 0.0232786 0 0 -1.83883e-06 0 0 0 0 0 0 -0.00560706 0 0 0 0 0 0 0 0 -0.0323773 0 -0.0123867 0.0225856 0 0 0 0.0254603 0 -0.0197644 0 0 0 0 0 0 0 0.00860657 0 0 0 0 0 0 -2.34772e-06 0 -0.0226901 0.00755029 0 0 0 0 0 0 0 0 0.0014253 0 0 0 0 0.0254943 0 0 0 0 0 0 0 0 0.00988661 0.0308912 0 0 0 0 0 0 0 0 0 0 0 0 0.00642761 0 0 0 0 0 0 0 0 0 0 0 0 0 0 0 0 0 0 0 0 0 0 0.0306058 0 0 0 0 0 0 0 0 0 0 0 0 0 0 0 0 0 0 0 0 0 0 0 0 0 0 0 0 0 0 0
0 0 0.0206565 0 0 0 -0.0058893 0 0 0 0 0 0 0 0 0 0 0 0 0 0 0 -0.0157645 0 0 0 0.0113957 0 0.000234464 -0.0309084 0 0.0153354 -0.000745398 0 0 0.00761322 0 0 0 0 0 0 0 0 0 0 0 0.0240075 -0.0191465 -1.21378e-06 0 -0.00209552 0 -0.00182709 -0.0148507 0 0 0 0 0 0 0 0 -0.0150223 0 0 0 0 0 0 0 0 0 0 -0.00573506 0 -0.0116445 -0.00372502 -0.0069019 0 0 0 0 0 0 0 0 0 -0.00487787 0 0 0 0 0 0 0 0 0 -0.00135971 0 0 0 0 0 0 0 0 0 0 0 0 0 0 0 0 0 0 0 0 0 0 -0.0194254 0 -0.000243614 -0.0098733 0 0 -0.00123696 -0.0250257 0 0 0 0 0 0 0 0 0 0 0 0 0 0 0 0 0 0 0 -0.00211151 0 0 0 -0.00627144 0 0 0 0 0 0 0 0 -0.0404373 0 0 0 0 0 0 0 0 0 0 0 0 0 0 0 0 0 0 0 0 0 0 0 0 0 0 0 0 0 0 0 0 0 0 0 0 0 0 0 0 0 0 0 0 0 0 0 0 0 0 0 0 0 0
0 0 0.0162582 0.0248478 0.000180066 0.0168288 0 0.022585 -0.0141738 0 0.00153254 0.00076877 0 0 0.00412234 0 5.48809e-05 -0.000791194 -0.0631771 0.00182679 0 -0.0193364 -0.00532511 0 0 0 0 0 0 0 -0.05781 0 -0.0116056 -0.00218659 -0.0124973 0 0 0 0 0 0 -2.40467e-06 -0.00125063 0 0.0081598 0 0 0.000255309 0 -6.87356e-07 -0.00275612 -0.00316217 0 -0.000775002 0 0 0 0 0 0 0.0299151 0 0 0.0018999 0 0 0 0 0 0 0 0 0 0 0 0 -0.00322312 -0.00878998 0 0 0 0.0143596 0 0 0 0 0 0 -0.0357101 0 -0.00649243 0 0 0 0 0 0.00103704 -0.00705749 -0.00358732 -0.00151752 -0.00925997 0 0 0 -0.0139738 0 0 0 0 0 0 0 0 0 0.00892938 0 0 0 0 -0.0659594 0 0 0 -0.0201013 0 0 0 -0.00373794 -0.000294635 0 0 0 0 -0.0057509 0 0 0 0 0 0 0 0 0 0 0 0 0 0 -0.00620313 0 0 -0.00129794 0 0 0 0 0 0 0 0 0 0 0 0 0 0 0 0 0 0 0 0 0 0 0 0 0 0 0 0 0 0 0 0 0 0 0 0 0 0 0 0 0 0 0 0 0 0 0 0 0 0 0 0 0 0 0 0 0 0 0 0 0 0 0 0
0 0 0 0 0 -0.00823057 0.00307498 0 0 0 0 0 -0.000476191 -0.00520654 0 -0.0112785 0.018912 0 -0.000666173 0 0 0 0.0112173 0 0 0 0.0169919 0 -0.0521285 0.0169003 0 0 -0.00343388 0 -0.00196891 0 0 0 0 0 0 0 0 0 0 0 0 0.00103944 0 0 0 0 0 -0.00215775 -0.0167627 0 0 0 0 0 0 0 -0.00478155 0 0 0 -0.0107982 0 0 0 0 0 0 0 0 0 0 -0.0248314 0 0 0 0 0 0 0 0 0 0 -0.00570583 0 0 0 0 0 0 0 0 0 0 0 0 0 0 0 0 0 0 0 0 0 0 0 0 0 0 0 0 0 0 0 0 0 0 -0.00107646 0 0 0 0 0 0 0 0 0 -0.00244479 0 0 0 0 0 0 0 0 0 0 0 0 0 0 -0.00176747 0 0 -0.00205948 0.00219701 0 0 0 0 0 0 0 0 0 0 0 0 0 0 0 0 0 0 0 0 0 0 0 0 0 0 0 0 0 0 0 -0.000230941 0 0 0 0 0 0 0 0 0 0 0 0 0 0 0 0 0 0 0 0 0 0 0 0 0 0 0 0 0 0 0
0 0 0 0 0 0 -0.0149317 0 0 0 0 0 -0.00937457 -0.0165379 0.00171031 -0.0109563 0.000634099 0.013106 -0.000851384 0 1.23999e-06 0.0184478 -0.0135729 0 0 0 0.0215943 -0.00286124 0 -0.00720132 0.000981273 0 -0.00172899 0 0 0 0 0 0 0 0 0 0 0 0 0 0 0 0 0 0 -0.000806869 0 -0.000457835 0 0 0 -0.00562789 0 0 0.0594639 0 0 -0.00759058 0 0 0 0 0 0 0 0 0 0 -0.0254788 0 -0.00864501 -0.0159999 -0.0108671 0 0 0.00221931 0 0 0 0 0 0 -0.00143017 0 -9.22418e-05 0 0 0 0 0 0.00390104 -0.00222643 0 0 0 0 0 0 0 0 0 0 0 0 0 0 0 0 0.000534007 0 0 0 0 0 0 0 0 -0.0126446 -0.0142089 0 0 -0.000473835 0 0 0 0 0 0 0 0 0 0 0 0 0 0 0 0 0 0 0 -0.0131579 -0.00191355 0 0 0 -0.00538778 0 -1.73651e-06 0 0 0 0 0 0 0 0 0 0 0 0 0 0 0 0 0 0 0 0 0 0 0 0 0 0 0 0 0 0 0 0 0 0 0 0 0 0 0 0 0 0 0 0 0 0 0 0 0 0 0 0 0 0 0 0 0 0 0 0 0
0 0 0 0 0 0 0.0144092 0 -0.053837 0 0.00945107 0 0 0 -0.0296269 0.000173863 0 0 -0.0321283 0 0 0 0.0191905 0 -0.0180228 0 0 -0.0717579 -0.0344505 0.00801937 -0.00694404 0 -0.0230526 0 -0.00497771 0.000859083 0 0 0 0 0 -0.00851569 0.00104632 -0.00626703 0 0 0 0.000385483 0 0 0 -0.00637534 0 -0.00462562 -0.00756731 -0.0013459 0 0.0715151 0 0 -0.0158161 0 -0.00302847 0.00149366 0 0 0 0 0 0 0 0 0 0 0 0 0 -0.0179874 0 0 0 -0.0120401 0 0 0 0 0 0 -0.0410031 0 -0.0471174 0 0 0 0 1.0164e-06 -0.000291953 -0.00805365 -0.00902911 -0.00418779 -0.00156838 0 0 0 0.0426914 0 0 0 0 0 0 0 0 0 -0.01976 0 0 0 0 0 0 0 0 -0.0239159 0 0 0 -0.00332066 0 0 0 0 0 0 0 0 0 0 0 0 0 0 0 0 0 0 0 0 -0.0115519 0 0 -0.0285145 0.0181098 0 0 0 0 0 0 0 0 0.0408928 0 0 0 0 0 0 0 0 0 0 0 0 0 0 0 0 0 0 0 0 0 0 -0.0849999 0 0 0 0 0 0 0 0 0 0 0 0 0 0 0 0 0 0 0 0 0 0 0 0 0 0 0 0 0 0 0
