0.893873 -0.0441849 0.0275664 -0.0501042 -0.0356709 0.00394422 -0.0310805 -0.0134799 0.00785397 -0.0652172 0.180671 -0.0578212 0.0375004 0.00391923 0.00103796 0.12014 -1.38697e-06 0.0375148 -0.00871935 -1.01309e-06 -0.0118071 -0.0296752
-0.0441849 1.06617 0.0639437 0.0348037 0.213046 -0.00865305 0.114583 -0.00104077 0.0835978 0.0348311 0.0287831 -0.00895726 0.0843241 -0.00859192 -0.0797143 0.0590517 -2.37588e-07 0.136794 -0.0148538 -7.12211e-07 0.223075 0.0209041
0.0275664 0.0639437 0.75376 -0.0262088 -0.00186334 0.0270178 0.0550468 0.0255641 0.00833549 -0.0147708 0.0360893 -0.0514841 0.0870804 0.0268406 -0.066358 0.0573527 -3.89611e-07 0.0536339 -0.00258429 -4.61943e-07 -0.0399311 0.158894
-0.0501042 0.0348037 -0.0262088 0.477895 0.0712406 0.0132947 -0.024792 0.0352952 0.0692218 -0.00785906 -0.0450592 0.0627124 -0.0726773 0.0132056 0.18339 -0.0401059 -1.11431e-06 -0.0555499 -0.0155904 -4.269e-07 0.11984 -0.0306426
-0.0356709 0.213046 -0.00186334 0.0712406 0.723815 -0.101422 0.072807 -0.0434099 0.120838 0.0629457 0.107132 0.00608835 -0.0370554 -0.100759 -0.00164644 0.0751672 -1.39597e-06 0.147175 -0.00144611 2.66534e-08 0.285916 -0.0348202
0.00394422 -0.00865305 0.0270178 0.0132947 -0.101422 0.52079 0.0210343 0.238382 0.041117 -0.114084 -0.0608284 0.0605299 -0.000132833 0.517384 0.0322786 -0.0180848 6.38518e-08 0.00903275 0.000900988 -3.16466e-07 -0.151593 0.133062
-0.0310805 0.114583 0.0550468 -0.024792 0.072807 0.0210343 0.276546 0.0530757 0.0247714 0.0148389 0.0959084 -0.0155029 0.00604478 0.0208949 -0.0814438 0.030564 1.53089e-07 0.134042 0.0023129 -1.48658e-07 0.0473247 0.0627926
-0.0134799 -0.00104077 0.0255641 0.0352952 -0.0434099 0.238382 0.0530757 0.438465 0.0506215 -0.0767009 -0.0139879 0.163822 -0.0377138 0.236821 0.0401524 -0.00378016 -3.63653e-07 0.0445622 -0.000107692 -8.26034e-07 -0.0523615 0.229045
0.00785397 0.0835978 0.00833549 0.0692218 0.120838 0.041117 0.0247714 0.0506215 0.715528 -0.213992 0.0229203 0.00061206 -0.0251818 0.0408437 0.0187529 0.0111187 -1.37749e-06 0.0150961 -0.0055375 1.3832e-07 0.154107 0.0214954
-0.0652172 0.0348311 -0.0147708 -0.00785906 0.0629457 -0.114084 0.0148389 -0.0767009 -0.213992 0.799822 0.0610008 0.0125775 0.0766149 -0.113338 0.00765414 0.0152837 -1.03738e-07 0.0130937 0.00822323 -7.63076e-07 0.0585737 -0.027372
0.180671 0.0287831 0.0360893 -0.0450592 0.107132 -0.0608284 0.0959084 -0.0139879 0.0229203 0.0610008 0.697228 -0.0216689 0.0143724 -0.0604333 -0.0556438 0.112436 -1.74271e-08 0.13172 0.0149771 1.26957e-06 0.0955756 0.0141073
-0.0578212 -0.00895726 -0.0514841 0.0627124 0.00608835 0.0605299 -0.0155029 0.163822 0.00061206 0.0125775 -0.0216689 0.447983 -0.00492696 0.0601338 0.0758392 0.00556309 7.68518e-07 -0.00535589 -0.00308411 -1.32216e-07 0.00167266 0.00971675
0.0375004 0.0843241 0.0870804 -0.0726773 -0.0370554 -0.000132833 0.00604478 -0.0377138 -0.0251818 0.0766149 0.0143724 -0.00492696 0.6806 -0.000132483 -0.110044 0.0514529 2.03742e-06 0.0371719 0.013184 2.17743e-06 -0.102402 0.0385441
0.00391923 -0.00859192 0.0268406 0.0132056 -0.100759 0.517384 0.0208949 0.236821 0.0408437 -0.113338 -0.0604333 0.0601338 -0.000132483 0.514 0.0320646 -0.0179705 6.33314e-08 0.00897264 0.000894309 -3.14571e-07 -0.150599 0.132191
0.00103796 -0.0797143 -0.066358 0.18339 -0.00164644 0.0322786 -0.0814438 0.0401524 0.0187529 0.00765414 -0.0556438 0.0758392 -0.110044 0.0320646 0.691969 -0.107677 -1.05855e-06 -0.10332 -0.0192466 -1.84221e-06 0.139263 -0.0532642
0.12014 0.0590517 0.0573527 -0.0401059 0.0751672 -0.0180848 0.030564 -0.00378016 0.0111187 0.0152837 0.112436 0.00556309 0.0514529 -0.0179705 -0.107677 0.504085 -1.51277e-06 0.0888733 0.0152145 2.2402e-06 -0.0127859 0.0488723
-1.38697e-06 -2.37588e-07 -3.89611e-07 -1.11431e-06 -1.39597e-06 6.38518e-08 1.53089e-07 -3.63653e-07 -1.37749e-06 -1.03738e-07 -1.74271e-08 7.68518e-07 2.03742e-06 6.33314e-08 -1.05855e-06 -1.51277e-06 3.36484e-09 1.19171e-06 -2.98034e-07 -9.91972e-12 -9.64821e-07 6.00415e-07
0.0375148 0.136794 0.0536339 -0.0555499 0.147175 0.00903275 0.134042 0.0445622 0.0150961 0.0130937 0.13172 -0.00535589 0.0371719 0.00897264 -0.10332 0.0888733 1.19171e-06 0.34189 0.00830177 1.63322e-06 0.0589851 0.0709831
-0.00871935 -0.0148538 -0.00258429 -0.0155904 -0.00144611 0.000900988 0.0023129 -0.000107692 -0.0055375 0.00822323 0.0149771 -0.00308411 0.013184 0.000894309 -0.0192466 0.0152145 -2.98034e-07 0.00830177 0.038974 3.1046e-07 -0.0231134 0.00377051
-1.01309e-06 -7.12211e-07 -4.61943e-07 -4.269e-07 2.66534e-08 -3.16466e-07 -1.48658e-07 -8.26034e-07 1.3832e-07 -7.63076e-07 1.26957e-06 -1.32216e-07 2.17743e-06 -3.14571e-07 -1.84221e-06 2.2402e-06 -9.91972e-12 1.63322e-06 3.1046e-07 3.24371e-09 -3.29833e-07 5.06929e-07
-0.0118071 0.223075 -0.0399311 0.11984 0.285916 -0.151593 0.0473247 -0.0523615 0.154107 0.0585737 0.0955756 0.00167266 -0.102402 -0.150599 0.139263 -0.0127859 -9.64821e-07 0.0589851 -0.0231134 -3.29833e-07 0.854146 -0.0884371
-0.0296752 0.0209041 0.158894 -0.0306426 -0.0348202 0.133062 0.0627926 0.229045 0.0214954 -0.027372 0.0141073 0.00971675 0.0385441 0.132191 -0.0532642 0.0488723 6.00415e-07 0.0709831 0.00377051 5.06929e-07 -0.0884371 0.661263