0 0.0579108 0.00315915 0.00551713 0.0527405 0.00245068 -0.0128366 0.00876343 -0 0.0386752 0.0329944 0.0455706 0.0318165 0.0181767 0.0167355 0.0172069 0.0038336 0.000423878 -0 0.0212013 0.00488954 0.0204448 -0.00439507 -0 0.0159222 -0 0.00104273 -0 0.0289928 -0.00803817 0.00798597 0.0029064 -0.00177439 -0 -0 0.00488618 0.000369934 0.0121502 4.1889e-05 0.00044628 -0 -0.0120868 -0 0.0114087 0.00301112 -0 0.0191774 0.000275208 0.0144306 0.00754692 -0 -0 0.027966 -0 -0 -0 0.00032494 -0 -0 0.0440768 0.0126599 0.0241198 0.000835446 -0.00246133 0.00266262 -0 0.0175181 0.00716521 0.0264891 -0 0.000101257 -0 0.000948304 0.00061816 -0 0.0079219 -0 -0 -0.000160194 -0 0.00332066 0.00531452 0.0476984 0.00565593 -0.00149585 -0 -0 -0 -0.00211776 0.0213704 -0 0.0282605 -0 0.00343937 0.00896855 -0 0.00485803 -0.00428835 -0.00440394 -0.0137985 -0.00445685 0.0184756 -0.00563235 -0 -0 0.00375469 -0 -0 0.0131631 0.0121392 -0.0212823 -0 0.000832111 0.0120336 0.000349763 0.00492175 -0 0.0241114 -0 -0.00397896 0.000414632 -0.000162037 0.000438833 -0.00511638 -0 0.000347206 0.000723133 -0.00167349 -0.00454005 0.00073014 0.0305707 -0.00841778 0.0121918 -0 0.00307976 -0.00467005 -0 -0 -0 -0 -0.00108641 -0 -0 -0 0.00845095 0.00445019 -0.00285327 0.000948854 0.0015117 -3.15356e-05 -0 -0 -0.00319614 0.00519724 -0 -0.0013143 0.000655844 0.01211 -0 0.00714881 -4.34622e-05 -0.00260471 0.00801562 -0 -0 -0 -0.000658918 0.00397943 -0.00425989 -0 -0.00310959 0.00297448 0.00521634 -0.00264987 0.000205001 0.00341726 -0 -0 0.00329445 -0.00508274 0.0177755 -0 -0 0.00130216 -0.000249515 -0 -0 0.00416632 0.0070851 -0 -0.00186947 0.00343015 -0 -0.000728978 -0.00291856 -0 -0 -0 -6.70246e-05 -0 -0 -0 -0 -0.000576369 -0 -0 -0 -0 -0 -0.00214851 -0.00113759 0.00164581 -0 -0 -0 -0
0.0579108 0 0.00448072 0.000828015 0.0499886 0.000763007 -0.028482 0.00641178 0.00137017 0.0279284 0.00570875 0.0547024 0.0164329 0.0208022 0.0209859 0.0357886 0.00147903 0.00996625 0.000270195 0.0226485 0.00325317 0.0453779 -0.0124861 -0 0.00387238 -0 0.000339887 0.00377327 0.020318 -0.0224736 -0 0.00193067 -0 0.00494226 0.00032402 0.00525649 0.00236278 0.00281751 4.62207e-05 0.000236733 -0 -0.0060135 -0 0.00665545 0.000801762 -0 0.00119154 -0 0.0326759 0.00663416 -0 -0 0.0294533 0.000595045 0.000458351 -0 0.00113954 -0 -0 0.0144658 0.00157195 0.0262104 3.89063e-05 -0.000586988 0.00169893 0.00469981 0.0283732 0.0190183 0.0357267 -0 -0 -0.00530131 -0 0.000517148 -0 0.00694619 -0 -0 -0 -0 0.00291002 -0 0.0194512 0.00480119 -0 -0 -0 0.000447653 -0 0.0167125 -0 0.00675275 -0 0.0096427 0.00687221 0.00452058 0.00640918 -0 -0 -0 -0 0.0137019 -0.0170148 -0 0.0150358 0.00184654 0.00014467 -0 0.00473242 0.0162775 -0.00796284 0.000381704 0.0120176 0.00484414 -0 0.00511978 0.00518167 0.0034663 -0 -0 0.0028948 -0.00011649 -0 -0 -0 -0 -0 -0 -0 0.00120353 0.0345197 -0.00869699 0.00131039 -0 0.00262634 -0.000510485 0.000322001 -0.00143008 0.00514291 -0 -0 -0 -8.60163e-06 -0 0.00181053 0.00209757 -0.00138881 -0 0.00213074 -0 0.000537975 0.0062379 -0.00945389 0.00752632 -0 -0 0.0054362 0.00224045 0.00224328 0.00556436 -0.0126953 -0.00504241 0.00457181 -0.000300364 -0 -0 -0 0.00182833 -0 -0 -0 0.00854915 0.00314496 -0.000722025 -0 0.0273887 -0 0.00194525 0.0152661 -0 0.00562115 -3.06649e-06 -0.00470464 -0 -0 -0 -0 0.00456097 -0 -0 -0.000150833 -0 -0 -0 -0.000572727 -0 -0 -0 -0 -0 0.00190654 -0 -0.000658429 -0 -0 -0 -0 -8.08257e-05 -0.00377816 -0 -0.000120443 0.00903646 -0 -0 -0 -0
0.00315915 0.00448072 0 0.0288563 0.00739626 0.0423719 -0 0.0433709 -0 -0 0.00184596 0.000658984 -0 0.00111311 -0 0.00541469 0.00619173 0.0182574 0.000951723 0.00224589 0.0176911 0.000229845 -0 0.0124086 0.0107578 0.00955426 0.00701483 0.0051828 0.00386167 -0 0.0061021 0.0173909 -0 0.00972523 -0 -0 0.0160849 0.0206774 0.00912924 0.0197108 6.24573e-05 -0.0201815 0.011326 -0 0.0137305 0.0105527 0.0347699 0.0154598 -0 0.0113026 0.00167316 0.000474884 0.00516962 0.00360995 -0 -0 0.0154069 -0 0.00211688 0.00325024 -0 0.00210826 -0 -0 0.0194584 0.00831322 -0 0.0159279 0.00104381 0.0183833 0.00274424 0.00575791 0.0100118 0.0157349 -0 0.00858813 0.000246284 -0 -0 -0.000433623 0.0297173 -0 0.000370029 0.0175744 -0 0.00449704 3.8464e-05 0.00217644 -0 0.00241545 0.000148458 0.00876583 0.0162926 -0 0.0130687 0.0037068 -0 -0 -0 -0 0.00144669 0.000734878 -0 0.0024675 -0 0.0269527 0.00853244 0.00573996 0.02817 0.00150831 -0.000773666 -0 0.0139139 0.0117872 -0 0.00040996 -0 -0 0.00199864 0.00156665 -0 -0.000143597 0.00249522 -0 -0 0.0178152 0.0251725 -0 -0 0.0166751 0.00327484 -0 0.019412 -0 0.0239198 -0.0106093 -0 0.00182861 -0 0.00582862 -0 0.00690972 0.00913026 0.00356076 -0 0.00227684 -0.00688121 0.000241053 0.000399811 0.00112475 -0 -0 -0 0.00241283 -0 -4.07518e-05 0.00161913 -0 0.0148627 0.000859434 -0 -0 -0 0.00205934 0.00388995 0.00228762 -0 0.00440169 -0 -0 -0 0.00420794 0.01 -0 -0 -0 0.00676005 0.00332712 -0 -0 -0 -0 -0 -0 -0.00132508 0.000145491 -0 0.0105628 -0 -0 -0.00112376 -0.00011798 -0 -0 -0.00620402 0.000967476 0.00172078 -0 -0 -0 -0 0.000601537 -0 -0 0.000732316 -0 -0 -0 -0 -0 -0.00432444 0.00525178 -0 -0 -0 -0
0.00551713 0.000828015 0.0288563 0 0.0120956 0.0206047 -0.00732187 0.0209874 -0.0190233 -0 0.00429748 -0 -0 0.005481 -0 0.000479272 0.00975603 0.0140863 -0 -0 0.00947812 -0 -0.00115829 0.00505782 0.00727394 0.0331525 0.0164894 0.0269305 -0 -0.00151234 0.0125611 0.0313015 -0.0113072 0.00692 -0 -0 0.020476 0.0326505 0.0201833 0.0119504 0.000356116 -0.0127867 0.00795833 -0 0.0295248 0.00738214 0.0487779 0.0242594 -0 0.0193073 0.00297075 1.55641e-05 0.00237534 0.00809079 -0 -0 0.0208469 -0 0.00591848 0.00334879 0.000919627 0.0012678 -0 -0 0.0270355 -0 -0 0.0187223 0.000787466 0.00517595 0.0145054 0.00591591 0.0101272 0.0189615 -0 0.00517728 -0 -0.0108815 -0 -0.0012217 0.0163837 0.00163315 0.000915497 0.0266374 -2.33397e-05 0.0154476 0.00476771 -0 -0.00599335 -0 -0 0.00731566 0.0109804 -0 0.00827337 0.0055939 -0 -0 -0.00105844 -0 -0 0.00076341 -0 0.0107491 -0 0.115858 0.00769211 0.00716119 0.0235201 -0 -7.24696e-05 -1.06438e-05 0.0085653 0.0343414 -0 8.93612e-05 -0 1.51379e-05 0.00788657 -0 -0 -0.000892651 0.0150727 -0.0148279 -0 0.0177575 0.0293269 -0 -0 0.0201921 0.000943948 -0 0.0219197 -0 0.0305049 -0.012296 -0 0.005373 -0 0.00278661 -0.00866681 0.0121532 0.00631198 0.000611866 0.000115069 0.00277346 -0.0114855 -4.87733e-06 2.83228e-05 -0 -0.00657176 -0 -0 0.000520041 -0.00010599 -0.00305886 0.00314503 -0 0.0329852 -0 0.00112556 -0 -0 0.00143942 0.00600252 0.00425379 -0.00755122 0.000132667 -0.0030006 -0 -0.00987296 0.00402987 0.0179015 -0.00127632 0.00663247 -0 0.00311337 0.00180732 -0 -0 0.00388411 0.00233074 0.00152305 -0 -0.00595287 0.0157272 0.000121675 0.0111523 0.00301371 -0 -0.00403354 -0 -0 -0.0144816 -0.0105824 -0 0.00337705 0.00950217 -0.00687461 0.000913367 -0 0.00298801 0.00104428 -0 0.00218718 -0 -0 0.00372831 0.00437942 -0.00476023 -0.00590537 0.0166761 -0 -0.00519868 -0 -0
0.0527405 0.0499886 0.00739626 0.0120956 0 0.000726777 -0.00935039 0.010419 -0.00355085 0.0531037 0.00126793 0.0578747 0.0195616 0.0306663 0.0484218 0.0149818 0.00884685 -0 -0.00250901 -0 0.00242345 0.0218738 -0.0104841 -0 0.00293545 0.000207461 0.00438853 -0 0.020168 -0.00464281 0.0301648 0.00991119 -0.00698674 -0.000317855 -0 0.013604 0.0036737 0.00939596 0.00170615 0.00201231 -0 -0.00649192 -0.00078705 0.0125277 0.0160274 3.35044e-05 0.0124424 -0 0.00131003 0.0121556 -0.00068012 -0 0.030878 -0 -9.72822e-05 -0 0.00185272 -0.000594241 -0 0.033235 0.00468066 0.0148672 0.000114622 -0.00347672 0.00435445 -0.00084333 0.0121433 0.00428045 0.0259423 -0 0.00528216 -0 0.00011699 0.00197368 -0.00193134 -0 -0.00424172 -0.011293 -0.0055055 -0.000499042 0.0130189 0.0193432 0.0244309 0.00793772 -0.00636507 -0 0.00141472 -0.0027536 -0.00877757 0.00994945 -0.000999175 0.00481407 -0 0.0084689 0.00684163 -0 0.00189784 -0.00619709 -0.013068 -0.00517641 -0.00453253 0.0145228 -6.77328e-06 0.00233958 -0 0.00975637 -0 -0 0.00874427 -0 -0.00393389 -0 0.00062938 0.0148601 0.00345312 0.000622972 -0 0.0137724 -0 -0.00747726 -0 -0 0.0126186 -0.0149198 -0.000608739 0.000630043 0.00198609 -0.0060117 -0.00571135 -0 0.0136291 -0 0.00962286 -0 0.00277186 -0.000730455 -0 -0 -0 -0 -0.00752843 -0 -0 -0.000207051 0.00307039 0.00624281 -0.000604781 -0 -0 -0.00180228 -0 -0 -0.00318014 -0 -0 -0 -0 0.00693937 -0 -0 -0 -0.0040606 0.000187593 -0 -0 -0 -0.00876412 -0 -0.0138431 -0.00269572 -0.00924426 0.000721742 0.00263417 -0.0172948 0.00779493 0.00538085 -0.000194941 -0 0.0153646 -0.0141574 0.0213033 -0 -0 0.0011618 -0 0.0012431 -0 0.000858652 0.00761546 -0.000653544 -0.000108338 0.00638124 -0.00040271 -0.0112462 -0.00173693 -0.000834399 -0 0.00153286 -0.00325022 -0 -0 -0 -0 -0.00142158 -0 0.00253812 -0 -0 -0 -0.0138458 -4.78459e-05 0.000285997 -0 -0 -0 -0
0.00245068 0.000763007 0.0423719 0.0206047 0.000726777 0 0.00289647 0.0295606 -0 -0 -0 -0 -0 0.00139197 -0 0.00852281 0.000642055 0.0576168 0.0107463 0.000300981 0.00990895 -0 0.00262556 0.023442 0.0122089 0.00391618 0.000566828 0.00257609 -0 0.00111593 -0 0.00924448 0.00759466 0.0267755 0.000923073 -0 0.00835796 0.0284746 0.0127924 0.00564062 0.00286735 -0.00574693 0.0404348 -0 0.0155308 0.00180012 0.00619494 0.0168813 -0 0.0266632 0.00803703 0.00606466 0.00016533 0.0191755 0.00102393 0.000214402 0.014265 0.00254916 0.00547755 -0 -0.000574792 0.00226106 -0 0.000579191 0.035498 0.00649701 -0 0.0335077 0.000378087 0.0744877 -0 -0 0.0104623 0.017289 0.000854242 0.00937686 0.00136146 -0.000317566 0.00144394 -0 0.00800182 -0.00632742 -0 0.0207547 0.00553554 0.0202111 -0 0.00630043 -0.00442646 -0 0.00203755 0.00395621 0.00892407 -0 0.00729503 0.0135741 -0.00266578 0.0038798 0.0015503 0.00874083 0.0118321 -0.000190012 -0 0.00227874 -0 0.0186417 0.00547188 0.00615336 0.0114378 -0.00212844 -0 -0 0.0104686 0.00612892 -0.00169286 0.00175162 0.000708266 -0.00209544 0.00631214 0.00403779 -0 -0 0.00901034 0.000666737 0.00111014 0.00797214 0.0119161 0.00116488 0.00288456 0.0206058 0.00494362 -0 0.0153705 -0 0.0179373 -0.00469917 -0 -0 -0 0.0186993 0.0101828 0.0105462 0.000732964 0.0054755 -0 0.0107882 -0.000786526 0.000244717 0.00598614 0.0132958 -0 -0 0.000684044 -0 -0 -0 0.00344494 -0.00646685 0.00988143 0.000615654 -0 0.000578085 -0 -0 0.0116359 0.00811164 0.0018812 0.000118318 0.00302564 0.00387436 0.00232495 0.0118814 0.00834127 0.00112184 -0 -0 0.013151 0.00380081 -0 0.00435849 -0.00589791 -0 -0 -0.00107295 -3.33239e-05 4.64574e-05 0.00109703 0.0147887 -0.00255941 -0 -0 -0.0111068 0.00261509 -0.00361319 -0.0034146 0.00876602 0.00367987 6.75634e-05 0.00632681 -0 9.18226e-05 -0 -0 0.00177967 0.0055876 -0.00743758 -0 -0 -0 -0 -0.00103849 0.0020183 -0 -0 -0 -0
-0.0128366 -0.028482 -0 -0.00732187 -0.00935039 0.00289647 0 -0 -0 -0 -0 -0.00683001 -0 -0 -0.0252892 -0 -0 -0.0244632 -0.0449587 0.0264806 -0 -0.0419072 0.269341 0.00643739 0.00155699 -0 -0.000538936 -0.0241308 -0.0245358 0.183006 -0.00670243 -0.00185569 0.0141123 0.00751682 -0 -0.02326 -0.00737752 -0 -0 -0 0.035498 -0 0.0211306 -0.0255057 -0 -0 -0.00748449 0.0077315 -0 -0.0190572 0.0400611 0.00630367 -0.0186364 0.0166788 -0.00426376 0.000563931 -0 0.0218126 0.00679919 -0.0160273 -0.0144884 -0 -0.00852641 0.0653786 -0 -0.0104217 -0 -0 -0.0141051 0.00657021 -0.00476574 1.5142e-05 0.00536589 0.000900088 0.0227059 0.00325557 0.0190365 -0.025668 0.0226658 0.0030956 -0.00135678 -0.00693255 -0.0143365 -0 0.0145345 -0.00294753 -0 0.00762034 0.00105809 -0.00487667 0.00229904 -0 0.00357175 -0.0127433 -0 0.0080975 -0.00835113 0.0196699 0.0381994 0.00491908 0.0257615 -0.00727651 0.00535193 -0 -0 -0.00402299 -0 0.0217538 -0 -0 0.01104 0.000813289 -0.0279112 -0.00329945 -0.00303273 -0.0253832 0.000801388 -0.00898855 0.000281895 0.00892239 0.00132967 -0 -5.51465e-07 0.0139289 0.0158795 -0 -0 0.0110847 0.0174157 0.00133698 -0 -0 -0 -0.0196861 0.00172451 -0 -0 2.55224e-05 -0 0.00190147 0.012797 0.00172425 0.0134448 0.00168127 -0.0114827 -0 -0 0.0407591 -0.0210099 0.00835274 -0 -0 0.143039 -0.0203584 -0 0.00142515 -0 -0.00608058 -0 0.00280756 0.00643718 0.0417992 -0.0132919 0.00803685 0.00383361 0.00299649 0.00962453 -0 0.00980954 0.021473 -0.00252504 -0.0546685 -0 0.0552755 -0 -0.00736102 0.00503203 -0.00235167 -0.010675 0.00825187 -0.0116954 -0 0.00960403 -0.00292588 -0 -0 -0 0.000201712 -0.00207758 0.00141106 -0 -0.00592991 -0.0039531 0.00245949 -0 0.00456525 0.00813322 -0 0.00816058 -0 0.00264839 -0 -0 0.00462865 -0 -0.00329955 -0 -0 -0 0.00345759 -0 -0.0124829 -0 -0.00848387 -0 -0
0.00876343 0.00641178 0.0433709 0.0209874 0.010419 0.0295606 -0 0 -0 0.00116506 0.000422823 0.00452589 0.000510094 0.00542441 0.0223903 0.00596621 0.00756766 0.0143898 0.00244042 -0 0.0253714 0.0057572 -0 0.0131152 0.0147554 0.00659194 0.012741 0.00216548 0.00502842 -0 0.00905454 0.0164102 -0 0.0151427 -0 -0 0.023246 0.0109171 0.00643786 0.00727465 0.00165542 -0.0128413 0.0158554 -0 0.024448 0.00900676 0.0334104 0.00829983 -0 0.0153866 0.00280976 0.000718312 0.0124264 0.00842124 -0 -0 0.0212699 -0 0.00414702 0.00157981 -0 0.00373483 -0 -0 0.0190323 0.00376285 -0 0.0400267 0.00666121 0.0210387 0.00409798 -0 0.00742875 0.01199 -0 0.0244637 3.58596e-05 -0 -0 -0.00172795 0.028837 -0 3.61082e-05 0.010757 -0 0.0127429 0.00253704 0.00205548 -0 5.40971e-05 0.000215326 0.0138992 0.00687672 -0 0.0248091 0.00607312 -0 0.000306637 -0 0.00249268 0.00319207 0.00294373 -0 0.00663494 -0 0.014354 0.0190664 0.00066249 0.0155542 0.000933949 -0.00342746 -0 0.0191365 0.023912 -0 0.00384538 -0 -0 0.0128291 0.00155917 -0 -0 0.0134417 -0 -0 0.00649344 0.0249435 -0 -0 0.0227137 0.00562384 -0 0.037076 -0 0.0192992 -0.0133535 -0 -0 -0 0.00878259 -0 0.00858087 0.00193133 0.00780805 -0 0.00785857 -0.00870091 -0 0.00710612 0.00107588 -0 -0 -0 0.00937856 -0 -0.000631737 0.00283911 -0 0.0135358 0.0018042 -0 -0 0.00215562 -0 0.0167433 0.00684519 -0 0.00780078 -0 -0 -0 0.00950111 0.0159227 -0 0.000687724 -0 0.00234507 0.00588564 -0 -0 -0 -0 -0 -0 -0.00169665 0.00566528 0.00117923 0.0195676 -0 -0 -0.00321399 -0 0.000144461 -0 -0.00768585 -0 0.00445503 0.0013828 -0 0.000154611 -0 -0 -0 0.000588235 0.0048718 -0.000470126 -0 -0 -0 -0.019462 -0.00593666 0.00575336 -0 -0 -0 -0
-0 0.00137017 -0 -0.0190233 -0.00355085 -0 -0 -0 0 -0 -0 -0 -0 -0.0126598 3.09752e-05 0.00537407 -0.00310241 -0 0.00633112 0.000821647 -0 0.00831764 0.00324091 0.00327034 0.00338417 -0.00257324 -0.000628221 0.00280896 0.0370799 -0 -0.000153831 -0.000586378 0.0190854 -0.00780293 0.00485581 -0 -0 -0.0104574 -0.0166837 -0 -0 0.000531383 0.00125424 -0.0733599 -0.00824602 -0 -0.00831742 -1.74761e-05 -0 -0 0.00365125 -0 0.0218978 -0.00738102 0.00207363 0.00468265 -0 0.00105815 -0 -0 -0.00145094 0.00639972 -0.0324204 -0 -0 0.0121396 0.00282661 -0 0.0145258 -0 -0.00414333 -0.00630998 -0 -0 -0 0.00235415 0.00141685 0.0311078 0.00270391 -0 -0 -0.00396373 -0 -1.82167e-05 0.0195852 0.00140619 -0.0138396 0.0150616 0.0151179 0.0139732 0.00407352 -0.0271934 -0 0.00322253 4.78123e-05 0.0021021 0.0173745 0.00280414 0.00673685 0.00333473 0.0090066 3.02632e-05 -2.14296e-05 -0.00968006 0.025549 -0.00601311 0.000756446 -0 -0.000971841 0.0056851 -0 0.00133065 0.000963077 -0.000280571 -0 0.00205339 0.0109544 -0.00131068 -0.00770364 0.00705917 0.00603022 -0 -0.0179656 0.00711026 -0 -0 -0.00624567 0.00559619 0.017671 -0 0.00306956 -0 -0.00232262 0.00238829 -0 -0 0.013631 -0.00377725 0.00116483 -0 0.0184839 -0 -9.21751e-05 0.0164878 -0 -0 -0 -0 0.00132141 -0 0.00412127 0.0131293 -0 0.0223062 0.00563275 -0 0.000461289 -0.000291789 -0 0.00804577 -0.000153871 -2.8704e-05 0.0138185 -0.0004719 -5.54484e-06 -0 0.0176102 0.0395236 0.0109641 0.00411972 0.0205259 -0 0.000165695 0.00359026 -0.000456602 -0 0.000729172 0.00161222 -0 0.00323818 -0.0017918 -0.000964683 -0.00199196 -0.000504166 -0 -0.00558312 0.00332302 -0 -0.00703299 0.0132983 -0 -0.00106404 0.00486565 0.0406683 -0 0.00218108 0.00108645 -0.0120519 0.00978792 -0 0.000805325 -0.00458273 -0.000935577 0.00282231 -0 -0.00111326 -0 -0.00211537 -0.001852 0.0183729 -0 0.00205627 -0 0.0109885 -0 -0
0.0386752 0.0279284 -0 -0 0.0531037 -0 -0 0.00116506 -0 0 0.0267494 0.0151738 0.0255811 0.0181892 0.00873359 0.0260708 -0 -0 -0 0.0156445 -0 0.00723867 -0 -0 0.000254781 -0 -0 -0 0.0250048 -0.000614547 -0 4.7603e-05 -0 -0 -0 0.00248063 -0 0.00267958 -0 -0 -0 -0.0120661 -0 0.00969629 -0 -0 0.00104715 -0 0.0138498 0.00233694 -0 -0 0.0122959 -0 -0 -0 -0 -0 -0 0.0242514 0.0232003 0.00592436 0.00295595 -0 -0 -0 0.0173299 0.000178092 0.00615368 -0 -0 -0 -0 0.00137278 -0 -0 -0 -0 -0 -0 0.00104996 0.00111622 0.0118877 -0 -0 -0 -0 -0 -0 0.0113943 -0 0.0224324 -0 0.00622417 0.00108752 -0 0.0165087 -0.00111722 -0 -0.00110072 -0 0.0176028 -0.00196827 -0 -0 -0 -0 -0 0.00309152 0.00939935 -0.0148131 -0 -0 0.000426048 0.000602784 -0 -0 0.014002 -0 -0.00321659 0.000558929 -0 -0 -0 -0 -0 -0 -0 -0 -0 0.0123604 -0 0.000489031 -0 -0 -0.00607205 -0 -0 -0 -0 -0.00025729 -0 -0 -0 0.00845721 0.000850826 -0.0018007 0.0101664 -0 -0 -0 -0 -0 -0 -0 -0.000406368 -0 0.0121132 -0 0.00807974 -0 -0.000780424 0.000278812 -0 -0 -0 -0 0.000444302 -0.00140268 -0 -0 -0 3.539e-05 -0 -0 0.000120221 -7.98759e-05 -0 0.00149126 -0.000721652 0.00275488 -0 -0 -0 -0 -0 -0 -0 0.000283788 -0 -0.00149769 0.000652378 -0 -0 -0.00239417 -0 -0 -0 -0 -0 0.00339876 -0 -0 -0 -0 -0 -0 -0 -0 -0 -0.000603753 -0 -0 -0 -0 -0
0.0329944 0.00570875 0.00184596 0.00429748 0.00126793 -0 -0 0.000422823 -0 0.0267494 0 0.0208656 0.02655 0.0968912 -0.0195755 0.00449319 0.000658936 -0 -0.0139848 0.0626907 -0 -1.24305e-05 -0 -0 0.00221486 0.00328201 0.000148076 -0 0.00160631 -0 -0.018723 0.00287267 -0.00152492 -0 -0 0.002482 -0 0.00939498 0.000358808 -0 0.0085469 -0.0210328 0.00749648 -0 0.00639292 5.50092e-05 0.00713012 0.00177967 0.00895352 0.00377668 -0 0.00334951 0.00768668 -0.0196921 -0 -0 -0 -0 -0 0.0241997 -0 0.0086938 -0 -0 0.00129165 -0 0.0154154 0.000323475 -0 0.0019739 0.0052145 -0 0.00302704 0.00252794 0.0182511 4.87269e-05 -0 -0 0.0160636 -0 -0 -0 0.033835 0.00329843 -0 -0 -0 -0 -0.00592611 -0 -0 0.0323215 0.00262864 -0 0.00891377 -0 -0 -0.0010655 -0 -0.00360771 -0 0.00541826 -0 -0 0.00416362 0.00300098 -0 0.00390782 0.00932161 0.00760517 -0.0183414 -0 -0 0.00403373 0.000578928 -0 -0 0.00158729 -0 -0.00415877 0.0126673 -0.000171579 -0 -0.0233083 0.0241802 -0 0.000104479 -0 -9.25691e-05 0.000452466 0.00517703 -0 0.00145913 -0 0.00239876 -0.00770367 -0 -0 -0 3.94534e-05 -0 0.0233225 0.0132262 -0 0.202397 9.85934e-05 -0.00461121 0.0443626 -0 -0 -0 -0 -0 2.62749e-05 -0.000549045 -0.000126952 -0 -0 -0 0.0182648 -0 -0 0.00328602 -0 -0 -0 -0.00240413 0.0207112 -0.0129482 -0 -0.00761174 -1.40932e-05 0.00293295 -0 0.00622081 -0 -0 0.00947509 -0 -0.0106727 0.000761272 -0 -0 -0 -2.63779e-05 -0 -0.00830477 0.0038254 0.00302269 -0 -0.00194814 -0 -0 -0.00424039 -0.00450977 -0 -0 -0 -0.00627022 -0 3.10169e-05 0.000382959 -0 -0.00299767 -0 -0 -0 -0 -0 -0.00213193 -0.00241517 -0 -0 -0 -0 -0
0.0455706 0.0547024 0.000658984 -0 0.0578747 -0 -0.00683001 0.00452589 -0 0.0151738 0.0208656 0 0.0276458 0.0416399 0.0264664 0.0216368 0.00240178 -0 -0 0.0232947 0.0031913 0.0547399 -0.00138727 -0 0.00697774 -0 0.00133371 -0 0.0355947 -0.00284008 -0 0.00464277 -0 -0 -0 0.0175661 0.00337702 0.00701665 -0 0.00056787 -0 -0.0017851 -0 0.0124976 0.00277687 -0 0.00521571 -0 0.0251276 0.00595774 -0 -0 0.0276331 -0 1.171e-05 -0 0.000219967 -0 -7.01972e-06 0.0360797 0.00227385 0.0261501 2.91247e-05 -0.00814062 0.000246032 5.21957e-05 0.0381205 0.00279411 0.0217919 -0 -0 -0.00629424 -0 0.0011667 -0.000160719 0.00112979 -0 -0 -0 -0 0.000137101 0.00345464 0.0082652 0.000610434 -0 -0.00601009 -0 -0 -0.000780898 0.0120085 -0 0.00623332 -0 0.00723188 0.0059837 -0 0.00482638 -0.0141411 -0.00178157 -0.00774362 -0.00108334 0.0117924 -0.00592131 -0 -0 -0 0.00344043 -0 0.00159649 0.00408582 -0.00298659 -0 0.000933407 0.00587053 0.000787472 0.0119436 -0 0.0115678 -8.67639e-06 -0.000236534 0.000423805 -0 0.00103963 -0.00148929 -0 -0 -0 -0 -0.000294632 -0 0.026241 -0.000473832 0.00256147 -0 5.5914e-05 -0 0.00270836 -0 0.00553617 -0 -0.00022807 -0 -0 -0 0.0100875 0.00457498 -0 -0 0.0081306 -0 0.00110221 -0 -0.00196824 0.00217299 -0 -0 -0 0.0123427 -0 0.0124458 -0.000459124 -0.00177498 0.0110529 -0 -0 -0 -0.000564697 0.00448756 -0.00253093 -0 -0.000721987 0.0041009 0.00311292 -4.91517e-05 0.00538326 0.00433975 -0 -0 0.0108302 -0.00155609 0.00739063 -0 -0.00377312 -0 -0 -0 -0 0.00308609 0.00328293 -0 -0 0.00222046 -0 -0.00479288 -0 -0 -0 -0 -0 -0 0.0017873 -0 -0 -0 -0 -0 -0 -0 -0.00326307 -0.0015449 -0 0.00150579 -0 -0 -0 -0
0.0318165 0.0164329 -0 -0 0.0195616 -0 -0 0.000510094 -0 0.0255811 0.02655 0.0276458 0 0.0242135 0.00299089 0.0311261 -0 -0 -0 0.019205 2.02613e-05 0.0209541 -0 -0 0.00244551 -0 -0 -0 0.0273422 -0 -0 -0 2.34904e-05 0.00199267 0.00575732 0.00842427 -0 0.00352052 -0 -0 -0 -0.00221376 -0 0.00623174 -0 -0 2.81966e-05 -0 0.0119466 0.000654112 -0 0.00233991 0.0120426 -0 0.00434765 -0 -0 -0 -0 0.0116528 0.0140229 0.0243049 -0 -0 1.39827e-05 0.00363121 0.0282342 -0 0.0210183 -0 -0 -0 -0 0.000942182 -0 0.00557327 -0 0.000268122 -0 -0 -0 -0 0.0228383 0.0040027 0.000227056 -0 -0 0.00547319 -0 0.028212 -0 0.0101668 -0 -0 0.00219498 0.000134387 0.000991618 -0 -0 -0 -0 0.0147285 -0.00108279 -0.00581342 0.00601136 -0 -0 -0 0.00499037 0.0176331 -0.00228508 0.000220375 -0 0.00259025 -0 0.00639982 -0 0.00139126 -0.00564927 -0 0.00236601 -0 -0 -0 -0 -0 -0 -0 -0 -0 0.0303478 -0.000105867 0.000545254 0.0053038 0.00146029 -0.000695937 -0 -0 0.00523936 -0 -0 -0 -0 -0 0.0127024 0.000823979 -5.52841e-05 0.00123083 -0 -0 0.0176091 -0 -0 0.00330262 -0 -0 0.000204312 0.00362863 -0 0.0240735 -0 -0 0.00355793 -0 -0 -0 -0 0.00383155 -0 -0 -0 0.000598607 0.00301569 -0 -0 0.00130302 -0 -0 0.000149372 -0 0.0056916 -0 -0 -0 -0 -0 -0 -0 -0 -0 -0 -0 -0 -0 -1.16681e-05 -0 -0 -0 -0 -0 0.00557642 -0 -0 -0 -0 -0 -0 -0 -0 -0 -0 -0 -0 -0 -0 -0
0.0181767 0.0208022 0.00111311 0.005481 0.0306663 0.00139197 -0 0.00542441 -0.0126598 0.0181892 0.0968912 0.0416399 0.0242135 0 -0.0798286 0.0491132 0.000307192 0.00110032 0.00232465 0.00302723 0.00154988 0.00783452 -0 -0.016898 0.00402739 0.00419631 -0 0.000784529 0.00558081 -0 -0 0.00393922 -0 0.00695433 0.016535 0.0234706 0.00277068 0.0256099 -0 -0 0.000469481 -0.00262576 0.00461797 0.0104515 0.00979297 -0 0.00601713 0.00147122 0.0463889 0.00590999 -2.019e-05 0.0267329 0.0102923 0.00199211 0.0324007 -0.00532042 -0 0.0103012 -0 0.0206954 0.00957796 0.0449095 -0 -0.0124364 0.00262789 0.00930579 0.0302347 0.00793549 0.00384736 -0 0.00403902 -0 0.00351831 0.000852951 -0 0.00672445 -0 -0 0.0054044 -0 0.000308513 0.0222676 0.0340559 0.00583931 -0 -0 -0 -0 -0.0227073 0.000475493 -0.00758734 0.051915 -0 0.00479707 0.00614825 5.59704e-05 0.00159353 -0.0123308 -0 -0.014225 -0.0140667 0.00627146 -0 0.0028843 -0 0.00259844 0.00101847 0.000545129 0.00705568 0.00143258 -0.0127617 0.000972276 -0 0.00927727 0.0272838 0.0192556 -0 0.0133469 0.000339295 -0 0.00290201 -0.000602731 0.00552596 -0.00309962 -0 0.00035104 0.000538887 -0 -0.0100328 0.000994325 0.0190112 -0 0.00766643 -0 -0 -0.00157113 -0 -0 0.0114797 0.00337506 -0 -0 0.00120262 -0 0.0619193 0.0133439 -0.000249945 0.0252145 0.0122543 -0 -0 -0 -0 -0 -0 -0 -0 4.82969e-05 -0 0.0135542 -0 -0 0.00682043 -0 -0 0.00284742 -0 0.00468633 -0 -0 -0.00728133 0.00782536 0.00195803 -0 0.00339974 -0 -0 -5.01749e-06 0.0126815 -0 0.000491703 -0 -0 -0 -0 -0 0.00949634 0.0139204 0.00416521 -0 -0.00034343 0.0101508 -0 -1.67052e-05 -0.000637461 -0 -0.00889979 0.00391952 -0 -0 0.00697285 -0 -0 -0 -0 -0 -0 -0 -0 -0 -0 -0 -0 -0 -0 -0
0.0167355 0.0209859 -0 -0 0.0484218 -0 -0.0252892 0.0223903 3.09752e-05 0.00873359 -0.0195755 0.0264664 0.00299089 -0.0798286 0 -0 0.00381201 -0 -0.0114697 -0.000429 2.27734e-05 0.024231 -0.0108839 -0.00096857 -0 -0 0.00207507 -0 0.0408139 -0.00900048 0.0145529 0.0067886 -0.0106575 -0.00693382 -0 0.000687517 -0 0.00349548 -0 0.00381538 -0.00362527 -0.000765863 -0.0167343 0.0175369 -0 -0 0.00269291 -0 -0 -0 -0.00290499 -0.0019709 0.0394078 -0.0034326 -0.0035594 -0.000573129 -0 -0.0238838 -0.000994388 0.0198169 0.0358612 -0 0.00714253 -0.00301047 -0 -0.00264093 0.0131026 -0 0.0477791 -0.000195157 3.1625e-05 -0 -0 -0 -0.0171596 -0 -0.0044349 -0.00730049 -0.0273076 -0.00127109 0.000185432 0.023765 -0 -0 -0.0129788 -0.000360685 -0 -0.00345248 -0.00326801 0.0188633 -0 -0 -0 0.00683576 -0 -0.00157856 0.00745963 -0.00671246 -0.00721394 -0.00462017 -0.00481236 0.0112442 -0.0017616 -0 -0.000672543 0.000424035 -0 -0.000609544 -0 -0 -0.00437951 -0 -0 0.0133787 0.00339825 0.0107809 -0 0.020409 -0 -0.00935065 -0 -0 -0 -0.0049995 -0.0178163 -0 -0 -0.00245035 -0.00776113 -0 0.0176443 -0 0.0144978 -0 -0 -0.00065378 -0 -0 -0.000338221 -0.00254943 -0.00663685 -0 -0 -0 -0 -0 8.91465e-08 -0.00309113 -0 -0.00681751 -0 -0 -0.010516 0.00828439 -0 -0.000984715 -0 0.0204579 -0 -0 -0.00375616 -0.00849402 0.00259688 -0 -0 -0.0039491 -0.00998396 0.0154606 -0.0134571 -0.00906851 -0.00851381 -0 0.00271993 -0.0137936 0.000374879 0.0102041 -0.00102152 -0.000125773 0.000113567 -0.00396492 0.0176746 -0 -0 0.00182557 -0 -0 -0 -0 0.00535958 -0 -0 0.0195779 -0.00207091 -0.00788287 -0 -0.00245575 -0 -0 -0.00442655 -0 -0 -0 -0 -0.00207593 -0 0.00521758 0.0168824 -0 -0 -0.00609024 -0 0.00689584 3.70744e-05 -0 -0 -0
0.0172069 0.0357886 0.00541469 0.000479272 0.0149818 0.00852281 -0 0.00596621 0.00537407 0.0260708 0.00449319 0.0216368 0.0311261 0.0491132 -0 0 0.000791905 0.00861892 0.0162441 0.0184093 0.010902 0.0312771 -0 5.07375e-05 0.00735002 -0 -0 0.0121271 0.0658345 -0.00930277 0.00040343 8.42703e-05 -0.00106851 0.012267 0.00947781 0.0270245 0.0033166 0.0041689 -0 0.000106758 0.00116966 -0.00422231 0.0026152 0.0254611 0.00192411 5.4524e-05 0.000678405 0.000203751 0.0200482 0.0136317 -0 0.00315911 0.0392921 0.0097234 0.0172119 -0 0.00100139 0.000192092 -0 0.0331427 0.000930904 0.0606917 0.0022079 -0 0.00272031 0.0239168 0.0223668 0.00895616 0.0546057 0.000837738 -0 -0 0.000649205 0.00413381 -0 0.0104207 -0 0.00421885 0.00173887 -0 0.00020808 -0.00010827 0.0233701 0.00684105 0.00724256 -0 -0 0.00469556 0.00188545 0.0210333 0.00181512 0.0146596 -0 -0 0.00672473 0.0118675 0.0174208 -0 0.000123344 -0 8.59189e-05 0.0119007 -0 -0 0.0110193 0.000642589 0.00436469 0.00018809 0.00400735 0.0336918 -0.00705869 0.0190756 0.00397214 0.002548 -0 0.0155204 0.000880838 -0 -0 -0 0.00782202 -0.000176673 -0 -0 -0 -0 0.000316038 -0 -0 0.00217075 0.0546941 -0 0.0010244 0.00372274 0.00085915 -0.00307961 0.0105294 -7.29532e-05 0.00158798 0.00512501 -0.00787151 -0 -0 0.000540275 0.0164066 0.00752651 -0.000672526 0.000396668 0.00539517 0.000675654 0.00407944 -2.10251e-05 -0 0.00628596 -0 -0.000306813 0.0228356 -0 0.0006939 0.0371484 -0 -1.80646e-05 0.00476027 -0 -0 -0 0.00104293 0.0086454 -0 0.00154611 -0 0.0103787 0.00659723 -0 -0 0.00516516 -0 0.00623032 0.000266747 2.50622e-05 2.8565e-05 -0 -0 -0 -0 -0 0.00510782 0.00737911 -0 -0 -0.000950177 -0 -0 0.00187763 -0.000649558 -0 -0 -0 0.000540827 -0 0.00276418 -0 -0 -0 -0 -0.000377743 -0 -0 -0.000768797 -0 -0.000323196 -0 -0 -0 -0 -0
0.0038336 0.00147903 0.00619173 0.00975603 0.00884685 0.000642055 -0 0.00756766 -0.00310241 -0 0.000658936 0.00240178 -0 0.000307192 0.00381201 0.000791905 0 0.00277414 -0.00214015 -0 0.00357242 0.000321353 -0 0.00034714 0.00395535 0.00583857 0.0412365 -0 0.000236427 -0 0.0160022 0.0328039 -0.00868883 -0 -0 -0 0.0133977 0.00447886 0.0286188 0.0173389 -0 -0.0339735 -0 0.000198966 0.00647735 0.0309401 0.0274101 0.0177931 -0 0.00750601 -0 -0 0.00137476 -0 -0.000113953 -0 0.0257333 -0 0.000905841 0.0026264 0.00372469 -0 -0 -0 0.00670435 -0.000413076 -0 0.0117555 0.00171777 -0 0.0150571 0.00835849 0.0206624 0.00230367 -0 -0 -0 -0.0195346 -0.00081693 -0.00386452 0.0194423 0.0173841 0.000118964 0.00537624 -0.0130447 -0 0.0170918 -0.00167268 -0.00376871 -0 -0 0.00489504 0.0132164 -0 0.00626761 -0 0.000545358 -0.00199251 -0.00149214 -0.00174597 -0.00281035 0.00603842 -0 0.00967593 -0.000365977 0.0132348 0.00386103 0.00545996 0.0242663 -0 -0.00139448 -0 0.00320267 0.0115863 0.00131591 -0 -0.000208859 0.00950672 0.00019037 -0.00158891 -0.000360411 -2.84057e-05 0.0034257 -0.00664887 -0 0.0153058 0.0118419 -0.000568969 -0.0017947 0.000802269 -0 -0 0.0231234 -0 0.0122989 -0.0090847 -0 0.0117907 -0 -0 -0.00651232 0.0179597 0.00466727 -0 -0 0.00112415 -0.0109662 -0 -0 -0 -0 -0.000406524 -0 -0 -0.000140285 -0.00490547 0.00194786 0.0101334 0.00417164 -0 -0 -0.000777714 -0 0.00155109 -0 -0 -0.003462 0.000523436 -0.00961172 -0.00179726 -0.00610087 -0 0.00529576 -0.00236691 0.0148043 -0 -0 -0 -0 -0.00642168 0.0186646 0.00310871 0.00213416 0.000694652 -0.00518115 0.00732791 -0 0.00185535 0.020115 -0 -0.00599968 0.00672709 -0.00145126 -0.00743128 -0.010522 -0 -0 0.00135293 -0.00475194 0.000300295 -0 0.00447627 0.000866531 -0.000563249 -0 0.00500793 -0 0.0100108 0.00415503 -0.00770942 -0.0102497 0.00304904 0.000177387 -6.68698e-05 -0 -0
0.000423878 0.00996625 0.0182574 0.0140863 -0 0.0576168 -0.0244632 0.0143898 -0 -0 -0 -0 -0 0.00110032 -0 0.00861892 0.00277414 0 0.00837021 -0 0.0117466 -0 -0 0.0215359 0.00188769 0.0425397 0.0036254 0.0368209 0.00270533 -3.28017e-05 0.0036248 0.00857669 0.00641603 0.0151623 0.00264542 -0 0.00881492 0.00913775 0.0282892 0.00536124 -0 -0.00900235 0.0180318 -0 0.00951439 0.0120993 0.00208755 0.0124422 -0 0.0320142 0.00194543 0.00928762 0.00035698 0.0122687 0.0129329 -0 0.0110962 -0 0.0226542 -0 -0 0.00434913 -0 -0 0.0212032 0.0127503 -0 0.0287034 0.00340082 0.0237268 0.0158001 0.011207 0.00808896 0.00624955 -0 0.00921403 -0 0.0016521 -0 -0 0.0054199 -0.0039992 -0 0.00314176 0.00376336 0.00819552 0.00189348 0.00314632 0.00119762 -0 0.00757571 0.00375108 0.00592604 -0 0.00542026 0.0208506 -0 0.00234172 0.00131996 0.00165153 0.0104101 -0 -0 0.0269488 -0 0.007884 0.00669873 0.0165222 0.00593413 0.00302223 -0 -0 0.00820193 0.00515333 -7.49782e-05 0.00270599 -0 -0.000825814 0.0283605 0.00245842 -0 -0 0.00247229 -0 -0 0.00530305 0.0143874 -0 0.00121303 0.0172941 0.00124642 -0 0.00176512 -0 0.00267075 -0.00375239 -0 -0 -0 0.0290721 -0.00198285 0.015029 0.00329423 0.00276143 0.000655042 0.00221575 -0.00291499 -2.35509e-05 0.00616368 0.0169364 -0 -0 -0 -0 -0 -0 0.0118638 -0.00232893 0.00548593 -0 -0 -0 -0 0.000643328 0.00173863 0.0178238 0.000116174 -0 -0.00100115 0.00276249 0.0010657 0.0049113 0.00736164 -0 -0.00322608 -0 0.00240092 0.00345647 -0 0.00406389 -0.00141419 0.00191546 -0 -0.0036129 -0 0.000677337 0.00237504 0.0125474 -0.00178619 -0 -0.000134266 -0.00622675 0.00127362 0.00175699 -0.00102505 0.00464077 0.00394034 -0 0.000894074 -0 -0 0.00131793 -0 0.000666703 -0 -0.00251886 -0 -0 -0 0.000287615 -0.00265728 -0 -0 -0 -0 -0
-0 0.000270195 0.000951723 -0 -0.00250901 0.0107463 -0.0449587 0.00244042 0.00633112 -0 -0.0139848 -0 -0 0.00232465 -0.0114697 0.0162441 -0.00214015 0.00837021 0 -0 0.0188812 0.021266 -0.00818041 -0.00867641 0.00600451 -0 -0.000823723 0.014775 0.000236007 -0.0213556 -2.02647e-05 -0 0.0342148 0.0567565 0.0122034 -0 0.00301836 -0 -0 -0 0.0015799 0.00521662 0.0458708 -0 0.000809778 -0 -0.00984041 -0.000987326 -0 0.00423559 0.00316164 0.00998543 -0 0.0371802 0.045885 0.00244843 -0 0.0170935 0.00235708 -0.000601271 -0.0179571 0.010647 -0 -0.0118608 0.00781981 0.0293602 0.00231791 0.0116262 -0 0.00257874 -0.00140835 -0.00643154 -0.000946714 0.00259047 0.00511727 0.0147217 0.00833645 0.0210932 0.00468151 0.00325743 -0 -0.0342562 -0 0.00030682 0.0516978 0.0127771 -0 0.0218029 0.0192881 -0 0.00790734 0.0075648 -0.000689407 -0 -0.00381752 0.0231153 -0.00251144 0.0347506 0.00231152 0.0150613 0.0179526 -0.0118474 -0.000194514 -0 0.011669 -0 0.00912788 -0 -0 0.0101055 -0 0.00459101 0.00373321 -0 -0.00401342 0.0260245 0.00734827 -0.0319901 0.00990144 0.0245896 0.00581315 -0.00011329 -0 0.0153647 0.00211019 -0 -0 0.0226602 0.0189035 0.00934242 0.00962449 -0 -0 0.0128282 -0.00260371 -0 -0 -0.0116541 0.00505446 0.027155 0.023002 -0 -0.00304668 0.00776211 -0.000395007 0.0267062 0.0111538 -0 0.0366331 0.0145135 0.000952029 0.0105268 -0.00950337 0.00205993 -0 0.00210973 0.000495907 -0.0207972 0.00186147 0.0054593 -0.000316242 0.00705469 -0 -0.00104711 0.0177879 0.0291886 0.0205235 0.00298537 0.0352677 0.0204111 0.0359007 0.0444554 0.000218213 0.00883523 -0.00347634 -0 0.00799293 0.0149835 -0 0.0187868 -0.0225229 -0.00732748 -0.0188275 -0.0224866 -0 -0 0.0277806 0.0108884 -0.0375784 0.000267957 -0 -0.0109298 0.0384013 0.0421679 -0 0.0184447 0.0034545 -0 0.022161 -0 0.00306159 -0.00609331 -0.00506756 0.0263428 0.0127675 -0.0206701 -0.000574123 -0.0130434 -0.0145658 0.0104889 -0 -0 -0.00833917 -0 -0 -0
0.0212013 0.0226485 0.00224589 -0 -0 0.000300981 0.0264806 -0 0.000821647 0.0156445 0.0626907 0.0232947 0.019205 0.00302723 -0.000429 0.0184093 -0 -0 -0 0 0.000188544 -0 0.0314481 0.000755243 0.00265565 -0 -0 -0 0.0029976 0.00778298 -0 -0 0.00218203 0.00156934 -0 -0 -0 0.0105846 -0 -0 0.0249276 -0.00814823 0.00449779 -0 -0 -0 -0 -1.72821e-05 0.0392035 -0 0.00241518 0.00295342 0.00369724 -0 0.00230032 0.00112321 -0 0.00609746 -0 0.0117252 -0 0.0301692 -0 -0 -0 0.00215826 0.015378 0.00053234 0.00564134 0.00217653 -0 -0 0.000142987 0.000220695 0.0178388 0.00329204 0.0151254 7.34132e-05 0.0154037 -0 -0 -0 0.0175114 0.00225263 0.00179282 -0 -0 0.004344 -0 0.00187424 -0 0.0145064 0.000334116 -0 -0 0.00027465 -0 -0 0.00292212 -0 -2.27582e-05 0.0173884 -0.000486732 -0 0.0027552 -0 -0 0.000819032 0.000295709 0.0169106 -0.014147 0.0181519 -0 -0 -0 -0 0.00324265 -0 -0 0.000426095 0.0178732 -0.000809809 -0 -0 0.0182162 -0 -0 -0 0.000666483 -0 0.0156774 -0.00539683 -0 -0 0.00314791 -0.00445575 0.000171132 -0 0.0019309 5.39621e-05 0.00261022 0.000265671 0.00126401 -0 0.0180863 -0 -0.00150285 0.0286684 -0 0.00139992 0.0220748 0.000470739 0.00366083 0.00197501 -0 -0 0.000180216 -0 0.000905788 0.0159295 -0 -0 -7.60914e-06 -0 0.000695323 -0 9.55394e-05 0.0167884 5.22199e-05 -0 -0 -2.90464e-05 0.00313767 0.0206004 -0 -0 -0 0.000157203 -0 -0 -0 -0 -0 -0 -0 -0 -0 1.60366e-05 -0 -0 -0.000405079 -0 -0 1.42997e-05 -0.000631931 0.000687236 0.000503873 -0 0.00244936 -0 0.00281397 -0 -0 -0 -0 -0 -0 -0 -0 -0 -7.23368e-05 0.000326121 -0 -0 -0 -0
0.00488954 0.00325317 0.0176911 0.00947812 0.00242345 0.00990895 -0 0.0253714 -0 -0 -0 0.0031913 2.02613e-05 0.00154988 2.27734e-05 0.010902 0.00357242 0.0117466 0.0188812 0.000188544 0 0.0145473 0.000713492 0.00253467 0.0105761 -0 0.00332548 0.00673508 0.00358345 -0 0.0012929 0.0127133 0.00292251 0.0159581 0.00392505 -0 0.0210768 0.0152973 0.0059494 0.0115098 0.00103369 -0.0146717 0.00495407 -0 0.0276018 0.00172196 0.012875 0.00560571 -0 0.0229214 0.00460355 0.00535429 0.00711702 0.0314086 0.00331817 -0 0.0147219 0.00163049 0.00305502 0.0074032 -0 0.010117 -0 -0 0.0260297 0.0205094 0.000419955 0.0289316 0.0114581 0.00597572 -0 -0 0.00639378 0.0107631 -0 0.0106672 0.00176342 0.00172435 -0 -0 0.0105406 -0.000571184 0.00207054 0.0117198 0.0027079 0.0229261 0.00162382 0.0041877 0.00205591 -0 -0 0.00924517 0.00785006 -0 0.0122262 0.00754756 -0 0.00262022 0.000199292 0.00225432 0.005987 -0 -0 0.00099667 -0 0.00663164 0.0164544 0.00121842 0.0150765 0.00258202 -0.000316416 -0 0.0215385 0.0126238 -0 0.00343668 -0 -0 0.00297725 0.00878252 0.000451741 -0.000437483 0.0122995 -0 -0 0.00884739 0.00802454 0.000407659 0.000741117 0.018568 0.00542847 -0 0.0190695 5.23626e-06 0.0134558 -0.00451111 -0 -0 -0 0.00939514 0.00451982 0.0018964 3.93334e-05 0.00802874 -0 0.0210116 -0.00236098 -0 0.0071143 0.00254241 -0 -0 -0 0.00291896 -0 -0 0.0103978 -6.1835e-05 0.00938199 0.00581776 -0 -0 -0 -0 0.0100472 0.00320591 0.000619091 0.00412831 0.00164299 0.00850567 0.0019997 0.00965207 0.0220185 -0 -0 -0 0.00164087 0.00616167 -0 0.000822062 -0 -0 -0 -0 -3.15868e-05 0.00155936 0.00897947 0.00909278 -0.00175249 -0 -0.000401961 1.31339e-05 0.00120621 0.00129151 -0.00414343 0.00395421 0.00418156 0.000587032 0.00148485 -0 -9.35446e-06 -0 -0 0.00154814 0.014053 -0.0013763 -0 -0 -0 -0 -0.00204585 -0 -0 -0 -0 -0
0.0204448 0.0453779 0.000229845 -0 0.0218738 -0 -0.0419072 0.0057572 0.00831764 0.00723867 -1.24305e-05 0.0547399 0.0209541 0.00783452 0.024231 0.0312771 0.000321353 -0 0.021266 -0 0.0145473 0 -0.043334 -0.0104952 0.0202143 -0.0218273 -0 0.0141138 0.0541666 -0.023871 -0 0.000221936 0.00429435 0.00942765 0.0104458 0.0392519 0.00126299 0.000812194 -1.59776e-05 0.010724 -0 -0.000223855 -2.9111e-05 0.0406959 -0 -0 0.00124919 -0 -0 0.00713322 -0 -0 0.0162255 0.00245138 0.0111127 -0 0.000110876 -0 -0.0207103 0.00951 0.0119692 0.0347323 0.00259144 -0.0169241 0.000996688 0.0174394 0.0469795 0.00434097 0.0194637 -0 -0.00832981 -0.00712249 -0 -0 -0 0.0194847 -0 0.00549016 -0 -0 0.00455907 -0 0.00387517 0.00258824 -0 0.000310662 -0 0.0115813 0.00192103 0.0249076 0.00262468 0.00108348 -0 -0 0.0102796 0.00405095 0.00446634 -0 -0 -0 -0 0.0292902 -0.0144093 -0 -0 -0 0.00960957 -0.0092785 0.00354713 0.0207309 -0.0101376 0.00664539 0.00849755 0.00635621 -0 0.0441977 -0 0.00487193 -0.0112076 -0 0.00853774 -0 -0 -0 -0.00457066 -0 -0 -0 -0 -0 0.0186522 -0.00596928 0.000522809 0.00270799 4.13509e-05 -0.00143184 0.00515747 -0.00823715 0.00111916 0.00022101 0.000807533 -0 -0 0.00972044 -0 0.00768001 8.62911e-06 -0 0.0205324 -0 0.0123621 0.014558 -0.0217664 0.021363 -0 -0 0.00727079 0.0120419 0.000803138 0.0182861 -0.00567493 -0.00442063 0.0402775 -0.00751805 0.000458144 -2.01963e-05 0.000148436 0.0275128 0.000136031 0.000427184 0.00105156 0.0245615 0.00468684 -0 0.00404831 -0 -0 0.0048734 0.00075715 -0 0.0165855 -0.000822148 -0.0146311 -0 -0 -0 0.0201974 0.0049652 -0 -0 -0 -0 -0 0.00286994 -0.000450391 -0 -0 -0 0.00184091 -0 0.00170076 -0.000130553 -0.00142141 -0 0.00851336 -0 -0 -0.00354061 -0.00514843 0.000548888 -0 -0 -0 0.00365121 -0 -0
-0.00439507 -0.0124861 -0 -0.00115829 -0.0104841 0.00262556 0.269341 -0 0.00324091 -0 -0 -0.00138727 -0 -0 -0.0108839 -0 -0 -0 -0.00818041 0.0314481 0.000713492 -0.043334 0 0.00274885 0.00694274 -0 -0 -0.0198718 -0.00869208 0.135315 -0.0012721 -0 0.0139088 0.00736198 -0 -0.0080145 -0 -0 -0 -0 0.0297695 4.22899e-06 0.0113026 -0.0173663 -0 -0 -0.000975531 0.00532431 -0 -0.0104546 0.0353439 0.0135305 -0.00699106 0.00793062 -0.000194987 0.00230251 -0 0.0158282 0.00283511 -0.00651659 -0.00842181 -0 -0.00918979 0.0177221 0.00109628 -0.00580563 -0 -0 -0.00464213 0.00308983 -0.00243037 -0 0.00389968 0.00521638 0.0191922 0.0096189 0.0193908 -0.0151101 0.0131175 -0 -0 -0.00674261 -0.00270791 -0 0.0240271 0.00213638 -0 0.00722099 0.00667834 -0.00428642 0.00803452 0.00424799 0.00210356 -0.0142552 -0 0.00383085 -0.00742033 0.00884687 0.0182536 0.00402782 0.018994 -0.00474666 -0 -0 0.00240841 -0 0.00361646 0.00484611 3.06547e-05 0.000415449 -0 0.00123904 -0.0122605 -0.000763878 -0.00234325 -0 0.00273477 -0.0105394 -0 0.0147881 0.00169365 -0 0.00989422 0.00920278 0.0129657 -0 -0 0.0196953 0.0161507 0.00252923 -0 -0 -0 -2.00563e-05 0.00244224 -0 -0 -0 -0 0.00220405 0.0130841 0.00154495 0.00629506 0.000678995 -0.0014777 -0 -0 0.0538125 -0 0.00389946 -0 -0 0.129847 -0.00958618 -0 -0 -0 -0.00929697 -0 0.00252483 -0 0.013518 -0 -0 0.00424558 0.00189338 0.00910192 -0 0.0182466 0.0103438 -0.00165919 -0.0290706 0.000180944 0.0308764 -0 -0.000811573 0.00396013 0.00215259 -0.0106542 0.0168718 -0.0135467 -0 -0 -0.00157901 -0 -0 -0 0.000844791 -0.0034343 0.000211081 -0 -0.00677392 0.00168291 -0.0072968 -0 0.00731098 0.0063889 -0 0.00702888 -0 0.00479752 -0 -0 0.0102057 -0 -0.0031947 -0.00035366 -0 -0 -0.00790993 -0 -0.00519799 -0 -0.00876946 -0 -0
