0.914023 -0.0521917 -0.00291086 -0.00502309 -0.0482596 -0.00223505 0.0108685 -0.00793313 0 -0.0353076 -0.0271794 -0.041298 -0.0289265 -0.0147716 -0.0141748 -0.0149708 -0.00359075 -0.000381019 0 -0.0181028 -0.00446051 -0.0174038 0.00379337 0 -0.0144018 0 -0.00097336 0 -0.0255243 0.00717547 -0.00632144 -0.00269551 0.00156466 0 0 -0.00405101 -0.000337781 -0.010914 -3.86095e-05 -0.000416751 0 0.0108064 0 -0.00991758 -0.00269949 0 -0.0173638 -0.000254982 -0.0122339 -0.00661064 0 0 -0.0244872 0 0 0 -0.000301588 0 0 -0.0401965 -0.0113116 -0.0218934 -0.00075742 0.00212568 -0.00245104 0 -0.0152447 -0.0065679 -0.023498 0 -8.8579e-05 0 -0.000867695 -0.000561866 0 -0.00724471 0 0 0.000141592 0 -0.00307187 -0.00485475 -0.0431477 -0.00518884 0.00135623 0 0 0 0.00190238 -0.0195308 0 -0.0242589 0 -0.00313383 -0.00821903 0 -0.00448763 0.00378456 0.00391421 0.0123312 0.00393191 -0.0170804 0.00511926 0 0 -0.00349327 0 0 -0.0120216 -0.0110173 0.0191627 0 -0.000759745 -0.010934 -0.00032315 -0.00438515 0 -0.0223822 0 0.00353912 -0.000364526 0.000150622 -0.00040016 0.00465756 0 -0.000325513 -0.000665365 0.00153043 0.00409169 -0.000665694 -0.028186 0.00769144 -0.0112363 0 -0.00285453 0.00426644 0 0 0 0 0.000990265 0 0 0 -0.00754155 -0.00400676 0.00260374 -0.000851759 -0.0013603 2.87373e-05 0 0 0.00296786 -0.00471311 0 0.0012194 -0.000599988 -0.0112765 0 -0.0065022 3.96856e-05 0.00238022 -0.00725539 0 0 0 0.000609028 -0.00361437 0.00392267 0 0.00285777 -0.00268391 -0.00475183 0.00239789 -0.000187542 -0.00318946 0 0 -0.00303874 0.00463454 -0.0163769 0 0 -0.00120858 0.000234514 0 0 -0.00377707 -0.0066085 0 0.00174674 -0.0032038 0 0.00067476 0.00273748 0 0 0 6.19661e-05 0 0 0 0 0.000528381 0 0 0 0 0 0.00199227 0.00106284 -0.00150564 0 0 0 0
-0.0521917 0.888641 -0.00407084 -0.000743328 -0.0451019 -0.00068614 0.0237778 -0.00572313 -0.00109062 -0.0251401 -0.00463688 -0.0488805 -0.0147314 -0.0166689 -0.0175263 -0.0307024 -0.00136596 -0.00883328 -0.000230148 -0.0190681 -0.00292622 -0.0380883 0.010626 0 -0.00345364 0 -0.000312839 -0.00315083 -0.0176373 0.0197811 0 -0.00176554 0 -0.00441478 -0.000272311 -0.00429709 -0.00212724 -0.00249546 -4.20064e-05 -0.000217978 0 0.00530129 0 -0.0057047 -0.000708735 0 -0.00106377 0 -0.0273144 -0.00572986 0 0 -0.0254289 -0.000498936 -0.000397932 0 -0.00104286 0 0 -0.0130078 -0.00138489 -0.0234584 -3.47795e-05 0.000499853 -0.00154206 -0.00420454 -0.0243458 -0.0171891 -0.0312493 0 0 0.00470767 0 -0.000463481 0 -0.00626358 0 0 0 0 -0.00265436 0 -0.0173494 -0.0043431 0 0 0 -0.000400855 0 -0.0150602 0 -0.00571553 0 -0.00866322 -0.00620983 -0.00403115 -0.00583774 0 0 0 0 -0.0124901 0.0152486 0 -0.0131646 -0.00169395 -0.000128257 0 -0.00426158 -0.0145666 0.00706956 -0.000337656 -0.010819 -0.00433994 0 -0.0044978 -0.00456471 -0.00317271 0 0 -0.0025094 0.00010677 0 0 0 0 0 0 0 -0.00108196 -0.031382 0.00783545 -0.00119081 0 -0.00240023 0.000459846 -0.000291504 0.00128013 -0.00456399 0 0 0 7.73726e-06 0 -0.00159311 -0.00186216 0.00124963 0 -0.00189054 0 -0.000485272 -0.00552191 0.0086559 -0.00672979 0 0 -0.00490369 -0.00205708 -0.00202327 -0.0049903 0.0114301 0.00454341 -0.00408034 0.000275288 0 0 0 -0.00163739 0 0 0 -0.00760613 -0.00282485 0.000644231 0 -0.0252055 0 -0.00174279 -0.0138843 0 -0.00510644 2.79359e-06 0.0042788 0 0 0 0 -0.00407703 0 0 0.00013896 0 0 0 0.000529681 0 0 0 0 0 -0.00171979 0 0.000604364 0 0 0 0 7.45911e-05 0.00350386 0 0.000110955 -0.00815127 0 0 0 0
-0.00291086 -0.00407084 0.928852 -0.0264845 -0.00682255 -0.0389559 0 -0.0395789 0 0 -0.00153291 -0.000602025 0 -0.000911901 0 -0.00474909 -0.00584636 -0.0165439 -0.000828802 -0.00193316 -0.0162692 -0.000197239 0 -0.0111335 -0.00980921 -0.00842242 -0.00660106 -0.00442468 -0.00342716 0 -0.00486926 -0.0162593 0 -0.00888162 0 0 -0.0148055 -0.0187237 -0.0084825 -0.0185554 -5.41638e-05 0.0181894 -0.0101537 0 -0.012409 -0.0100156 -0.0317361 -0.0144394 0 -0.00998039 -0.00146629 -0.000391763 -0.00456312 -0.00309461 0 0 -0.0144152 0 -0.00195216 -0.00298805 0 -0.00192912 0 0 -0.0180569 -0.00760357 0 -0.0147181 -0.000933427 -0.0165261 -0.00242003 -0.00522755 -0.0092348 -0.0144176 0 -0.00791744 -0.000218793 0 0 0.000404717 -0.0277129 0 -0.000337431 -0.0162533 0 -0.00405035 -3.55406e-05 -0.00199252 0 -0.00222536 -0.000129062 -0.00758541 -0.0150917 0 -0.0120732 -0.00337943 0 0 0 0 -0.00128661 -0.000684875 0 -0.00224977 0 -0.0252787 -0.0077337 -0.00528223 -0.0259349 -0.00137998 0.000702244 0 -0.0128065 -0.0107966 0 -0.000368214 0 0 -0.00182028 -0.00140473 0 0.00013456 -0.00229371 0 0 -0.0168371 -0.0233487 0 0 -0.0153262 -0.00304379 0 -0.0180353 0 -0.0223497 0.00977066 0 -0.0016735 0 -0.0054148 0 -0.00637692 -0.00839653 -0.00328039 0 -0.00206653 0.00633014 -0.000218135 -0.000362677 -0.00103323 0 0 0 -0.00220574 0 3.81149e-05 -0.0014932 0 -0.013705 -0.000788013 0 0 0 -0.00192965 -0.00357631 -0.00210161 0 -0.00403019 0 0 0 -0.00382755 -0.00918314 0 0 0 -0.0062054 -0.00304752 0 0 0 0 0 0 0.00125548 -0.000136036 0 -0.00965334 0 0 0.00105847 0.000111085 0 0 0.0058661 -0.000889129 -0.00157187 0 0 0 0 -0.00056449 0 0 -0.000676984 0 0 0 0 0 0.00407294 -0.00484332 0 0 0 0
-0.00502309 -0.000743328 -0.0264845 0.906897 -0.0110248 -0.0187184 0.00617503 -0.0189248 0.0152967 0 -0.00352626 0 0 -0.00443684 0 -0.00041536 -0.00910232 -0.0126125 0 0 -0.00861269 0 0.000995807 -0.00448414 -0.00655366 -0.0288776 -0.0153323 -0.0227178 0 0.00134475 -0.00990411 -0.0289168 0.00993181 -0.0062446 0 0 -0.0186233 -0.029214 -0.0185305 -0.0111161 -0.000305157 0.0113875 -0.00704982 0 -0.0263658 -0.00692309 -0.0439925 -0.0223888 0 -0.0168459 -0.00257249 -1.26872e-05 -0.00207174 -0.00685333 0 0 -0.0192732 0 -0.00539306 -0.00304206 -0.000818476 -0.00114628 0 0 -0.0247899 0 0 -0.0170945 -0.000695816 -0.00459772 -0.0126396 -0.00530714 -0.00923012 -0.0171674 0 -0.00471621 0 0.00977927 0 0.0011267 -0.015097 -0.00148604 -0.000824919 -0.0243421 2.10786e-05 -0.0137477 -0.00435296 0 0.00536278 0 0 -0.00625525 -0.0100501 0 -0.00755233 -0.00503925 0 0 0.000937064 0 0 -0.000703007 0 -0.00968409 0 -0.10737 -0.00688915 -0.00651178 -0.0213964 0 6.49974e-05 9.51171e-06 -0.00778986 -0.0310814 0 -7.93073e-05 0 -1.39973e-05 -0.00709735 0 0 0.000826525 -0.0136907 0.0134454 0 -0.0165831 -0.0268787 0 0 -0.018338 -0.000866917 0 -0.020123 0 -0.0281636 0.0111894 0 -0.00485877 0 -0.00255799 0.00786893 -0.0110827 -0.00573572 -0.000556986 -0.000102286 -0.00248735 0.0104401 4.36114e-06 -2.53867e-05 0 0.00598854 0 0 -0.000469756 0.000100139 0.00282692 -0.00286595 0 -0.0300542 0 -0.00102374 0 0 -0.00133273 -0.00545293 -0.00386145 0.00695222 -0.000120026 0.00275228 0 0.00903799 -0.00362199 -0.0162438 0.00115044 -0.00604392 0 -0.00282394 -0.00163576 0 0 -0.00356452 -0.00214502 -0.00139934 0 0.00557314 -0.0145303 -0.000108341 -0.0100709 -0.00280001 0 0.00375401 0 0 0.0133522 0.00988703 0 -0.00304814 -0.0087183 0.00633094 -0.000846472 0 -0.00277065 -0.000968328 0 -0.00199789 0 0 -0.00347588 -0.00410298 0.00439682 0.00549579 -0.0151963 0 0.00488581 0 0
-0.0482596 -0.0451019 -0.00682255 -0.0110248 0.916058 -0.000663566 0.00792555 -0.00944231 0.00286964 -0.0485337 -0.00104563 -0.0525068 -0.0178046 -0.0249493 -0.0410584 -0.0130493 -0.00829565 0 0.00216986 0 -0.00221326 -0.018641 0.00905881 0 -0.0026581 -0.00018162 -0.00410113 0 -0.017775 0.00414913 -0.0239041 -0.00920223 0.00616777 0.000288277 0 -0.0112913 -0.00335812 -0.00844938 -0.00157432 -0.00188125 0 0.00581067 0.000700713 -0.0109025 -0.0143846 -3.15792e-05 -0.0112783 0 -0.00111184 -0.0106594 0.00059191 0 -0.027067 0 8.57515e-05 0 -0.00172149 0.000525157 0 -0.0303429 -0.00418682 -0.0135099 -0.000104032 0.00300595 -0.00401289 0.000766009 -0.0105791 -0.00392798 -0.0230385 0 -0.00462593 0 -0.000107165 -0.00179594 0.00167651 0 0.0037422 0.0102003 0.00487158 0.000462555 -0.0120569 -0.0176894 -0.0221246 -0.00729029 0.00577738 0 -0.00129816 0.00250348 0.00789363 -0.00910309 0.000862633 -0.00413701 0 -0.00772513 -0.00627684 0 -0.00175509 0.00547516 0.0116277 0.00463109 0.00400313 -0.013441 6.1631e-06 -0.0021184 0 -0.00908717 0 0 -0.00799483 0 0.00354605 0 -0.000575284 -0.0135172 -0.00319392 -0.000555668 0 -0.0127989 0 0.00665812 0 0 -0.0115194 0.0135969 0.00054765 -0.000591337 -0.00182946 0.00550389 0.00515304 0 -0.0125799 0 -0.0088786 0 -0.002572 0.000668068 0 0 0 0 0.00686978 0 0 0.000189429 -0.00274304 -0.00562701 0.000552503 0 0 0.00164418 0 0 0.00295628 0 0 0 0 -0.00646893 0 0 0 0.00371477 -0.00016999 0 0 0 0.00810956 0 0.0127615 0.00247261 0.00850509 -0.000651961 -0.00240227 0.0156677 -0.00713901 -0.00502774 0.00017771 0 -0.0141877 0.0129233 -0.0196488 0 0 -0.0010795 0 -0.00115428 0 -0.000779294 -0.00711109 0.000598515 0.000101338 -0.00596677 0.000369198 0.0104213 0.00163098 0.000761529 0 -0.00141349 0.00300826 0 0 0 0 0.00130467 0 -0.00240686 0 0 0 0.0128532 4.47518e-05 -0.000261931 0 0 0 0
-0.00223505 -0.00068614 -0.0389559 -0.0187184 -0.000663566 0.910003 -0.00244697 -0.0267009 0 0 0 0 0 -0.00112872 0 -0.00739891 -0.000600058 -0.051677 -0.00926291 -0.000256428 -0.00901958 0 -0.00226112 -0.0208187 -0.0110188 -0.00341704 -0.000527954 -0.00217684 0 -0.000993967 0 -0.0085548 -0.00668224 -0.0242035 -0.00078503 0 -0.00761471 -0.0255212 -0.0117649 -0.0052558 -0.00246125 0.00512683 -0.03588 0 -0.0138929 -0.00169107 -0.00559674 -0.0156063 0 -0.0233039 -0.00697149 -0.00495211 -0.000144446 -0.0162704 -0.00089958 -0.000176854 -0.0132107 -0.00224535 -0.00499982 0 0.000512445 -0.00204783 0 -0.000499107 -0.0326053 -0.0058818 0 -0.0306468 -0.000334655 -0.0662795 0 0 -0.00955192 -0.01568 -0.000739077 -0.00855641 -0.00119715 0.000285887 -0.00127345 0 -0.00738602 0.0057673 0 -0.0189988 -0.00500782 -0.0180179 0 -0.00570919 0.00396751 0 -0.00175328 -0.00338854 -0.008182 0 -0.00667065 -0.0122491 0.00245711 -0.00341647 -0.00137487 -0.00779412 -0.0104155 0.000175277 0 -0.00205648 0 -0.0173056 -0.00490907 -0.00560491 -0.0104229 0.00192748 0 0 -0.00953718 -0.0055566 0.00156061 -0.00155721 -0.000631392 0.00194088 -0.00569019 -0.00358354 0 0 -0.0081982 -0.00060561 -0.000995429 -0.0074576 -0.0109401 -0.00106295 -0.00259397 -0.0187457 -0.00454797 0 -0.0141348 0 -0.0165889 0.00428359 0 0 0 -0.0171945 -0.00926119 -0.00963373 -0.000667187 -0.00499291 0 -0.00969187 0.000716159 -0.000219192 -0.00537476 -0.0120893 0 0 -0.000633788 0 0 0 -0.00314461 0.00600849 -0.00901878 -0.000558735 0 -0.000527101 0 0 -0.0105886 -0.00737607 -0.00173494 -0.000107227 -0.00278 -0.00354194 -0.00213197 -0.0106971 -0.00758176 -0.00101293 0 0 -0.0119489 -0.0034459 0 -0.00396541 0.00542187 0 0 0.000993646 3.12516e-05 -4.29954e-05 -0.000978475 -0.0133775 0.00238199 0 0 0.010351 -0.00238953 0.00333709 0.00319569 -0.00797398 -0.00332715 -6.20958e-05 -0.00583643 0 -8.38178e-05 0 0 -0.0016279 -0.00511274 0.0070296 0 0 0 0 0.000968117 -0.00184234 0 0 0 0
0.0108685 0.0237778 0 0.00617503 0.00792555 -0.00244697 0.78429 0 0 0 0 0.00573358 0 0 0.0198414 0 0 0.0203694 0.0359765 -0.0209446 0 0.0330454 -0.215338 -0.00530745 -0.00130454 0 0.000466014 0.0189301 0.020009 -0.151327 0.00491451 0.00159423 -0.0115273 -0.006308 0 0.0178633 0.00623994 0 0 0 -0.0282875 0 -0.0174072 0.0205384 0 0 0.00627736 -0.00663549 0 0.015463 -0.0322604 -0.00477854 0.0151158 -0.0131382 0.00347758 -0.000431847 0 -0.0178365 -0.00576158 0.0135394 0.0119915 0 0.00716052 -0.0523028 0 0.00875898 0 0 0.0115904 -0.00542739 0.00386184 -1.26322e-05 -0.004548 -0.000757838 -0.0182375 -0.0027579 -0.0155399 0.0214521 -0.0185576 -0.0026549 0.00116265 0.00586619 0.0120132 0 -0.0122069 0.00243943 0 -0.00641055 -0.000880441 0.00412848 -0.00183657 0 -0.00304015 0.0107557 0 -0.00678361 0.007146 -0.01608 -0.0314499 -0.00407207 -0.0210526 0.00623138 -0.00450596 0 0 0.0034671 0 -0.0183954 0 0 -0.00920805 -0.000675877 0.0236061 0.00277705 0.00259551 0.0209494 -0.000663227 0.00772911 -0.000235915 -0.00735135 -0.00108286 0 4.65814e-07 -0.0117456 -0.0132186 0 0 -0.00939021 -0.0145393 -0.00112916 0 0 0 0.0166319 -0.00148062 0 0 -2.1463e-05 0 -0.00162319 -0.010805 -0.00146223 -0.0113615 -0.00142326 0.00949204 0 0 -0.0338923 0.0175127 -0.00705074 0 0 -0.123036 0.0171016 0 -0.00122482 0 0.00524486 0 -0.00236546 -0.00544475 -0.0353824 0.0111448 -0.00691991 -0.00323865 -0.00252957 -0.00824034 0 -0.00836744 -0.0182243 0.00214957 0.0456934 0 -0.0463338 0 0.0063641 -0.00424451 0.00197934 0.00912087 -0.00696982 0.0099812 0 -0.00820585 0.0025155 0 0 0 -0.000169392 0.00179504 -0.0011957 0 0.0051305 0.00335336 -0.00210882 0 -0.00385526 -0.00682684 0 -0.00698877 0 -0.00224432 0 0 -0.00393061 0 0.00289515 0 0 0 -0.00296991 0 0.0105783 0 0.00741476 0 0
-0.00793313 -0.00572313 -0.0395789 -0.0189248 -0.00944231 -0.0267009 0 0.896569 0 -0.00105341 -0.000344962 -0.0040622 -0.000459312 -0.00436595 -0.0187824 -0.00514108 -0.00702027 -0.0128107 -0.00208796 0 -0.0229231 -0.00485386 0 -0.0115612 -0.0132184 -0.00570915 -0.0117792 -0.00181631 -0.00438439 0 -0.00709853 -0.0150734 0 -0.0135867 0 0 -0.0210219 -0.00971228 -0.00587691 -0.00672813 -0.00141044 0.0113708 -0.0139652 0 -0.0217075 -0.00839844 -0.0299606 -0.00761609 0 -0.0133484 -0.00241919 -0.000582194 -0.0107762 -0.0070925 0 0 -0.0195519 0 -0.00375728 -0.00142691 0 -0.00335756 0 0 -0.0173518 -0.0033813 0 -0.036338 -0.00585233 -0.0185817 -0.00355048 0 -0.00673207 -0.0107936 0 -0.0221578 -3.12983e-05 0 0 0.00158449 -0.0264205 0 -3.23499e-05 -0.00977394 0 -0.011276 -0.00230311 -0.00184879 0 -4.89659e-05 -0.000183912 -0.0118166 -0.00625817 0 -0.0225176 -0.00543971 0 -0.000268017 0 -0.00220623 -0.00278909 -0.00269534 0 -0.00594344 0 -0.0132264 -0.0169786 -0.000598972 -0.014069 -0.000839503 0.00305651 0 -0.0173046 -0.0215184 0 -0.00339326 0 0 -0.0114793 -0.00137351 0 0 -0.0121396 0 0 -0.00602934 -0.0227307 0 0 -0.0205102 -0.00513541 0 -0.0338426 0 -0.0177162 0.0120824 0 0 0 -0.008016 0 -0.00778036 -0.00174499 -0.00706713 0 -0.00700764 0.00786378 0 -0.00633308 -0.00097101 0 0 0 -0.00842333 0 0.0005805 -0.00257239 0 -0.0122626 -0.00162527 0 0 -0.00193245 0 -0.0151234 -0.00617835 0 -0.00701718 0 0 0 -0.00849071 -0.0143656 0 -0.000623118 0 -0.00211492 -0.00529652 0 0 0 0 0 0 0.00157935 -0.00520425 -0.001044 -0.0175692 0 0 0.00297418 0 -0.000131023 0 0.00713981 0 -0.00399817 -0.00126149 0 -0.000142469 0 0 0 -0.000534085 -0.00442474 0.000441046 0 0 0 0.0178735 0.00549336 -0.00521287 0 0 0 0
0 -0.00109062 0 0.0152967 0.00286964 0 0 0 0.712966 0 0 0 0 0.00908649 -2.31711e-05 -0.00412954 0.00256646 0 -0.00483038 -0.000619618 0 -0.00625343 -0.00247048 -0.00257078 -0.00270348 0.00198738 0.000517929 -0.00210099 -0.0288309 0 0.000107545 0.000480306 -0.0148637 0.00624326 -0.00365532 0 0 0.00829626 0.0135813 0 0 -0.000419598 -0.000985129 0.056323 0.00652911 0 0.00665119 1.43004e-05 0 0 -0.0028034 0 -0.0169342 0.00554347 -0.00161254 -0.00341894 0 -0.000824982 0 0 0.00114499 -0.00513046 0.0259593 0 0 -0.00972778 -0.00217246 0 -0.0113804 0 0.00320118 0.00501906 0 0 0 -0.00190143 -0.00110277 -0.0247881 -0.00211076 0 0 0.00319789 0 1.47602e-05 -0.015683 -0.00110961 0.0112035 -0.0120806 -0.0119941 -0.0112787 -0.00310261 0.0206163 0 -0.00259328 -3.86985e-05 -0.00167903 -0.0141751 -0.00218565 -0.0052883 -0.00263201 -0.00701766 -2.47099e-05 1.72023e-05 0.00773253 -0.0200367 0.00494097 -0.000600694 0 0.000783888 -0.00455701 0 -0.00105434 -0.000776611 0.000225154 0 -0.00161582 -0.00864377 0.00107457 0.00614695 -0.00554543 -0.00468226 0 0.0144688 -0.00571659 0 0 0.00507548 -0.00452 -0.0140656 0 -0.00249955 0 0.00189056 -0.00192383 0 0 -0.0110532 0.00302859 -0.000925913 0 -0.0148801 0 7.42662e-05 -0.0133078 0 0 0 0 -0.00105018 0 -0.00332986 -0.0104103 0 -0.0178655 -0.00471863 0 -0.000372711 0.000239969 0 -0.00646323 0.000124089 2.31664e-05 -0.0110469 0.000387401 4.46623e-06 0 -0.0143756 -0.0317047 -0.00891686 -0.00333367 -0.0166603 0 -0.00013331 -0.00286938 0.000368924 0 -0.000586423 -0.00129379 0 -0.00260775 0.00145799 0.000787185 0.00162273 0.000413274 0 0.00457358 -0.00262348 0 0.00579366 -0.0107441 0 0.00087774 -0.00393532 -0.0332466 0 -0.00175613 -0.000869488 0.00980437 -0.00799219 0 -0.000650685 0.00376773 0.000769201 -0.00228511 0 0.000931339 0 0.00174862 0.00153844 -0.0150468 0 -0.00166141 0 -0.00915663 0 0
-0.0353076 -0.0251401 0 0 -0.0485337 0 0 -0.00105341 0 0.911829 -0.0220086 -0.0137346 -0.0232296 -0.014764 -0.00738838 -0.0226556 0 0 0 -0.0133421 0 -0.00615459 0 0 -0.000230176 0 0 0 -0.021987 0.000547931 0 -4.40958e-05 0 0 0 -0.00205416 0 -0.00240407 0 0 0 0.0107749 0 -0.00841888 0 0 -0.000946985 0 -0.0117274 -0.00204456 0 0 -0.0107534 0 0 0 0 0 0 -0.0220899 -0.0207045 -0.00537105 -0.00267666 0 0 0 -0.0150628 -0.00016305 -0.00545224 0 0 0 0 -0.00124627 0 0 0 0 0 0 -0.00097013 -0.00101843 -0.0107407 0 0 0 0 0 0 -0.0104009 0 -0.0192329 0 -0.00566443 -0.000995433 0 -0.0152317 0.000984784 0 0.000982487 0 -0.0162541 0.00178681 0 0 0 0 0 -0.00282002 -0.00852043 0.0133219 0 0 -0.000386651 -0.000556249 0 0 -0.0129822 0 0.00285759 -0.000490796 0 0 0 0 0 0 0 0 0 -0.0113825 0 -0.000450166 0 0 0.00554061 0 0 0 0 0.000234238 0 0 0 -0.00753807 -0.000765128 0.00164125 -0.00911513 0 0 0 0 0 0 0 0.000376574 0 -0.0112659 0 -0.0073401 0 0.000712309 -0.000252065 0 0 0 0 -0.000403059 0.00129009 0 0 0 -3.21998e-05 0 0 -0.000112073 7.26472e-05 0 -0.00137385 0.000657227 -0.00253506 0 0 0 0 0 0 0 -0.00026438 0 0.00139769 -0.000608596 0 0 0.00224293 0 0 0 0 0 -0.00310558 0 0 0 0 0 0 0 0 0 0.000563404 0 0 0 0 0
-0.0271794 -0.00463688 -0.00153291 -0.00352626 -0.00104563 0 0 -0.000344962 0 -0.0220086 0.742409 -0.0170419 -0.0217546 -0.0709644 0.0149429 -0.00352322 -0.000556243 0 0.0108879 -0.0482424 0 9.5366e-06 0 0 -0.00180552 -0.00258659 -0.000124575 0 -0.00127449 0 0.0133569 -0.00240112 0.00121189 0 0 -0.00185455 0 -0.00760571 -0.000298057 0 -0.00662649 0.0169477 -0.00600835 0 -0.0051653 -4.66762e-05 -0.00581828 -0.00148604 -0.00684093 -0.00298145 0 -0.00247039 -0.00606583 0.0150919 0 0 0 0 0 -0.0198898 0 -0.00711201 0 0 -0.00107159 0 -0.01209 -0.000267228 0 -0.00158642 -0.00411111 0 -0.00249621 -0.00207081 -0.0142626 -4.01609e-05 0 0 -0.0127961 0 0 0 -0.0275844 -0.0027272 0 0 0 0 0.00479769 0 0 -0.0250049 -0.00217684 0 -0.00736211 0 0 0.000847467 0 0.00290567 0 -0.00451444 0 0 -0.00333203 -0.00251631 0 -0.00321508 -0.0076725 -0.00622068 0.0148838 0 0 -0.00330317 -0.000482055 0 0 -0.00132794 0 0.00333376 -0.0100368 0.000143741 0 0.0191227 -0.0195836 0 -8.6639e-05 0 7.51884e-05 -0.00037179 -0.00430183 0 -0.00121198 0 -0.00200377 0.00634285 0 0 0 -3.27679e-05 0 -0.0192431 -0.0108743 0 -0.16278 -8.00029e-05 0.00379238 -0.0358903 0 0 0 0 0 -2.14742e-05 0.000469342 0.000106154 0 0 0 -0.0149721 0 0 -0.00268063 0 0 0 0.00200266 -0.0169535 0.0107457 0 0.0063045 1.14607e-05 -0.00240792 0 -0.005129 0 0 -0.00775908 0 0.00877057 -0.000632108 0 0 0 2.23437e-05 0 0.00669053 -0.00312551 -0.00254093 0 0.00164048 0 0 0.00353739 0.00381223 0 0 0 0.00522451 0 -2.55732e-05 -0.000321288 0 0.0024767 0 0 0 0 0 0.00178167 0.00203364 0 0 0 0 0
-0.041298 -0.0488805 -0.000602025 0 -0.0525068 0 0.00573358 -0.0040622 0 -0.0137346 -0.0170419 0.898529 -0.0249207 -0.0335514 -0.0222259 -0.0186648 -0.00223049 0 0 -0.0197209 -0.0028865 -0.0462013 0.00118716 0 -0.00625772 0 -0.00123439 0 -0.0310697 0.00251368 0 -0.00426923 0 0 0 -0.0144397 -0.00305725 -0.00624911 0 -0.000525782 0 0.00158242 0 -0.0107718 -0.00246829 0 -0.00468226 0 -0.0211211 -0.00517419 0 0 -0.0239898 0 -1.02228e-05 0 -0.000202422 0 6.36695e-06 -0.0326234 -0.00201439 -0.0235343 -2.61799e-05 0.00697066 -0.000224553 -4.69544e-05 -0.032891 -0.00253939 -0.0191666 0 0 0.00562042 0 -0.00105143 0.000138172 -0.00102441 0 0 0 0 -0.00012575 -0.00312891 -0.00741302 -0.000555255 0 0.00532402 0 0 0.000695506 -0.0108814 0 -0.00530515 0 -0.00653333 -0.00543696 0 -0.00442045 0.0123736 0.00156998 0.00686125 0.000947603 -0.0108091 0.00533608 0 0 0 -0.00306704 0 -0.00144563 -0.00367665 0.00266626 0 -0.000844977 -0.00528867 -0.000721361 -0.0105508 0 -0.0106467 7.77202e-06 0.000208596 -0.00036942 0 -0.000939943 0.00134419 0 0 0 0 0.000263274 0 -0.0239882 0.000429262 -0.00234064 0 -5.13838e-05 0 -0.00246545 0 -0.00494024 0 0.000206116 0 0 0 -0.00892538 -0.00408405 0 0 -0.00725403 0 -0.000999751 0 0.0018121 -0.0019538 0 0 0 -0.0113954 0 -0.0112237 0.000415661 0.0016082 -0.00991948 0 0 0 0.000517498 -0.00404119 0.00231075 0 0.000657871 -0.00366879 -0.00281158 4.40993e-05 -0.00488288 -0.00401598 0 0 -0.00990453 0.0014068 -0.00675114 0 0.00345063 0 0 0 0 -0.00277395 -0.00303603 0 0 -0.00205628 0 0.00439865 0 0 0 0 0 0 -0.00162117 0 0 0 0 0 0 0 0.00304296 0.00142036 0 -0.00136582 0 0 0 0
-0.0289265 -0.0147314 0 0 -0.0178046 0 0 -0.000459312 0 -0.0232296 -0.0217546 -0.0249207 0.90434 -0.0195731 -0.0025198 -0.0269373 0 0 0 -0.0163112 -1.83853e-05 -0.0177427 0 0 -0.00220024 0 0 0 -0.0239433 0 0 0 -2.06038e-05 -0.00179564 -0.00488108 -0.00694726 0 -0.00314554 0 0 0 0.00196874 0 -0.0053885 0 0 -2.53945e-05 0 -0.0100742 -0.000569919 0 -0.00190471 -0.0104886 0 -0.00380774 0 0 0 0 -0.0105705 -0.0124629 -0.0219442 0 0 -1.28033e-05 -0.00327712 -0.0244396 0 -0.0185459 0 0 0 0 -0.000851832 0 -0.00506977 0 -0.000240624 0 0 0 0 -0.0205497 -0.00365264 -0.00020477 0 0 -0.00494412 0 -0.0256465 0 -0.00868087 0 0 -0.00200086 -0.000120891 -0.000911149 0 0 0 0 -0.013544 0.000978922 0.00523006 -0.00530953 0 0 0 -0.00453338 -0.0159185 0.00204657 -0.000196658 0 -0.00234105 0 -0.00567178 0 -0.00128462 0.00507677 0 -0.00206905 0 0 0 0 0 0 0 0 0 -0.027832 9.62187e-05 -0.000499855 -0.00481169 -0.00134631 0.000632414 0 0 -0.00469047 0 0 0 0 0 -0.0112753 -0.000737935 5.01812e-05 -0.00109901 0 0 -0.0160237 0 0 -0.00297907 0 0 -0.000185919 -0.00336093 0 -0.0217797 0 0 -0.00320338 0 0 0 0 -0.00346157 0 0 0 -0.000537261 -0.00273255 0 0 -0.0012097 0 0 -0.000137047 0 -0.00521591 0 0 0 0 0 0 0 0 0 0 0 0 0 1.08861e-05 0 0 0 0 0 -0.00507442 0 0 0 0 0 0 0 0 0 0 0 0 0 0 0
-0.0147716 -0.0166689 -0.000911901 -0.00443684 -0.0249493 -0.00112872 0 -0.00436595 0.00908649 -0.014764 -0.0709644 -0.0335514 -0.0195731 0.722553 0.0601164 -0.0379924 -0.000255826 -0.00087939 -0.0017855 -0.00229818 -0.00125711 -0.00592968 0 0.0133724 -0.00323888 -0.00326263 0 -0.000590728 -0.00436836 0 0 -0.00324827 0 -0.00560157 -0.0125305 -0.0173011 -0.00224933 -0.0204534 0 0 -0.000359092 0.00208728 -0.00365142 -0.00807802 -0.00780592 0 -0.00484396 -0.00121194 -0.0349662 -0.00460274 1.56056e-05 -0.0194511 -0.00801269 -0.00150619 -0.025365 0.00391062 0 -0.0080851 0 -0.0167806 -0.00760892 -0.0362438 0 0.00954949 -0.00215082 -0.00750694 -0.0233933 -0.00646737 -0.00303446 0 -0.00314149 0 -0.00286226 -0.000689306 0 -0.00546769 0 0 -0.00424712 0 -0.000253752 -0.0180856 -0.0273907 -0.00476304 0 0 0 0 0.018136 -0.000386374 0.00581765 -0.0396224 0 -0.00388623 -0.00500964 -4.50054e-05 -0.0013088 0.00967548 0 0.0113027 0.0110338 -0.00515497 0 -0.00231944 0 -0.00214945 -0.000814185 -0.000442456 -0.00572925 -0.00115601 0.0102166 -0.000775548 0 -0.00749478 -0.0224125 -0.0152538 0 -0.0110158 -0.000272547 0 -0.00226841 0.000498143 -0.00448021 0.00250877 0 -0.000292614 -0.000440855 0 0.00803936 -0.000806035 -0.0155846 0 -0.00628213 0 0 0.00127618 0 0 -0.00918625 -0.00276541 0 0 -0.000975452 0 -0.0491289 -0.0106821 0.000202794 -0.0201244 -0.00980423 0 0 0 0 0 0 0 0 -3.99857e-05 0 -0.0109612 0 0 -0.00548898 0 0 -0.00230718 0 -0.00378443 0 0 0.00594964 -0.00627793 -0.00158588 0 -0.00276532 0 0 4.05347e-06 -0.0104001 0 -0.000402779 0 0 0 0 0 -0.00754749 -0.0112204 -0.00345423 0 0.000285301 -0.00842967 0 1.37481e-05 0.000531608 0 0.00717024 -0.00320994 0 0 -0.00567166 0 0 0 0 0 0 0 0 0 0 0 0 0 0 0
-0.0141748 -0.0175263 0 0 -0.0410584 0 0.0198414 -0.0187824 -2.31711e-05 -0.00738838 0.0149429 -0.0222259 -0.0025198 0.0601164 0.784871 0 -0.00330867 0 0.00918162 0.000339439 -1.92515e-05 -0.0191141 0.00870489 0.000798854 0 0 -0.00179496 0 -0.0332961 0.00744525 -0.0106748 -0.00583426 0.00870854 0.00582091 0 -0.000528199 0 -0.00290957 0 -0.00330163 0.00288996 0.000634515 0.0137906 -0.0141268 0 0 -0.00225942 0 0 0 0.0023402 0.0014946 -0.0319751 0.00270491 0.00290418 0.000439053 0 0.0195374 0.000842949 -0.016747 -0.029692 0 -0.00600055 0.00240926 0 0.0022204 -0.010566 0 -0.0392754 0.000161271 -2.56363e-05 0 0 0 0.0137878 0 0.00362165 0.00610367 0.0223663 0.00109054 -0.000158959 -0.0201169 0 0 0.0109044 0.000298621 0 0.00290545 0.00272034 -0.0159751 0 0 0 -0.0057717 0 0.00132291 -0.00638551 0.00548943 0.0059415 0.00382605 0.00393418 -0.00963276 0.0014837 0 0.000553397 -0.000365578 0 0.000515632 0 0 0.00365414 0 0 -0.0112646 -0.00290941 -0.008901 0 -0.0175559 0 0.00770705 0 0 0 0.00421738 0.0148364 0 0 0.00207653 0.00648168 0 -0.0150749 0 -0.0123817 0 0 0.000553473 0 0 0.00028208 0.00217714 0.00560581 0 0 0 0 0 -7.53839e-08 0.00257132 0 0.00575695 0 0 0.00904872 -0.0069617 0 0.000846611 0 -0.0176527 0 0 0.00317824 0.00719272 -0.0021782 0 0 0.00333498 0.00855124 -0.0130125 0.011483 0.00769937 0.00725051 0 -0.00229601 0.0115666 -0.0003178 -0.00882542 0.000861971 0.000105899 -9.70696e-05 0.00335014 -0.0150896 0 0 -0.0015701 0 0 0 0 -0.00463242 0 0 -0.0169449 0.00175738 0.00676145 0 0.0020746 0 0 0.00379232 0 0 0 0 0.00176352 0 -0.0045798 -0.0145066 0 0 0.00523318 0 -0.00584588 -3.21788e-05 0 0 0
-0.0149708 -0.0307024 -0.00474909 -0.00041536 -0.0130493 -0.00739891 0 -0.00514108 -0.00412954 -0.0226556 -0.00352322 -0.0186648 -0.0269373 -0.0379924 0 0.828185 -0.000706052 -0.00737468 -0.0133575 -0.0149626 -0.00946692 -0.0253439 0 -4.29863e-05 -0.0063283 0 0 -0.00977609 -0.05517 0.0079048 -0.000303978 -7.43951e-05 0.000896879 -0.0105784 -0.00768955 -0.0213273 -0.00288263 -0.00356457 0 -9.48979e-05 -0.000957804 0.0035934 -0.00221383 -0.0210685 -0.00164198 -4.88641e-05 -0.000584695 -0.000179694 -0.0161786 -0.011366 0 -0.00246088 -0.032749 -0.00787069 -0.0144258 0 -0.000884709 -0.000161413 0 -0.0287707 -0.000791742 -0.0524389 -0.00190539 0 -0.00238366 -0.0206558 -0.0185276 -0.00781456 -0.046109 -0.000711123 0 0 -0.00056544 -0.00357657 0 -0.00907139 0 -0.00362324 -0.001463 0 -0.000183229 9.41447e-05 -0.0201233 -0.00597413 -0.00625062 0 0 -0.00405914 -0.0016122 -0.0182978 -0.00149002 -0.0119784 0 0 -0.00586622 -0.0102164 -0.0153183 0 -0.000104353 0 -7.21521e-05 -0.0104727 0 0 -0.00931399 -0.000569083 -0.00373558 -0.000163442 -0.00348374 -0.0291068 0.00604991 -0.0162902 -0.0034522 -0.00220377 0 -0.0131629 -0.000749101 0 0 0 -0.00654591 0.000156325 0 0 0 0 -0.0002768 0 0 -0.00188393 -0.0480015 0 -0.000898696 -0.003232 -0.000758005 0.00267809 -0.00920222 6.30433e-05 -0.00136044 -0.00449574 0.00682966 0 0 -0.000469989 -0.0139366 -0.0064505 0.000584182 -0.000338946 -0.00462125 -0.000586078 -0.00355242 1.79676e-05 0 -0.00542614 0 0.000270964 -0.0198857 0 -0.000604181 -0.0321626 0 1.57135e-05 -0.00410148 0 0 0 -0.000917584 -0.00747449 0 -0.00134842 0 -0.00891426 -0.0057206 0 0 -0.0045889 0 -0.00538865 -0.000234204 -2.17527e-05 -2.50511e-05 0 0 0 0 0 -0.00434621 -0.00636782 0 0 0.000845082 0 0 -0.00165436 0.000579943 0 0 0 -0.000475952 0 -0.00240711 0 0 0 0 0.000340594 0 0 0.000688302 0 0.000287432 0 0 0 0 0
-0.00359075 -0.00136596 -0.00584636 -0.00910232 -0.00829565 -0.000600058 0 -0.00702027 0.00256646 0 -0.000556243 -0.00223049 0 -0.000255826 -0.00330867 -0.000706052 0.959843 -0.00255538 0.00189457 0 -0.00333964 -0.000280328 0 -0.000316622 -0.00366624 -0.00523206 -0.0394462 0 -0.000213296 0 -0.0129804 -0.0311768 0.00785152 0 0 0 -0.0125361 -0.00412277 -0.0270313 -0.0165926 0 0.0311266 0 -0.000177244 -0.00595076 -0.0298511 -0.0254324 -0.0168937 0 -0.00673759 0 0 -0.00123355 0 0.000102819 0 -0.0244753 0 -0.000849176 -0.00245448 -0.0034104 0 0 0 -0.0063244 0.000384066 0 -0.0110423 -0.00156152 0 -0.013498 -0.00771413 -0.0193741 -0.00214573 0 0 0 0.0180612 0.00073994 0.00366657 -0.018431 -0.0162733 -0.000110278 -0.00505436 0.0121199 0 -0.0160541 0.00155667 0.00346924 0 0 -0.00430594 -0.0124448 0 -0.00588602 0 -0.000516251 0.00180197 0.00135905 0.00159893 0.00254072 -0.00572066 0 -0.00896813 0.00033302 -0.0126182 -0.00355749 -0.00510769 -0.0227106 0 0.00128669 0 -0.00299654 -0.0107882 -0.00124588 0 0.00019122 -0.00904341 -0.000176249 0.00144826 0.000324703 2.70583e-05 -0.00320114 0.00620248 0 -0.0147048 -0.0111657 0.000533212 0.00165751 -0.000749567 0 0 -0.0218389 0 -0.0116816 0.00850504 0 -0.010969 0 0 0.00608294 -0.0168491 -0.00436321 0 0 -0.00103719 0.0102549 0 0 0 0 0.000374002 0 0 0.000136355 0.00466396 -0.00182609 -0.00966957 -0.00391033 0 0 0.000728284 0 -0.00147745 0 0 0.0032791 -0.000487188 0.00906999 0.00168745 0.00574563 0 -0.00494362 0.00219487 -0.0138788 0 0 0 0 0.00600038 -0.0176217 -0.00294332 -0.00201724 -0.000660688 0.00499024 -0.00696507 0 -0.00172365 -0.0192264 0 0.00574459 -0.00643873 0.00136192 0.00704888 0.0101135 0 0 -0.00127704 0.00450207 -0.000286309 0 -0.00427009 -0.000826628 0.000529137 0 -0.00486111 0 -0.00960158 -0.00400478 0.00732577 0.00981333 -0.00285843 -0.000170262 6.46539e-05 0 0
-0.000381019 -0.00883328 -0.0165439 -0.0126125 0 -0.051677 0.0203694 -0.0128107 0 0 0 0 0 -0.00087939 0 -0.00737468 -0.00255538 0.884002 -0.00711099 0 -0.0105384 0 0 -0.0188506 -0.00167916 -0.0365836 -0.00332817 -0.0306665 -0.00234225 2.87963e-05 -0.00282177 -0.00782263 -0.00556398 -0.0135086 -0.00221744 0 -0.00791547 -0.00807213 -0.0256427 -0.0049236 0 0.00791542 -0.0157704 0 -0.00838847 -0.0112027 -0.00185883 -0.0113369 0 -0.0275781 -0.00166323 -0.0074747 -0.000307398 -0.0102602 -0.0111987 0 -0.0101282 0 -0.0203808 0 0 -0.00388231 0 0 -0.0191951 -0.0113769 0 -0.025875 -0.00296684 -0.0208084 -0.0135929 -0.00992603 -0.0072788 -0.00558636 0 -0.00828684 0 -0.0014659 0 0 -0.00493081 0.00359273 0 -0.00283457 -0.0033556 -0.00720105 -0.0017068 -0.00281004 -0.001058 0 -0.006425 -0.00316661 -0.00535508 0 -0.00488502 -0.0185446 0 -0.0020324 -0.00115375 -0.00145146 -0.00903188 0 0 -0.0239704 0 -0.0072136 -0.00592325 -0.014833 -0.00532976 -0.0026975 0 0 -0.00736463 -0.00460488 6.8126e-05 -0.00237104 0 0.000753894 -0.0251982 -0.00215045 0 0 -0.00221709 0 0 -0.0048894 -0.0130188 0 -0.00107513 -0.0155066 -0.00113016 0 -0.00159985 0 -0.00243444 0.00337132 0 0 0 -0.0263479 0.00177744 -0.0135311 -0.00295545 -0.00248182 -0.000574873 -0.00196193 0.00261601 2.07909e-05 -0.00545453 -0.0151781 0 0 0 0 0 0 -0.0106737 0.00213273 -0.00493496 0 0 0 0 -0.000588078 -0.00155938 -0.0159743 -0.0001056 0 0.000906633 -0.00248913 -0.000963182 -0.00435814 -0.00659505 0 0.00290246 0 -0.00215006 -0.00308862 0 -0.00364417 0.00128134 -0.00174044 0 0.00329771 0 -0.000617841 -0.0020879 -0.0111867 0.00163845 0 0.000123374 0.00571954 -0.00114702 -0.00159938 0.000945533 -0.00416072 -0.00351139 0 -0.000812907 0 0 -0.00120653 0 -0.000601072 0 0.00234643 0 0 0 -0.000262282 0.00244157 0 0 0 0 0
0 -0.000230148 -0.000828802 0 0.00216986 -0.00926291 0.0359765 -0.00208796 -0.00483038 0 0.0108879 0 0 -0.0017855 0.00918162 -0.0133575 0.00189457 -0.00711099 0.816458 0 -0.0162792 -0.0171095 0.00667302 0.00729868 -0.0051331 0 0.000726727 -0.011826 -0.000196371 0.0180175 1.51606e-05 0 -0.028515 -0.0485961 -0.00983054 0 -0.00260477 0 0 0 -0.00128455 -0.00440806 -0.0385549 0 -0.000686132 0 0.00842086 0.000864566 0 -0.00350652 -0.0025977 -0.00772319 0 -0.029882 -0.0381842 -0.00191302 0 -0.0142614 -0.00203792 0.000518247 0.0151642 -0.00913391 0 0.00968121 -0.0068034 -0.0251768 -0.00190641 -0.0100722 0 -0.00217344 0.0011644 0.00547446 0.000818703 -0.00222535 -0.00419365 -0.0127244 -0.0069434 -0.0179866 -0.00391079 -0.00285041 0 0.0295754 0 -0.000266034 -0.0443002 -0.0107893 0 -0.0187139 -0.0163756 0 -0.00644496 -0.00613729 0.000598711 0 0.0033065 -0.0197578 0.00219265 -0.0289852 -0.00194173 -0.0127211 -0.014969 0.0103517 0.000167092 0 -0.00979308 0 -0.00775671 0 0 -0.00866829 0 -0.00389278 -0.00322149 0 0.00350455 -0.0219147 -0.00620487 0.0280662 -0.00845462 -0.0206712 -0.00483022 9.95304e-05 0 -0.0132193 -0.00179225 0 0 -0.0195858 -0.0161017 -0.00805039 -0.00838678 0 0 -0.011058 0.00228086 0 0 0.00999942 -0.00429947 -0.0236515 -0.0198157 0 0.00262686 -0.00670433 0.000333156 -0.0227256 -0.00961981 0 -0.0311553 -0.0124999 -0.000823146 -0.00893202 0.00834032 -0.00176553 0 -0.00184998 -0.000428776 0.018303 -0.00160927 -0.00469301 0.000272916 -0.00609292 0 0.000919887 -0.0153323 -0.0251406 -0.0179286 -0.0025627 -0.0306937 -0.0176748 -0.0311828 -0.0379113 -0.000187873 -0.00755633 0.00300575 0 -0.0068789 -0.0128672 0 -0.0161901 0.0196119 0.00639852 0.0164131 0.0197252 0 0 -0.0234704 -0.00932941 0.0331271 -0.000231671 0 0.00964833 -0.0332367 -0.0368897 0 -0.0158924 -0.0029585 0 -0.0193641 0 -0.00264716 0.00536093 0.00445853 -0.0228242 -0.0110657 0.0185049 0.000503157 0.011538 0.0129481 -0.00919242 0 0 0.0073822 0 0 0
-0.0181028 -0.0190681 -0.00193316 0 0 -0.000256428 -0.0209446 0 -0.000619618 -0.0133421 -0.0482424 -0.0197209 -0.0163112 -0.00229818 0.000339439 -0.0149626 0 0 0 0.797644 -0.000160677 0 -0.0253559 -0.000627955 -0.00224394 0 0 0 -0.00246527 -0.00649031 0 0 -0.00179746 -0.00132813 0 0 0 -0.0088818 0 0 -0.0200326 0.00680549 -0.00373663 0 0 0 0 1.49579e-05 -0.0310477 0 -0.00196139 -0.00225784 -0.00302421 0 -0.00189208 -0.000867422 0 -0.00502826 0 -0.00998905 0 -0.0255817 0 0 0 -0.00182929 -0.0125014 -0.000455841 -0.00467488 -0.00181319 0 0 -0.00012222 -0.000187392 -0.0144497 -0.00281243 -0.0124519 -6.18755e-05 -0.0127186 0 0 0 -0.014798 -0.00193055 -0.00151848 0 0 -0.00368533 0 -0.00160014 0 -0.0116326 -0.000286799 0 0 -0.000232036 0 0 -0.0024262 0 1.8756e-05 -0.0150172 0.000413269 0 -0.00228546 0 0 -0.000698459 -0.000252286 -0.0143374 0.0118995 -0.0152129 0 0 0 0 -0.00270636 0 0 -0.000354045 -0.0146789 0.000703206 0 0 -0.0152923 0 0 0 -0.000561121 0 -0.013503 0.00460654 0 0 -0.00272562 0.00380269 -0.000146778 0 -0.00162345 -4.64554e-05 -0.00222258 -0.000227209 -0.00107721 0 -0.0150775 0 0.00128113 -0.0240406 0 -0.00119172 -0.0188652 -0.000394796 -0.00317557 -0.00167313 0 0 -0.000154015 0 -0.000773994 -0.0135349 0 0 6.43406e-06 0 -0.000592391 0 -8.24924e-05 -0.0142445 -4.49207e-05 0 0 2.44836e-05 -0.00267011 -0.0174143 0 0 0 -0.000133435 0 0 0 0 0 0 0 0 0 -1.35813e-05 0 0 0.000353569 0 0 -1.23648e-05 0.000553704 -0.000585277 -0.000426525 0 -0.00211542 0 -0.00240486 0 0 0 0 0 0 0 0 0 6.31347e-05 -0.000278707 0 0 0 0
-0.00446051 -0.00292622 -0.0162692 -0.00861269 -0.00221326 -0.00901958 0 -0.0229231 0 0 0 -0.0028865 -1.83853e-05 -0.00125711 -1.92515e-05 -0.00946692 -0.00333964 -0.0105384 -0.0162792 -0.000160677 0.910489 -0.0123596 -0.00061462 -0.00225163 -0.00954769 0 -0.00309824 -0.00569277 -0.00314865 0 -0.00102144 -0.011768 -0.00257209 -0.0144291 -0.00333896 0 -0.0192076 -0.0137143 -0.00547301 -0.0107274 -0.000887522 0.0130921 -0.0043972 0 -0.0246973 -0.00161808 -0.0116349 -0.00518369 0 -0.0200389 -0.00399429 -0.00437323 -0.00621964 -0.0266574 -0.00291597 0 -0.0136375 -0.00143655 -0.00278932 -0.0067384 0 -0.00916541 0 0 -0.023915 -0.0185723 -0.000364747 -0.0264685 -0.0101445 -0.00531865 0 0 -0.00583896 -0.00976396 0 -0.00973646 -0.00155101 -0.00155275 0 0 -0.00973198 0.000520761 -0.00186938 -0.0107311 -0.0024504 -0.0204437 -0.00148549 -0.00379573 -0.00184324 0 0 -0.00792073 -0.00719921 0 -0.0111828 -0.00681265 0 -0.00230793 -0.000176787 -0.00201069 -0.00527161 0 0 -0.0008997 0 -0.00615796 -0.0147659 -0.00111012 -0.0137424 -0.00233886 0.000284352 0 -0.0196273 -0.011448 0 -0.00305606 0 0 -0.00268461 -0.00779657 -0.000396383 0.000405877 -0.0111939 0 0 -0.00827858 -0.00736921 -0.000372088 -0.000666634 -0.0168963 -0.00499534 0 -0.017541 -4.76654e-06 -0.0124476 0.00411326 0 0 0 -0.00864139 -0.00411184 -0.00173278 -3.58131e-05 -0.00732307 0 -0.0188813 0.00215033 0 -0.00638941 -0.00231233 0 0 0 -0.00264193 0 0 -0.00949389 5.74676e-05 -0.00856523 -0.0052813 0 0 0 0 -0.00914535 -0.00291598 -0.000571109 -0.00374234 -0.00151 -0.00777797 -0.00183421 -0.00869231 -0.020019 0 0 0 -0.00149128 -0.0055878 0 -0.000748122 0 0 0 0 2.96304e-05 -0.00144354 -0.00801123 -0.0082273 0.00163145 0 0.000374845 -1.22435e-05 -0.00110247 -0.00119314 0.00387883 -0.00359789 -0.00378177 -0.000539671 -0.00137013 0 8.54125e-06 0 0 -0.00141649 -0.0128622 0.00130115 0 0 0 0 0.00190772 0 0 0 0 0
-0.0174038 -0.0380883 -0.000197239 0 -0.018641 0 0.0330454 -0.00485386 -0.00625343 -0.00615459 9.5366e-06 -0.0462013 -0.0177427 -0.00592968 -0.0191141 -0.0253439 -0.000280328 0 -0.0171095 0 -0.0123596 0.792808 0.0348332 0.00869986 -0.0170285 0.0177766 0 -0.0111319 -0.0444121 0.0198459 0 -0.000191698 -0.00352674 -0.00795439 -0.00829187 -0.0303082 -0.00107403 -0.000679463 1.37155e-05 -0.00932681 0 0.000186398 2.41111e-05 -0.0329479 0 0 -0.00105339 0 0 -0.00581922 0 0 -0.0132316 -0.00194145 -0.0091128 0 -9.58415e-05 0 0.0176448 -0.00807726 -0.00996014 -0.0293615 -0.00218809 0.0136126 -0.000854488 -0.0147363 -0.0380753 -0.00370587 -0.0160803 0 0.00678648 0.00597414 0 0 0 -0.0165955 0 -0.00461327 0 0 -0.0039279 0 -0.00326476 -0.00221145 0 -0.000258503 0 -0.00979543 -0.00160716 -0.0212004 -0.00210806 -0.000866201 0 0 -0.00877364 -0.00341203 -0.0038425 0 0 0 0 -0.0252191 0.0121973 0 0 0 -0.0080469 0.00788855 -0.00301707 -0.017523 0.00850117 -0.0055525 -0.00722579 -0.0053788 0 -0.0366749 0 -0.00421198 0.00943034 0 -0.00699061 0 0 0 0.00382537 0 0 0 0 0 -0.0160164 0.0050797 -0.000448752 -0.00230026 -3.56951e-05 0.00121827 -0.00441006 0.00696453 -0.000938103 -0.000189688 -0.000685522 0 0 -0.0082733 0 -0.00643994 -7.33373e-06 0 -0.0172073 0 -0.0105326 -0.0121723 0.0188239 -0.0180428 0 0 -0.00619483 -0.0104431 -0.000684197 -0.0154901 0.004826 0.00376226 -0.0339541 0.00650826 -0.000389138 1.71415e-05 -0.000127776 -0.023273 -0.000116662 -0.000364519 -0.000900044 -0.0206404 -0.00397632 0 -0.00344923 0 0 -0.00412403 -0.000650426 0 -0.0142312 0.000707444 0.0125688 0 0 0 -0.0168147 -0.00419222 0 0 0 0 0 -0.00247408 0.000393439 0 0 0 -0.0015851 0 -0.00144908 0.000113185 0.00123234 0 -0.00727097 0 0 0.00308629 0.00450985 -0.000474022 0 0 0 -0.00320838 0 0
0.00379337 0.010626 0 0.000995807 0.00905881 -0.00226112 -0.215338 0 -0.00247048 0 0 0.00118716 0 0 0.00870489 0 0 0 0.00667302 -0.0253559 -0.00061462 0.0348332 0.815006 -0.0023103 -0.00592989 0 0 0.0158914 0.00722587 -0.114062 0.000950847 0 -0.0115814 -0.00629788 0 0.00627439 0 0 0 0 -0.0241827 -3.57033e-06 -0.00949148 0.0142554 0 0 0.00083406 -0.00465816 0 0.00864736 -0.0290138 -0.0104558 0.00578034 -0.00636823 0.000162119 -0.00179741 0 -0.013194 -0.00244904 0.00561178 0.00710561 0 0.0078673 -0.0144526 -0.000952941 0.00497399 0 0 0.00388849 -0.00260188 0.0020076 0 -0.00336938 -0.00447716 -0.0157142 -0.00830651 -0.0161361 0.0128732 -0.0109482 0 0 0.00581612 0.00231308 0 -0.0205707 -0.0018024 0 -0.00619241 -0.00566486 0.00369917 -0.0065428 -0.00344331 -0.0018252 0.0122651 0 -0.00327151 0.00647266 -0.00737253 -0.0153198 -0.00339894 -0.0158232 0.00414372 0 0 -0.00201942 0 -0.00307047 -0.00417743 -2.64364e-05 -0.000356045 0 -0.00104966 0.0105705 0.000655402 0.00204432 0 -0.00230718 0.0092384 0 -0.0124205 -0.00140602 0 -0.00851957 -0.00791073 -0.0110024 0 0 -0.0170081 -0.0137447 -0.00217751 0 0 0 1.72734e-05 -0.00213751 0 0 0 0 -0.00191798 -0.0112616 -0.00133558 -0.0054228 -0.000585943 0.00124521 0 0 -0.0456144 0 -0.00335546 0 0 -0.113855 0.00820884 0 0 0 0.00817472 0 -0.00216851 0 -0.0116647 0 0 -0.00365624 -0.00162935 -0.00794403 0 -0.015866 -0.00894913 0.00143987 0.0247692 -0.000155647 -0.0263836 0 0.000715268 -0.00340515 -0.00184691 0.00927969 -0.0145269 0.0117853 0 0 0.00138387 0 0 0 -0.000723191 0.00302481 -0.000182334 0 0.00597439 -0.00145528 0.00637778 0 -0.00629372 -0.0054667 0 -0.00613632 0 -0.00414441 0 0 -0.00883469 0 0.00285751 0.00030967 0 0 0.00692603 0 0.00449034 0 0.007813 0 0
