0.984693 0.102702 0.0646585 -0.0994028 -0.146023 0.0734501 -0.016516 0.00244187 0.155813 -0.0534029 0.139778 -0.00493154 0.0569368 -0.0387785 -0.0314624 0.102352 1.09981e-06 0.0623195 1.60831e-06 -5.78453e-06 -0.0260744 0.046218
0.102702 1.13644 0.0836985 -0.0323537 0.116657 0.095445 0.0778093 0.0536144 0.150732 0.00245138 0.0998911 0.0354582 0.0447748 -0.0469564 -0.0866094 -0.00667729 9.52938e-07 0.134235 1.53382e-06 1.13199e-06 0.144506 0.211102
0.0646585 0.0836985 0.626621 -0.0703624 0.0820072 0.059828 0.0216428 -0.00922758 -0.101211 -0.0121486 0.0818871 -0.0362682 0.11845 0.0179127 -0.0932188 0.110514 -5.67942e-06 0.0471828 -3.96713e-06 -3.25013e-06 -0.030418 0.0383123
-0.0994028 -0.0323537 -0.0703624 0.505839 -0.0640642 0.0349768 -0.0554754 -0.00425964 0.0758719 0.0203923 -0.0655253 0.0849679 -0.107913 -0.0105491 0.205373 -0.0265632 -3.61767e-07 -0.0718017 1.72361e-06 1.08911e-06 0.0293893 -0.0759057
-0.146023 0.116657 0.0820072 -0.0640642 0.643254 -0.0477326 0.0934441 0.034386 -0.0077077 0.0707962 0.0089821 -0.057551 0.0808799 -0.0838235 -0.0670689 0.0294571 -2.10697e-06 0.148289 1.4611e-06 4.56206e-06 0.165607 0.0404129
0.0734501 0.095445 0.059828 0.0349768 -0.0477326 0.673703 0.0377183 0.106437 -0.0330629 -0.117903 0.00524423 0.0487827 -0.0043643 -0.116339 0.137279 -0.0352785 -4.69574e-06 -0.0429018 -6.10413e-07 5.77289e-06 -0.026581 0.191031
-0.016516 0.0778093 0.0216428 -0.0554754 0.0934441 0.0377183 0.183594 0.0339978 0.0167694 0.032347 0.0723824 -0.018226 0.0390408 -0.0416292 -0.0546378 0.0372548 -2.71666e-06 0.0905417 3.1027e-06 1.50213e-06 0.0233906 0.0697684
0.00244187 0.0536144 -0.00922758 -0.00425964 0.034386 0.106437 0.0339978 0.252984 -0.00538173 -0.0703559 0.029926 0.117492 0.0372663 0.122752 0.031953 0.0391297 3.16239e-07 0.0542308 -7.1881e-07 8.33356e-07 -0.00244863 0.131385
0.155813 0.150732 -0.101211 0.0758719 -0.0077077 -0.0330629 0.0167694 -0.00538173 0.697775 -0.150218 -0.0306526 0.00804433 -0.0398122 -0.000569178 -0.00840149 0.0178012 -2.11482e-06 -0.0129108 -3.63888e-07 2.89523e-06 0.131147 0.0725397
-0.0534029 0.00245138 -0.0121486 0.0203923 0.0707962 -0.117903 0.032347 -0.0703559 -0.150218 0.80018 0.0800595 0.00758926 0.11729 -0.0476044 0.00809685 0.0625036 1.63733e-06 0.0524393 4.2185e-06 -2.36159e-06 0.0892978 -0.0312468
0.139778 0.0998911 0.0818871 -0.0655253 0.0089821 0.00524423 0.0723824 0.029926 -0.0306526 0.0800595 0.706944 0.0389877 0.0565785 0.0407208 0.00472525 0.0718347 -1.35059e-06 0.112726 -4.07421e-07 -1.46971e-06 0.00536243 0.204902
-0.00493154 0.0354582 -0.0362682 0.0849679 -0.057551 0.0487827 -0.018226 0.117492 0.00804433 0.00758926 0.0389877 0.45876 0.0126719 0.0579038 0.0800052 0.0516072 3.65062e-06 -0.0270363 -1.08602e-06 6.17417e-07 0.0448731 0.040516
0.0569368 0.0447748 0.11845 -0.107913 0.0808799 -0.0043643 0.0390408 0.0372663 -0.0398122 0.11729 0.0565785 0.0126719 0.735985 0.0889738 -0.020769 0.0888424 -5.03706e-06 0.105869 -3.57047e-06 -6.50034e-06 0.00252046 0.0299374
-0.0387785 -0.0469564 0.0179127 -0.0105491 -0.0838235 -0.116339 -0.0416292 0.122752 -0.000569178 -0.0476044 0.0407208 0.0579038 0.0889738 0.60274 -0.0414732 0.0462071 -2.25038e-06 0.0293574 -2.7138e-06 -3.11211e-06 -0.0185901 -0.0439215
-0.0314624 -0.0866094 -0.0932188 0.205373 -0.0670689 0.137279 -0.0546378 0.031953 -0.00840149 0.00809685 0.00472525 0.0800052 -0.020769 -0.0414732 0.693269 -0.108158 3.72409e-06 -0.0763665 -4.71332e-06 1.32474e-07 -0.0202433 0.016903
0.102352 -0.00667729 0.110514 -0.0265632 0.0294571 -0.0352785 0.0372548 0.0391297 0.0178012 0.0625036 0.0718347 0.0516072 0.0888424 0.0462071 -0.108158 0.526709 -2.72055e-06 0.0690317 4.09154e-06 -5.7104e-06 -0.0144299 0.0197031
1.09981e-06 9.52938e-07 -5.67942e-06 -3.61767e-07 -2.10697e-06 -4.69574e-06 -2.71666e-06 3.16239e-07 -2.11482e-06 1.63733e-06 -1.35059e-06 3.65062e-06 -5.03706e-06 -2.25038e-06 3.72409e-06 -2.72055e-06 3.23826e-09 -8.78801e-07 9.87757e-11 2.08106e-12 -1.17381e-06 3.21457e-07
0.0623195 0.134235 0.0471828 -0.0718017 0.148289 -0.0429018 0.0905417 0.0542308 -0.0129108 0.0524393 0.112726 -0.0270363 0.105869 0.0293574 -0.0763665 0.0690317 -8.78801e-07 0.28976 2.52414e-06 -1.09949e-07 0.0433113 0.118755
1.60831e-06 1.53382e-06 -3.96713e-06 1.72361e-06 1.4611e-06 -6.10413e-07 3.1027e-06 -7.1881e-07 -3.63888e-07 4.2185e-06 -4.07421e-07 -1.08602e-06 -3.57047e-06 -2.7138e-06 -4.71332e-06 4.09154e-06 9.87757e-11 2.52414e-06 3.16045e-09 1.98432e-10 2.51084e-06 -1.56275e-06
-5.78453e-06 1.13199e-06 -3.25013e-06 1.08911e-06 4.56206e-06 5.77289e-06 1.50213e-06 8.33356e-07 2.89523e-06 -2.36159e-06 -1.46971e-06 6.17417e-07 -6.50034e-06 -3.11211e-06 1.32474e-07 -5.7104e-06 2.08106e-12 -1.09949e-07 1.98432e-10 3.09957e-09 6.3217e-06 3.74614e-06
-0.0260744 0.144506 -0.030418 0.0293893 0.165607 -0.026581 0.0233906 -0.00244863 0.131147 0.0892978 0.00536243 0.0448731 0.00252046 -0.0185901 -0.0202433 -0.0144299 -1.17381e-06 0.0433113 2.51084e-06 6.3217e-06 0.676776 -0.0322218
0.046218 0.211102 0.0383123 -0.0759057 0.0404129 0.191031 0.0697684 0.131385 0.0725397 -0.0312468 0.204902 0.040516 0.0299374 -0.0439215 0.016903 0.0197031 3.21457e-07 0.118755 -1.56275e-06 3.74614e-06 -0.0322218 0.810965