0.851265 0.0282725 -0.0482104 0 0 0.0133259 0.000616216 -0.0351421 0 0.010405 0.00804619 -0.0320661 0 0 -0.00270818 -0.0112246 -0.00341441 -0.00759303 -0.0227472 -0.00327404 -0.00885528 0 0 -0.00334533 -0.0502627 0.0118737 0 -0.0291113 0 0 0.00659656 -0.00505359 0 0.00520581 0.0079223 0.00469537 -0.00820997 -0.00704464 -0.0237724 0.015175 0.00595936 -0.00590299 0 0.0189569 0.031629 0.0412766 0.00845406 0 0 0.00979008 0 0 0 0.00833981 0.01018 -0.00483618 0 0.00111335 0 0 0.00455466 0 0.0139988 0 -0.0184447 0 0 0 -0.0014507 -0.0106976 0 -0.0277162 0 -0.021198 0.00850469 -0.00461788 0 -0.0259261 0 0 -0.000405462 0.0208023 0.00936548 -0.031867 0 0.00116018 0 0.00696829 0 0 0.0160309
0.0282725 0.719 0.0616568 0 -0.00689475 -0.168837 0 0.00492434 0.00273139 -0.216426 0.100697 -0.00262559 0.0120583 -0.0493965 -0.0161277 0.0151851 0.0157349 0.00394849 0 -0.00891004 0.0042502 0.0266021 0 0 0 -0.00990184 -0.0120273 0.00969659 0 0 0 0.0457142 -0.0209593 -0.00180496 -0.14136 0.00846884 0.00545132 0.000567612 -0.0139912 -0.00492986 -0.0557935 0 0.0123404 -0.0408973 0 0.00153484 -0.0316584 0.00378676 0 0.022023 -0.0474302 0.0253303 0 0.0177872 0 0.00677486 0.0198193 -0.00648669 0 0.00210444 -0.0207511 -0.127258 -0.0247673 0 0.0260825 0 0 0 0.000581778 -0.0150769 0.00745033 0 0 0.00517406 -0.00703424 0.0217111 0 0.00997772 0.0258609 0 -0.0293296 0.0058957 -0.0684548 0.00194689 -0.038761 -0.00932822 0.026585 0 0.00771909 -0.00165895 -0.0073833
-0.0482104 0.0616568 0.825865 0 6.17005e-05 0.011888 0.00220276 -0.00934531 -0.0130459 0.0212319 -4.50343e-07 -0.0158921 0 -0.0213397 -0.0112755 -0.0116806 0 -0.0118338 -0.0091614 0 -0.00802292 0.000923633 -0.00591707 -0.00673636 -0.0454466 0 0.0046323 -0.0301281 0 0 0 -0.0132413 0.00178727 0 0.012164 0.000956081 -0.0157755 -0.0170712 -0.00262859 0.0114952 0 0 0 0.00544249 1.28171e-06 0.00554915 0 0 0 0 -0.0244785 -0.00681769 0 0.000722201 0.0152597 -0.018919 0 -0.00438876 -0.00436536 0 0 0.000414435 0.0107182 0.00246357 -0.00481781 0 0 0 0 -0.0276997 0 -0.064355 0 -0.00713421 0 -0.00411816 -0.00535156 -0.0664806 -0.00554214 0 -0.00523225 0.0115507 0.008114 0 0 0 0 0 0 -0.00218199 0.00219003
0 0 0 0.876646 0 0.00264026 0 0 0 0 0.00695615 0 0 0.00167622 0 0 0.0301354 0.00226308 0 0 4.27102e-06 0 0.00177046 0 0.00691071 0.0112914 0 0 -0.00177015 0 0 0.0162978 -0.0016219 0.00164817 0 -0.0306041 0.0114537 0 0.00186998 0 0 0 0 0.00370698 0 0.0258012 0.0205945 0 0 0.0196108 0.00267296 0.00483979 -0.00252402 0 0 7.05666e-05 0 0.045328 0.00665104 0.00526204 0.000851318 0 0.000178983 0 0 0 -0.000295813 0 -0.0203543 0.00833931 0 0.0143391 0.00122154 0 0.00591419 0 0 0.00531497 0 0 0.000465361 0.00466203 0 0 0.00203191 0 0 -0.000952537 0 0.00265045 0.00341144
0 -0.00689475 6.17005e-05 0 0.873289 0 -0.0786679 0 0.00424617 -0.00500029 0.00172553 0 -0.0204658 0 0 0.00102642 0.0110216 0.00115879 0.0405771 0 0 0 0 0.00286987 0.000756867 0 -0.0106656 0.0165808 0 0 0 0.0188855 0 0 0 0 0.019577 0 0.00039607 -0.015262 0 0.0455216 0.0171842 0.00288953 0.0260766 0.00528055 0.0410643 0 0 0.0207724 0 0.000411349 0 0 0.00884383 0.0050384 0 0.0027473 0 0.0336084 0 -0.000652769 0 0 0 0 0 0 0 0.000913928 0 0.00225472 0 0 0.00178364 0 0 0.000381267 0.00936683 0 0.000131317 0 0.00242604 0 0 -0.0385459 0 0 0 0 0
0.0133259 -0.168837 0.011888 0.00264026 0 0.703463 0 0.00596418 0.0116243 -0.119919 0.0177502 -0.0175134 0.00603916 -0.0242183 -0.00887487 0.00140749 0.00330915 0.00358055 0 0.0427817 -0.000981989 0.00198739 0 0.00582334 0 -0.0184634 -0.00659341 0.00345247 0 0 0 0.02417 -0.00771803 -0.00599644 -0.149917 0.0051817 0.0128486 0.00295862 -0.038514 -0.00914505 0 -0.0151848 0.0077933 -0.0455003 0 -0.0101358 -0.0551502 0.00327917 0.00229708 -0.0203062 -0.0416555 0.0477267 0 0.0233533 -0.00561769 0.0112202 -0.0148044 -0.0110939 -0.00273071 0 -0.0363717 -0.0391919 -0.05222 0 -0.0136254 0.000652626 0.00294458 0 0.00636431 -0.00411912 0.0118943 0.0043077 0 0.0147926 -0.0135593 0.0196171 0 0.0267311 0.0312933 0 -0.0075536 -2.48814e-05 -0.0405173 0.011572 -0.0400453 -0.0118027 0.0196516 0.00194021 0.000194511 -0.00548102 -0.0115731
0.000616216 0 0.00220276 0 -0.0786679 0 0.87007 0.00639508 0.00539981 0 -0.00357466 0.0133289 -0.0259789 0.00526289 0 0.00437006 0.0231832 0.00255758 0.0411753 0.011233 0.00621235 -0.00116834 0 0.0255048 0.00622415 -0.00134967 0 0.00985461 0.000229504 0 0 0.0147224 0 -0.00575033 0 0 0.00632928 0 0.0120605 -0.0563842 0 0.0322701 0.00772512 0 0.0219201 0 0.0150316 0 0 0 0 0 0 0 0 0.000336236 0 0.000205504 0 0.000149944 0 0 0 0 0.0016675 0 0 0 0 0.0024942 0 0.00328288 0 0.0116127 0 0 0.00184134 0.00879063 0.001444 0 0.0118304 -0.00126707 0.0139256 0 0 -0.0399137 0 0 0 0 0
-0.0351421 0.00492434 -0.00934531 0 0 0.00596418 0.00639508 0.843854 0 0.00140476 0.0104247 -0.00899572 0 0 -0.0119295 -0.00989139 0 -0.0157572 -0.120138 0 -0.0540289 0.0018394 -0.0121995 0 -0.0524001 0.0125402 0 -0.0234086 0 0 0 -0.0166345 0 0.00793077 0.00162445 0.0123709 -0.00705874 -0.0229367 -0.0113171 0.0379484 0.0152289 -0.00919984 0 0.0125549 0.0322628 0.0283358 0.0061091 0 -0.000562775 0.0367085 0 0 -0.000802664 0.00930049 0.00973392 0 0 0.00433438 0 3.40606e-05 0.00364009 0 0.0184062 0 -0.0215045 0 0 0 -0.00218661 0 0 -0.00927459 0 -0.0105669 0.00607181 -0.00494689 -0.000419631 -0.0186334 0 0 -0.00148459 0.0194138 0.00307329 -0.0191637 0 0.00303522 0.000844734 0 0 -0.00335499 0.0107923
0 0.00273139 -0.0130459 0 0.00424617 0.0116243 0.00539981 0 0.607671 -0.00115585 -0.011615 -0.0160378 0.015317 -0.0617682 -0.055716 -0.00562459 -0.00219672 -0.0055059 -0.00303439 0.0126901 0.00099344 0 -0.00102103 -0.0594005 -0.0191346 -0.0085089 -0.000214169 -0.00159721 0.00243226 0.00332346 0.035038 -0.00662544 0.00362445 -0.00251922 -0.00155773 0.0425006 -0.0110519 -0.00951056 -0.0172636 0.00865253 -0.0127817 0.00726489 0 -0.00677905 -0.0131131 -0.0347086 -0.0202297 0.00202611 0.00315147 -0.0106051 -0.0177357 -0.0360322 0.000646793 -0.00240652 0 0.0103376 0 -0.0126894 -0.00777929 0 -0.00619364 -0.00613488 -0.00244657 0 7.32449e-08 0 0.00251233 0 0 -0.0307075 0 -0.0390909 0 -0.0555871 -0.0108043 0 -0.0127153 -0.0235706 0 0 -0.00841777 -0.00468635 0 0.00196239 0 0 0.0178165 0.00114743 0 -0.00556279 -0.00267921
0.010405 -0.216426 0.0212319 0 -0.00500029 -0.119919 0 0.00140476 -0.00115585 0.790451 0.041237 -0.0267959 0.00876526 -0.0348421 0.000581216 0.0164526 0.0349912 0.00400812 0 0.0229148 0 0.0087656 0.0207369 0 0 0.00841627 -0.00562902 0.00321843 -0.020446 0 0.000640103 0.022256 -0.0342804 0 -0.191289 0.00697116 0.0081584 0 -0.0156865 -0.00141267 0 -0.0156342 0.0236326 -0.0354964 0 1.34662e-06 0.00409788 0.000473682 0 0 -0.0371801 0.0704529 -0.00584727 0.00835666 0 0.00893187 0.0264585 0 0 0.0103414 -0.00652371 -0.0370224 -0.0324138 0 0.00140206 0 0 -0.00104261 0 -0.00171168 0.0069373 0.0200477 0 0 0 0.0143674 0.00188257 0.013829 0.031864 0 -0.0333567 0 -0.0927732 0.00520975 -0.00844016 -0.00613408 0.0388924 0 0.000960257 0 -0.00260794
0.00804619 0.100697 -4.50343e-07 0.00695615 0.00172553 0.0177502 -0.00357466 0.0104247 -0.011615 0.041237 0.743132 0.0218417 0.00170313 0 -0.0114369 0 -0.00151156 0 0 0.0513487 0.033307 -0.0115687 -0.0122927 -0.00231722 0.00263033 -0.0475644 -0.00279758 0.00872363 0.0381705 0 -0.00192613 -0.012909 0.0283341 -0.070682 0.0356973 -0.00135019 0.00245151 0.00878227 -0.00174122 -0.0315761 -0.0137004 0.0607163 -0.0039838 -0.0160384 0.0247214 -0.119485 -0.036372 0.00591527 0.0275087 -0.0398727 0 -0.0197892 0.00666705 -0.0384573 -0.0535442 -0.0153949 -0.000943674 -0.0213777 -0.0162396 -0.0129379 -0.0215819 0.0215404 -0.0139587 0 0.0119595 0.00137976 0.0167635 0 0.0177268 -0.0207705 0.000204631 -0.00513731 0 0.0344544 -0.0287282 0 0 0.00757182 0 0 0.0511107 -0.0806554 0.097558 0.0143855 -0.00101097 -0.0159344 -0.0281355 0.00426496 -0.00198409 -0.00624935 -0.028167
-0.0320661 -0.00262559 -0.0158921 0 0 -0.0175134 0.0133289 -0.00899572 -0.0160378 -0.0267959 0.0218417 0.713904 0.0111696 -0.0362245 -0.0190062 -0.0615225 -0.0286476 -0.00464911 -0.0178419 0.00485388 -0.0342477 0.00411022 -0.0146445 -0.0269698 -0.0187212 0.0101672 0 -0.0170239 0 0 0 0 -0.00108253 0.00698184 -0.0207554 0.0175094 0.00430618 0.0109682 -0.0219558 0.0288319 0.0408479 -0.00510158 0.023457 0 0.00113003 0.015948 0.0137436 0 0 0 -0.0250863 0.00750494 0 0.0104802 0.00438802 0 -0.00472103 0.00235496 0.00164982 -0.00100873 0 -0.0757951 0.0143014 0 -0.244547 0 0 0 0 -0.00605767 0 -0.0236018 0 -0.0171942 0.00492682 0 0 -0.00501252 0.00467818 0 -0.0106871 0.018414 0 -0.000116402 -0.00135306 0 0.0451801 0 0.0119729 -0.0147788 0.00366037
0 0.0120583 0 0 -0.0204658 0.00603916 -0.0259789 0 0.015317 0.00876526 0.00170313 0.0111696 0.834414 0.00299211 0.000360886 0.0474755 0.00323097 0.00267643 0.00562128 0 0 0 0 0.000439854 0.00883167 0.00232605 0 0.0274341 0 0 0 0.0347169 0 0 0.00700644 0 0.00511515 0 0.00328244 0 0.00167599 0.0291586 0.00180093 0.0167903 0.00317969 0.0105109 0.0586407 0 0 0.00885231 0.00604492 0 0 0 0 0.0010547 0 0.0121 0.00199114 0.00303377 0.0019286 0 0.00256629 0 0 -0.0163507 0 0 0 0.00927909 0 0.0115461 0 0 0.00438208 0 0 0.00881084 0.0030671 0 0.00799245 0 0.031625 0 0.000968739 0 -0.000414364 0 -5.02795e-05 0.00193612 0.00561852
0 -0.0493965 -0.0213397 0.00167622 0 -0.0242183 0.00526289 0 -0.0617682 -0.0348421 0 -0.0362245 0.00299211 0.777233 -0.138852 -0.0175885 -0.000821311 -0.00208282 -0.00548723 0.0168012 0.00272123 0.00357509 -0.0195495 -0.0216609 -0.0172341 0.00290565 -0.00229736 -0.00744944 0 0.000822726 0 0 0.000651994 -0.00458703 -0.0440863 0.0101285 0 -0.0421616 -0.0216674 0 -0.0227077 0.0224133 0.00255192 0.00702861 -0.023258 0.00992084 0.00428118 0 0 0.00361788 -0.041577 0 0 0 0.0232752 -0.0164445 -0.00215978 -0.0274542 -0.00664266 0 -0.0123633 -0.039382 0 0.0204655 -0.0126803 0 0.00218388 0.00317253 0.00120562 -0.125829 0.00819094 -0.00624337 0 0 0.0129236 0.0198297 -0.00304295 -0.0205482 0.00631136 0 -0.0163755 0.00169098 0 0.00460048 -0.00348068 -0.00445776 0.00875151 0.00158183 0 -0.0102526 0.000738996
-0.00270818 -0.0161277 -0.0112755 0 0 -0.00887487 0 -0.0119295 -0.055716 0.000581216 -0.0114369 -0.0190062 0.000360886 -0.138852 0.698115 -0.0463765 0.00113607 -0.00428951 -0.0157605 0.0109111 0.027749 0 -0.0224783 -0.0228368 -0.0212248 -0.00204872 -0.0130759 -0.00383143 0 0 3.13394e-07 0.00782907 0.00391778 -0.0072641 0.00199862 0.0035629 0 -0.0625485 -0.0281394 0 -0.0237728 0.119259 0 0.0780179 0 -0.00180837 0 0 0.00177848 2.78745e-06 -0.0651415 -0.0101477 0 -4.56475e-05 0.0111 -0.0154098 0 -0.0115024 0 0.072632 -0.018686 -0.0563399 0 0.00993161 -0.0127839 0 0.00451985 0.015544 0.00339992 -0.0940697 0.0178607 -0.0517857 -0.0116071 0.00513891 0 0.00433832 -0.00244487 -0.0200099 0.00244765 0 -0.00638404 0.00115619 0.118415 0.00918887 -0.00322848 -0.00471346 0.000437331 0.00537347 0 -0.0226305 0.00485636
-0.0112246 0.0151851 -0.0116806 0 0.00102642 0.00140749 0.00437006 -0.00989139 -0.00562459 0.0164526 0 -0.0615225 0.0474755 -0.0175885 -0.0463765 0.647703 -0.000807261 -0.00635763 -0.00912876 -1.31361e-06 0.106304 0.00319832 -0.00682659 -0.0247254 -0.0146329 0 8.33347e-07 -0.015202 0 0 0 0 0 0.00252832 0 0 0 1.91891e-06 0.0218723 0.00739885 0.0173107 0.000449024 -4.83248e-07 0 0 0 0.00783348 0 0.00336418 0 -0.0540285 0 0 0 0 -0.00922206 0 -0.00949347 0 0 0 -0.0989181 0.00630677 0 -0.127708 0.00827608 0 0 -5.86472e-07 0.00221256 0 -0.0251587 -0.00189275 -0.0142136 0 0 0 -0.0138835 0 0 -0.00538582 0.0259807 0.0187041 0 0 0 0.000984487 -1.17942e-06 0.0204194 -0.0170994 0
-0.00341441 0.0157349 0 0.0301354 0.0110216 0.00330915 0.0231832 0 -0.00219672 0.0349912 -0.00151156 -0.0286476 0.00323097 -0.000821311 0.00113607 -0.000807261 0.53127 0 -0.00112782 -0.0310339 -1.29984e-06 0 0 -0.0122592 -0.00780211 -0.00121807 0 0 0 0 0 -0.0331815 0.0033655 0 0.0078551 0.0363898 0.111691 -0.0238639 0 0.0108244 0 0.00833361 0 0 -0.0373359 -0.0260776 -0.00406853 0.000403843 0 -0.00594443 -0.00122949 -0.00568939 0.0621322 0 0 -0.00211196 0 -0.005718 0 -0.00728732 0 -0.00960492 0.00338674 0 -0.0520122 0.000343311 0 0.0175337 0.0428006 -0.00679046 0 -0.0126828 0 0 0 -0.0030425 0 0 0 0 -0.0584217 -0.0509519 0.0109307 0 0 0 0 0 0 -0.0079637 0
-0.00759303 0.00394849 -0.0118338 0.00226308 0.00115879 0.00358055 0.00255758 -0.0157572 -0.0055059 0.00400812 0 -0.00464911 0.00267643 -0.00208282 -0.00428951 -0.00635763 0 0.857274 -9.27209e-05 -0.0183476 -0.0104015 0.00329738 -0.00195767 -0.00893167 -0.00552943 0 0 -0.00440846 0 0 0 -0.0692941 0.00573573 0 0.00969537 0 -0.117828 -0.0036012 0 0.0201634 -0.00205627 0 0 0.000746886 -0.00803094 -0.00027898 -0.0101956 0 0 0 -0.0309584 -0.00992432 0 0 0.000959702 -0.00929116 0.00720255 -0.0114749 -0.00420738 -0.00624564 0 0.00418016 0.000294945 0 0 0 0 0 0 -0.0334501 0 -0.0135786 -0.000576034 -0.0111555 0 -0.0190125 -0.0387759 -0.0244001 -0.0145328 0 -0.0100103 0.0125468 0 0 0 0 0 0 0 0 0
-0.0227472 0 -0.0091614 0 0.0405771 0 0.0411753 -0.120138 -0.00303439 0 0 -0.0178419 0.00562128 -0.00548723 -0.0157605 -0.00912876 -0.00112782 -9.27209e-05 0.820085 0 -0.00303112 0.00380512 -0.0112974 -0.00150096 -0.0418853 0 0 -0.00506603 0 0 0 -0.00343394 0 0 0 0.00386712 -0.000689184 0 -0.0533656 0.0185894 0.00162819 -0.0460842 0.0100499 0 0.0270802 0.000357651 -0.0211932 0 0 0 -0.00408205 0 0 0.000294994 0 -0.00879998 -0.000960057 -0.00596973 0 -0.0199049 0 -0.000233993 0.00868864 0.000266325 -0.014177 0 0 0 0 -0.00808654 0 -0.0249121 0 -0.0105153 0 0 0 -0.00902129 0 0 -0.000293469 0.0033333 0 0 -0.000211029 0.00189093 0.00780219 0 0 -0.0354802 0
-0.00327404 -0.00891004 0 0 0 0.0427817 0.011233 0 0.0126901 0.0229148 0.0513487 0.00485388 0 0.0168012 0.0109111 -1.31361e-06 -0.0310339 -0.0183476 0 0.523542 3.60469e-06 0 0.00375845 -0.079663 0.00280004 0.0204691 0.00374911 0.0215387 -0.00149383 -0.00487704 0.000216156 -0.0161151 -0.0398011 0.00667899 0.0207583 0 -0.0205206 0.0883553 0.0480799 0.00159092 -0.0461092 -0.00823009 0 0.0185122 0 0.0261433 -0.0447753 0 -0.00470481 0.00770897 0.0209319 0 0.0206049 -0.031228 0.00598167 0.0304348 0.0186334 0.00602009 0.0222357 0 0.0431234 0.0262616 0.0167026 -0.00250431 0.0101417 0 -0.00369092 0 0 0.0170682 0 0.00320495 0 -0.00360702 0.00580147 -0.00591591 0 -0.00789998 -0.00895858 0 0 0.0135512 0.00956753 -0.0139967 0.00352632 0.00658928 0 -0.00229109 0.00939187 0.00636362 0.00866808
-0.00885528 0.0042502 -0.00802292 4.27102e-06 0 -0.000981989 0.00621235 -0.0540289 0.00099344 0 0.033307 -0.0342477 0 0.00272123 0.027749 0.106304 -1.29984e-06 -0.0104015 -0.00303112 3.60469e-06 0.676928 0.0493379 -0.00755478 0.0125939 -0.00715064 0.0454521 0 -0.04637 0 0 0 -0.0259496 0 0.0207199 0 0.0740445 -0.0104626 -0.0129196 0.000494149 0.055301 0.0133385 -0.0730225 0 0.0279894 -0.0374262 0.0243704 0.00888753 0 -0.00480576 -0.0338803 0.0175923 0.0022157 -0.00331559 0.0270902 0.0288977 0.00112809 0 0.00835961 0.00140725 0 0.0115115 0 0.012113 0 -0.0136832 0 0 0 0 0.0187134 0 -0.00801589 0 -0.0441568 0.00894053 -0.0347453 -0.0131784 0.00431484 -0.000671274 0.00286167 -0.0110784 0.0238415 0 -0.0124756 -0.0523148 0.00662522 0.00901943 0 0 -3.38875e-06 0.0130822
0 0.0266021 0.000923633 0 0 0.00198739 -0.00116834 0.0018394 0 0.0087656 -0.0115687 0.00411022 0 0.00357509 0 0.00319832 0 0.00329738 0.00380512 0 0.0493379 0.834412 0 0 9.1304e-05 -0.000133904 0 0 0.000268002 0 0 0.0109575 -0.0161755 -0.0173023 0.00273134 -0.00199326 0 0 0 -0.0292121 0 0.00385493 0 0 0 -0.00642036 -0.00321126 0 0.00201948 -0.00432396 0 0 0 -0.00597047 -0.00387062 0 0 0 0 0 0 0.0167439 0 0 0.00409139 0 0 0 0 0 0 0.00775599 0 0.00155489 -0.00328439 0 0 0 0 0 0.00109267 -0.00374002 0 0 0 0 0 0 0 0 -0.000215643
0 0 -0.00591707 0.00177046 0 0 0 -0.0121995 -0.00102103 0.0207369 -0.0122927 -0.0146445 0 -0.0195495 -0.0224783 -0.00682659 0 -0.00195767 -0.0112974 0.00375845 -0.00755478 0 0.793026 -0.00190331 -0.00278454 -0.002633 0 -0.0246607 0 0 0 0 0.000639794 0 0 0.00539349 0 -0.00132542 -0.0315254 0.00571475 0.0328896 0 0 0 1.76782e-06 -0.0128263 -0.000779319 0 0.001791 -0.00272586 -0.0158922 0 0 0 0 -0.00314904 -0.0282002 -0.00180823 -0.00659525 0.0152084 -0.00039847 -0.00485824 0.00518616 0.0516788 -0.0327056 0 0.0149644 0.00572059 0.00307278 -0.0185916 0 -0.0393886 0 -0.00180906 -0.0106219 0 0 -0.00842772 0 0.000332573 0 0 0.0325671 0 -0.000465642 -0.00123413 0.00221171 0.000642394 0 -0.085906 0
-0.00334533 0 -0.00673636 0 0.00286987 0.00582334 0.0255048 0 -0.0594005 0 -0.00231722 -0.0269698 0.000439854 -0.0216609 -0.0228368 -0.0247254 -0.0122592 -0.00893167 -0.00150096 -0.079663 0.0125939 0 -0.00190331 0.665307 -0.0121297 -0.0124116 0 0 0.00184663 0 0 -0.0133808 0.0015888 -0.00332677 0 0 -0.00938444 0.0719765 -0.0629222 0 0 0.00997496 0 0.00571611 -0.00317681 -0.0276519 0.0069789 0.00197359 0.00107739 -0.0182051 -0.0558529 -0.0687716 0.00935112 0 0 0.00623024 0 -0.0288422 -0.0143232 -0.00595935 5.57391e-06 -0.00758156 0.0483242 0.000782628 -0.00823104 0 0 0.00184838 0.00142807 -0.0725277 0.000462496 -0.018897 -0.00367823 0 -0.00798809 0 -0.00111869 -0.00380321 0 0 -0.0057231 0 0.00451393 0.00162769 0 0 0.0621712 0 0 -0.00882052 -0.00243821
-0.0502627 0 -0.0454466 0.00691071 0.000756867 0 0.00622415 -0.0524001 -0.0191346 0 0.00263033 -0.0187212 0.00883167 -0.0172341 -0.0212248 -0.0146329 -0.00780211 -0.00552943 -0.0418853 0.00280004 -0.00715064 9.1304e-05 -0.00278454 -0.0121297 0.817661 0 0 -0.0860166 0 0 0 -0.0341415 0.00358358 0.00348871 0 0.00508614 -0.0156265 -0.0206344 -0.0287617 0.0278925 0.000150979 -0.010031 0 0.00106101 1.41974e-06 0.0104714 0 0 0 0 -0.0106949 -0.00307308 0.0109512 0.00702322 0.010393 -0.0529668 0 0 -0.0108398 -0.0132889 0 -0.00438255 0.0109662 0.0140005 -0.0311086 0 4.40441e-06 0 0 -0.0222364 0 -0.0542158 -0.00200672 -0.00584498 0 -0.00981193 -0.00235791 -0.0260703 -0.00145538 0 -0.0345493 0.0171029 0 -0.00703658 0 0.00458898 0.00401153 0.0123735 0 -0.016963 0.00158905
0.0118737 -0.00990184 0 0.0112914 0 -0.0184634 -0.00134967 0.0125402 -0.0085089 0.00841627 -0.0475644 0.0101672 0.00232605 0.00290565 -0.00204872 0 -0.00121807 0 0 0.0204691 0.0454521 -0.000133904 -0.002633 -0.0124116 0 0.799101 -0.00392361 0.00376953 0.0148472 0.0166016 -0.00159655 -0.000233986 0.0273209 -0.057202 -0.00153954 0 -0.0129485 0.0184969 -0.0140504 -0.0256589 -0.0199636 0.0215966 0 -0.0309334 -0.00972895 -0.0741231 -0.0425502 0.011454 0.0331823 -0.0516651 -0.011004 -0.0453367 0.00377425 -0.018602 -0.0116898 -0.0102575 0 -0.0254469 -0.0741484 -0.0146398 -0.0290306 0 -0.0198423 0.00532928 0.0188447 0.00744969 0.0101694 0.0001314 0.0132033 -0.0347036 0.00179949 -0.0097027 0 0.0153851 -0.0749248 0 0 -0.000739427 0 0.0100861 0 -0.0282714 1.59533e-06 0.0106299 -0.00847673 -0.0327553 -0.0255364 0.00498306 0 -0.0233269 -0.0205136
0 -0.0120273 0.0046323 0 -0.0106656 -0.00659341 0 0 -0.000214169 -0.00562902 -0.00279758 0 0 -0.00229736 -0.0130759 8.33347e-07 0 0 0 0.00374911 0 0 0 0 0 -0.00392361 0.834412 0 0 0.0124573 0 0.0126876 0.0599996 -0.0222045 -0.00343261 0 0.000631439 0 0 0 0 0.00774321 0 -0.000216001 0 -0.00357296 0 0.0259794 0 0 -0.0171882 0 -0.037029 0 0 0 0 0 0 0.0300809 -0.00165045 -0.00322656 -0.00177024 0 -1.09326e-07 0 0.0100539 0 -2.34924e-06 -0.00870908 0 0 0 0.000844511 0 0 0 0 0.0297453 0.0223706 0 0 0.020751 0 0 -0.030271 0 0.02712 0 0 0
-0.0291113 0.00969659 -0.0301281 0 0.0165808 0.00345247 0.00985461 -0.0234086 -0.00159721 0.00321843 0.00872363 -0.0170239 0.0274341 -0.00744944 -0.00383143 -0.015202 0 -0.00440846 -0.00506603 0.0215387 -0.04637 0 -0.0246607 0 -0.0860166 0.00376953 0 0.829075 0 0 0.000513779 -0.0255696 0.0132311 0.0118472 0.00173725 0 -0.0144676 -0.0519675 -0.0177815 0.0102173 0.00158662 -0.0081889 0 0.00672616 0 0.00916747 0 0 0 0.00458929 -0.00768635 0 0 0.00307491 0.00602525 -0.0169216 0 0 0 0 0.000128221 0 0.00969442 0 -0.0292519 0 0 0 0 -0.0118713 0 -0.0336994 0 -0.0125281 0.00138273 -0.00902214 0 -0.0490976 -0.00462617 0 -0.011171 0.028186 0.00160014 -0.0101017 0 0.0025603 0 0.000312004 0 -0.00800358 0.00122718
0 0 0 -0.00177015 0 0 0.000229504 0 0.00243226 -0.020446 0.0381705 0 0 0 0 0 0 0 0 -0.00149383 0 0.000268002 0 0.00184663 0 0.0148472 0 0 0.932123 0 0 0.000632557 -0.00362738 0.0116863 0 0 0.00389721 -0.00377243 0.00355449 0.00311657 0.000766887 -0.00518762 0 0.0111852 0 0.0360836 0.0174132 -0.0254801 -0.0580882 0.0313517 0.00143259 0.0113014 0 0.00375907 0.00147434 0.00235495 0.000155213 0.00922732 0.00285271 0.0176049 0.00616095 0 0.0011705 0 0 0 -0.033564 0 -0.00162907 0.00969141 -0.000366296 0.0118916 0 -0.000291411 0.00996095 0 0 0.000419968 0 0 0 0.0126902 0 0 0.0186309 0.0211529 0 -0.00230242 0 0.0060978 0.00769367
0 0 0 0 0 0 0 0 0.00332346 0 0 0 0 0.000822726 0 0 0 0 0 -0.00487704 0 0 0 0 0 0.0166016 0.0124573 0 0 0.849526 0 0 0 0 0 0 0.000603976 0.00464304 0 0 0 0 -0.0283995 0.000439936 0 0 0.00188086 0 0 0 0 0 0 0 0 0 0 0.000888499 0.000335684 0 0.0140666 0 0 0 0 0 -0.0105675 0 0 0.00104176 0 0 0 0 0.00093548 0 0 0 0 0 0 0 0 0 0 0 0 0 0 0.000282483 0
0.00659656 0 0 0 0 0 0 0 0.035038 0.000640103 -0.00192613 0 0 0 3.13394e-07 0 0 0 0 0.000216156 0 0 0 0 0 -0.00159655 0 0.000513779 0 0 0.834411 0.00730234 0.0287364 0 0 0 0 0.00746312 0 -0.000980743 0 0.0225171 0 0 0 -0.00768796 0 0 0 -0.00079787 0 0 0 0 -0.000841036 0 0 0 0 0 -0.0202877 0 0 0 0.000787089 0 0 0 0 0 0 0 0 0.0163252 0 0.000151568 0 0 0 0 0 -0.00186755 0.0191785 0 0 0 0 0 0 0 0
-0.00505359 0.0457142 -0.0132413 0.0162978 0.0188855 0.02417 0.0147224 -0.0166345 -0.00662544 0.022256 -0.012909 0 0.0347169 0 0.00782907 0 -0.0331815 -0.0692941 -0.00343394 -0.0161151 -0.0259496 0.0109575 0 -0.0133808 -0.0341415 -0.000233986 0.0126876 -0.0255696 0.000632557 0 0.00730234 0.660771 0.00626935 0.0130558 0.0209511 0 -0.067192 -0.0277898 0 0.0418762 -0.00918571 -0.00541163 0 0.0127575 -0.0677779 -0.00948405 -0.0303647 0.000716495 0 -0.00300845 -0.0164274 -0.0152261 0.00757542 0 0.00118197 -0.0368147 0.0399957 -0.0104386 -0.00931613 -0.020079 0 0.0500529 0.00575584 0.00119796 0.00331764 0 0 0.00537665 0.00148023 -0.0347917 0 -0.0386248 -0.00609246 -0.00897897 0 -0.051388 -0.0867438 -0.0344536 -0.166673 0.00292211 -0.0316171 0.00899928 0 -0.00203171 0.000839481 0.0149479 -0.00147606 0 0 0 0
0 -0.0209593 0.00178727 -0.0016219 0 -0.00771803 0 0 0.00362445 -0.0342804 0.0283341 -0.00108253 0 0.000651994 0.00391778 0 0.0033655 0.00573573 0 -0.0398011 0 -0.0161755 0.000639794 0.0015888 0.00358358 0.0273209 0.0599996 0.0132311 -0.00362738 0 0.0287364 0.00626935 0.792489 0.00670639 -0.00950997 0 0.00348014 0.0053988 0 0 0.00719055 -0.00952797 0 0 0 0.0177055 0.00893351 -0.000764971 -0.00231784 0.00978961 0.00392979 0.00940382 0 0.0181741 0.000235285 0.026293 0 0.00672295 0.00728604 0.00119257 0.00537687 -0.00086525 6.9566e-05 0 -0.00186585 0 -0.00871977 0 0 0.0509467 0 0.0109558 0.0113447 0 0.0113564 0 0 0.014624 0 -0.00722332 0 0.00824862 -0.0399752 0 0 0.0254308 0.0201618 -0.00485347 0 0.00350142 0.00141984
0.00520581 -0.00180496 0 0.00164817 0 -0.00599644 -0.00575033 0.00793077 -0.00251922 0 -0.070682 0.00698184 0 -0.00458703 -0.0072641 0.00252832 0 0 0 0.00667899 0.0207199 -0.0173023 0 -0.00332677 0.00348871 -0.057202 -0.0222045 0.0118472 0.0116863 0 0 0.0130558 0.00670639 0.867257 0 -0.000140202 0 0.00637546 -0.00257507 -0.0157199 -0.00735394 0.0170104 0 -0.0148367 0 -0.0760456 -0.00314997 0.00627683 0.0234968 -0.0221494 -0.00484687 -0.0123666 0.000401638 -0.0103662 -0.0114978 -0.00104665 -0.00161659 -0.0128413 0.0111339 -0.00284276 -0.0112972 0 -0.00899657 0 0.0067032 0.0010237 0.0101309 0 0.00606306 -0.015379 0.000749276 0 0 0.0132066 -0.0158116 0.00217774 0 0.0225507 0.0139425 0 0.0112933 -0.0222527 1.55806e-06 0.00126188 -0.00258178 -0.0654146 0 0.0055038 0 -0.00340908 -0.0134769
0.0079223 -0.14136 0.012164 0 0 -0.149917 0 0.00162445 -0.00155773 -0.191289 0.0356973 -0.0207554 0.00700644 -0.0440863 0.00199862 0 0.0078551 0.00969537 0 0.0207583 0 0.00273134 0 0 0 -0.00153954 -0.00343261 0.00173725 0 0 0 0.0209511 -0.00950997 0 0.792869 0.0169763 0.012633 0.000676194 -0.0159193 -0.00295411 0 -0.0329966 0.0178478 -0.0656216 0 0.0165994 -0.0195644 0.00148545 0 0.0066244 -0.0314853 0.0487244 -0.00360396 0.00842262 0 0.0354067 -0.00630478 -0.00478571 0 0 -0.0147731 -0.0109113 -0.0213348 0 -0.00865223 0 0 0 0 0.0184338 0.0104965 0.00134866 0 0 -0.000738951 0.0156744 0 0.0090329 0.0197432 0 -0.0209773 0 -0.0551218 -2.01507e-06 -0.0383855 -0.0053833 0.0418102 0 0.00338708 0 -0.00426412
0.00469537 0.00846884 0.000956081 -0.0306041 0 0.0051817 0 0.0123709 0.0425006 0.00697116 -0.00135019 0.0175094 0 0.0101285 0.0035629 0 0.0363898 0 0.00386712 0 0.0740445 -0.00199326 0.00539349 0 0.00508614 0 0 0 0 0 0 0 0 -0.000140202 0.0169763 0.712777 -0.0104006 0.0327325 0.00023891 -0.000902427 -0.000574203 0 -0.00381226 -0.00170019 0 -0.00367921 0 0 0 -0.000739199 0.00287493 4.1871e-07 0 -0.0644611 -0.00435033 0 0 0 0 0 0 0.00752962 0 0 0.0132618 0.00520624 0 0 -0.00894354 0.0179639 0 0.00566895 0 0.000401545 -0.00109599 0.00124124 0 0 -0.000102137 0 0.0120801 -0.000797027 0 0.00131463 0.0277916 0 0 -0.00972975 0 0.00800131 0
-0.00820997 0.00545132 -0.0157755 0.0114537 0.019577 0.0128486 0.00632928 -0.00705874 -0.0110519 0.0081584 0.00245151 0.00430618 0.00511515 0 0 0 0.111691 -0.117828 -0.000689184 -0.0205206 -0.0104626 0 0 -0.00938444 -0.0156265 -0.0129485 0.000631439 -0.0144676 0.00389721 0.000603976 0 -0.067192 0.00348014 0 0.012633 -0.0104006 0.648957 -0.00817683 -0.000305934 0.0141215 -0.0340954 -0.102786 0 0 -0.0384417 -0.0161199 -0.0988434 0 0.000385868 -0.0491272 -0.000822578 -0.0176301 0.00378452 0 0.0115208 0.00422512 0.0697317 -0.0597786 -0.0513939 -0.0312623 0 0.0773292 0 0.00480326 0.0231917 0.00253748 0 0.00548908 0 -0.0464982 0 -0.0640197 0 -0.0416833 -0.0216211 -0.0356863 -0.0266244 -0.0518757 -0.0570003 0.00361822 -0.040339 0.0703781 -0.0483236 -0.0570316 0 0.016113 0 0 0 0 0.0105393
-0.00704464 0.000567612 -0.0170712 0 0 0.00295862 0 -0.0229367 -0.00951056 0 0.00878227 0.0109682 0 -0.0421616 -0.0625485 1.91891e-06 -0.0238639 -0.0036012 0 0.0883553 -0.0129196 0 -0.00132542 0.0719765 -0.0206344 0.0184969 0 -0.0519675 -0.00377243 0.00464304 0.00746312 -0.0277898 0.0053988 0.00637546 0.000676194 0.0327325 -0.00817683 0.673454 0 0.0197962 -0.0572374 0 0.000173039 0.0440936 0 0.0450535 -0.00444924 -0.000824277 -0.00172883 0.132947 -0.0350161 -3.00267e-07 1.2796e-06 0.00976101 0.0231681 -0.0209123 0.00240122 -2.42568e-06 0 0.00997465 0 0 0.00483276 0 0.00925005 -0.000974322 -0.000739699 0.0350172 0 -0.0857706 0 -0.0208495 0 -0.00389767 0.0352642 -0.00780778 -0.0140347 -0.0369569 -0.00304057 0 -0.0100721 -0.0182915 0.00746742 -0.00116234 0.0246996 0.00177389 0 0 0 0 0.0182211
-0.0237724 -0.0139912 -0.00262859 0.00186998 0.00039607 -0.038514 0.0120605 -0.0113171 -0.0172636 -0.0156865 -0.00174122 -0.0219558 0.00328244 -0.0216674 -0.0281394 0.0218723 0 0 -0.0533656 0.0480799 0.000494149 0 -0.0315254 -0.0629222 -0.0287617 -0.0140504 0 -0.0177815 0.00355449 0 0 0 0 -0.00257507 -0.0159193 0.00023891 -0.000305934 0 0.702497 0 0.0272507 0.00358564 0 -0.0232485 0.0580708 -0.0292928 -0.0153153 0 0.00272958 -0.0129721 -0.0304546 -0.0143771 0 0 0 -0.00585108 -0.019792 -0.006609 -0.0107511 -0.00479994 -0.00658754 -0.0152888 0 0.00192226 -0.0114018 0 0.00247081 0 0.00549478 -0.027395 0.000940024 -0.024657 0 -0.0347895 -0.00388874 0 0 -0.0263236 0.00458999 0 -0.00368001 0.00346069 -0.00105206 0 -0.0190581 0 0.034046 0.0413012 0 -0.0164311 -0.00586875
0.015175 -0.00492986 0.0114952 0 -0.015262 -0.00914505 -0.0563842 0.0379484 0.00865253 -0.00141267 -0.0315761 0.0288319 0 0 0 0.00739885 0.0108244 0.0201634 0.0185894 0.00159092 0.055301 -0.0292121 0.00571475 0 0.0278925 -0.0256589 0 0.0102173 0.00311657 0 -0.000980743 0.0418762 0 -0.0157199 -0.00295411 -0.000902427 0.0141215 0.0197962 0 0.794526 -0.0285817 0.0436768 0.0177115 -0.00860221 0.0294597 -0.0349391 -0.0164673 0.0030084 0.00553527 0.00593438 0 0 0.00158709 -0.0331126 -0.00930999 0.022769 0 -0.00884606 -0.00240778 4.69341e-06 -0.019622 0.0177248 -0.0192616 0 0.0382564 0.000324379 0.0031926 0 0.00210938 0 0.00750672 0.0257797 0 0.0558359 -0.011475 0.0112931 0.0326888 0.0321969 0.00403069 0 0.014327 -0.0268028 -0.000889695 0.0079141 0 -0.0109447 -0.0210534 0 0 0 -0.0380053
0.00595936 -0.0557935 0 0 0 0 0 0.0152289 -0.0127817 0 -0.0137004 0.0408479 0.00167599 -0.0227077 -0.0237728 0.0173107 0 -0.00205627 0.00162819 -0.0461092 0.0133385 0 0.0328896 0 0.000150979 -0.0199636 0 0.00158662 0.000766887 0 0 -0.00918571 0.00719055 -0.00735394 0 -0.000574203 -0.0340954 -0.0572374 0.0272507 -0.0285817 0.646436 0.0248519 0 -0.00221818 -0.00717078 -0.00227747 -0.0652811 0.00114578 0.00202808 0.0664217 -0.00531473 -0.00611416 0.00125252 -0.0444748 0.0790827 0 0.125603 -0.0208656 -0.00830639 0.0053104 -0.00474094 0.0258572 -0.013755 0 0.161825 0.002756 0 8.74243e-05 0 -0.0446471 0 -0.00229313 0 0.0183352 -0.01208 0 -0.000173366 -0.0346884 -0.0108059 0 0 -0.0312595 -0.00277262 0.00586986 0 0 -0.00586872 0 -0.00332485 0.00606548 0.0164275
-0.00590299 0 0 0 0.0455216 -0.0151848 0.0322701 -0.00919984 0.00726489 -0.0156342 0.0607163 -0.00510158 0.0291586 0.0224133 0.119259 0.000449024 0.00833361 0 -0.0460842 -0.00823009 -0.0730225 0.00385493 0 0.00997496 -0.010031 0.0215966 0.00774321 -0.0081889 -0.00518762 0 0.0225171 -0.00541163 -0.00952797 0.0170104 -0.0329966 0 -0.102786 0 0.00358564 0.0436768 0.0248519 0.763008 0.00418063 -0.0207996 -0.0163481 0.0396484 0 -0.00194929 -0.00228362 0 0.0608901 0.00591216 -0.00177264 0.0172749 0.00621385 0.0142603 0 -0.0158643 0 -0.0448615 0.0146199 0.0133654 0.007199 0 -0.00389087 2.7212e-06 -0.00826147 0 -0.00482714 0.0373687 -0.000907743 0.00286841 0 -0.130124 -0.0387894 -0.0108876 0 -0.000644061 -0.0114464 0 -0.0143563 0.0569709 -0.0699998 -0.0453603 0 0.0246282 0.0386913 -0.0010666 0 0.00103944 0.0140494
0 0.0123404 0 0 0.0171842 0.0077933 0.00772512 0 0 0.0236326 -0.0039838 0.023457 0.00180093 0.00255192 0 -4.83248e-07 0 0 0.0100499 0 0 0 0 0 0 0 0 0 0 -0.0283995 0 0 0 0 0.0178478 -0.00381226 0 0.000173039 0 0.0177115 0 0.00418063 0.719987 0 -0.00049941 -0.0330282 0 0 0 0 0 -0.00667034 0 -0.00826222 -0.00157964 -0.0040269 0 0 -0.000213236 0 0.0166929 0 0 0 0.00274557 0 0 0 0.0143053 0 0 0 0 0 0 0 0 0 0 0 0 -0.00317281 0 0.0459572 0 0.0355556 -0.00181291 0 0 0 -0.00852368
0.0189569 -0.0408973 0.00544249 0.00370698 0.00288953 -0.0455003 0 0.0125549 -0.00677905 -0.0354964 -0.0160384 0 0.0167903 0.00702861 0.0780179 0 0 0.000746886 0 0.0185122 0.0279894 0 0 0.00571611 0.00106101 -0.0309334 -0.000216001 0.00672616 0.0111852 0.000439936 0 0.0127575 0 -0.0148367 -0.0656216 -0.00170019 0 0.0440936 -0.0232485 -0.00860221 -0.00221818 -0.0207996 0 0.778243 -0.00343983 -0.0853893 -0.0446044 0.00626928 0.00811929 -0.0832549 0.0160225 0 0.00287802 0.0134347 -0.0217511 0 -0.0339899 -0.0314753 -0.00994575 -0.0124776 0.00376554 -0.0625568 -0.0235898 -0.0306596 0 0.0217497 0.00647302 -0.0134865 0.0106673 -0.000262098 0.000517152 0 0 0.00265024 -0.0239592 0.00727902 0.000862034 0.00515505 0.00745514 0 0 -0.0450541 -0.0410523 0.0117085 -0.00682799 -0.00855364 0.0229082 0.00266547 0 -0.0022171 -0.0195643
0.031629 0 1.28171e-06 0 0.0260766 0 0.0219201 0.0322628 -0.0131131 0 0.0247214 0.00113003 0.00317969 -0.023258 0 0 -0.0373359 -0.00803094 0.0270802 0 -0.0374262 0 1.76782e-06 -0.00317681 1.41974e-06 -0.00972895 0 0 0 0 0 -0.0677779 0 0 0 0 -0.0384417 0 0.0580708 0.0294597 -0.00717078 -0.0163481 -0.00049941 -0.00343983 0.581778 -0.0223292 -0.0254362 0.0419071 0.00543868 -0.0418968 -0.0044714 -0.00384416 0.00408893 -0.0393517 -0.0126517 0 0.00907374 -0.0125149 0.00434481 -0.0256621 -0.00412095 0.00412919 -0.00568977 0 0.0063411 0.000856306 0 0.000869621 0.00456632 -0.0151667 4.9812e-05 -0.000364697 -0.0166356 0 -0.00779192 -0.00819278 -0.0374021 -0.00709077 -0.00636602 0 -0.0807452 -0.00489784 -0.047824 0.00559169 0 0 -0.00476094 0 0 0 -0.00287279
0.0412766 0.00153484 0.00554915 0.0258012 0.00528055 -0.0101358 0 0.0283358 -0.0347086 1.34662e-06 -0.119485 0.015948 0.0105109 0.00992084 -0.00180837 0 -0.0260776 -0.00027898 0.000357651 0.0261433 0.0243704 -0.00642036 -0.0128263 -0.0276519 0.0104714 -0.0741231 -0.00357296 0.00916747 0.0360836 0 -0.00768796 -0.00948405 0.0177055 -0.0760456 0.0165994 -0.00367921 -0.0161199 0.0450535 -0.0292928 -0.0349391 -0.00227747 0.0396484 -0.0330282 -0.0853893 -0.0223292 0.791289 -0.116249 0.0229882 0.0273391 -0.105102 -0.0287852 -0.026176 0.0147782 -0.0373972 -0.05631 -0.0159597 -0.0177699 -0.0431727 -0.0321857 -0.0286757 -0.0388329 -0.0249718 -0.033507 0.00121684 0.0262927 0.00981381 0.0212242 0 0.0311939 -0.0495737 0.00350084 -0.0228225 0 0.0296499 -0.05919 0.00651049 0 3.05491e-07 0 0 5.4274e-07 -0.0657903 0 0.0414776 -0.014602 -0.0267286 -0.00913037 0.0116327 0 -0.0158645 -0.072823
0.00845406 -0.0316584 0 0.0205945 0.0410643 -0.0551502 0.0150316 0.0061091 -0.0202297 0.00409788 -0.036372 0.0137436 0.0586407 0.00428118 0 0.00783348 -0.00406853 -0.0101956 -0.0211932 -0.0447753 0.00888753 -0.00321126 -0.000779319 0.0069789 0 -0.0425502 0 0 0.0174132 0.00188086 0 -0.0303647 0.00893351 -0.00314997 -0.0195644 0 -0.0988434 -0.00444924 -0.0153153 -0.0164673 -0.0652811 0 0 -0.0446044 -0.0254362 -0.116249 0.740737 0.0235792 0.0141315 -0.0759811 0.0081588 -0.0155305 0.0381456 -0.0266214 -0.0149015 -0.00479622 1.08326e-06 -0.0489835 -0.0227181 -0.0606093 -0.0226924 0.0788663 -0.0491644 0 0.0350054 0.0336646 0.0133358 0.00419962 0.0162207 -0.0300037 0.00176684 -0.0183126 0 0.0114422 -0.0526134 0 -0.0110135 -0.0160849 -0.0161562 0 -0.00484496 -0.00958157 -0.116557 -0.0460881 -0.0120941 -0.00113828 0 0.00815629 0.0132106 -0.00875394 -0.0485227
0 0.00378676 0 0 0 0.00327917 0 0 0.00202611 0.000473682 0.00591527 0 0 0 0 0 0.000403843 0 0 0 0 0 0 0.00197359 0 0.011454 0.0259794 0 -0.0254801 0 0 0.000716495 -0.000764971 0.00627683 0.00148545 0 0 -0.000824277 0 0.0030084 0.00114578 -0.00194929 0 0.00626928 0.0419071 0.0229882 0.0235792 0.921314 -0.042284 0.0166849 0.00418207 0.00177814 0 0.00320105 0.00102401 0 0 0.00459411 0.000788966 0.00179016 0.009496 0 0.00208761 0 0 -0.000924488 -0.0320401 0 0 0.00906765 -0.000330261 0 0 0 0.00563257 0 0 0 0 -0.00919542 0.00382376 0.00636652 0 0 0.00141388 0.00222245 0 -0.00109764 0 0 0.00442574
0 0 0 0 0 0.00229708 0 -0.000562775 0.00315147 0 0.0275087 0 0 0 0.00177848 0.00336418 0 0 0 -0.00470481 -0.00480576 0.00201948 0.001791 0.00107739 0 0.0331823 0 0 -0.0580882 0 0 0 -0.00231784 0.0234968 0 0 0.000385868 -0.00172883 0.00272958 0.00553527 0.00202808 -0.00228362 0 0.00811929 0.00543868 0.0273391 0.0141315 -0.042284 0.927565 0.0360769 0.00565899 0.00423106 0 0.00584775 0.00440072 0.000271873 0 0.00862107 0.00229585 0.00333961 0.00770892 0 0.00319561 0 0 -0.0059463 -0.0427525 0 0 0.00906997 0 0 0 -0.000560402 0.0102263 0 0 0 0 0 0 0.00945129 0 -0.00173861 0.001961 0.0219519 0 -0.00129269 0 0.00207238 0.00756414
0.00979008 0.022023 0 0.0196108 0.0207724 -0.0203062 0 0.0367085 -0.0106051 0 -0.0398727 0 0.00885231 0.00361788 2.78745e-06 0 -0.00594443 0 0 0.00770897 -0.0338803 -0.00432396 -0.00272586 -0.0182051 0 -0.0516651 0 0.00458929 0.0313517 0 -0.00079787 -0.00300845 0.00978961 -0.0221494 0.0066244 -0.000739199 -0.0491272 0.132947 -0.0129721 0.00593438 0.0664217 0 0 -0.0832549 -0.0418968 -0.105102 -0.0759811 0.0166849 0.0360769 0.751529 0.0389657 -0.0122555 0.00898442 -0.0270459 -0.0193214 -0.00268618 -0.0708207 -0.0405381 -0.0290832 -0.114454 -0.0133359 0 -0.0161844 0 -0.0683131 0.0150002 0.0160938 0 0.0330936 0.0198465 0.00148721 -0.00810623 0 -0.0121367 -0.118882 0 0 4.77708e-07 0 0 -0.00451902 -0.0256605 -0.0107877 0.00557328 -0.0524473 -0.0108143 0 0.00250957 0 -0.0475852 -0.0248356
0 -0.0474302 -0.0244785 0.00267296 0 -0.0416555 0 0 -0.0177357 -0.0371801 0 -0.0250863 0.00604492 -0.041577 -0.0651415 -0.0540285 -0.00122949 -0.0309584 -0.00408205 0.0209319 0.0175923 0 -0.0158922 -0.0558529 -0.0106949 -0.011004 -0.0171882 -0.00768635 0.00143259 0 0 -0.0164274 0.00392979 -0.00484687 -0.0314853 0.00287493 -0.000822578 -0.0350161 -0.0304546 0 -0.00531473 0.0608901 0 0.0160225 -0.0044714 -0.0287852 0.0081588 0.00418207 0.00565899 0.0389657 0.67593 -0.000960441 0 0 0 -0.0119894 0 -0.0162327 -0.00678798 0 -0.0181777 -0.0611337 -0.0015975 0.0062251 -0.0233937 0 0.0047377 0.00278694 0.00316937 -0.115905 0.00294836 -0.0225133 0 0 0.000772525 0 -0.00327451 -0.0124754 0.00245525 0 -0.0454995 0.00228716 0 0.0440872 -0.00588781 -0.00508982 0.00759154 0.0132195 0 -0.00830029 -0.0060715
0 0.0253303 -0.00681769 0.00483979 0.000411349 0.0477267 0 0 -0.0360322 0.0704529 -0.0197892 0.00750494 0 0 -0.0101477 0 -0.00568939 -0.00992432 0 0 0.0022157 0 0 -0.0687716 -0.00307308 -0.0453367 0 0 0.0113014 0 0 -0.0152261 0.00940382 -0.0123666 0.0487244 4.1871e-07 -0.0176301 -3.00267e-07 -0.0143771 0 -0.00611416 0.00591216 -0.00667034 0 -0.00384416 -0.026176 -0.0155305 0.00177814 0.00423106 -0.0122555 -0.000960441 0.815602 0.000802179 -0.00344513 0 -0.0125881 0 -0.00961869 -0.0239478 -0.016239 -0.00199595 0.0160497 0 0.00159285 0.00873177 0 7.72098e-05 0 0.00413541 -0.0267335 0 -0.0275651 0 0 -0.00674 -0.00315607 -0.00966849 -0.0177242 -0.00407519 0 0 -0.0223889 0.0124374 0 1.5172e-06 0 -0.00668956 0.0101901 0 -0.00655202 -0.00353082
0 0 0 -0.00252402 0 0 0 -0.000802664 0.000646793 -0.00584727 0.00666705 0 0 0 0 0 0.0621322 0 0 0.0206049 -0.00331559 0 0 0.00935112 0.0109512 0.00377425 -0.037029 0 0 0 0 0.00757542 0 0.000401638 -0.00360396 0 0.00378452 1.2796e-06 0 0.00158709 0.00125252 -0.00177264 0 0.00287802 0.00408893 0.0147782 0.0381456 0 0 0.00898442 0 0.000802179 0.834414 0.00382418 0.000390519 0 0 0.0151226 0.0087648 0.00596525 0 -0.00126768 0 0 0 0 0 0 -0.0782675 0.00591685 0 0.00129502 0 0 0.000960835 0.00327615 0 0.00535813 0.00101765 0 0.000276255 0.00469423 0 0 0 0 0 0 0 0 0.0103515
0.00833981 0.0177872 0.000722201 0 0 0.0233533 0 0.00930049 -0.00240652 0.00835666 -0.0384573 0.0104802 0 0 -4.56475e-05 0 0 0 0.000294994 -0.031228 0.0270902 -0.00597047 0 0 0.00702322 -0.018602 0 0.00307491 0.00375907 0 0 0 0.0181741 -0.0103662 0.00842262 -0.0644611 0 0.00976101 0 -0.0331126 -0.0444748 0.0172749 -0.00826222 0.0134347 -0.0393517 -0.0373972 -0.0266214 0.00320105 0.00584775 -0.0270459 0 -0.00344513 0.00382418 0.756015 -0.0389628 3.35127e-06 0.0102681 -0.00123645 0 -0.00624293 -0.00553649 0.0164293 -0.00786078 0 0.019356 0.000675262 0.00241036 0 0.00430361 -0.00372463 0.000576674 0.0201734 0 0.0140569 -0.0136035 0 0 0 0 0 0.00152126 -0.0301762 1.11815e-06 0.0547552 0 -0.00087819 -0.00556264 0 0 0 -0.0444008
0.01018 0 0.0152597 0 0.00884383 -0.00561769 0 0.00973392 0 0 -0.0535442 0.00438802 0 0.0232752 0.0111 0 0 0.000959702 0 0.00598167 0.0288977 -0.00387062 0 0 0.010393 -0.0116898 0 0.00602525 0.00147434 0 -0.000841036 0.00118197 0.000235285 -0.0114978 0 -0.00435033 0.0115208 0.0231681 0 -0.00930999 0.0790827 0.00621385 -0.00157964 -0.0217511 -0.0126517 -0.05631 -0.0149015 0.00102401 0.00440072 -0.0193214 0 0 0.000390519 -0.0389628 0.80412 0 -0.000580231 0 0 -0.00429784 -0.0038542 0.0104659 -0.0114179 0 -0.00632981 5.90428e-05 0.00333363 0 0.0184608 0 0 0.00552236 0.0182134 0.0253531 -0.0094728 0 0 0.0632762 9.17138e-05 0 0.0446384 -0.0164893 0 0.00611177 0 -0.00139218 -0.00173163 0 0 0 -0.0132294
-0.00483618 0.00677486 -0.018919 7.05666e-05 0.0050384 0.0112202 0.000336236 0 0.0103376 0.00893187 -0.0153949 0 0.0010547 -0.0164445 -0.0154098 -0.00922206 -0.00211196 -0.00929116 -0.00879998 0.0304348 0.00112809 0 -0.00314904 0.00623024 -0.0529668 -0.0102575 0 -0.0169216 0.00235495 0 0 -0.0368147 0.026293 -0.00104665 0.0354067 0 0.00422512 -0.0209123 -0.00585108 0.022769 0 0.0142603 -0.0040269 0 0 -0.0159597 -0.00479622 0 0.000271873 -0.00268618 -0.0119894 -0.0125881 0 3.35127e-06 0 0.758333 0 -0.0026367 -0.00791777 -0.0122329 -0.00648993 0 0 0.00219277 0 0 0.00435821 0 0 -0.100815 0 -0.0205567 -0.000385282 0.0393184 -0.000237697 0 -0.0139189 -0.0388127 -0.000568956 0 0 -0.00315691 0.0424043 0.023121 0 0 -0.00904643 0.00415574 0 -0.00939084 -0.00111409
