0.878003 0.0763476 -0.0543356 -0.00480718 0.0270641 -0.0115016 0.0271707 -0.0167188 0.0402418 0.00552896 0.137709 -0.0071068 -0.0270616 0.0107107 0.00512534 0.0331047 -0.216362 0.0480137 -0.0384983 0.00887705 0.0157539 0.0549259
0.0763476 1.24409 0.0606537 0.00511745 0.0884647 0.0169243 0.0507614 0.0877911 0.0265358 0.0442184 0.119285 0.0578729 -0.015087 0.0309262 -0.0341734 -0.019453 -0.409579 0.129432 0.0293266 0.025854 0.0323509 0.134029
-0.0543356 0.0606537 1.04968 0.142728 -0.00790689 0.0673581 -0.0952365 -0.0794027 -0.021312 0.160172 -0.111478 -0.044583 0.162958 -0.0154657 -0.00405028 0.0888972 -0.0159569 -0.117603 0.0648729 0.107244 0.0118445 -0.000611839
-0.00480718 0.00511745 0.142728 1.19177 -0.0566609 0.186583 -0.270589 -0.142361 0.0214475 0.141367 -0.132592 0.0278522 0.128465 0.0509643 0.0962266 0.0724712 0.0386588 -0.270327 0.0601691 0.157113 0.0499558 0.00715241
0.0270641 0.0884647 -0.00790689 -0.0566609 1.06928 -0.0951036 0.147195 0.0210322 0.0701452 0.115196 0.11293 -0.00458328 -0.00470655 -0.0601782 0.0170598 -0.0134153 -0.155323 0.192512 -0.0964503 -0.0528144 0.136421 0.0244216
-0.0115016 0.0169243 0.0673581 0.186583 -0.0951036 1.16255 -0.108541 0.0562159 0.00380061 0.0548773 0.0024767 0.10848 0.103934 0.322077 0.110028 0.0853738 0.190049 -0.219463 0.0909229 0.115302 -0.159837 0.0477985
0.0271707 0.0507614 -0.0952365 -0.270589 0.147195 -0.108541 1.16308 0.151538 0.0183236 -0.140508 0.205366 0.0409083 -0.0566377 -0.0862856 -0.0857511 -0.103719 -0.132913 0.31892 -0.0794184 -0.100425 0.0429103 0.116152
-0.0167188 0.0877911 -0.0794027 -0.142361 0.0210322 0.0562159 0.151538 1.11341 0.0961684 -0.160091 0.0882242 0.173689 -0.0790178 0.183056 -0.0726884 -0.0295202 -0.0502649 0.165442 -0.0598036 -0.169097 -0.00951684 0.205265
0.0402418 0.0265358 -0.021312 0.0214475 0.0701452 0.00380061 0.0183236 0.0961684 0.920372 -0.12671 -0.00216257 0.044721 -0.0281474 0.015575 0.0119321 -0.0324586 0.0729045 0.0217646 -0.0729195 -0.0372465 0.0771426 0.0633349
0.00552896 0.0442184 0.160172 0.141367 0.115196 0.0548773 -0.140508 -0.160091 -0.12671 0.974294 -0.0620485 -0.0664866 0.0635497 -0.0477202 0.030947 0.0842629 -0.0775493 -0.105239 0.139189 0.137376 0.0207401 -0.0735151
0.137709 0.119285 -0.111478 -0.132592 0.11293 0.0024767 0.205366 0.0882242 -0.00216257 -0.0620485 1.09279 -0.0184954 -0.0445081 -0.0339967 -0.00897227 -0.0342776 -0.162939 0.204294 -0.0596277 -0.0301215 0.0731795 0.0880606
-0.0071068 0.0578729 -0.044583 0.0278522 -0.00458328 0.10848 0.0409083 0.173689 0.044721 -0.0664866 -0.0184954 1.10612 0.0116028 0.125527 0.0459593 0.104607 -0.0347535 0.016459 0.0287321 -0.037495 0.0010168 0.074025
-0.0270616 -0.015087 0.162958 0.128465 -0.00470655 0.103934 -0.0566377 -0.0790178 -0.0281474 0.0635497 -0.0445081 0.0116028 0.873765 0.0570588 -0.0647394 0.0686228 0.0529884 -0.0439379 0.153704 0.171633 -0.0838333 -0.00834036
0.0107107 0.0309262 -0.0154657 0.0509643 -0.0601782 0.322077 -0.0862856 0.183056 0.015575 -0.0477202 -0.0339967 0.125527 0.0570588 1.09667 0.00351988 0.129015 0.0970046 -0.0666489 0.0628524 0.0158982 -0.0913378 0.0826418
0.00512534 -0.0341734 -0.00405028 0.0962266 0.0170598 0.110028 -0.0857511 -0.0726884 0.0119321 0.030947 -0.00897227 0.0459593 -0.0647394 0.00351988 1.12944 -0.0657798 0.00180454 -0.0856981 -0.0343842 0.0115228 0.0804875 -0.0147994
0.0331047 -0.019453 0.0888972 0.0724712 -0.0134153 0.0853738 -0.103719 -0.0295202 -0.0324586 0.0842629 -0.0342776 0.104607 0.0686228 0.129015 -0.0657798 1.23054 -0.0255821 -0.00972552 0.0498046 0.0253255 -0.0195997 0.0650347
-0.216362 -0.409579 -0.0159569 0.0386588 -0.155323 0.190049 -0.132913 -0.0502649 0.0729045 -0.0775493 -0.162939 -0.0347535 0.0529884 0.0970046 0.00180454 -0.0255821 3.13249 -0.139536 0.050313 0.0500246 -0.048341 0.00548273
0.0480137 0.129432 -0.117603 -0.270327 0.192512 -0.219463 0.31892 0.165442 0.0217646 -0.105239 0.204294 0.016459 -0.0439379 -0.0666489 -0.0856981 -0.00972552 -0.139536 1.16637 -0.12718 -0.102639 0.0323174 0.118565
-0.0384983 0.0293266 0.0648729 0.0601691 -0.0964503 0.0909229 -0.0794184 -0.0598036 -0.0729195 0.139189 -0.0596277 0.0287321 0.153704 0.0628524 -0.0343842 0.0498046 0.050313 -0.12718 0.854885 0.283977 -0.0201147 0.0155698
0.00887705 0.025854 0.107244 0.157113 -0.0528144 0.115302 -0.100425 -0.169097 -0.0372465 0.137376 -0.0301215 -0.037495 0.171633 0.0158982 0.0115228 0.0253255 0.0500246 -0.102639 0.283977 0.87033 -0.0524582 -0.0587497
0.0157539 0.0323509 0.0118445 0.0499558 0.136421 -0.159837 0.0429103 -0.00951684 0.0771426 0.0207401 0.0731795 0.0010168 -0.0838333 -0.0913378 0.0804875 -0.0195997 -0.048341 0.0323174 -0.0201147 -0.0524582 0.950529 0.0191759
0.0549259 0.134029 -0.000611839 0.00715241 0.0244216 0.0477985 0.116152 0.205265 0.0633349 -0.0735151 0.0880606 0.074025 -0.00834036 0.0826418 -0.0147994 0.0650347 0.00548273 0.118565 0.0155698 -0.0587497 0.0191759 1.11523