0.907511 -0.062692 -0.0108222 -0.00238505 -0.0372798 -0.0106901 0.00792986 -0.00178521 0 -0.0288239 -0.0360872 -0.045307 -0.033865 -0.00921452 -0.0157195 -0.0222541 0 -0.000239334 0 -0.0312204 -0.00118673 -0.0147746 0.00267851 -0.00212114 -0.0102433 0 -1.50829e-05 -0.00540843 -0.0185272 0.00896108 0 -0.000426569 0 -0.00211099 0 -0.00796532 -2.59468e-05 -0.00625908 0 0 0 0.00346943 -0.000271702 0 -0.00361173 0 -0.0120158 0 -0.0108182 -0.014319 0 0.0110897 -0.0341321 0 0 0 -0.00141067 0 0 -0.0428803 -0.0226138 -0.0147874 0 0 -0.00328012 0 -0.0191298 -0.00308191 -0.0257401 -0.00493055 0 0 0 -0.00130968 0 -0.00994844 0 0 0 0 -0.00309526 0 -0.0489286 -0.0116694 0 -0.00161011 0 -0.001691 0.00397588 -0.0145731 0 -0.0208567 0 -0.0147416 -0.00911379 -0.00201447 0 0 0.0140936 0 0 -0.0249658 0.0106789 0 -0.00137167 -0.00292092 -0.000558766 0 -0.0119173 -0.00447715 0.01156 -0.000424921 -0.00325523 -0.00382027 0 0 -0.00741875 -0.00614774 0 0 -0.00174509 0 -0.000391386 0.00472092 0 -0.000888402 -0.000612017 0 0.005393 -0.00254154 -0.0399712 0.0055125 -0.0132596 0 -0.00809757 0.00380653 0 0 -0.00283743 -0.000734919 0.00367121 -0.00130137 0 -0.000217987 -0.0119722 -0.000298864 0.000543002 0 0 0 -0.00158847 0 0.00619504 -0.00129106 0 0 -0.00224153 0 -0.00262567 -0.0225834 2.44947e-06 0 -0.00886079 0 -0.00023172 0 0 -0.00186738 0 0 0 0 -0.000559953 0 0 -0.0113229 -0.000675599 -0.00336305 0 0 -0.0254502 0 0 0 0.00540203 0 -0.00048406 -0.00088082 -0.0206162 0 0 0.00217985 0 0 0.00137651 0 -0.00334939 0 0 0 -0.0045801 0 0.00105495 0 0 -3.10033e-05 0 0 4.54052e-06 0 7.44538e-05 -0.00507567 0 0 0 0
-0.062692 0.88244 -0.00397928 -0.00437644 -0.0456029 -0.00583907 0.0259292 -0.0025092 0 -0.0355212 -0.0123261 -0.0580203 -0.0316532 -0.00773071 -0.0313176 -0.0360782 0 -0.00146141 0 -0.0307297 -0.00290129 -0.0203183 0.015704 -0.00492585 -0.00977129 -0.00116959 -0.000133825 -0.00863879 -0.0457695 0.0299298 0.000474537 -0.00110953 0 -0.00503296 0 -0.0112989 -0.00219201 -0.00807282 0 -0.000561503 0 0.00544047 0 -0.00727747 -0.00103405 0 -0.00589079 0 -0.0160717 -0.0180337 0 0.00579907 -0.0302369 -0.00421496 0 0 -0.00334938 0 0 -0.0252114 -0.00206529 -0.03712 0 0 -0.00200427 -0.000801742 -0.039064 -0.00223706 -0.0189131 -0.00660896 0 0 0 -0.00260701 0 -0.00774667 0 3.94346e-05 0 0 -0.00421988 0.00156389 -0.012605 -0.00631284 0 -0.00747274 0 -0.00416483 0 -0.0250803 -0.00070151 -0.0127597 -0.000956176 -0.0221271 -0.0104346 -0.00269993 0 0 4.22306e-05 3.76655e-05 0 -0.0204043 0.0160444 0 -0.00239714 -0.00608029 -0.000217568 0 -0.00806632 -0.0138802 0.0108781 -0.00232445 -0.0139424 -0.00465741 0.00189533 0 -0.00277071 0 0 0 -0.0132587 0.000265633 0 0 0 0 -0.0013506 0 0 -0.00258751 -0.0363954 0.00147197 -0.00409263 0 -0.00406696 0.00455807 0 0.00198177 -0.0162121 -0.0030404 0 -0.00146613 0 -0.000990665 -0.00427046 0 0.000560874 0 0 -0.00189575 -0.00229929 0 0.0129132 -0.00104026 0.002047 0.000257383 -0.0117612 0 -0.00303803 -0.0164775 0.00502439 0.0284664 -0.00383207 0 -0.000388514 0 0 -0.00259215 0 0 0 -0.000391539 -0.000605654 0 0.00340949 -0.0327349 0 -0.00378746 -0.000152663 0 -0.0154944 0 0 0 0.00212381 2.63146e-06 -0.000416856 -0.00212321 0 -0.00746195 0.000881038 0.0029486 0 0 0.0033995 0 -0.00441151 0 0 0 -0.0162596 0 0.00428373 0 0 0.000762088 0 3.77477e-06 -2.83459e-06 0 0.000185846 -0.0074985 0 0 0 0
-0.0108222 -0.00397928 0.909193 -0.0129146 -0.00797135 -0.0499405 -0.000202065 -0.020156 0.00329692 -3.1565e-05 -0.000759005 0 0 -0.000358142 0 -0.00468678 -0.0112358 -0.0102451 0.00769989 -0.0014171 -0.0127644 -0.00331832 -0.000972459 -0.0121961 -0.0132588 -0.00980557 -0.00728875 -0.00373072 -0.00179835 0 0 -0.00998723 -0.00304232 -0.0153724 -0.0015313 0 -0.0148329 -0.0250597 -0.0100325 -0.00700603 0 0.00994376 -0.0273274 0.00313057 -0.0134922 -0.00458666 -0.0226863 -0.00862291 -0.000708017 -0.00815871 -0.00345981 0 -0.00688948 -0.00658731 -0.0019579 -0.000997509 -0.0048844 0 -0.00720961 0 0 -0.00293214 0 -0.00543484 -0.00935107 -0.000552575 -0.00146807 -0.0188676 -0.000336393 -0.0138968 -0.00128637 0 -0.0076536 -0.0128093 0 -0.0123474 -0.0025785 0 -0.000236178 0.000211272 -0.028592 0.003137 -0.00308584 -0.00773437 9.75526e-05 -0.00884221 -0.00288145 -0.00698251 6.51773e-05 0 0 -0.00428973 -0.0113979 -0.000704555 -0.0100774 -0.00637384 0.000538816 -0.00112495 0.00487377 -0.00135804 -0.00368752 0 0 -0.00060935 0 -0.0178145 -0.0161691 -0.00195058 -0.0247157 -0.00213785 0.00685602 0 -0.00869926 -0.00450468 0.00470321 0 -0.00106521 0.00677213 -0.000992342 -0.00422832 -0.000183579 0.00182051 -0.00533515 0 -0.000313892 -0.00750218 -0.01657 -0.00139481 0 -0.009893 -0.00362956 0 -0.0199918 0 -0.0215293 0.0129547 0 0 0 -0.00766768 0.0040277 -0.0172142 -0.00184901 -0.00353987 0 -0.0025233 0.00693079 0 0 -0.0118716 0 0 -0.000590495 -0.000260598 0.00333695 7.95305e-05 -0.00469067 0.00434087 -0.0102094 -0.00123004 0 -0.00207689 0 0 -0.00676019 -0.00424963 0 -0.00083025 -0.00148626 -0.00377174 0 -0.000644701 -0.0104732 0 0.000738583 0 -0.00842734 -0.00621985 0 -0.00238644 0 0 0 0.00187512 0.00618717 -0.000159829 -0.00494828 -0.0102952 -0.000139819 0 0.00198869 0.00689504 -0.000302332 0 0.00509723 -0.00382697 -0.00404217 -0.0028059 -0.00270718 0 -0.000343008 0 0 -4.18847e-05 -0.00115174 0.0113682 0 0 0 0 0.0060354 -0.00284169 0 0 0 0
-0.00238505 -0.00437644 -0.0129146 0.910403 -0.00237981 -0.0159351 0 -0.0135676 0.0208034 0 -0.00384876 0 0 -0.0159337 0 -0.00168193 -0.0161435 -0.0197958 0 -0.00136641 -0.00700346 0 0 -0.0118573 -0.00855088 -0.0170364 -0.0174336 -0.00895204 0 0 -0.00536828 -0.0347135 0.0192198 -0.00541896 0 0 -0.0151418 -0.0360736 -0.029302 -0.0124285 0 0.0103984 -0.00723864 0 -0.0120531 -0.0211873 -0.0506424 -0.0212515 -0.00205352 -0.0157918 -0.000908388 0 -0.000507088 -0.00293617 0 0 -0.0150696 0 -0.0101176 -0.000276899 0 -0.00100464 0 -0.00675517 -0.0163056 0 -0.000146929 -0.03038 0 -0.0161144 -0.0152164 -0.00119248 -0.0187155 -0.0353403 0 -0.00649276 -0.00164025 0.015928 0 0.00206604 -0.014658 0 -0.000503958 -0.0136752 0 -0.00813246 -0.00911495 -0.00250904 0.0106273 0 0.00288614 -0.00232965 -0.0239823 -0.000369116 -0.00901993 -0.00517952 0 0 0.0118969 0 -0.00116365 0 0 -0.00823642 0 -0.107214 -0.00371446 -0.00378832 -0.0144626 0 0.00318708 0 -0.00981531 -0.0231246 0.00184604 0.00807324 0 0 -0.00772781 -0.000262703 0 0.00202352 -0.0105234 0.00587626 0 -0.0226706 -0.0156584 0 0 -0.0225408 -0.000748426 0 -0.0199213 0 -0.0264597 0.0169494 0 -0.00419874 0 -0.00518437 0.0160077 -0.0189569 0.00179493 -0.000337751 -0.00231902 0 0.00926922 -0.00662442 0 -0.00525911 0 3.13005e-05 0 0 0.0017746 0.000379099 -0.00322003 0.000917744 -0.0182818 0 0 -0.00064098 0 -0.00267785 -0.00519267 -0.0118983 0 0 5.02572e-05 -0.000646909 0.00361425 -0.000738849 -0.00635509 0.00436079 0 0 -0.0108767 -0.00375438 0 0 0 -0.00404648 -0.00452394 0 0.00416988 -0.00875063 -0.000688517 -0.00629657 0 0.00283809 0.00637467 0.00412119 0 0.0221786 0.00334086 -0.00137154 -0.00502046 -0.00944488 0 -0.00342539 0 -0.00518239 0 0 -0.000411382 0.00348972 0 -0.00564669 -0.00425289 0.0105015 0.00709512 -0.0180451 -0.000359763 0.00845534 0 -6.25777e-05
-0.0372798 -0.0456029 -0.00797135 -0.00237981 0.914105 0 0.00684422 -0.015883 0.00484156 -0.053514 -0.0138379 -0.0505133 -0.0210454 -0.0345369 -0.0306065 -0.00127465 -0.00085359 -9.23552e-06 0.00558205 -0.0206522 0 -0.0192799 0.00404878 0 0 -0.000306297 -0.00408935 0 -0.00884228 0.00741358 -0.0232556 -0.00285402 0.0155587 0 0.00131511 0 -0.0022394 -0.00463016 -0.000507062 0 0 0.0037616 0 0 -0.00101993 0 -0.00475703 0 0 -0.00324411 0.0201079 0.00327222 -0.00293056 0.00206844 0.000301005 0 0 0 0 -0.0217942 -0.00506874 -0.00713085 0 0.000130378 0 0.00328935 -0.00415712 -0.00285137 0 0 0 -0.000112957 -0.000179918 0 0.00133397 0 0 0.0079875 0.000389981 0 -0.00539523 -0.0032913 -0.0259403 -0.0048638 0.0142509 -0.00602723 -0.000119696 0.000522223 0.00475881 -0.00925274 0 -0.00629164 0 -0.000451321 -0.00175305 0.000181846 -0.000670895 0.00194003 0.00789971 0.00177977 0.015433 -0.0026438 0 -0.00301611 0 -0.0040743 0 0.000246018 -0.010581 0 0.00566364 0 0 -0.0186789 -0.00208504 0.000425717 0 -0.00880851 0 0.00346382 0 0 -0.010787 0.00491038 0 0 0 0.00128332 0.00371247 -0.00133328 -0.0140527 0 -0.0151054 0 -0.0136439 0.00453533 0 0 0 7.97377e-06 0.0191411 -0.000857492 -0.000290222 0 -0.00473777 0 0.0010407 -0.00378329 0 0 0 0 0.0025656 0 0 0 0 -0.00465996 0 0 0 0.00593862 0 -0.000308428 0 0 0.00342181 0 0.00289054 0.00162187 0.00269717 0 0 0.00379868 0 -0.00704502 0 0 0 0.00201522 -0.0116112 -0.000885114 -0.00124424 -0.0108029 0.00174876 -2.2448e-05 0 0 -0.0126457 0.000590692 0 0 8.62688e-05 0.00848108 0.00158144 0.000209352 0 -0.00769352 0.0104656 -0.000800737 0 -0.00225702 0 0.00155613 0 -0.000602032 0 0 -0.000219876 0.00974744 8.78829e-05 -0.0038464 -0.00069756 0.00157312 0 0
-0.0106901 -0.00583907 -0.0499405 -0.0159351 0 0.900389 -0.00413227 -0.0228145 0 0 -0.00263453 0 0 -0.000972289 0.000932127 -0.00777329 -0.00163965 -0.0288791 -0.00597183 -0.00498075 -0.0155147 -0.00247405 -0.00435686 -0.0310333 -0.0161283 -0.00216856 -0.00148909 -0.00344115 -0.00167699 -0.00232066 0.00149878 -0.0116464 -0.00184171 -0.0220816 -0.00324244 0 -0.0096321 -0.0165262 -0.010546 -0.00689424 0 0.00773812 -0.0362353 9.43417e-05 -0.0340849 -0.00491321 -0.0192784 -0.0123626 -0.0014881 -0.0121597 -0.00869487 -0.00179164 -0.00824046 -0.0118199 -0.0060653 -0.00271118 -0.0144117 -0.000466956 -0.00673992 -0.000820513 0 -0.00121301 0 -0.00943714 -0.0187107 -0.00841363 -0.003561 -0.0132852 -0.00212968 -0.0644667 0 0 -0.00641201 -0.0120672 -0.00123378 -0.0133521 -0.00519386 0.0115704 -0.00135636 4.97392e-05 -0.0142209 0.00993812 -0.00281738 -0.00817363 -0.00847424 -0.0153556 0 -0.0122627 0.00583875 0 0 -0.00634366 -0.00796054 -0.00203578 -0.0103651 -0.0113538 0.00201764 -0.00444193 0.00266525 -0.00624747 -0.00814048 0.000564466 0.000527092 -0.000336831 -0.00162819 -0.00945635 -0.00701704 -0.00218119 -0.0118642 -0.00377345 0.00867428 -0.000280642 -0.0210843 -0.00224211 0.0100916 0 -0.00471356 0.00658251 -0.00232424 -0.00780892 -0.00372316 0.00217305 -0.00644855 -0.00060727 -0.00244313 -0.00720031 -0.0166752 -0.00392751 -0.00325217 -0.021788 -0.00524255 0.0011428 -0.0091307 0 -0.0100239 0.0174165 0 0 -0.00190113 -0.0133559 0.00116384 -0.0122299 -0.000119463 -0.00505914 0 -0.0130041 0.00958625 0 -0.00095664 -0.0153819 -0.000440247 -0.000676711 -0.009102 -0.00280125 0.00184208 0.000282192 -0.00613477 0.00878344 -0.00729064 -0.00405613 0 -0.00494881 0 0 -0.00815104 -0.00652166 -0.00131719 -0.00475379 -0.00590739 -0.00821738 -0.00261034 -0.00325905 -0.00742139 -0.000514233 0.00368148 0 -0.0118497 -0.0109948 0 -0.00631224 0.00572019 0 0 0.0057474 0.0066729 0 -0.0130752 -0.0084472 0.00655841 -0.000418795 0.0042233 0.0150714 -0.00281822 0.00198974 0.0106104 -0.00687728 -0.0185472 -0.0016073 -0.00604232 0 -0.0040672 0 9.75611e-05 -0.00390457 -0.0112405 0.0166833 0 0 0.000334206 0.00189867 0.00312891 -0.00367642 0 0 0 0
0.00792986 0.0259292 -0.000202065 0 0.00684422 -0.00413227 0.803247 0 -0.00940512 0.00304565 0.0125596 0.00753209 0 0.00658645 0.0263551 0 0 0 0.0172048 -0.00910082 -0.00137872 0.0359063 -0.176547 -0.00333198 -0.00302329 -0.000843877 0.0024242 0.0404717 0.0140144 -0.170029 0.00596451 0 -0.00314835 -0.00995616 0.0191475 0.000196264 0.0157368 -0.000644214 -0.00234704 0 -0.0140824 0.000795265 -0.0206309 0.0226834 -0.00169171 -0.000189445 0.0181505 -0.00802955 0.0580985 0.0459721 -0.0215461 -0.0379576 0.0166309 -0.00824107 -0.00765545 -0.00032447 -0.000267591 -0.00809225 0 0.0145054 0.0102024 0.0242978 0.00253836 -0.0535578 -0.00148451 -0.0087578 3.77399e-05 -0.00142456 0 -0.00121723 0 0.00195754 -0.0100329 -0.000263601 -0.064658 0.00820224 -0.0229927 0.00127529 -0.0129418 -0.00136675 0.0117953 0.00915999 0.000872193 -0.000446018 -0.00539041 0.0216323 0 -0.00463527 -0.00350763 0.00992747 0 -0.0294728 -0.000902258 0.0156421 0 -0.000819615 0.00633218 -0.011037 -0.0213374 0.0161214 -0.0106792 0.0076489 0 0.00778652 0 0.00413336 0 -0.0382469 0 -0.00158713 0 -0.00170427 0.0364959 0.00678775 0.0101749 3.07675e-05 4.64968e-05 0.0111484 0.00489463 -0.00596366 -0.000408096 0 0 -0.00808337 -0.0442749 -0.00150049 0 -0.00466762 -0.00948611 -0.00312049 0 0 0 0 -0.000967997 0 0 0.00167627 0 -0.00519073 -0.012433 -0.00468624 0 0.0013141 0.0133772 0 0.00551649 -0.0343831 0 -0.00323688 0 0 -0.142656 0.00528944 0 0 0 0.00871625 -0.00297558 -0.000912247 0 -0.0462366 0 0 -0.000451001 -1.39113e-05 6.1015e-05 0 -0.00780479 -0.00906132 -0.00486641 0.0214033 -0.000776791 -0.0236043 0.00234036 0.00386501 -0.00459271 6.77957e-05 0 -0.0164985 0.0180637 0.00396422 0 0.00864827 0 0 0 -0.0110079 0.0119873 3.7341e-05 0 0.00743289 0 0.00439707 0.00187335 -0.00699089 0 9.88456e-05 -0.0116266 0.000281772 0 0.00534575 0 -0.00900089 0 0.00684308 0.0108966 0.000920259 0.00219558 -0.00205113 0.00043234 0.0125442 0.00027714 0 0 0
-0.00178521 -0.0025092 -0.020156 -0.0135676 -0.015883 -0.0228145 0 0.853881 0.00469123 0 -0.00177805 -0.00248127 -0.00250803 -0.00361651 -0.00558519 0.00285433 -0.0048318 0.00060126 -0.00259781 -0.000272527 -0.0353218 -0.00113052 0 -0.00608142 -0.0112313 -0.00604749 -0.0080099 0 0 0 0 -0.0158722 -0.00040515 -0.00739498 0 0 -0.0337579 -0.0111044 -0.0040111 -0.00365046 0 0.0115621 -0.0114437 0.00425471 -0.0243711 -0.00181037 -0.0122397 -0.00870903 0.00182937 -0.0114498 -0.00150831 0 -0.00147828 -0.00755435 -0.00100017 -0.00146507 -0.00967294 0 -0.00738497 0 0 -0.00602401 0 -0.00391456 -0.00849661 -0.00640676 -0.000817374 -0.00862249 -4.53491e-05 -0.00557785 -0.0230142 -0.00403658 -0.00871342 -0.0152235 0 -0.00718801 -0.00217936 0 0 0.00154679 -0.0256776 -0.00399618 -0.00194491 -0.0163375 0.00106429 -0.0133789 -0.00405859 -0.0042363 0.0151625 -0.000119802 0 -0.0157857 -0.0206755 0 -0.0165395 -0.00310485 0 -0.000524385 0 -0.00143589 -0.00323243 0 0 -0.00373871 0 -0.0154325 -0.00363596 0 -0.0124288 -0.00228828 0.00898866 0 -0.00699618 -0.00499646 0 0 -0.000712458 0 -0.00134715 -0.00285719 -0.00645828 0.00241881 -0.0250603 0 0 -0.00851383 -0.00669634 -0.00105197 0 -0.014068 -0.0029316 0 -0.0579282 0 -0.0421123 0.00913376 0 -0.000884738 0 -0.00582026 0 -0.00611949 -0.0087412 -0.0018967 0 -0.00896486 0.00841557 -0.0110636 0 -0.00756314 0 0 0 -4.62242e-05 0.00447331 0.000238385 -0.00205342 0.00136069 -0.00796628 2.13223e-05 0 0 0 -0.0084478 -0.0046791 -0.00350804 0 -0.0016579 -0.000177812 -0.0028356 0 -0.00309802 -0.0163598 0 0.000127991 0 -0.00977468 -0.00435432 0 -0.00141446 0.00022029 -0.0030635 -0.00433013 0 0.00875115 -0.00213915 -0.0017371 -0.00497794 0.00101451 0 0.00745319 0.00463424 0 0 0.00717596 -0.00300508 -0.00228297 -0.00755967 -0.000807913 -0.003672 -0.0029517 -0.00485628 0 -5.35112e-05 -0.00172671 0.00765515 0 -0.00399323 -0.00104158 0.0135816 0.00723516 -0.00794869 -0.00214595 0.00365817 0 0
0 0 0.00329692 0.0208034 0.00484156 0 -0.00940512 0.00469123 0.746878 0 0.00491427 9.9049e-05 0 0.0175453 0.00141926 -0.000257591 0.00903789 0 -0.0143178 0 0 0 -0.00278439 0 0 0 0.00898396 0 0 -0.00194273 0.0202885 0.00618532 -0.0100126 -0.000151303 -0.00355047 0 0.0120256 0.0096488 0.00364789 0 0 -0.000475845 0 0.0514596 0 0 0.0206607 0.00214579 0.0143641 0.00369735 -0.00241236 -0.00744844 0 -0.0100815 -0.00781592 -0.00108063 0 0 0.00995114 0.00108685 0.000846308 0 0.00964721 0 0 -0.0115274 0 0 -0.00115197 0 0.000620306 0 0 0 -0.000829032 0 0 -0.0237178 0 0 0.00301488 0.00809061 0.00618851 0.0108613 -0.0059486 0.00501016 0.000714466 -0.0109468 -0.00686959 0 -0.0208217 -0.00075925 0.0101421 0 0 -0.00113831 0 -0.0043132 -0.0148615 -0.0031525 -0.00436097 0.00017607 0 0.00334718 0 0.0132203 0 -0.00147502 0.016532 -0.0061309 -1.05434e-05 -0.000907216 0 0.00298951 0.00313002 -0.0267329 -0.000544179 0.00688187 0.00670217 -0.00297424 -0.000816409 0 0.00528242 -0.0053292 0 0 0.00399081 -0.00535514 -0.00634749 0 0 2.20142e-05 0.0202437 -0.0033854 0.00932135 0 0 0.000993269 -4.67831e-05 -0.000704335 -0.0118929 0.00397612 0 -0.00317008 0.00196157 0 0 0 -0.000327105 0 -0.0156649 -0.00343965 -0.00137355 0 0 0 0 0.00189202 0 -0.00102792 0 0 0 0 -9.70511e-05 0 -0.0104301 -0.00884186 -0.00560429 -0.00350901 -0.0190719 0 1.21812e-05 -0.0238463 0.00689447 0 0.0145914 -1.85061e-05 0 -0.00837886 0.00336076 0.000672186 -0.00348477 0.00195437 0 0.00469732 0 1.32815e-05 0.00462018 -0.00594701 0 0.0020331 -0.001471 -0.0173132 0 -0.00300216 0 0.00123083 -0.00580416 0.00319012 0 0.000551183 0 -0.00224161 0 0.00167754 0 0.00054215 0.00056964 -0.0242923 0 0.00398465 0 -0.0117507 0 0
-0.0288239 -0.0355212 -3.1565e-05 0 -0.053514 0 0.00304565 0 0 0.907735 -0.0329649 -0.0209464 -0.0196229 -0.0224594 -0.0197694 -0.00923964 0 0 0 -0.0554918 0 -0.0228602 0 0 0 -1.83597e-06 0 -0.000475417 -0.0274085 0.00865674 0 0 0 -4.66154e-05 0.00537544 -0.000618255 0 -0.0048774 0 0 0 9.61197e-05 0 0 0 0 -0.00123325 0 -0.00400042 -0.00345181 0.0184361 0.00548932 0 0 0 0.000659618 0 0 0 -0.0279591 -0.0158862 -0.0115652 0 0 0 0 -0.00523818 0 0 -0.000240865 0 0 0 0 0 -0.000296468 0 0 0 0 0 -0.000811736 -0.0378628 -0.000726442 0 -0.00122184 0 -0.00343926 0 -0.0234017 0 -0.0226267 0 -0.0262017 0 0 -0.0123901 0.000435199 0 0 0.0101968 -0.00485049 0.00118694 -0.00024346 -0.00205012 0 0 0 -0.0104841 0 0.0111262 -0.000542563 0 -0.00134228 -0.00611325 0 -0.0209876 -0.0183276 0 0 -0.000139275 0 0 0 0 0 0 0 0 -0.00171085 -0.0121007 0 -0.00206015 0 0 0.00261687 0 0 0 0 0 0 0 0 -0.00557117 0 0.000325994 -0.0124931 0 0 -0.0160154 0 0.00352824 0 0 0 0 -0.00607989 0 -0.0159287 0.00306926 0.00104312 0 0 0 0 0 0 0 0 0 0 0 0 0.00860234 -0.00128399 0 -0.00118599 -1.16984e-05 0 -0.015126 0 -6.11205e-05 -0.00128514 0 0 0 0 -0.00990328 0 0 0 0 0 0 0 0 0 0.00362622 0 0 0 0 0 0 0 0 0 0 0 0 -2.50444e-05 0 0 0 0
-0.0360872 -0.0123261 -0.000759005 -0.00384876 -0.0138379 -0.00263453 0.0125596 -0.00177805 0.00491427 -0.0329649 0.704279 -0.033076 -0.0145503 -0.102509 -0.00592797 -0.0380594 -0.000399881 0 0 -0.053136 0 -0.0061495 0.00508468 -0.000171915 -0.00470356 0 0 -0.0109366 -8.71072e-06 0.000987067 0 -0.00358092 0 -0.00215803 0 0 -0.00243545 -0.0123755 -0.000271114 0 0 0.00187347 3.35341e-05 0 -0.00436105 0 -0.00698201 -0.00185332 -0.0146428 -0.00985552 0.00295141 0.0159715 0 -0.000167267 -0.0159269 0 -0.000819215 -0.0109311 0 -0.0296577 -0.0194349 -0.020607 -0.00550034 -0.000649466 -0.00294886 0 -0.0131271 -0.00114696 -0.00320856 -0.00456778 0 -0.000141463 0 0 -0.0206576 -0.00314483 -0.0235928 0 -0.00941298 0 -0.000478959 -0.00794073 -0.0133464 -0.0115483 0 -0.00852448 0 -0.00157897 0.0011943 -0.0458241 0.0120618 -0.00192303 -0.00658506 -0.00132665 -0.00375123 -0.000870834 0 0 0.00122205 0 0 -0.013149 0.0103311 -0.00223431 1.1114e-05 -0.00490964 0 0 -0.0102022 -0.000198745 0.00706622 -0.00323749 0 -0.00698174 -0.00506447 0 0 -0.0193869 -0.00204635 2.35693e-05 -0.00038364 0 -0.00480134 0.00958586 -0.021917 0 -0.00159984 0 0.0113342 -0.0031607 -0.00843397 0.00203791 -0.00565937 0 0.00217879 0.00168941 0 1.1122e-05 0.00993987 -0.00178599 0.00552394 -0.00129757 0.0227759 0 -0.170301 -0.00445764 0.00100911 -0.0299743 0 3.36004e-05 -0.00236689 0 0.00790186 0 0 0 -0.00205591 -0.0255609 0 -0.00712759 0 0 0 0 0 0 0.00587209 -0.000273146 0 2.50145e-05 0.00389579 0 0 0 0.000145905 0 0 -0.0246361 0 0.0251014 -0.00821375 -0.000642263 -0.00208195 -0.0321367 0.000108946 0 0 -0.00421433 -0.014368 0 0.000170505 0 0 0.00415954 0 0 -0.00615153 -8.62074e-05 0.00587534 0 -0.00120261 -0.00500165 2.86915e-06 0 0 0 0 1.35781e-05 1.0074e-05 0.00117903 0.000636978 -0.0126794 0 0 0 0
-0.045307 -0.0580203 0 0 -0.0505133 0 0.00753209 -0.00248127 9.9049e-05 -0.0209464 -0.033076 0.895972 -0.0519129 -0.0210186 -0.0367362 -0.0122609 0 2.50523e-05 0.00424956 -0.00473129 0 -0.0226929 0.00296257 0 -0.00363539 0 0 -0.00116628 -0.0113003 0.00850878 0.000167121 0 0 0 0 -0.00430253 -0.000878637 -0.00105202 2.15491e-05 0 0 0 2.23558e-05 -0.000491678 0 0 0 0 -0.0156533 -0.00207586 0.00681295 0.00632358 -0.0120049 0.0037504 0 0 0 0 0.00395644 -0.00929844 -0.00459648 -0.0147638 0 0 0 0 -0.0503659 0 -0.0148058 -0.000711171 0 0 0 0 0 -0.00041005 0 0 0 0 0 0 -0.0139135 -0.00596402 0.000268883 0 7.97014e-06 0 0 -0.015514 0 -0.00816618 0 -0.00343294 -0.0012471 0 -0.000880147 0.00587445 0.00947416 0 1.55524e-05 -0.0127981 0.0036809 0 0 0 0 0.00843715 -0.00534324 -0.000810796 0.00349498 0 0 0 -0.000396569 0 0 -0.0131051 0 6.90728e-05 -0.00221752 0 0 0.000318546 0 0 0 0 0.000602064 0 -0.0398832 0.00660988 -0.00304714 0 -0.0010048 0 0 0.0137024 -0.000468606 0 0.00195587 0 1.28476e-05 0 -0.0119187 0 0 0 0 0 -0.0016275 0 0.00375623 -0.00116002 0 0 -0.00115115 -0.00632922 0 -0.0133757 0 0.00146832 -0.00879017 0 0 0.00389446 0 -0.00140536 0 0 0 0 0 0 0 -0.00646766 0 0 0 0.000596136 -0.0133828 0 0 -0.0155739 0 6.35961e-06 0 0 -0.00122464 0 0 0 0 0.000165101 0 0 -0.000670723 0 0 0 -0.0040678 0 0.0055341 0 0 0 0 0.0044818 0.00445146 0 0 -0.00393077 0 0 0 0
-0.033865 -0.0316532 0 0 -0.0210454 0 0 -0.00250803 0 -0.0196229 -0.0145503 -0.0519129 0.886453 -0.025471 -0.0171643 -0.0219107 0 0.0156809 0 -0.0130485 0 -0.0327318 0 0 -0.00147943 0 0 -0.000539468 -0.0182757 0 0.00178416 0 -0.000950578 -0.000930541 0 -0.0175898 0 -0.000324136 0.0101191 2.26534e-05 -0.000199602 0.000584255 0 0 0 0 0 0 -0.00633953 -0.00134697 0 0 -0.00213735 0 -0.000498521 0 0 0 0 -0.0182874 -0.0172525 -0.03782 0 0 -0.000374955 -0.000871171 -0.0416482 4.11225e-05 -0.0143266 -0.000447094 0 -7.6193e-05 0 0 0 -0.00367983 0 -0.000713652 0 0 0 0 -0.0151464 -0.0045146 0 0 0.00126099 -0.00341136 0 -0.044985 0 -0.0237766 0 -0.000930844 -0.000796576 -5.61422e-05 -0.00181821 0 0 0 0 -0.00732788 0.00439226 0 -1.60399e-05 0 0 0.00311885 -0.00329608 -0.0186126 0.0201737 -0.00296528 -0.000324654 0 -0.0133638 0 -0.00345922 -0.00715862 0 0 -0.0146287 0 0 0 -0.000115969 0 0 0 0 -0.000785544 -0.0342308 0.000772052 -0.00207513 0 -0.000872604 0.00200916 0 0.00450496 -0.00975264 0 0 0 0 0 -0.0112908 0 0 -0.00124858 0 0 -0.00203796 0 0 -0.00920309 0 0 0 -0.00873699 0 -0.0285016 0 0 -0.00636045 0 0 0 0 -0.0150743 0 0 0 0 0 0 0 -0.00177149 0 -0.00252556 0 0 -0.00714144 0 0 -0.0128611 0.000169168 6.02203e-05 0 0 -0.00862036 -0.000584052 0 0.00112281 0 0 0 0 -0.0010307 0 -0.000104961 0 -0.0170595 0 0.000170539 0 0 0 0 1.88295e-06 0 0 0 -0.00691857 0 0 0 0
-0.00921452 -0.00773071 -0.000358142 -0.0159337 -0.0345369 -0.000972289 0.00658645 -0.00361651 0.0175453 -0.0224594 -0.102509 -0.0210186 -0.025471 0.722262 0.0239644 -0.00740784 0 -0.00147241 0.00840108 -0.0399055 0 -0.000658856 0 0 0 -0.00198374 -0.000266816 -0.0199188 -0.0045182 0.00140692 -0.00042942 -0.0022157 0.0128645 -0.00481879 0 0 -0.00351152 -0.00756976 0 0 0 -0.00193451 0 0 -0.00112477 -0.000147259 -0.0136548 -0.00361081 -0.0488603 0.00212819 0.0272921 0 0 -0.000480013 -0.00703741 0.00649292 0 -0.0371647 -0.00170122 -0.0353881 -0.0323487 -0.0220103 -0.00626198 -0.00400071 -0.00064112 -0.000795196 -0.0136831 -0.00128358 0 -0.00453296 0 0 -0.00313894 -0.000331286 -0.000254201 -0.00266366 -0.0371549 0 -0.020483 0 -0.000524812 -0.00709938 -0.00468024 -0.0149781 0 -0.0100171 0 -0.010647 0 -0.033586 0.011492 0 -0.00790718 -0.00936056 -0.00535796 -0.00122917 0 0.00773378 0.0112356 0 0.0105727 -0.00137214 0.0209729 -0.0101265 0 -0.00536996 0 2.25778e-05 -0.0249564 0 0.00323965 -0.00833417 4.1409e-05 -0.00462573 -0.0087968 0 -0.00174547 -0.0142769 -0.00144292 0 -0.00112761 0 -0.00325246 0 -0.0106662 -0.000197883 0 2.67277e-05 2.36526e-05 -0.00595497 -0.0156807 0.0144562 -0.00243328 -0.00420963 -0.00580932 0.000964584 0 0.0171096 -0.00334664 -0.00111122 0.0038741 -0.00466195 0.00866892 0 -0.0513206 0 0.000978413 -0.0188687 0 -0.00193664 -0.000947961 0 0.00260693 0 0.000787922 0 -0.00150458 -0.0170443 -5.9314e-05 -0.0230743 0.00559849 0 0 1.42158e-05 0 -0.000384124 0 0 0 0 0 -0.000584798 0 0 0 -0.00957605 0 -0.00470334 0 0 0 0 0 -0.0245058 0.000163436 0 0 0 -0.00409789 0.00535001 0 0 0 0.00288577 0 -0.000369059 -0.00661974 0 0 0 0 0 0.0110669 0.00762698 0 0.000397816 0 0.00973881 0.0139774 0.00046804 0.000544003 -0.0200435 0 0 0 0
-0.0157195 -0.0313176 0 0 -0.0306065 0.000932127 0.0263551 -0.00558519 0.00141926 -0.0197694 -0.00592797 -0.0367362 -0.0171643 0.0239644 0.778586 -0.00892381 0 0.00256481 0.0062014 0.013139 0 -0.020205 0.00832978 0 0 0 -0.00227177 0 -0.0182467 0.0189094 -0.00475973 0 0.00486828 0.00329118 0.000889292 0 0 -0.00246576 -2.99553e-06 0 0 0 0.011293 -0.0242107 0.000435925 0 -0.00110523 0.00878857 0 -0.0163784 0.00341956 0.00526591 -0.0221373 0.00721867 0.00353476 0.000168258 0 0.0115061 0 -0.011808 -0.022242 -0.014108 0 0.00391409 0 0.00384798 -0.0169856 0 -0.0165899 0 -0.00353737 -0.0198917 0 0 0.0236973 0 0.00533141 -4.97039e-05 0.0171 0 0 -0.00967427 0 -0.00319325 0.00506248 -0.0127325 2.0605e-05 -0.00316645 0.003488 -0.0283838 0.000700488 0 0 0 0 0.00133617 -0.025209 0.00936611 0.00919805 0.00228658 0.00626933 -0.00814137 2.52612e-05 -0.000842544 0 -0.00037726 0.00696806 0.0101276 0 0 0.0159129 0 0 0 -0.0381278 0 0 -0.0186753 0 0.00404474 0 0 0 0.00448013 0.00977009 0 0 0.00355811 0.0034298 0 -0.0154402 0 -0.00921806 0 0 0.00546187 0 -0.00321679 0 0.0025108 0.0103992 0.000142262 -0.00330979 0 -0.000854805 0 0 0 0.000470821 0.00214993 0 -8.06091e-06 0.0134163 -0.00451905 0 0 0 -0.0225967 0 0 0 0.0330169 0 -0.0131988 0.000657447 0 0.00198229 -0.012145 0.00417125 0.00390013 0.00245877 0 0.00132888 0.00390168 0 -0.00316321 0.00224753 0 0 0.00668885 -0.0149277 -0.0121724 -0.00627892 -0.0201034 0 0 0.000740432 0.00106994 -0.00444984 0 0 -0.00271516 0.000869214 0.00405945 0 0.0030663 0 0 0.00538388 0 0 -0.0221149 0 0.00229382 0 -0.00198777 0 -0.00264813 -0.00423065 0.00265355 0 -0.0164277 -0.00411296 0 0 0
-0.0222541 -0.0360782 -0.00468678 -0.00168193 -0.00127465 -0.00777329 0 0.00285433 -0.000257591 -0.00923964 -0.0380594 -0.0122609 -0.0219107 -0.00740784 -0.00892381 0.819159 0 -0.0126959 -0.00768813 -0.016474 0.00183977 -0.0225132 0 -0.0043578 -0.0151163 -0.000119364 0 -0.0150932 -0.0323179 0.016164 0.00362435 -0.00120551 -0.0179266 -0.0159049 -0.00401605 0 -0.00125519 -0.00437647 -0.000144305 -0.000390443 -0.000266463 0.00456697 5.92808e-05 0 0.000161707 -0.00143478 -0.00228071 -1.47661e-05 -0.0252591 -0.0120307 -0.00440362 0 -0.0176462 -0.00597431 -0.00472783 0 -0.00208716 0 0 -0.00649194 0 -0.0362808 0 -0.00145201 -0.0112466 -0.0130267 -0.0261384 -0.00367384 -0.0336684 -0.00826139 0 -0.00602639 -0.00051917 -0.00315593 -0.000451245 -0.0093766 0 -0.00583756 0 0 0 0.00770577 -0.00413988 -0.00824638 -0.00492615 -0.00458209 0.000204103 -0.00824931 0.00379592 -0.0148764 0 -0.00624887 -0.00120481 -0.00484287 -0.00810194 -0.00716131 0 -0.00177783 -0.00188629 -0.0046462 -0.00495079 -0.0124109 0.000941594 0 -0.00184276 -0.0010266 -0.00230196 0 -0.00666029 -0.0119533 0.005386 -0.02182 -0.0102683 -0.0015892 0.00374988 -0.00710179 -0.00118245 0.00318764 0 -0.00410347 -0.0210082 0.00126151 0 0 -0.00154777 -5.67323e-05 -0.000685268 -0.00116331 -0.00122082 -0.00583404 -0.0268808 0.000554611 -0.000880713 -0.00337253 -0.00306697 0.00364574 0 5.06287e-05 -0.00447422 -0.00892123 -0.000744737 -0.00225645 0 -0.00226052 -0.00716838 -0.00398505 0 0 -0.00110652 -0.0139894 -0.00266645 6.35144e-05 0 -0.0150953 0.000305172 0.000139495 -0.00530269 0.00336281 -0.00218113 -0.0299421 0 0 -0.00220231 0 -0.00395641 0 -0.00183687 -0.0133039 -0.0033746 -0.00331698 -0.00685057 -0.00310484 -0.00183644 -0.000484015 0.00417877 -0.00917104 -0.00259666 -0.0139267 0 -0.0035353 0.00196824 -0.00551456 -0.00830003 0.00278208 0 0.000623051 -0.00226124 -0.00369307 0.00161938 -0.00428177 0.000926888 0.0185538 -0.00155425 -0.0011819 0.00116409 -0.000235909 -0.0129282 0 -0.00493145 0.000539762 -0.0290694 -0.0018429 0.000259538 -0.00247449 -0.00103664 0.00875054 0 0 0 -0.00180625 0.00022017 -0.000820501 0 0 0 0
0 0 -0.0112358 -0.0161435 -0.00085359 -0.00163965 0 -0.0048318 0.00903789 0 -0.000399881 0 0 0 0 0 0.938408 -0.00835692 0.00782271 0 0 8.64398e-06 0 -0.0108892 0 -0.0138219 -0.0456713 0 0 0 -0.00374031 -0.0430058 0.0126147 0 0.00182775 0 -0.0203029 -0.00796259 -0.0376879 -0.0128902 0 0.0200294 -5.2919e-05 0 -0.00330795 -0.0285117 -0.00955524 -0.0268483 0 -0.00202418 0.000396691 0 0 0.000733591 0.00362819 0 -0.0145501 0 -0.00810097 0 0 1.08758e-05 0 0 -0.0159464 0.0184642 0 -0.00513919 0.000116115 -0.00135936 -0.0227192 -0.000999381 -0.0127683 -0.00192884 0 0 0 0.0159686 0 0.000700752 -0.0143391 -0.0269651 0 -0.00726814 0.00620219 -0.000544667 -0.0266408 0.00076178 0.00859323 0 0.00340618 0 -0.0166778 0 -0.00163194 0 0 0.000212667 0.00786271 0.00840431 0.000636471 0 0 -0.00494379 0.00907043 -0.026753 0 -0.0181886 -0.0176804 0.00222501 0.00255263 0 0 -0.00286342 0 0.00218182 0.00438169 0 -0.00503199 3.32285e-05 0 0 -0.00843765 0.00263102 0 -0.0176795 -0.010679 0.000488985 0.00373838 -0.00361342 1.07723e-05 0 -0.00785714 0 -0.0109529 0.0122418 0 -0.0057806 0.00747611 0 0.0100802 -0.0242617 -0.000842918 0 0 0 0.0146034 -0.000271738 0.00073589 -0.00302876 0.000302124 0.00241789 0 0 0.00327249 0 0 0 -0.00315466 0.00166028 0 0 0.00125854 -0.000670102 0 -0.00148844 0.00565474 0 0.00324499 0.000155015 0.00575827 0 0 0.00316457 -0.0112493 0 0 0 0 0.000964921 -0.00178446 -0.00184371 -0.00250883 -3.33614e-06 0.00642038 -0.0206816 0 0 -0.0170968 0.00114056 0.00184454 0 0.000243997 0.00818528 0.00309206 0 0 -0.00504032 0.00615455 -0.00520666 0 -0.00602281 -0.00100354 0.00295461 0 -0.00125048 0 -0.00492238 -0.00453601 0.00714595 0.00991081 -0.00562439 -0.000149155 0.00694694 0 -0.0016139
-0.000239334 -0.00146141 -0.0102451 -0.0197958 -9.23552e-06 -0.0288791 0 0.00060126 0 0 0 2.50523e-05 0.0156809 -0.00147241 0.00256481 -0.0126959 -0.00835692 0.87846 -0.00162076 0.00650551 -0.00390345 -0.000447251 0 -0.0260787 -0.00702317 -0.0141499 -0.00631625 -0.0328427 -0.00159212 5.61724e-05 0 -0.017572 -0.00314951 -0.0150885 -0.00355132 0 -0.00772359 -0.00636364 -0.0253011 -0.0169347 0 0.00582737 -0.0124182 0 -0.00431805 -0.0325767 -0.00772795 -0.0176373 -0.0146522 -0.0262516 -0.00501343 -0.000636818 -0.00398587 -0.0153077 -0.00502589 -0.00591397 -0.0251289 -0.000403966 -0.0134869 0 0 -0.00641223 0 -0.00644012 -0.00891093 -0.00867998 0.00351271 -0.0165713 0 -0.0299092 -0.00159706 -0.00720887 -0.00924466 -0.00762349 0 -0.0106824 -0.00257986 3.94013e-05 0 0 -0.00851726 0.00792148 0 -0.00645363 -0.0152546 -0.0174455 -0.00103711 -0.0109504 -0.00169217 0 -0.000146209 6.06917e-05 -0.0175868 -0.00121447 -0.00724938 -0.0228845 0 -0.00453432 -0.00444109 -0.00599357 -0.0080525 0.00106956 0 -0.00580975 0 -0.0107644 -0.00433028 -0.00964279 -0.00593695 -0.0069886 -0.000902848 -0.00070156 -0.0088347 -0.00275607 0.0223604 0 -0.000530692 0.0124796 -0.00896372 -0.00740465 0 0.000902793 -0.000550042 -0.000699927 -0.000449133 -0.0136391 -0.0171514 -0.00326566 -0.00310292 -0.0137948 -0.0030279 0 0.00532945 0 -0.00552883 0.00573359 0 0 -0.00112058 -0.0267128 -0.00119722 -0.0362255 0 -0.00468476 0 -0.00011242 0.00563104 4.47968e-05 -0.00123003 -0.0303673 -0.000334297 -0.000407599 0 0 0.00093556 0.000801305 -0.0188154 0.00777819 -0.0197613 -0.0012408 0 -0.00420247 0 0 -0.0200019 -0.00455809 -0.00215834 -0.000622791 0.00308013 -0.00698565 -0.00529257 -0.00219048 -0.00759722 0 0.00416788 0 -0.00746849 -0.00673818 0 -0.00533411 0.0061178 0 0 0.00665023 0.00220506 0 -0.0149911 -0.00647753 0.00618861 0 0.00173718 0.0130238 -0.00263128 -0.00374073 0.00279172 -0.00483407 -0.0129525 0 -0.0149168 0 -0.000593282 0 0 -0.00289924 -0.00131558 0.00937935 0 0 0 -0.00269868 0.00393784 -0.00531758 0 0 0 0
0 0 0.00769989 0 0.00558205 -0.00597183 0.0172048 -0.00259781 -0.0143178 0 0 0.00424956 0 0.00840108 0.0062014 -0.00768813 0.00782271 -0.00162076 0.855719 -0.00046717 -0.00636238 -0.00334914 0.00137278 -0.00594621 -0.00515263 0 0.00306632 -0.00584731 0 0.0050298 0.00416053 4.02949e-05 -0.0342091 -0.0242593 -0.00874385 0 0 0.0136397 0 0 -0.00417622 0 -0.0146777 0 -0.0033953 0 0 0 0.0024307 -0.0064268 -0.0118604 -0.00223478 0 -0.0423695 -0.0156504 -0.00609077 0.000501324 0 -0.000329946 0.00459635 0.0220696 -0.00597309 0 -0.00153324 -0.0059398 -0.0230274 0 -0.0043933 -0.00579983 0.0318807 0.00201183 0.00070614 0 -0.00357744 -0.00533811 -0.00786623 0.00418932 -0.0189428 -0.000497848 -0.00905352 0 0.035452 0 0.0130917 -0.0292333 -0.0142436 0.00131838 -0.0480761 -0.0118204 0.00319436 -0.00795292 -0.000156928 0.0051081 -0.000942881 0.0147848 -0.0115401 0.00245476 -0.0302962 -0.0163603 -0.0218353 -0.0174693 0.0101189 0.000610271 0 -0.0162264 0 -0.00443523 -0.00054112 0.0115909 -0.0258941 0 -0.00398195 -0.0216652 0 0.0112832 -0.00352329 -0.0119508 0.0144252 -0.00106917 -0.0329516 -0.00357813 0.000569443 0 -0.0145417 -0.00339848 0 -0.0001226 -0.0288487 -0.0232866 -0.00773289 -0.00376494 0.000825391 0 -0.00302885 -0.00185471 0 0 0.0151634 -0.00626071 -0.0141807 -0.0249407 0 0.00176536 -0.00740581 0 -0.0123139 -0.0107862 0 -0.00859294 -0.014757 -0.0019752 -0.0262263 0.00528235 -0.00783093 0 0 -0.00167298 0.0142029 -0.0020947 -0.00445699 0 -0.00552497 0 0 -0.0205688 -0.0213056 -0.0159406 -0.00432167 -0.0152354 -0.0137521 -0.0391313 -0.0207445 -0.0050749 -0.00670527 0.0131094 0 -0.00671989 -0.0219914 -2.49208e-05 -0.0229848 0.0481 0.0022107 0.00372946 0.0154951 0 0.00148649 -0.00659708 -0.0177464 0.0189306 -0.00334508 0 0.0151917 -0.0392975 -0.0221091 0 -0.00877298 -0.00183987 0.00024055 -0.0164884 0.00331303 -0.00268953 0.00224181 0.00152802 -0.0152639 -0.0168073 0.015049 0 0.0034375 0.0092383 -0.0100946 0 0.0130964 0.00220122 -0.00132376 0 0
-0.0312204 -0.0307297 -0.0014171 -0.00136641 -0.0206522 -0.00498075 -0.00910082 -0.000272527 0 -0.0554918 -0.053136 -0.00473129 -0.0130485 -0.0399055 0.013139 -0.016474 0 0.00650551 -0.00046717 0.787412 0 -0.00697133 -0.011864 -0.0018968 -0.00141128 0 0 -0.0200537 -0.00481602 -0.00473935 0.000892441 4.23202e-05 -0.00239468 -0.00641682 -0.00104311 -0.00271787 4.09537e-05 -0.00503908 0 0 -0.000181466 0.00390471 0.0112937 0 -0.00247333 0 -0.00119008 -0.000766368 -0.00328498 -0.00184223 0 0 0.0160193 -0.00326173 -0.0123248 0 -0.000378194 -0.0135108 0 -0.0203743 -0.0152812 -0.0167492 0 -0.0046936 0.00044541 -0.00506881 -0.00968159 -0.00231136 -0.00324835 -0.000632874 0 0 0 0 -0.0144717 -0.00467732 -0.0190446 -0.00352658 -0.0172168 0 0 0.00161767 -0.0154278 -0.00238463 -0.00282975 0 0 -0.00906707 0 -0.0282797 0 -0.036618 -0.000719596 -0.00278499 -0.00469878 -0.00277249 0 -0.000586784 -0.00705686 -0.000316503 -0.00113132 -0.0196212 0.00971113 0 -0.0122858 -2.44503e-05 0 -0.00340795 -0.00598923 -0.00251546 0.00736019 -0.0178279 0 -0.00139388 0.0017549 -0.001703 -0.0428061 0 0 0 -0.00530504 0.000238613 0 0 -0.017874 0 0 -0.000395133 0 -0.0018068 -0.0308921 0.0149698 0 0 0.00158777 0.00599019 0 0 0 -0.00347607 -0.00218168 -0.00131176 0 -0.000478341 -0.0268147 -0.000527491 0.00100098 -0.0241875 -0.000315957 0.00131772 -0.0354742 -0.000302661 -0.00192569 -0.00110486 0 0 -0.00222994 0 -0.000823022 -0.025645 0 -0.00128299 0.0168844 0 0 0 0 -0.00581493 -0.00262566 -0.00455429 -0.000512185 0 3.42639e-05 -0.0120419 0.00580001 -0.000185561 0 -0.00751343 0 -0.000755689 0 0 -0.00668977 0 0.00220419 0 -0.000960969 -0.00354757 0 0 0.000176634 0.00559902 0 -0.00124147 0.00146934 -0.00174777 -0.000970865 0 -0.00210656 0 -0.00300717 0 2.0432e-05 -0.00116844 0 0.00125799 0 0 0 -0.000313894 0.000414949 0 0 0 0 0
-0.00118673 -0.00290129 -0.0127644 -0.00700346 0 -0.0155147 -0.00137872 -0.0353218 0 0 0 0 0 0 0 0.00183977 0 -0.00390345 -0.00636238 0 0.899944 -0.00130463 -0.0011099 -0.0061644 -0.0266861 0 -0.000287536 -0.00153659 0 0 0 -0.0117862 -0.00495721 -0.00646973 -0.00584302 -0.0103634 -0.0117715 -0.0141353 -0.00377962 -0.00236759 0 0.00997377 -0.0148463 0 -0.0539407 -0.000202534 -0.0092454 -0.00227591 0 -0.0139134 -0.0032517 0 -0.0143007 -0.00767243 -0.00582097 -0.00175968 -0.00271834 0 0 0 0.00113556 -0.00219972 0 0 -0.0254459 -0.00546429 -0.000969879 -0.00992306 -0.00352592 0.00106536 0 0 -0.00598913 -0.013877 -0.00126691 -0.0147093 0 -0.00166549 0 0 -0.014226 0.00436804 -0.00229324 -0.00726206 0.00101279 -0.00787212 0 -0.00500464 0 0 0 -0.00679299 -0.00259562 0 -0.0187548 -0.00358933 0.00117575 -0.00441884 0.00502147 -0.00350031 -0.00527589 0 0 0 0 -0.00378221 -0.0124481 4.32498e-05 -0.00277665 -0.0033839 0.00364234 0 -0.012021 -0.00181723 0.00297598 0 0 0.00343458 0 -0.00480409 -0.00396546 0.00120697 -0.0121854 0 -0.000563954 -0.00197739 -0.00212246 -0.00287306 -0.00153872 -0.00641444 -0.00509609 0 -0.0269938 0 -0.0262821 0.00549039 -0.000129157 0 -0.000670121 -0.00524342 -0.00344304 -0.00316262 -0.00773877 -0.00259782 0 -0.0145857 0.00824037 -0.00298274 -0.00165711 -0.00727009 0.0165169 0 -0.000150581 -0.00260924 0.000727346 0 -0.00217814 0.00382035 -0.00486107 0 0 -0.000659373 0 0 -0.0109296 -0.00162332 -0.000549444 -0.0122335 -0.00266855 -0.0041321 -0.00161965 -0.00390711 -0.0202085 0 0 0 -0.00474058 -0.00461036 0 -0.00235738 0.00079069 0 -3.7269e-06 0.00211689 0.00228509 0 -0.00293372 -0.0090102 0.0039458 0 0.00316695 0.0128205 -0.00249199 0.00071094 0.00557814 -0.00301493 0.00267791 -0.0020983 -0.00372348 0 -0.00195468 0 0 -0.00113127 -0.010064 0.00562898 0 0 0 0 0.00577111 2.69816e-05 0 0 0 0
-0.0147746 -0.0203183 -0.00331832 0 -0.0192799 -0.00247405 0.0359063 -0.00113052 0 -0.0228602 -0.0061495 -0.0226929 -0.0327318 -0.000658856 -0.020205 -0.0225132 8.64398e-06 -0.000447251 -0.00334914 -0.00697133 -0.00130463 0.815207 0.0234294 -0.000602492 -0.00645641 0.0185985 0 -0.00194556 -0.0359017 0.0310289 0.000916091 0 -0.00384086 -0.00529207 -0.00176272 -0.0352711 0 -0.00096276 0.0103244 0 0 0.000507997 -0.00100022 -0.00233847 -0.00129433 0 -0.00265858 3.27059e-05 0.00108814 -0.012556 0 0 -0.00813271 -0.00390811 -0.00173763 -2.19423e-05 0 0.00311328 0 -0.0194028 -0.00124038 -0.0305174 0 4.47724e-05 -0.00209677 -0.00842966 -0.0283453 -0.0008992 -0.0154587 0 0.00891037 0 0 0 0.0127427 -0.00591657 0 -0.00595626 0 0 -0.000266062 0.00546012 -0.037159 -0.000698202 -0.00371561 -0.0028306 0.00283891 -0.0127831 -0.00040658 -0.00415824 -0.00165705 -0.000892375 0 -0.000168435 -0.00197558 -0.0010432 0 0 0 -0.00216684 -0.000236586 -0.0116927 0 0 -0.0065676 0 0 2.44251e-05 -0.00149658 -0.0172723 0.00357871 -0.000189814 -0.0107562 0 0.000850292 -0.00539145 -0.00330822 0 0 -0.00135863 -0.0284072 0 0 0 0 0.0108059 0 0 0 -0.00245798 -0.0265038 0 -0.000448398 0 -0.000100416 0.000949852 0 0 -0.0115379 -0.000929322 -0.000813617 0 0 -0.00595623 -0.00016439 -0.00583376 0 0 -0.0120946 -1.78465e-05 -0.0142191 -0.00810593 0.014293 -0.0273281 0 0 -0.00141086 0 0 -0.0140483 0 0.0138813 -0.00211433 0 -0.00114657 0 -0.000280292 -0.0309564 -0.00150352 -0.000817805 -0.00219006 -0.00123042 -0.00123246 0 0.0116502 -0.00541231 -0.000117548 -0.0278283 0 0 -0.0167387 0 0 0 0 0.000988713 -0.00104171 -0.00027639 0 -0.0148757 0 0.00236987 -0.00040014 -0.00177964 -1.71238e-06 0 0 0 -0.000724714 0 -0.0110156 0 0 -0.00422 -0.00165864 0.000765388 0 0 6.68033e-06 -0.000862879 0 0 0 0 0 0
