1.15943 0.108586 0.0841589 -0.0193101 -0.0257335 0.0122231 -0.0294031 -0.00669997 -0.0180842 0.0334796 0.123177 -0.146965 0.0782658 -0.0978508 -0.071016 -0.0200473 -2.62022e-06 0.0901736 0.0436956 -3.02267e-05 0.0754108 0.0680113
0.108586 0.999519 0.0493981 -0.0608179 0.0165872 0.0420338 -0.0722808 -0.0972682 0.0351212 0.085821 0.0566692 -0.0777152 0.0195157 -0.119248 -0.0484794 0.0207142 -5.60457e-07 -0.055701 -0.0349163 -0.00134115 -0.031395 -0.0627073
0.0841589 0.0493981 1.09705 0.0242557 0.00649223 0.0547421 -0.127 -0.0818092 0.00132123 0.101143 -0.0158589 0.00235493 0.084054 -0.0432565 0.0203439 0.00803492 -1.56894e-06 0.030076 -0.0545337 0.0345791 0.0480147 0.0110622
-0.0193101 -0.0608179 0.0242557 0.451682 0.0403927 -0.00330809 -0.0812013 -0.115676 -0.0165522 0.0189983 -0.0662885 -0.0565967 -0.0572022 -0.0243969 0.0776874 0.0113078 2.98991e-08 -0.0284831 0.0565679 0.0389054 0.0540514 0.0556499
-0.0257335 0.0165872 0.00649223 0.0403927 1.17578 -0.0228445 0.0259352 -0.0554946 -0.0363436 0.0353628 0.087396 -0.0287757 -0.024474 -0.00446559 0.0586913 -0.010133 1.48081e-06 0.00538063 -0.0237478 0.0650138 -0.0476796 -0.0161397
0.0122231 0.0420338 0.0547421 -0.00330809 -0.0228445 1.45668 -0.0806015 -0.0507188 0.00491823 0.0339494 -0.0722033 -0.0781978 -0.00323205 0.0595761 -0.0585263 0.0514581 -2.37201e-06 -0.0464907 0.0398009 0.0548514 0.0202267 0.0390292
-0.0294031 -0.0722808 -0.127 -0.0812013 0.0259352 -0.0806015 1.37193 0.083176 -0.0827382 -0.0710158 -0.0173453 -0.0346917 -0.000174633 0.0509643 -0.0185064 -0.0793188 -6.17945e-08 0.0201292 0.0243814 0.0612839 -0.0147842 0.0391044
-0.00669997 -0.0972682 -0.0818092 -0.115676 -0.0554946 -0.0507188 0.083176 1.36025 -0.0649708 -0.109883 -0.0235765 -0.0777196 0.00710996 0.0809205 -0.00444988 -0.157418 4.49748e-06 0.0080471 0.0137326 -0.0372182 -0.0339596 0.0510627
-0.0180842 0.0351212 0.00132123 -0.0165522 -0.0363436 0.00491823 -0.0827382 -0.0649708 1.03959 -0.0909353 -0.00293879 -0.109766 0.00709084 0.0499185 0.0471962 0.0301796 6.77684e-07 -0.012052 0.00523243 -0.0812422 0.0658955 0.0407289
0.0334796 0.085821 0.101143 0.0189983 0.0353628 0.0339494 -0.0710158 -0.109883 -0.0909353 0.983087 -0.0190657 -0.0493745 -0.0177069 -0.0227544 0.0390539 0.0364959 -2.85886e-06 0.0116346 -0.0280977 0.0622136 0.0259787 0.0178925
0.123177 0.0566692 -0.0158589 -0.0662885 0.087396 -0.0722033 -0.0173453 -0.0235765 -0.00293879 -0.0190657 1.23517 -0.147391 -0.0372533 0.0304211 -0.0294515 -0.0759283 8.97136e-08 -0.0227812 -0.00314332 -0.0647249 0.0208431 0.0706286
-0.146965 -0.0777152 0.00235493 -0.0565967 -0.0287757 -0.0781978 -0.0346917 -0.0777196 -0.109766 -0.0493745 -0.147391 1.4249 -0.0128953 0.129595 0.00761808 0.00668858 -2.05517e-06 0.0249659 0.0612263 0.0688647 0.00340438 -0.0749812
0.0782658 0.0195157 0.084054 -0.0572022 -0.024474 -0.00323205 -0.000174633 0.00710996 0.00709084 -0.0177069 -0.0372533 -0.0128953 0.938745 -0.0518343 0.0244392 0.0208452 -3.17608e-06 0.0106616 -0.0233579 0.0634822 -0.0582696 0.0524937
-0.0978508 -0.119248 -0.0432565 -0.0243969 -0.00446559 0.0595761 0.0509643 0.0809205 0.0499185 -0.0227544 0.0304211 0.129595 -0.0518343 1.34703 -0.0795089 -0.00266089 -1.64395e-08 -0.0651858 0.0396167 0.0297138 -0.0237915 0.039334
-0.071016 -0.0484794 0.0203439 0.0776874 0.0586913 -0.0585263 -0.0185064 -0.00444988 0.0471962 0.0390539 -0.0294515 0.00761808 0.0244392 -0.0795089 1.39302 -0.0382341 2.71302e-06 0.029205 -0.0393344 0.0611595 0.122346 -0.105207
-0.0200473 0.0207142 0.00803492 0.0113078 -0.010133 0.0514581 -0.0793188 -0.157418 0.0301796 0.0364959 -0.0759283 0.00668858 0.0208452 -0.00266089 -0.0382341 0.615152 -2.3511e-06 -0.00780682 -0.0220392 -0.000952503 -0.0337413 -0.00425817
-2.62022e-06 -5.60457e-07 -1.56894e-06 2.98991e-08 1.48081e-06 -2.37201e-06 -6.17945e-08 4.49748e-06 6.77684e-07 -2.85886e-06 8.97136e-08 -2.05517e-06 -3.17608e-06 -1.64395e-08 2.71302e-06 -2.3511e-06 3.04854e-09 1.37374e-06 -2.91236e-07 -4.28983e-06 -4.4125e-06 -1.53375e-06
0.0901736 -0.055701 0.030076 -0.0284831 0.00538063 -0.0464907 0.0201292 0.0080471 -0.012052 0.0116346 -0.0227812 0.0249659 0.0106616 -0.0651858 0.029205 -0.00780682 1.37374e-06 0.892256 -0.0340596 -0.0782725 -0.0205233 -0.024796
0.0436956 -0.0349163 -0.0545337 0.0565679 -0.0237478 0.0398009 0.0243814 0.0137326 0.00523243 -0.0280977 -0.00314332 0.0612263 -0.0233579 0.0396167 -0.0393344 -0.0220392 -2.91236e-07 -0.0340596 0.783137 0.0977316 -0.098837 0.0338032
-3.02267e-05 -0.00134115 0.0345791 0.0389054 0.0650138 0.0548514 0.0612839 -0.0372182 -0.0812422 0.0622136 -0.0647249 0.0688647 0.0634822 0.0297138 0.0611595 -0.000952503 -4.28983e-06 -0.0782725 0.0977316 0.909723 -0.00416209 0.0761612
0.0754108 -0.031395 0.0480147 0.0540514 -0.0476796 0.0202267 -0.0147842 -0.0339596 0.0658955 0.0259787 0.0208431 0.00340438 -0.0582696 -0.0237915 0.122346 -0.0337413 -4.4125e-06 -0.0205233 -0.098837 -0.00416209 1.17368 0.0161665
0.0680113 -0.0627073 0.0110622 0.0556499 -0.0161397 0.0390292 0.0391044 0.0510627 0.0407289 0.0178925 0.0706286 -0.0749812 0.0524937 0.039334 -0.105207 -0.00425817 -1.53375e-06 -0.024796 0.0338032 0.0761612 0.0161665 1.37978