0.91565 -0.0373255 0 -0.0460592 0.0232353 0 0 0 -0.00219523 0.00706797 0.0185708 -0.020727 -0.0344745 0 -0.0262513 0.00815339 -0.0191581 -0.012684 -0.0362595 0 -0.00656923 -0.0152349 0 -0.0249468 0.0012678 0 0 0.00434796 0 0.000752375 0 0.00171751 0 0 0 -0.0081538 0 0 -2.24938e-07 -0.0116535 0.0035664 0 0 0.000311078 0 -0.00221836 0.00054622 0.0175145 0 0 0 0 0 0.00164061 0.000849832 0.00597725 0.00949314 0.00386993 -0.00741658 0 0 0 0.00120439 0 0 -0.0295148 0.0019913 0.000771222 0 0.000499124 0 -0.0111276 0 0.00371237 0 0 0.002858 -2.58448e-05 -0.00559114 0 0 -0.00162901 0.00155788 0.001727 0 0.00219612 0 0 0.00157469 0 -0.0168881 -0.00396677 0 0 -0.0152782 1.07759e-05 0.00014676 0 0.000325239 0 0 0.00159189 0.00217259 0 0 0.00281065 0 0 0 0 0 0.00117263 -0.00354219 0 0 -0.000866324 -0.0301982 0 0 0 0.00243436 0 0 0 0 0 0 -0.00233496 0 -0.0313911 0 -0.00213476 0.000338092 0 0.000396851 -0.0121669 0 0.00159268 0 0 0.00224913 0 0 -0.00761235 0 0.000188718 0 0 0 0 -0.0040964 0 0 0 -0.0173976 -0.0132724 0 0.000189735 0 0 0 -0.0143052 0.00203453 0 0 0.0107171 0 -0.00186554 -0.00243189 0 0 0.00209183 0 0 0.00210829 0 0 0 0 0.0002873 0 0 0 0 -0.00223136 -0.0140865 0 -0.00550509 0 -0.0160798 1.20281e-05 0 -0.00127893 0.00146063 0.00102737 0 0 0 0 0 0.00752758 -0.000229734 3.80952e-06 0.00111405 0 0 0 0 0 0 0 0 0 0 0 0
-0.0373255 0.849343 -0.0132501 -0.0375977 0.0441545 0 -0.000500474 0 -0.00129366 0.012453 0.023268 -0.025903 -0.0398285 0 -0.0213722 0.0010454 -0.0182234 -0.022452 -0.0286426 0 0 -0.0258503 0.00920185 -0.00166861 0 0 -0.00628648 0 0 0 -0.000709863 0 0 0 0 -0.0124655 -0.00288836 0 0 -0.0118908 0 0 0 0 0 -0.012702 -0.00455597 0.019315 0 0 -0.000406921 0 0 0 0 0 0.0060265 0.000683218 0 0.00084142 0 0 0 0 0 -0.00753437 0.00251705 0 0.000242333 0 0 -0.00752109 0 0 0 0 0 -0.00340425 -0.0100221 0 0 0 0 0 0 0.00393433 7.39549e-07 0 0 0.0148411 -0.0262631 0 -0.00835468 0 -0.0243803 0 0 -0.00517243 0 0 0 0 0 0 0 0 0 0 0 0 -0.000163554 0 -0.0187494 0 0 0 -0.000620057 -0.000131518 0 -0.00222021 0 0 0 0 0 0 0 0 0 -0.00853505 0 -0.00131628 0 0 0 -0.0139352 0 0 -0.00789972 0.000454457 0 0 0.00135827 -0.0103963 0.000455485 9.96307e-05 0 0 0 -0.000820225 -0.0253384 8.58593e-05 0 0 -0.0101306 0 -0.00901031 0 0 -0.000159226 -0.00323538 -0.0184154 0 0 0 0.000798112 0 -0.00626375 0 0 -0.0149088 0 0 0 0 0 0 0 0 0 0 0 0 0 0 -0.000399976 0 -0.00099064 0 -0.0145837 0 -0.00107109 0 0 0 0 0 0 0 -0.00352876 0 0 0 0 0 0 0 0 0 0 0 0 0 0 0 0
0 -0.0132501 0.906011 0 -0.00152793 -0.0239321 -0.0565335 0.00720735 -0.0410264 -0.0028609 -0.00148205 0 0 -0.00704377 -0.000517602 3.70911e-05 0 -0.00175976 0 0 0.000453987 -0.00428926 0.00110463 -0.000213435 -0.00241483 -0.000719938 -0.0141021 -0.00338648 -0.010579 -0.000819545 0 0.0217159 -0.00659103 -0.0201583 0 0 -0.0097328 -0.00336936 -0.00204487 0 -0.00692992 -0.011952 -0.00190558 -0.00781694 -0.0163123 0.00149808 -0.0130099 -0.00255643 -0.000415333 -0.000345892 -0.0188502 -0.0300474 0.00389682 -0.00329653 -0.028218 0.00340158 -0.00211651 -0.00113966 -0.00604916 0.00990322 0.00106566 -0.0248109 -0.000694381 0 -0.0116364 -0.00451369 0.0113646 -0.00461691 0.00451831 -0.00622438 0 -0.00201466 0 -0.00254483 -0.000811358 -0.00816349 -0.0018107 -0.00128233 0 -0.016253 -0.0233718 -0.0168674 0.00958592 -0.00206079 -0.0210172 -0.00311568 -0.0080782 0 -0.0027662 -0.00273764 0 0 -0.0114456 -0.00572372 -0.00241121 0 -0.00186685 0 -0.00760105 0 -0.0289775 -0.00624996 -0.00462374 -0.00128713 0 -0.00356083 -0.00387645 -0.00376994 -0.018684 1.63931e-05 -0.00236515 0 0 -0.000511236 -0.00747335 0.00434205 0 -0.0400587 -0.00627005 0 0.00319082 0 0.000885016 -0.0155472 -0.0124354 -0.00686407 -0.00470635 -0.008653 -0.0127852 0 0.00888626 -0.0183639 -0.00257013 -0.0076711 -0.00786985 -0.00127055 -0.00293813 0.000876917 -0.0153398 0 0.00634247 -0.00530296 0.0105753 0 -0.00104195 -0.00169049 -0.0110802 -0.0152834 -0.00397062 -0.0121055 0 0 -0.00226607 -0.0114365 0 0.00176029 -0.00265556 -0.00334989 -0.0019862 -0.0105412 0 0 0.00134149 -0.0118084 -0.0249009 0.0174707 -0.000700605 -0.0159247 -0.00490594 -0.00411615 0 0.00557357 0 -0.0103207 -0.0020744 0 -0.0021297 -0.000729088 0.00341845 -0.00658927 -0.00881686 -0.00599418 -0.00893817 -0.000578874 0.00142556 -0.000103163 0 -0.0147353 0.00421363 -0.00150752 0.00157093 -0.0168691 0.00391036 -0.00330074 -0.000941306 -0.00415897 -0.00465055 -0.000343634 -0.00912907 -0.0157964 -0.0018578 0.00497174 0.00487151 0.00225699 -0.0076684 -0.00287293 0.00171697 0 -0.00609898 -0.00199789 0 -0.000216906 0 0 0 0
-0.0460592 -0.0375977 0 0.914712 0.0151852 -0.0163218 0 0.0104894 -4.20341e-05 0.00323223 0.00732752 -0.0152987 -0.0177933 -0.00491406 -0.00573061 0.0134483 -0.0334692 -5.37244e-05 -0.062182 0 -0.0257244 -0.00285695 0 -0.00732415 0.00344934 0 0 0.00166964 -0.000666199 0.00118067 0 0.0161157 0.000821714 -0.00134356 0 0 0 0.000952041 0.00242463 0 0.00405578 0 0.000907973 0 0 0 0.00306996 0.0108771 0 0 0 -0.0169585 0 0.00420366 0.00180476 0.0085768 0.00253198 0.00216713 0 0 0.000428354 -0.00256335 0.00678011 0 0 -0.0189931 0 0.00140317 0 0.00236213 0 0 0 0.00161572 0.000140803 -3.9763e-05 0.00914896 0 -0.00432685 0 0 -0.0178324 0.0171349 0.00282347 0 0.00318198 0 0 0.00294618 -0.000256744 0 0 0.000842399 0.000374885 0 0.00122717 0.00361626 0 0 0.00111464 0 0.00498769 0.0168659 0 0 0.00625092 0 0 0 0 0 0.00532134 -3.00721e-06 0.000311566 0 -0.00513484 -0.0249886 0 -0.00105872 0 0.00778244 0 0 0.00017328 0 0 0.000627355 -0.00363556 0 -0.0140784 0 -0.000829996 0.00202871 0 0.0022175 -0.00784543 0 0.00453057 -0.00417341 0 0.00948412 0 0 -0.00223347 0 0 0 -0.00861838 0 0 -0.000996151 0 0 0 -0.00154039 -0.0038818 0 0.0016723 0 0 0 -0.00871288 0 0 0 0 0 -0.0128702 0 0.000749115 0.00037379 0.0148545 0 0 0.00314917 0.00147143 0.00132628 -0.00342144 0 0.00136172 0 0 0 0.000154442 -0.00332186 -0.00971808 0 -0.0221704 0 -0.0126879 0 -0.0137317 -0.00234433 0.00292638 0.00576867 0 -0.000483963 0 0 0 0.00281122 -0.00256776 -0.000387968 0.0117879 0 -0.00133354 0.00142984 0.00501533 -3.19793e-05 0 0 0 0 0 0 0
0.0232353 0.0441545 -0.00152793 0.0151852 0.790219 0 -0.0035014 0 0 -0.198887 -0.137862 0.00719067 0.0136535 0.00441522 0 -0.0103858 -0.00342949 0.00909528 0 0 0.00922609 0.0572735 0.00168271 -0.000338902 0.00833334 -0.0292623 0 -0.0288746 -0.00707892 0.00428511 -0.000452646 -0.00985764 0.000324082 0 -0.0295013 0.0334893 0.00477409 -0.00240426 -0.00622604 0 -0.0111956 2.42623e-05 -0.0138611 -0.00331937 0.0108019 0.00192814 -0.00909939 -0.148771 0 7.01762e-05 5.95758e-05 0.000779373 0.00274509 -0.0411241 -0.0106537 -0.0125621 -0.0475499 -0.0113552 0.00898688 0.00229091 0.00909199 6.11601e-05 -0.00767398 0 4.95414e-05 0.0378877 0.000344136 -0.00644844 0.00121884 -0.0107213 -0.000301732 0.00432541 0.000144712 0.00252849 -0.0136031 0.00549557 -0.0144209 0.00400126 0.0192826 0 -0.0161251 0.0158326 0.00486336 -0.00296328 -0.00113591 -0.00504288 -0.0556428 0 -0.00981363 0 4.83958e-05 0.018544 0.00935493 0.0159542 8.93437e-05 0.0106973 -0.00785853 0 -0.00689345 0 -0.0048918 0.00305934 -0.00747154 0 -0.00129147 -0.00132498 0 0.0269931 -0.000126278 3.60525e-05 -0.00510911 -0.00985209 0.00562676 2.33247e-05 0.0144937 -0.00554185 0.00840932 0.0118909 0 0 -0.0138178 0 0 -0.00127036 -0.00241719 0.0162537 -0.0079344 0.0109949 0.0120887 0.00865527 0.000813451 0.0294226 -0.00683806 -0.00301973 -0.00574403 0.00266875 0 0.000226216 -0.00217726 0.00381043 0.00385291 9.09399e-05 -0.000258523 0.0115919 -0.000593963 -0.00192176 6.23067e-05 0 -0.00310644 -0.00278127 0.03018 0 0.0392143 -0.00359105 0.00445269 0.00645264 0.00906982 0.0131946 -0.00123116 0 -0.000811353 0.00124636 0.000123421 -0.000625293 -9.16769e-05 0.00142756 0.000999013 -0.000955616 0.00926023 -0.00402505 -0.0012915 -0.0081518 0 -0.00495167 -0.0079141 0 0.0123759 -0.00541408 0.0017816 -0.00406806 -0.00911538 0 -0.00490129 -0.000755667 0.00809114 0.0100832 0.000125227 -0.00118275 0.0010527 0.000434732 0.00365556 -0.00035484 0.00683406 -0.00802742 -0.0136387 0 0 -0.000121354 -0.00306813 0.00198685 -0.00540776 0.00319762 0.00773148 0.00460473 0.0113491 0 0.0155284 0.0139834 0.00698815 0 0.000227432 0 0 0 0 0
0 0 -0.0239321 -0.0163218 0 0.893454 -0.0263602 0.00989772 -0.015989 -0.000687412 -0.000816887 0.00261252 0 -0.0144457 0 -0.000282949 0 -0.000425653 0 0 0 0 0.00276765 0 0 0 -0.0268817 -0.00629107 -0.0314014 0 0 0.0248396 -0.0260759 -0.0199422 0 0 -0.00518696 -0.00166204 -0.000991263 0 -0.00440646 -0.0131726 0 -0.00555917 -0.00626679 0 -0.0040621 -0.0012311 0 0 -0.00863005 -0.04376 0 0.00501439 -0.00723658 0.017226 -0.00200022 3.91433e-05 -0.0225501 0.0177715 0.00221029 -0.024488 6.75587e-05 7.33531e-05 -0.0176136 -0.00347929 0.0157647 -0.00460636 0.00295091 -0.00484791 0 3.30989e-05 -0.0050174 -0.00127036 0 -0.0257923 8.01568e-05 0 0 -0.00842343 -0.0131432 -0.0506223 0.0190624 0 -0.0136811 -0.00161596 -0.00253904 0 0.00206507 -0.0172614 0 0 -0.0059578 0 0 5.28879e-05 0 0 -0.00808884 0 -0.0090918 0.0140328 0.00236151 -0.00765804 0 -0.00124203 -0.00847212 -0.0101772 -0.0122647 0 -0.00210041 0.0218998 0 0 -0.0131943 0 0 -0.029231 -0.010381 0 8.07136e-05 -0.00456621 0 -0.00570251 -0.0189007 -0.00801195 -0.00329311 0 -0.0251056 0 0.0114314 -0.017436 -0.00230895 -0.0283702 -0.00441531 -0.000152954 -0.00794582 8.11584e-05 -0.0253683 -0.00187054 7.91625e-05 -0.0192539 0.021966 0 -0.00503224 -0.00495882 -0.013527 -0.123752 -0.00351302 -0.0252052 0 -0.00661168 -0.0012695 -0.0247451 0 0 0 -0.00127706 -0.00358635 -0.0127267 0 0 0.00123261 -0.0148132 -0.0286664 0.0130822 -0.0135191 -0.011578 -0.0196578 -0.00114905 0.0161107 0.0196684 0.0201617 -0.0189611 0.000262123 0.00674775 -0.000153551 -0.0068489 0.00334168 -0.0028561 -0.0157771 -0.0104598 -0.0160678 0 0 -7.35594e-05 0 -0.0196396 0.00469787 0 0.000535758 -0.021737 0 0.000939177 8.30281e-05 -0.00292626 -0.0115635 -0.0109777 -0.00886815 -0.0282278 0 0.000834126 0.00246792 7.57388e-05 -0.00786482 -0.00843443 0.00578025 0 -0.00282553 -0.00517333 0 -0.00521676 -0.0066 -0.0011732 0 0
0 -0.000500474 -0.0565335 0 -0.0035014 -0.0263602 0.90502 0 -0.0492145 -0.00559402 -0.00413865 0 0 0 0 -0.000225525 -0.00268136 -0.0039756 0 0 0.00209106 0 0.00747756 -8.16904e-06 -0.00947133 -0.0020969 -0.0350909 -0.00380591 -0.00222996 -0.00143602 -0.000328983 0.000305377 -0.00431023 -0.00395374 -0.00230123 0 -0.0191113 -0.00288219 -0.00423273 -0.000558735 -0.00979188 -0.00576889 -0.00374138 -0.011433 -0.0190618 0.000853861 -0.0135512 -0.00536062 -0.000758179 -0.00163389 -0.0185659 -0.0239293 0.00360632 -0.00437717 -0.0358808 0.00961349 -0.00530353 -0.00400953 -0.0149823 0.0166701 0.00483147 -0.0108765 -0.00213379 0 -0.00507798 -0.00123944 0.0174551 -0.0102537 0.00814942 -0.00922154 0 -0.00360004 0 -0.00584619 -0.00176827 -0.0276466 -0.00366113 -0.0030757 0 -0.00790744 -0.0133558 -0.013821 0.0118086 -0.00223003 -0.00839441 -0.00775376 -0.00392689 0 -0.00291219 0 -0.00152055 0 -0.0116751 -0.00347839 -0.0100691 0 -0.00381085 0 -0.00580364 0 -0.0720655 -0.00615527 -0.0057778 -0.00106139 -0.000208371 -0.00580607 -0.00314407 -0.00915327 -0.0072626 0 -0.00407382 -0.00185268 0.00357145 -4.47664e-05 -0.00656801 0.0144001 0 -0.0294641 -0.00548343 0 -0.00671506 0 0.000729777 -0.00913385 -0.0144242 -0.00926297 -0.00643865 0.00347063 -0.0163253 0 0.00534023 -0.0104792 -0.0053947 -0.00659091 -0.00935509 0 -0.00375388 0.0014642 -0.0163476 0 -5.12233e-05 -0.0163609 0.0128924 0 -0.00315358 -0.00305743 -0.00638765 -0.00925616 -0.0140267 -0.00869463 0 -4.78204e-05 -0.00443155 -0.0179252 0.000126101 0.00305964 -0.00450979 -0.00540978 -0.00374756 -0.00755662 -0.00077087 0 0.00199831 -0.0153997 -0.0125072 0.0102819 0 -0.0115677 -0.00522229 -0.00678244 -0.00207982 0.00909933 0 -0.00862532 -0.00540131 0 -0.00209616 -0.00100451 0.00283047 -0.020183 -0.00704383 -0.00372308 -0.00584442 -0.00145187 0.00498698 -0.00944538 0 -0.00833784 0.00420421 -0.00334625 0.00616144 -0.00765232 0.00645498 -0.00547919 0.00160553 -0.00209333 -0.00160807 -0.000822049 -0.00719047 -0.00935953 -0.00476307 0.0072623 0.00724458 0.00474991 -0.00239651 -0.00167395 0.00529345 0 -0.00858065 -0.00258561 0 0 -0.000994326 0 0 0
0 0 0.00720735 0.0104894 0 0.00989772 0 0.703599 0.00447879 0 0.0211893 0 0 0.00355796 0.0116561 -0.0126419 0 -0.000395737 0 0.0548696 0 0 0.0584601 0 -0.00326803 0 0 0 0 -0.000249374 0 -0.0147102 0 0.000428608 0 -0.017157 -0.000780271 0 -0.0017827 0 -0.00309837 0 0 0 -0.000406502 0 -0.00285949 0 -0.00552221 -0.00096759 0 0.0182404 0 -0.00395062 0 -0.0110379 0 -0.000518975 -6.72421e-05 0 -0.00225849 0.00135329 -0.00154026 0 0.00132169 0 0 0 0 -0.00275357 -0.0093967 -0.00268944 0.0252733 0 0 0.0095742 -0.00515497 -0.0243563 -0.0205789 0 0.00734431 0.00466643 -0.0290398 -0.00789715 0.00752263 0 0 0 0.00670906 0.000991349 0 -0.000718279 0 -0.00274572 -0.00178558 -0.00613935 -0.00162523 0 0 -0.00397653 3.43908e-05 -0.00618477 -0.0159566 0.0109228 -3.48357e-05 -0.00161194 0.00395577 0 0 0 0 -0.00375694 0.000862487 -0.000438481 -0.000676889 0.00226495 0 0 0.0151646 0 -0.00550876 0 0 -0.00100984 0 -0.000174869 -0.000582297 0.00267679 0.00988509 0 0 0 -0.000222949 0 -0.00157372 0.00709277 0.00297574 -0.00790849 0.00847796 0.00408664 -0.00620236 0 0 -0.00768893 0 0 0 0.00456482 0 0 0 0 0 0 0 0.000285889 -0.0034535 -0.00207386 0.000160326 0 0 -6.13869e-05 0 0 0.00219908 0.000677216 0.00610948 0.0122902 0 -0.000615725 -0.00216337 -0.0144615 -0.00416385 -0.000882537 -0.00375809 0 -0.0174028 0 0 0 0 0.00275391 0 0 0.00168201 0.00370458 0 0 0 -5.44677e-05 -3.52578e-05 0.00162976 0 -0.00125771 -0.00457097 0 0.0103859 0.000145537 0 0 0 0.00171975 0.000135872 -0.00626614 0 0.0106873 -0.025886 0 0 0.00379417 0.000326966 0.00270881 0 0 0 0
-0.00219523 -0.00129366 -0.0410264 -4.20341e-05 0 -0.015989 -0.0492145 0.00447879 0.854589 0.00263508 0 0 0 -0.0180955 -0.00537798 0 -0.000616621 -0.00307838 0 0 0 0 0.00121875 0 -0.0052861 -0.00110683 -0.00557051 -0.00136284 -0.00753973 -0.00143146 0 0.0137356 -0.00365195 -0.00551585 -0.000703978 0 -0.0068248 -0.00084362 -0.00136105 -0.000415543 0.000615727 -0.00427903 -0.00227439 -0.00806524 -0.0114731 0.0003666 -0.00727284 0.00532051 -0.000337522 0 -0.00308284 -0.0209 1.61954e-06 0.00557347 -0.0291586 0.00817013 -0.00104055 -0.00237311 -0.00966335 0.00823767 0.0162633 -0.012285 -0.000610943 0 -0.00216382 -0.0042663 0.0142966 -0.00499805 0.000699266 -0.00652139 0 -0.0021675 0 -0.00381048 -0.00156574 -0.0168905 0.00173457 0 0 -0.0021964 -0.00549998 -0.0118873 0.00240775 0.000897707 -0.0082126 -0.00436465 -0.00131768 0 -0.00313527 -0.0109525 0 0 -0.0271414 -0.000536522 -0.00227545 0 0.000855802 0 -0.00646816 0 -0.0169763 0.000779386 -0.0035976 0 -5.58715e-05 -0.00283798 0.00126929 -0.0114422 -0.00436952 0 -0.00227309 -2.20298e-05 0.00173532 0 -0.019892 0.00313904 0 -0.0138651 -0.001669 0 0.000265579 -0.00156998 0.000218848 -0.0122867 -0.00266962 -0.0126459 -0.00435949 0.000815674 -0.0132497 0 0.00308265 -0.0204862 -0.00160421 -0.0222097 -0.00407347 -0.000125261 -0.00105054 0.000800185 -0.0153847 0 0.00135156 -0.0169408 0.00771303 0 -0.00395778 -0.00574729 -0.005408 -0.0196618 -0.00794869 -0.00654732 -0.00304543 -0.00216245 -0.0125341 -0.00743506 0 -0.00659018 -0.00104001 -0.00278651 -0.0017553 -0.00986454 -0.000259383 0 0.000760206 -0.0221625 -0.0140183 0.0057043 0 -0.0297664 -0.0110973 -0.00328959 0 0 0.00996609 -0.00845133 -0.00182348 0 -0.00126358 -0.0130724 1.16299e-05 -0.00305982 -0.00377559 -0.00209941 -0.00458277 -0.00078577 0.00176813 0 0 -0.0244611 0.00638575 -0.00135252 0.00164533 -0.0219869 0.00293698 -0.00216567 0.00601713 -0.00130936 -0.000308727 -0.00158393 -0.00535767 -0.00889444 -0.00204677 0.00442444 0.00371497 0 -0.000815621 0 0.0127136 0.00027202 -0.011711 4.55921e-08 0 0 -0.0106306 -0.000496637 0 0
0.00706797 0.012453 -0.0028609 0.00323223 -0.198887 -0.000687412 -0.00559402 0 0.00263508 0.835938 -0.0934676 0 0.00595583 0.00377285 0 -0.00329717 -0.0235138 -0.00137571 0 0 0.0155004 0.0234291 0.0016177 -0.000775772 0.000539619 -0.0185462 0.000495109 -0.0060485 0 -0.000807094 -0.000242071 -0.0118234 -0.00235446 0 -0.0179076 0.0283469 -0.000486782 -0.00141058 -0.0158428 0 -0.0110835 2.76513e-05 -0.0138099 -0.00391923 -0.0026975 0 -0.0141548 -0.119791 0.0017161 0 0 -0.00221032 0.00312355 -0.0198931 -0.0117785 -0.00613952 -0.0223306 -0.00831745 0.00929284 0.00268896 0.0013082 0 -0.00619871 0 0 0.0173829 -0.00455891 0.00683096 0.00161572 -0.0105638 -6.34312e-05 -0.00316177 0 -0.00454616 -0.00784689 -0.00256699 -0.0148093 -0.00340221 3.07881e-05 0 -0.00597613 5.81312e-05 0.012051 -0.00314965 -0.00140927 -0.00433526 -0.043121 0 -0.00792295 8.60208e-05 0 0.00258138 0.00656858 0.000752142 0.0144927 0.00472451 -0.0063726 0 -0.00158291 0 -0.0038085 -0.00358784 -0.00272238 0 -0.000830907 0.000436856 0 0.0203961 -0.000709465 0 -0.0079941 -0.00645407 0.00419158 1.14026e-05 0.0123351 0.00607982 0.00119107 -0.00255917 0 0 -0.0117754 0 0 -0.00732441 -0.00345803 -0.00296845 -0.00549208 0.00857923 -0.00253618 0.000240619 0.00187836 5.36557e-05 -0.00699856 -0.0025572 -0.0045745 0 0 -0.00383708 -0.00265206 0.00171249 -0.00197802 0.000100904 0.000403777 0.00431964 0 0.00262617 0 -0.000461767 -0.00471878 -0.00299488 0.0188545 0 6.89764e-05 -0.00586683 0.00378514 0.014609 0.000968374 0.00876005 -0.00133787 -0.000787829 -0.000508957 0 0.000809723 -0.0042552 -0.000859726 0.00141416 0.000739027 -0.00177145 4.93591e-05 -0.00629721 -0.00312293 -0.00284509 0 -0.00442803 -0.0072739 0 0.000183217 -0.000874276 0.000959645 -0.00427015 -0.00431654 0 -0.00237598 -0.00112437 0.00708679 0.0185981 0.000241089 -0.0025655 0.00131946 -0.000939437 0.00693754 -0.00166429 0.00713971 -0.00845991 -0.00956564 0 0 0 -0.0023628 0.00569049 -0.0052363 0.00792575 0.00722189 0.00607978 0 0 0.0107943 0.00568977 -0.00246939 0 0.000712251 0 0 0 0 0
0.0185708 0.023268 -0.00148205 0.00732752 -0.137862 -0.000816887 -0.00413865 0.0211893 0 -0.0934676 0.882599 0.00182961 0.0191497 0.00202001 0 -0.0127646 -0.000210977 9.89412e-05 0.000651018 0 0.0112021 0.0350692 0.00160971 0 0.00901577 -0.00683373 0 -0.0465926 0 -0.00023261 -0.00229803 -0.00873686 0.00044248 0 -0.0148589 0.0444796 -0.00218243 -0.00544965 -0.00548669 0 -0.0114398 0 -0.00843234 -0.00309674 -0.000608659 0.0209716 -0.00888664 -0.117866 0 7.73866e-05 6.67168e-05 -0.00251261 0.00205598 -0.021618 -0.00916002 -0.0056807 -0.0552907 -0.0104219 0.00143871 0.00134215 0.00206703 0 -0.00526152 0 0 0.0291929 0.000689092 -0.00491742 0.00064402 -0.00774826 0 0 0 -0.00349666 -0.00857156 -0.000827969 -0.0123827 0 0.0114669 -0.000270122 -0.00530803 0 0.00817927 -0.00501476 -0.00151098 -0.0059548 -0.0217035 0 -0.00640592 0 0 0.0295438 -0.00113263 0 9.87247e-05 0 -0.00546065 0 -0.00774859 0 -0.0112807 0.00693472 0.0110657 0 0 -0.0138173 -0.000434008 0.00560028 -0.000621992 3.97925e-05 -0.0030254 -0.00426564 0.00269356 0 -0.000412524 0.00180653 0.00806448 0.00226636 0 0 -0.00692525 0 0 -0.00347019 -0.00217104 0.00149094 -0.00578586 0.00731259 -0.00177259 0 0.00103304 5.37921e-05 -0.00516457 -0.000601276 -0.00477678 1.76817e-05 0 -0.00587007 -0.00229289 0 -0.00676932 0.000101016 0.000894028 0.00876885 -0.000217144 -0.0018123 0 -0.000471529 -0.00519436 -0.00289635 0.0187451 0 6.84629e-05 -0.003923 0.00337226 0.00552864 0.0141181 0.00299092 -0.000842629 -2.43073e-05 -0.000177627 6.43095e-05 0 0.00022726 3.03477e-05 -0.00212755 0 -0.00174424 4.94504e-05 -0.00106995 -0.000413401 -0.00553792 0 -0.0036144 -0.00499328 0 -0.000101529 -0.00114097 0 -0.00343183 -0.00991165 0 -0.00572361 -0.000569266 0.0051471 0.00814856 0 -0.00160051 0.000558369 0 0.00244137 -0.00118437 0.00569793 -0.00650169 -0.0070613 0 0 0 -0.00481678 -0.000169561 -0.00296851 0.00993298 0.00550063 0.00182196 0 0 0.0108998 0.00219413 -0.00236012 0 0 0 0 0 0 0
-0.020727 -0.025903 0 -0.0152987 0.00719067 0.00261252 0 0 0 0 0.00182961 0.870902 -0.0317337 0.00355629 -0.0301169 0 -0.0164421 -0.0334341 -0.0271623 0 -0.0198373 -0.0408999 0.00444458 -0.0173594 0 0 0 0.0109059 0.00412569 0 -9.08777e-05 -0.00271342 0 0 0 -0.0180575 0 0 0 0 0 0 -0.000286222 0 0 -0.0108595 -0.000351989 0.00306732 -0.00280999 -0.0146472 0 0 7.83989e-05 0 0 -0.000508273 0 0 0 0 0 0 0 0 0 -0.0089943 0 0 0 0 -0.0032007 -0.0217461 0.000375047 0 0 0 -0.000552492 -0.020609 -0.00217144 0.0039601 0 0 -0.00113068 0 0.00208914 0 -0.00419065 0 0 0.000303939 -0.0298572 -0.01417 -0.000327748 -0.00769557 -0.0255923 0 -0.00051853 -0.00307863 0.0070455 0 0 -0.00111382 0 0.00103989 -0.00626311 0 0 0 0 -3.63766e-06 -0.00307286 0 -1.74728e-05 -0.000371621 0 0.000767752 0 2.4275e-05 0.00470885 0 0 0.00282938 0 -0.000415289 0 0 0 0 0 0 0 0 0 0 0 -0.0132408 0.000385681 0 0 0.00787332 -0.000210905 0 0 -0.0217872 0.00275925 0.0023623 0 1.63478e-05 0 0 -7.83164e-05 0.0159926 0 0 -0.00862522 0 -0.0111427 0 0 0 -0.00382321 0 0.00307446 0 0 0 0.0100993 0 0 0 -0.0166679 0 -0.00132284 0 0 0 2.36475e-05 0.000100631 0 0 0 2.02434e-05 0 0 0 0 0 0 0 -0.0224243 0 0 0 0 -5.72306e-05 0 0.00359611 0.00185635 0 0 0 0.000408721 0.00033219 -0.00110901 0 0.000466075 0 0 0 0 0.00749454 0.000860397 0 0 0 0
-0.0344745 -0.0398285 0 -0.0177933 0.0136535 0 0 0 0 0.00595583 0.0191497 -0.0317337 0.8888 0 -0.0210125 0.0106777 -0.012456 -0.0189864 -0.0103558 0 -0.00118421 -0.0283044 0 0 0.000508041 0 0 0.0131103 0.00785249 0 0 0.00348071 0.000542156 0 0 -0.0258315 0 0 0.000682626 0 0.00240906 0 0 0 0 -0.00544268 0.00150372 0.0131404 0 0 0 0 0 0.00352808 0.00219926 0.00150212 0.00603217 0.00317578 0 0 0 0 0.0013273 0 0 0 0 0.000885459 0 0.00188888 0 -3.00936e-05 0 0.000903118 0 2.16931e-05 0.00525435 0 -0.00158185 0 0.00299007 0 0.00177896 0.00189667 0.000659767 0.0123642 0 0 0.00157135 0.00509249 -0.0236902 0 0.000324958 0 -0.00890197 0 0.000564361 0 0.0064239 0 0 0.00287227 0.00663618 0 0 0.00133948 0.00523975 0 0 0 0 0.000527449 -0.0108291 0 0 -0.00113335 -0.00692977 0 0.00301056 -0.000457155 0.0093773 0 0 0 0.00130873 0 -1.92394e-05 -0.00087684 0 -0.00747952 0 0 0.000330858 0 0.00516119 -0.0115162 0.00641891 0.00334436 0 7.49727e-06 0.00165268 0 0 -0.014165 0.00116961 0.00684621 0 0 0 0 -0.0100211 0 0 -3.43238e-05 -0.00134582 -0.00236094 0 0.00119127 0 0 0 -0.0128534 0 0 0 0 0 0 0 0.00075673 0 0.00173748 0 0.000710227 0.00108988 0 0 0 0 0.000305804 0.00321767 0.00287943 -1.94192e-05 0 -0.00121932 -0.0046209 0 0 0 -0.0273873 0 0 -0.00091418 0.00178411 0.00119647 0 0.00113513 0.000141093 0 0 0.00067374 -0.000674968 -0.000806714 0.000797123 0 0 0 0.00453132 0 0 0 0 0 0 0 0
0 0 -0.00704377 -0.00491406 0.00441522 -0.0144457 0 0.00355796 -0.0180955 0.00377285 0.00202001 0.00355629 0 0.71109 0.0318006 5.28802e-05 0.00955298 0.00496609 0 0 -0.0308307 0.00658442 -0.000823278 0.0173553 0.0037846 0.000455961 -0.0217176 0.0312307 -0.0488232 0.0128702 0.00587719 0.0289967 0 -0.00986972 0 0 5.1857e-05 0 0.0160163 0.0223319 -0.0269754 -0.00110511 0.0217207 0 0.00111186 0.112189 0.00701043 0.00376043 0.0146079 0.00529571 0 -0.00159677 -0.00287779 0.00561569 0.00041496 0.00638626 0.00173556 0.0023702 -0.0425584 0.00602591 0.0218987 -0.0102301 0.00461047 0 0 -0.000231913 0.0183466 -0.00171866 -0.000176952 -0.0105472 0.0180921 0.00271614 -0.00472457 0.00236424 0.00388489 0 0.0167424 0.0138794 0.00330852 -0.00106434 0 -0.0159689 -0.00416389 0.0123473 -0.00300007 0.00107158 0.00144247 0 0.00407147 -0.028645 0.00495583 0.000400109 0.00493496 0.00418832 0.00424492 0.00677091 0.0387099 0.020697 -0.00583559 0.00275967 0 0.0117066 0.0056256 -0.00334258 0.0179879 0.0283282 -0.00399204 0.00021822 0 0 0.00266994 0.00742292 0 0.00839377 0 -0.00686325 0 -0.00434016 -0.00778121 0 0.0199231 -0.0148355 0 0.00202329 0 0.000524801 0 -0.00251749 0 0 0.00316865 -0.00228472 0.00134659 0 0 0 -0.00316727 0.0156336 0 -0.00312765 0.00826362 -0.027025 0.00953294 0 -0.0227885 -0.0163736 0 -0.00945502 0.00263751 0 0 -0.0426317 0.000569031 0 -0.00208904 -0.00551122 0.00483506 0.00396906 0 -0.00805473 0.00320916 0 0 -0.0127854 -0.00518731 0.0142927 -0.008827 0 -0.00158278 0.00762632 0.0302347 0.00645177 0.0162796 -0.0196487 0.00502754 0.0158123 0 -0.0161812 0 0.00634354 -0.00203853 -0.00524651 0 0 -0.0113212 -0.00551584 -0.000608542 0 0 0.00450505 -0.00156273 -0.00885372 -0.0155597 0.00606905 0.0157968 0 -0.00920543 -0.0105783 0 0 0.00255173 -0.0054192 -0.00342994 0.00600319 -0.0137224 -0.00677296 0.00978276 0 0 -0.00106872 -0.000542423 -0.00222483 -0.00660264 -0.00171981 0 0
-0.0262513 -0.0213722 -0.000517602 -0.00573061 0 0 0 0.0116561 -0.00537798 0 0 -0.0301169 -0.0210125 0.0318006 0.74136 0.00658244 -0.0801619 -0.0264674 -0.0192418 0.00545963 0.00875797 0 0.0135769 -0.0340577 0 -0.00811115 0 0 0 0.0154841 -0.0248836 0.00442548 0.00420587 0 -0.00319114 0 0 0 -0.000150759 -0.00167116 0.00783853 0 -0.0240815 0 1.54875e-05 -0.000504128 0 0 0 0 -0.00694247 -0.00827106 0 0 -9.25653e-05 0.00321713 0 0 0 0.000505621 0.00773258 0 0.0095228 0 0.00397458 -0.00155756 0 0 0.000140753 0 0 -0.05634 0 0 -0.0137732 0 0 -0.0263906 0 0 0 -0.00668829 0.0178761 0 0 0 -0.0105891 0 0 0 -0.00472492 0 -0.000905949 0 -0.00775561 0.0217767 0 0 0 0 0 0.0061459 0.0166562 0 -0.0063021 0 -0.000213254 -0.000437256 0 -0.0031594 -0.000246961 0 0 0 0 0 -0.0115251 -0.000160485 0 0 0 0 0 -6.19244e-05 0 0 0 0 0 0 0.00136468 0 0 0 0.0138309 -0.153307 0 0.00883821 -0.00929952 0 0 0.0104453 0 -6.44175e-05 0 0 0 0 -0.00482155 -0.000869996 -0.000895392 0.00714678 0 -0.000309225 0 0 0 0 0 0 -0.0137091 0 0 0 0 0.0048303 0 -0.0142458 0 -0.00605757 -0.0142239 0.0201703 0 0 0 0 0.00612202 0 0 0 -0.00042459 0 0 0 -0.00323154 0 0 -0.000920825 0 -0.00712616 0.00520445 -0.000894985 0.000126167 0 1.71835e-05 0 0 0 0 -0.000431373 0.00390492 0 0.000884532 0.00860613 0 0 0.0108833 0.0143415 0 0 0 0 0 0 0 0
0.00815339 0.0010454 3.70911e-05 0.0134483 -0.0103858 -0.000282949 -0.000225525 -0.0126419 0 -0.00329717 -0.0127646 0 0.0106777 5.28802e-05 0.00658244 0.77815 0.00672211 0 0.00741391 0 0.00222602 0 0 0 0.021076 -2.14532e-05 -0.00172657 -0.0125815 0 -0.00190363 0 -0.0099535 -0.000261317 0 0 0 -0.000782064 -0.0205843 -0.0184005 0 -0.0284143 0 -0.00047011 -0.000652465 -5.14791e-05 0 -0.00366941 -0.00855994 0 -0.000697958 0 0 0 0.00120548 0.00743756 -0.00430689 -0.0101415 -3.63708e-05 0 0.000683185 -0.0194321 0 -0.00180064 0 0 0 0 -0.00156186 4.62193e-05 -0.00319325 0 0 0.0202894 -3.2217e-05 0 0 -0.0114993 -0.000389377 0 -4.32656e-05 -0.000846472 0 -0.00353049 -0.00570134 -8.5735e-05 -0.00140944 0 0 -0.00302054 4.94852e-05 0 0 -0.00204356 -0.00159596 0 -0.00494221 -0.0025489 0 -0.000567527 0 0 -0.00520406 -0.0152101 0.0185657 2.49897e-05 -0.00446432 0.00686164 0 0 0 -0.00313274 -0.00264328 0 -8.14122e-05 -0.00167216 0.00473119 0.000734502 -0.000764769 0.00666567 0.00209306 -0.00454607 0 0 -0.0008879 -0.0029809 0 -0.00107753 0.0037752 0 0 0 0 -0.00109421 0 -0.0116493 0.0104306 0.00185568 -0.0103485 0 0.000308144 -0.00416027 4.82084e-05 0 0 0 0 0 0 0 0 0 0 0 -0.00139756 0.000592581 0.00375018 -0.00192138 -0.00849595 0.00122543 -0.000203463 0 0 0.000749834 -0.000844394 0 -1.62751e-05 0.00560843 0 0 -0.00236891 -0.000656869 -0.00348864 -0.000578936 -0.00081117 -0.00296929 0 -0.00845533 0 0 -0.00133212 -0.000803516 0.000693573 0 0.0219559 0.00341842 0.00426462 0.00102779 0 0 0 0 0 0.00208317 -0.00378409 -0.0104767 -6.05007e-05 0.00119722 0 -0.000229754 0 -0.000865309 0.00272391 0.00710231 -0.00868473 0 0.00397925 -0.00031601 0 -0.000886883 0.000429651 0 0.002978 0 0 0 0
-0.0191581 -0.0182234 0 -0.0334692 -0.00342949 0 -0.00268136 0 -0.000616621 -0.0235138 -0.000210977 -0.0164421 -0.012456 0.00955298 -0.0801619 0.00672211 0.731156 -0.0115168 -0.0206363 0.0061957 0.0829013 0 0.00655874 -0.0186012 -0.00033532 -0.00982149 -0.000182973 0 -0.00663745 0.0172872 -0.0174338 0 0 0 -0.00107575 0 -0.00341241 0 -0.000161753 -0.0374812 0 0 -0.0095681 0 0 0 -0.0030351 -0.000246361 0 0 0 -0.0112068 0 -0.00136117 -0.000525905 0 -0.0216197 0 -0.000243696 0.00125224 0.00985451 0 0 0 0.0191127 -0.00172016 0 -0.000881345 0.000687343 -0.000408253 0 -0.0304958 0 0 -0.00305574 -0.000695723 0 -0.00382979 0 0 -0.00275271 -0.011368 4.04649e-05 0 0 0 -0.00859118 0 0 0 -0.0138183 0 -0.0018996 0 0 0.0219082 0 -0.019527 0 0 -0.00275936 0 0 0 -5.24008e-05 -0.000355035 0 -0.000586778 0 0 -4.59762e-05 4.08993e-05 0 0 0 0.00015979 -0.000480686 -0.00254694 0 0 -0.00133822 0 0 -0.00210587 0 0 -0.00208495 0 -0.00168794 -0.00512978 0.000128569 0 0 -0.00165152 0 -0.0333423 0 0 -0.00961789 0.00174939 0 0 0 0 0 0 0 -0.000259929 -0.00292087 -0.00130447 0 0.000221746 0 -0.00689108 0 0 -0.000393018 0 0 0 0 -0.00041484 0 -0.00408488 0 0 0 -0.0140774 0 -0.00229614 -0.00272486 0.0197362 0 0 0 0 0.0112339 0 0 0 0 0 0 0 0 0 0 -0.0030893 0 -0.0174924 0 -0.000704178 0.000143242 0 0 0 0 0 0 -0.00164145 0 0.000764136 0.00452999 0.0117947 0 0 0.00436828 0.00612606 -0.000942039 0 0 0 0 0 0 0
-0.012684 -0.022452 -0.00175976 -5.37244e-05 0.00909528 -0.000425653 -0.0039756 -0.000395737 -0.00307838 -0.00137571 9.89412e-05 -0.0334341 -0.0189864 0.00496609 -0.0264674 0 -0.0115168 0.831669 -0.0224373 0 0 -0.0201547 0.00153653 -0.0317486 -0.00946185 -0.00176862 -0.00186109 0 0.0015975 -0.00248637 0 -0.00656766 -0.00364833 0 0 -0.051927 -0.00540265 -0.00340412 -0.00252025 -0.0146364 -0.00721265 0 -0.00333475 -0.00226104 -0.00255226 -0.00379571 -0.0106619 0.0119762 -0.00455133 -0.00588973 -0.00257402 -0.00175625 0.00964175 -0.00544573 -0.0223342 -0.00997957 -0.000459609 -0.00263737 -0.000959507 0.00298365 0 0 -0.00234591 0 0 -0.0131937 0.00197451 -0.00404727 0.00798714 -0.00903153 -0.0249447 -0.0149073 0.00542935 -0.00468718 -0.000778087 -0.000262358 -0.0103874 -0.0248769 -0.00578123 0 -0.00334177 -0.000252784 -0.0179092 -0.012218 0 -0.00644305 -0.00195009 0 -0.00578231 0.00147666 -0.0430795 -0.0332771 -0.00816502 -0.00692488 -0.0494099 -0.00228388 -0.00491417 -0.00998215 0 -6.15228e-05 0.00141487 -0.0103046 -0.0136459 0.000450019 -0.00495735 -0.00564322 0 -0.00407878 -0.000635775 -0.00281019 -0.0020784 -0.00526331 0 0 -0.00264943 0.00831268 0 -0.00350415 0.0007333 0 -0.00907954 0 0.00126527 -0.017643 -0.00166865 -0.00262657 -0.00908118 0.00408604 -0.00216189 0 0.00145274 0 -0.00345067 -0.00134209 -0.00447474 -0.028975 0 -0.00593631 -0.00301363 0.000550289 -0.00343635 -0.00277594 0.00141025 -0.00882745 0 0 -0.00123226 -0.000156477 -0.00314198 -0.000887346 -0.00584881 0.0141955 -0.00299748 -0.00575853 0 0.0118658 -0.0234831 -0.00475273 0 -0.0010107 -0.00911604 -0.00635267 0.0060516 -0.00397 -0.000339715 0.00701071 0.00160901 -0.000958259 0 -0.00579436 -0.0175926 -0.00652432 -0.00150875 -0.00277229 -0.00677302 0 -0.00153161 0 0 -0.00565552 3.24131e-05 0 0 -0.00030569 0.00436352 0.00500837 0 -0.0021719 0.00114025 -0.0251365 0.00159783 -0.00129054 0.00567283 -0.00580086 -0.00793843 0 0.000594173 0 -0.000250021 -0.00199619 -0.00384996 0.0058328 0.00819319 -0.00470171 0 0 1.57615e-05 0 -0.00229386 0 0.00228421 0 0 0 0 0
-0.0362595 -0.0286426 0 -0.062182 0 0 0 0 0 0 0.000651018 -0.0271623 -0.0103558 0 -0.0192418 0.00741391 -0.0206363 -0.0224373 0.889111 0 -0.0029487 -0.00147542 0 -0.0247278 0 0 0 0.00508115 0 0 0 0 0 0 0 -0.000574671 0 0.00980926 0 -0.00176612 0 0 0 0 0 -0.00654205 0 0.00107065 0 0 0 0 0 0 0 0 0.00720848 0 0 0 0 0 0 0 0 -0.00390325 0.00252752 0 0 0 0 0 0 0 0 0 0 -0.00709821 -0.0255718 0 0 0 0 0 0 0 0 0 0 0 -0.0136606 -0.0108198 0 0 -0.00554515 0 0 0 0 0 0 0 0.00284211 0 0 0 0 0 0 0 0 0 -0.0076014 0 0 0 -0.0178975 0 0 0 0 0 0 0 0 0 0 0 0 -0.0144579 0.00143388 0 0 0 0 -0.0111056 0 0 0 0 0.00013908 0 0 -0.00242449 0 0 0 0 0 0 0 0 0 0 -0.000588169 -0.0107364 0 0 0 0 0 -0.00750781 0.00219275 0 0 0.0040747 0 0 0 0 -0.000942943 0.000705804 0 0 0 0 0 0 0 0 0 0 0 0 0 -6.74687e-05 0 0 0 -0.0108639 0 0 0 0 0 0 0 0 0 0 0 0 0 0 0 0 0 0 0 0 0 0 0 0 0 0
0 0 0 0 0 0 0 0.0548696 0 0 0 0 0 0 0.00545963 0 0.0061957 0 0 0.863487 0 0 0 0 0 0.00174446 0 0.0116617 0 -0.0272379 0.00299689 0 0 0 0.00188802 0 0 0 0 0 0 0 0.000241016 0 0 -0.0230045 0 0 0 0 0 0 0 0 0 0 0.00333595 0 0 0 -0.0107917 0 0 0 0 0 0 0 0 0 0 0.00464106 0 0 0 0 0 0 0 0 0 0 -0.0124318 0 0 0 0 0 0 0 0 -5.59615e-05 0 0 0 -0.0118815 0 0 0 0 0 -0.0157024 0 0 0 0 0 0 0 0 0 0 0 0 0.0111892 0 0 0 0 0 0 0 0 0 0 0.00576099 0 0 0 0 0 0 0 0 0 0.000549547 0 0 0 0 0 0 0 0 0 0 0 0 0.00299694 0 0 0 0 0 0 0 0 0 0 0 0 0 0 0 0 0 0 0 0 0 0 0 0 0 0 0 0 0.00860908 0 0 0 0 0 0 0 0 0 0.00725879 0 0 0 0 0 0 0 0 0 0 0 0 0 0 0 -0.00113579 0 0 -0.00941802 0 0.00328624 0 0.000236765 0 1.83612e-05 0 0 0
-0.00656923 0 0.000453987 -0.0257244 0.00922609 0 0.00209106 0 0 0.0155004 0.0112021 -0.0198373 -0.00118421 -0.0308307 0.00875797 0.00222602 0.0829013 0 -0.0029487 0 0.794361 -0.00953289 -0.000195135 0.0118857 0.00471046 0.0111465 0.00121121 0.000579077 0 0 0.00901259 -0.00462119 0.00293172 0 0.00111756 -0.0122349 0.00140597 0.000520181 0.00309908 0.00107134 0.00430541 0 0.0140515 0 0.000320671 0 0.00488975 0.0183991 0.000234609 0.000236695 0 0.000951582 -0.00601864 0.00518466 0.00600653 0.00239469 0.0235682 0.00205592 0 0 0 0 0.00165372 0 0 -0.00744925 0.0166941 0.00379334 -0.000446352 0.00375644 0 0.000819683 0 0.00253093 0.00767493 0.000174407 0.00606515 0 0 0.000208754 0.00059396 0 0.000793538 0.00254501 0.000538081 0.00263115 0.000573694 0 0.003214 -0.000899276 0 -0.0113481 0.00402428 0.000345355 0 0 0.00280639 0 0.000754275 0 0.000983227 0.00344312 -0.000100532 0 0 0.00393967 0 0.0012035 0.000620082 0 5.73763e-05 0.00223573 -0.00463907 0.000390773 0.000117391 -0.0160437 -0.00562339 0.00128698 0 0 0.00606223 0 0 0.00213931 0 0.000431662 0.00175696 -0.00285003 0.000638792 0 0 0 0.00267826 0 0.00205205 0 0 0.00267548 0 0 0.00358397 0.000528512 0.00870852 -0.0227634 0 0 0 0 0.000876512 0.000936962 0 0 0 0.00154916 -0.00228818 -0.0127981 0.000755 0.00309611 0 0 0 0 0 0.00238868 0.000270713 0 0 0 0 0.00423636 0.000767154 0.00196852 0 0.00136681 0.00272101 0 0.00131384 0 0 0.0026987 0.00105928 0 0 0.000485267 -0.00440461 -0.00339809 -0.00446166 0 0 0 -0.00565281 0 -0.00668255 0.00410071 0.00378417 0 0 0 -3.67189e-05 0 0.00164396 -0.00369165 -0.00355657 0.00193054 0 0 0 -0.000103746 0.00224097 0 0 -0.000330207 0 0 0 0
-0.0152349 -0.0258503 -0.00428926 -0.00285695 0.0572735 0 0 0 0 0.0234291 0.0350692 -0.0408999 -0.0283044 0.00658442 0 0 0 -0.0201547 -0.00147542 0 -0.00953289 0.772336 0.00426506 -0.00134539 -0.000705 0 0 0.00803265 0.0222922 -0.0148252 0.00430865 -0.00246704 0 0 0.000172364 -0.0370901 -0.000165357 0 0 0 0 0 0 0 -0.000190678 -0.0224282 -0.000814628 0.0324799 -0.0191717 -0.0129577 0 0 0.00258464 0 0 -0.00121474 0.00263892 0 0.00721814 0 -0.016147 0 0 0 -0.000771004 -0.0202636 0 0 0 0 0 -0.00230739 0.00126274 0 0.00210466 0 -0.00292453 -0.00331008 -0.00332249 0 0.00280197 0 -0.00378884 -1.59203e-06 0.00126618 0 0 0 0 0.0106159 -0.0399745 -0.0122714 -0.00445965 -0.0252023 -0.0326087 -0.00344274 -0.000289308 -0.000790131 0.0203638 0 0.00109589 -0.0186328 -0.00416019 3.68194e-05 -0.00220352 0 0.0007801 -0.000503351 0 -0.000117192 -0.000237364 0 -0.0106483 -0.00553776 -0.000130056 0.00667133 0 0 0.00115779 -0.0012951 -0.00131004 0 0 -0.00270934 0.00103954 -0.00171812 0 0 0 0 0 -0.000115369 0 0 -0.000713877 0 4.06003e-05 -0.00227715 0 0 -0.00558843 -0.000189747 0 -0.0159927 0.00939851 0.0239269 -0.000147932 0 0 0 -0.00148196 0.0298508 -0.000281835 0 0 2.19455e-05 -0.0216265 0 0 -0.00141528 0 -0.00135216 0.00121291 0 0 0 0.00483786 0 0 0 -0.0264921 -0.00112728 -0.0254291 0 0 0 -0.000490976 0.000828544 0 0 0.00204133 0 0.00428487 0 0 0 0 -0.000126592 0 -0.0183436 0 0 0 -0.00097231 -0.00762865 0 0.00214614 0 0 0 0 0.000460088 0.000276715 -0.0118477 0 0.00146097 -0.00304921 0 -0.000217169 0 0 0.00157429 0.000984879 0 0 0
0 0.00920185 0.00110463 0 0.00168271 0.00276765 0.00747756 0.0584601 0.00121875 0.0016177 0.00160971 0.00444458 0 -0.000823278 0.0135769 0 0.00655874 0.00153653 0 0 -0.000195135 0.00426506 0.849965 0.0103196 0.00234934 0.00656012 0.000539608 0.00112533 0 0 0.0166607 0.0027198 0.000603266 0 0.00966077 0 0.00491982 0 0.0104429 0 0.00343005 0 0.00283692 0.00174016 0.00283959 0 0.00559283 0.00178386 0.000334964 0.000888929 0 0.00223478 -0.000425254 0.00271923 0.00330008 0.000855846 0.0118636 0.000925085 0 -0.000763362 0 0 0 0 0 0 -0.000921848 0.00483821 0 0.00306163 0 0.010817 0 0.00185276 0.00470382 0.00832306 0.00279442 0.0202598 0 0 0.00115388 0.000155341 0.00144101 0.00120859 0 0.00052372 0.0144967 0 0.000617164 0 0.00845676 -7.06002e-06 0.00321144 0.00308539 0.00136063 0.000118916 0.00747241 0 4.49661e-05 0 0.0101267 0.00520884 0.00236152 0 0 0.00429355 0.00393312 0.00198014 0 0 0.0115264 0.00139492 0 6.19573e-05 0.00133793 -0.000692473 0 0.00161077 0 0 0.0034258 0 0 0.00426664 0 0.00139183 0.00109098 -0.0015184 0.001475 0 -0.000388004 0 0.00143733 0.0010861 0.00109701 1.21881e-05 9.42772e-05 0.000782515 0.00103342 0 0.00191125 0 -0.0011494 0 0 0.000643212 0 0.00113965 0.00128967 0.00405809 0 0 0 0.00906403 -0.000115409 -0.000866492 0.00195645 0.00122975 0.000264826 0.000446357 0 0 0 0.000387916 0 -0.000319274 0 0.000177791 0 0.00174077 0.00347547 0.00113611 0 0.00100855 0.00126469 0 0 0.00260487 0 0.00017068 0.00101672 5.50555e-05 0 0.000220229 -0.00143889 -0.00253966 0 0.000974923 0 0.000804342 -0.00080925 0.000974795 -0.00183928 0.000881742 0.00313043 0 0 0 0 0.000628572 0.000425427 -0.00304771 -0.00126279 0.00122558 0 0 0 0 0.000680522 0 0 0 0.000177043 0 0 0
-0.0249468 -0.00166861 -0.000213435 -0.00732415 -0.000338902 0 -8.16904e-06 0 0 -0.000775772 0 -0.0173594 0 0.0173553 -0.0340577 0 -0.0186012 -0.0317486 -0.0247278 0 0.0118857 -0.00134539 0.0103196 0.785363 0.000985052 -0.00240194 0 -0.000260012 0 0.0158094 -0.00647541 -0.00225283 0 0 -0.00048878 -0.00167905 -0.000412835 0 -0.0117078 -0.0091523 -0.0023143 0 -0.00912847 0 0 -0.00623398 -0.00180296 0 -0.000418511 -0.00239553 0 -0.000196486 0 -0.00146103 -0.000672956 -0.00033785 -0.000803824 0 0 0.00225444 0 0 0 0 0 -0.00691294 0 0 0.00302446 0 -0.000886308 -0.0200847 0 -0.00018264 -0.00565674 0 -0.00237399 -0.0374915 -0.0158365 0 -0.00132094 0 -0.000574885 -0.00189872 0 0 -0.010062 0 0 0 -0.0350593 0 -0.000672159 -0.00862949 -0.00502009 0 -0.0217058 -1.26208e-06 0 0 0 0.00437479 0.00233569 0 -0.00076138 -0.00151256 -8.1873e-05 0 0 -0.000125916 -0.025682 0 0 -2.42487e-05 0 0.000606416 0 0 0 0.012258 -0.00226427 0 0 -0.00414236 0 -0.000203711 -0.000244296 0 0 0 0 0 -1.3574e-05 0 0 -0.015125 0 5.00517e-05 -0.0018771 0.0103039 -0.000388778 0 0 -0.00861985 0 0 0 0 -0.000455282 0 0 0.00616059 0 -0.00161187 0 0.000290008 -0.0134872 0 0 0 -0.00086297 0 0.00314254 -4.91795e-05 0 0.000823757 0.000937082 -0.000304977 0 -0.00322544 -0.0297957 -0.00066903 -0.0101617 -0.000327236 0 0 0 0 0 -0.000774887 0 0 0 0 0 0.000194749 0 0 0 -0.0119402 0 0 0.00205778 4.31333e-05 -0.00567767 0 0 2.72015e-05 0 0 0 0.000964853 0.00259873 -0.000898039 0 0 0 6.94972e-07 0 0 0 0 0 0 0 0
