0 0.0430893 0 0 0.0558918 0 -0.0117342 0 0 0.0400189 0.0226396 0.0214661 0.0214161 0.0344525 0 0.0247717 0 0 -7.75204e-05 0.0225749 0 0.0374471 -0.0132157 -0.00137906 0 -0.00646449 0 0 0.00946163 -0.0246902 0 0 0 -0.000242302 0 0 0 0 -4.50173e-05 0 0 -0.00270337 0 0 0 0 0 0 0.010958 0 0 -0.000488333 0.00106322 -0.00126387 0 0 0 0 -0.0086327 0.0265113 9.0027e-06 0.0126557 0 0 0 0 0.0457715 0 0.00585015 -0.00125734 0 -0.00807696 0 0 0 0 0 0 0 -0.00319177 0 0 0.0260968 0 0 0 -5.68821e-05 -0.000688738 -8.4408e-05 0 -0.00962571 0 0 0 0 0 0 -0.000146816 -0.00103441 -0.000347922 -0.00122532 0.000568971 -0.0076469 0 0 0 0 -0.000960451 0 0.00815563 -0.0170264 0 0 0 0 0 0 0.000232563 -0.00654874 -0.00128301 0 -0.0113256 0 -0.00119379 0 0 0 0 -0.000220977 0 0.00786492 -0.00457485 0 0 0 -0.0157891 0 -0.00308457 0.00180587 0 -0.000829399 0 0 -0.000172118 0 0 0 0 0 -0.000546741 0 0 -0.0149257 0 0 -8.20279e-05 0 0 0 0.00181777 0 -0.00450125 0.000734719 0 0 -1.32492e-05 -0.000726953 0 0 0 0 0 0 -0.000164562 0 0 -0.00085895 0 0 -0.000687793 0.000936984 -0.00681639 0 0 0 0 -0.00150669 0 0 0 -0.00467892 0 -0.000440902 0.000410003 0 -0.000168516 -0.000288049 0 -0.00101215 0 0 0 -0.00322433 -0.00260309 0 0.000566231 0 0 0 -0.000673105 0 0 0 0 0 0
0.0430893 0 0 -0.001084 0.0326615 0 -0.0207321 -0.00185273 0.0119776 0.0247869 0.00146642 0.0523433 0.0365948 0.0378493 0 0.0348765 0 0 0.00171511 1.36666e-05 0 0.0589187 -0.0194033 -0.0179494 0 0 -0.000111586 -0.00149248 0.00787287 -0.0244007 -0.00265916 0 -0.00110143 0.00138957 0.00196119 0.00886316 0 0 -0.00989229 0 0 -0.00965248 0 0 0 0 0 -0.00613954 0.0542271 -0.00259746 0 -0.00798029 0 0 0.000766985 0 0 0 0 0.00134198 0 0.0092025 0 -0.00972146 0 0 0.055184 0 0.00188128 -0.00320285 -0.00054409 -0.00167009 0 0 0 0.000424996 0 0.000403368 0.007255 0 0 -0.00141164 0 0 0 0 -0.000414981 -0.000762356 0 0.000436603 0 0 0 0 0 0 0 0 0.000174693 0 0 0 -0.00448576 -0.00011354 5.20515e-05 -0.000693734 0 0 0 0.018952 -0.0119473 0.00215641 0 -0.00517512 -0.00457799 0.00491941 0.000954266 0 -0.0190116 0 0 -0.0129959 0 0 0 0 -0.00987701 0 0 0 0.0381897 0 0 0 0 -0.0159775 0.00413193 -0.000470681 0.00943449 0 0.000189254 0 0 0 0 0 0 0 -0.000382421 0 6.30406e-05 0 -0.0192954 0 0 0 0 0 0 0.0261279 0 -0.0275405 0.0145162 0 0 0 0 0.000229226 0 0 0.000529007 0 0 0 0 0.00301874 -0.00221867 0 0 0 0 -0.0013114 0 0 0 0 0 0 0 0 0 0 0 0.000360014 0 0 0 0 0 0 0 0 -0.000157731 0 0 0 0 0 -0.000770513 0 0 0 0 0 0 0
0 0 0 0.0247592 -0.00082375 0.0347879 -0.00564441 0.0381514 -0.0311946 -0.0103036 -0.00442829 -0.000853 0 0 -0.00549423 0 0.0120776 0.00420498 0.00571759 0 0.00867511 0 0 0.0239321 0.0188221 0 0.00825005 0 0 0 0 0.00112906 0.00402855 0.00565603 -0.00689506 -0.0206609 0.0240683 0.028796 0.00661959 0.0062953 0 -0.0139115 0.0164595 -0.000838132 0.00337617 0.000153531 0.0300163 0.00268069 -0.00989167 0.00617433 0.00159055 -0.012882 -1.38191e-05 0.0047321 0.000657396 0 0.00521912 0 0 -0.000105583 -0.0105265 0 0 0 0.0193234 0.00358941 -0.00760561 0.0208824 0 0.0330579 0 0.00202783 0.0036894 0.00536183 -0.00474159 0.0106093 0 0.0021301 0 -0.00782011 0.0173182 -0.0019937 0 0.0118422 0.00575142 0.00515844 0 0.0054262 -0.00117655 -0.00466964 0 0 0.00137041 0 0 0.00263828 -0.0151724 0.00313555 0.000260524 -0.000385319 0.00175222 -0.000745405 0 0 0 0.0131537 0.0149176 0 0.0169985 -0.0102881 -0.00397085 0 0.00481925 0.00548537 -0.00135801 -0.000238226 -0.00382341 -0.00288129 0 0.00344758 -0.000813295 -0.000905433 0.00106834 -0.0012745 0 0.0108044 0.00494449 0.0013156 0.000730485 0.00361249 0 0 0.026964 0.00052196 0.0162475 -0.00815213 -0.0118063 5.80814e-05 -0.00576808 0.00246607 0.00709696 0.00228351 0.00406143 0 -7.40322e-05 0 -0.0191003 0.00110263 0.000603647 0.00414142 0 -0.000961251 0.000315109 0 -0.0140326 -0.00278513 0.000123788 -0.00399955 0.00551404 -0.00273454 0 0.000522583 0 0.00633611 0.00333387 0.000804245 0.00462644 0 0.00260263 0.00268166 0.00159194 0.00206063 0.00500478 0 -0.00157484 0 0.00497779 0.00497923 0 0.00457213 0.00132539 0.0058098 0.000369939 -0.00283966 -0.0102529 0 0.00688233 0.00327748 -0.00248045 0 -0.0049163 0 0.00179605 0.00427922 0 -0.000192543 0.000933325 0 0.00292589 0 -0.00254099 0 0 -0.000968111 0.000575657 -0.00611293 0 0.0027358 0.00367247 -0.010753 -0.0116457 0 0 -0.00667676 0 0
0 -0.001084 0.0247592 0 0 0.03741 -0.00262433 0.0182935 -0.00489977 -0.00359631 0 -0.00445055 -0.0120053 0 -0.00265015 -0.0075427 0.0190208 0.0266015 0.000464894 0 0.00384746 -0.00527419 0 0.0103587 0.00150671 0.0106015 0.000807237 0.0233738 0 0 0.00097897 0.019992 0 0.00167376 0 -0.000996198 0.00909346 0.0124177 0.0266456 0.0111388 0 -0.0157828 0.00429226 -0.00261478 0.0288145 0.000667914 0.0600976 0.0268981 -0.0122604 0.0026273 0 -0.00731735 0 0.00279359 0 7.41321e-05 0.0111555 -0.0012124 0.000792201 0 0 -0.0108499 -0.00207895 0.00305099 0.0233743 0 -0.00700334 0.0230457 0 0.0186042 0.0112963 0.00212641 0.0014681 0.0199693 -0.00222649 0.00644634 0 0 0 -0.00855028 0.0177664 0 0 0.0148183 0.000497056 0.0151562 0.0207179 0 -0.0106033 -0.00315549 -0.014919 0 0.0166743 0 0 0.00169587 -0.0130661 0.000879946 0 0 0 0 0 0.019699 0 0.114842 0.0175948 0.0129615 0.0071789 -0.0170407 -0.00191763 -0.00328206 0.00634454 0.00356654 -0.00546309 -0.0424609 -0.00976654 -0.000595325 0.0012687 0 -0.0213348 -0.000987209 0.019254 0 0 0.0134661 0.0242401 0 0 0.00714139 -0.00589378 0 0.030629 0 0.0177068 -0.0103434 -0.0147227 0.002787 -0.00420652 0 -0.00143105 0.00507961 0.0020971 0 0 0 -0.0213731 0 0 0 0 0 0 0 -0.00455036 -0.0043567 0.000642385 -0.00130181 0.0114157 -0.0178556 0 0 -0.00383322 0.00248151 0.000424318 0.00083932 0 0 0 0 5.96835e-06 7.01841e-05 0.00606848 -0.00861971 0 0 0.00477647 0.000175904 0 0.0013436 0.000220367 0.00572361 0.00212539 -0.0116217 -0.0104051 0 0.00105817 0.002372 -0.000288496 -0.00678442 -0.00418526 0 0 -0.00607941 0 0 0.00109517 0 0 0 -0.00731351 0 0 -0.00215366 0 -0.00307006 0 0.00420248 0.00365395 -0.00179916 -0.0283375 0 0 -0.0158766 0 0
0.0558918 0.0326615 -0.00082375 0 0 -0.000957207 -0.00282987 -0.000198747 0 0.0390619 0.00255167 0.0204949 0.0197683 0.0274681 0.00887094 0.00940855 0 -9.04436e-05 -0.00301217 0 0 0.00730506 -0.00320309 -0.00139287 0 0 0 -0.000211943 0.00679802 -0.0045687 0.00697501 0 -0.00666982 -0.00541999 -0.00206389 0 0 0 0 0 0 -0.000304924 -0.00342313 0.000154924 0 0 0.00405529 -0.00035037 0 0 -0.00205646 -0.00162613 0 -0.00473425 -0.00235676 -0.000515801 0 -0.000712003 -0.000168908 0.0177316 0 0 0 0 0 -0.00558132 0.0173541 0 0.00560129 -0.0014746 0 -0.00812535 -0.000488161 -0.000341875 0 -0.000512681 -0.00210552 -0.00638314 0 -0.000201577 0 0.00100894 0.00378094 0 -0.00544909 0 0 -0.00430486 -0.00747548 0 -0.00723534 0 0 0 0 -0.00127567 0 -0.00374433 -0.00372867 -0.00560915 -0.00506171 0.000604139 0 0 0 0 0 -0.000227074 0 0.00269256 -0.0126762 0 -0.000780488 0 -0.00849289 -0.00073125 0 0.00311092 -0.00277378 -0.00457548 -0.00127101 -0.00899023 0 -0.00417853 -0.000455996 -0.00024148 0 -0.00275595 -0.00358332 0 0.00318161 0 0 0 0 -0.00181189 0 0 0 -0.00203505 -0.00846911 0 0 -0.00405646 0 -0.000295883 0 0 -0.00167084 -0.00384891 0 -0.00248145 -0.00414617 0 0 0 0 0.00256174 0 0 0 -0.0015278 0 0 -0.00153696 -0.000443052 -0.00639157 0 -0.00332919 -0.00233219 -0.00585319 -0.00186949 0 -0.00520661 0.000269199 0 -0.0023739 -0.00160458 0 -0.00502945 0.00427668 -0.00779413 0 0.00201776 -0.001253 0 -0.00662009 -0.000987691 0.00426997 0 0 0 -0.00317804 -0.0063531 0 -0.0017574 -0.00103234 0 -0.00482355 0 -6.34932e-05 0 0 -0.00489914 -0.000594727 0.00654004 0 0 0 -0.00675055 0 0 0 -0.000144092 0 0
0 0 0.0347879 0.03741 -0.000957207 0 -0.0153277 0.022322 -0.0336168 -0.00282137 -0.000438166 -0.00173736 0 0.000833201 -0.00226428 -0.000386047 0.00984739 0.0256597 0.0186558 0 0.00610239 -0.000636186 -0.00686832 0.0132352 0.00923363 0.00119584 0 0.00179807 -0.00303198 -0.00440045 0 0.00728614 0.00997514 0.0157562 -0.00251698 -0.00894125 0.00118142 0.0172529 0.0140424 0.00102765 0 -0.00588994 0.0207826 0 0.0032065 0 0.022754 0.0147215 -0.0196834 0.0115673 0.00683244 -0.00856597 0 0.0133922 0.00586145 0.00089965 0.00844154 0 0.00261234 0 -0.00285806 0.00212041 -0.00132844 -0.00042857 0.0184483 0.00901829 -0.00370963 0.0159166 0 0.0603102 0.0155301 0.00281067 0.00309473 0.0069074 -0.00484496 0.0171421 0.000428421 0.00839233 0 -0.0056553 0.015797 -0.00687501 0 0.00910169 0.0151058 0.0122054 0 0.0096911 0.00775897 -0.00611259 -0.00503906 1.90296e-05 0.00471083 0 0.000178414 0.00997742 -0.00806163 0.00936891 0.00693266 0.00849636 0.00742368 -0.00372462 -0.00104025 0.000342158 -0.000791936 0.0208182 0.00727881 0.000412833 0.00476107 -0.00322484 -0.00939764 -0.00484386 0.00612948 0.00169195 -0.00746834 -0.00773782 3.85856e-05 -0.00778485 0.0032831 0.0052317 -0.00778987 -0.00243434 0.000776725 0.00249384 0 0.00561807 0.00829921 0.00600292 0.00961011 0.0128527 0.000691388 0 0.0194208 -4.20996e-05 0.0115166 -0.00644192 -0.0206685 0 -0.00165575 0.00606936 0.0160783 0.00155711 0.00374307 0.0024019 0 0.00140078 -0.0200681 0.00176006 0.00361404 0.00955995 0 0.00353937 -0.00622773 0 -0.00568951 -0.00634654 0.00219121 -0.00975112 0.00220492 -0.0033892 0 0.00108082 -0.00294323 0.00193418 0.00503281 0.00452294 0.0122813 0.000665627 0.00755991 0.00813202 0.0106707 0.00678764 0.00452144 0.00341398 -0.00370753 0 0.00856495 0.0125436 0 0.0134039 -0.010304 0.0129635 3.91945e-06 -0.0127358 -0.00483263 0 0.000534637 0.00550189 -0.012235 0 -0.0114247 0 0.00607442 0.0108839 0 0.00479964 0.0046006 0 0.00947675 0 -0.00448626 0 0 0.00515398 0.00319956 -0.0146562 0 0 0.00129447 0.00520172 -0.0110422 0 0 -0.00379238 0 0
-0.0117342 -0.0207321 -0.00564441 -0.00262433 -0.00282987 -0.0153277 0 -0.0051687 0.00138455 0 -0.000433014 -0.000151008 0 0.0217951 -0.0198434 -0.012731 0 -0.024054 0.00334699 0.0335845 -0.00846221 -0.00542536 0.181797 -0.000521081 0.00925931 0 0 0 -0.00487485 0.176157 0 -0.00908808 0.00466933 0.0129501 -0.00718556 -0.0109971 -0.0197821 0.0111214 0 -0.00582307 0.00225479 0.00394943 0.00316139 0 0 0 -0.00341592 0.00337941 0 -0.0199602 0.0218902 0.0514391 -0.0262017 0.00728003 0.00175035 0 0 0.0217403 0.00116589 0 -0.0126073 -0.02405 0 0.0469099 -0.00879131 0.00387536 -0.0170677 -0.00222987 -0.00836344 0.0018235 -0.00224504 -0.00225904 0.00289564 0.00155388 0.0267925 0.00396935 0.0248989 0.00527471 0.000630656 0.0147283 -0.030051 -0.0029308 0.0140949 0 0.0107372 -0.00646694 0 0.00468999 0.00522636 -0.000307231 0.000467883 0.0440367 0 0 0.000826725 0.00444872 -0.0012413 0.00533422 0.013264 0.00570651 0.00742255 -0.00206749 -0.00107688 0 0 -0.00122058 -0.0153192 0.00760373 0 -0.0090882 0 0 -0.0166344 0 0 -0.00524188 0.00114035 -0.00665306 0.00184954 0.00629618 0.00425646 0.00460822 0.0169877 0.00825945 0.00870414 0 -0.00887451 0.0093004 0.0107006 0.000549798 0 -0.000844208 0 0 0 0.0272839 0 0.00111125 0.00164825 -0.00447144 0.0105889 0 0 -0.0148706 -0.000266786 0.00103582 0.00332009 0.0367269 0.000143041 -0.000201881 0 -0.0134106 0.154454 0 0.00457675 0.0232768 9.4922e-05 -0.00484721 0 0.00300081 0 0.0735758 -0.0137274 0 0.00296372 0.00316028 -0.00393494 -0.0108256 0.00474844 0.00372999 -0.00451347 -0.00470275 -0.00875455 0.0392507 -0.00215976 0 0.00488996 0.002972 0 0.00839777 -0.00777847 -0.00246683 -0.00121317 -0.00636209 0.00504475 0 0 -0.000720199 -0.00108295 -0.0111644 0.00537779 0 -0.00276578 0.00141881 0 0.00462022 0.00241816 0 0.00832416 0 0.0162977 0 -0.00126757 0.00125274 -0.0136399 -0.000974424 -0.0109091 -0.000770603 -0.00308539 0.00800487 0.00352153 -0.00061846 -0.00152475 0 0 0
0 -0.00185273 0.0381514 0.0182935 -0.000198747 0.022322 -0.0051687 0 -0.0179233 -0.00546212 0 -0.00167805 -0.00613546 0.00158707 -0.0111216 0.0005124 0.0121489 0.00461309 0.00911866 0 0.0263511 -0.00191816 0 0.00403014 0.0343555 0 0.0078296 0.000210332 0 0 0 0.0251811 0.00189904 0.00832915 0.00106558 -0.00285594 0.0205595 0.00393721 0.00200281 0.00135106 0 -0.0123682 0.0204672 0 0.0312951 0 0.0166857 0.00307922 -0.0185738 0.0146977 0.00270063 -0.00101878 0 0.00908066 -0.00665876 0 0.0129149 0 0 0 -0.0028646 0.000558854 -0.0114642 0.000913063 0.0397876 0.00496555 -0.00103896 0.0211605 0 0.0027458 0 0.005878 0.00199377 0.00221926 0 0.00763194 0.00035787 0.00387604 0 -0.00713848 0.0148852 -0.00413294 -0.000725287 0.0237084 0.00541961 0.0173701 0 -0.00181799 0.00193935 0 0.00047064 0.000971532 0.00224156 0 0.0029309 0.00285562 -0.0114454 0.00447204 -0.00306932 0.00391987 0.00490018 -0.00182801 -0.00631844 0.000917496 0.0007656 0.0189577 0.00128675 0 0.0235323 -0.010572 -0.00724961 -0.011491 0.00700132 0.00691934 -0.00242296 -0.00132454 0 -0.00400869 0 0.00280757 0 -0.0018847 0.00156885 0.00113097 0 0.00157906 0.0307708 0.00272504 0.00251784 0.0272078 0 -0.00283377 0.0226042 0.000573557 0.025716 -0.0152588 -0.0119608 0 -0.00211159 0.000863169 0.00664256 0.00129923 0.00260866 0.0014843 0 0 -0.0264689 0.000233258 0.00145018 0.00259033 0 -0.000625896 0.000988816 0 -0.0129019 -0.00698432 0.000924049 -0.00592072 0.00639735 -0.00137587 -0.000357715 0 -0.000240639 0.00317645 0.00542874 0.00216052 0.00363488 0.00033483 -0.00030603 0.00052819 0.0038576 0.00349129 0.00533801 -0.010685 -0.00140805 0 0.00758358 0.00627977 0 0.006212 -0.00432534 0.00352201 0.00105225 -0.00396076 -0.00624759 0 0.000898456 0.00471072 -0.00465571 -0.0020404 -0.0197779 0 0.00409379 0.00400895 0 0.000528313 0.00288518 0 0.00295448 0 0 0 0 0.00249721 0.0010792 -0.00670669 0 0.0018933 0.0015415 -0.00712269 -0.0174873 0 0.000574542 -0.0127902 0 0
0 0.0119776 -0.0311946 -0.00489977 0 -0.0336168 0.00138455 -0.0179233 0 0.0054272 0 0.00506501 0.00355162 0.00924839 0 0.00326743 -0.00447015 0 0.00632922 0.000156071 -0.0078091 0.00136671 -0.00102285 -0.00676988 0.000384327 -0.0110575 -0.00681075 -0.00810381 0.006307 0 0 -0.0107942 0.00888411 0.00487689 0.003409 0.0202461 -0.00354783 -0.00501505 -0.0252608 0 0 0.00140036 -0.0059501 -0.0599908 -0.0172778 0 -0.00815317 -0.0101601 0.00801188 -0.00620593 0.000128118 0.00484715 0 0.00338972 0.00289737 0.00136685 0 0.000510113 -0.00260193 0 0 0.0171149 -0.0269666 0 3.15302e-05 0.0047008 0.0187273 -0.0161146 0.00176331 -0.0398448 -0.00888455 0 -0.0146837 0 0.00182469 -0.00692328 0.00320776 0.0169123 0.000429644 9.27687e-05 -0.00135691 -0.0027893 0 0 0.00365456 -0.0119688 -0.000776436 0.00272101 0.00722929 0 0 0.00266059 0 8.02361e-05 0 0.00408476 0.00705301 0.00648695 0.0111011 0.00791558 0.00237501 0 0 -0.00196348 0 -0.0157111 0 0 0 0.0267575 0 0.00203552 0.00152647 -0.0177085 -0.000883913 0.0284207 0.000782949 -0.00105329 -0.00642766 0.00744062 0.00116043 0 0 0.00512516 0 -0.00284606 -0.0137158 0.00355456 0.00685458 -0.00815657 0.000406276 0 -0.00237506 0.00222745 -0.00429494 0 0 -0.00166062 0.0115901 -0.00149114 0.00952705 -0.00197401 0 0.00759311 0.0127197 0 0.0033965 0 0.00168292 3.57457e-05 0.000137536 0.00433983 0 0 0 0 0 0.000753502 0 0.0141458 0 0 0 -0.000134042 0.0014727 0 0.0145222 0.00192952 0.0030136 0.00265715 0.00845086 0.00011155 0 0.00222196 0 0 0.000410117 -0.00138447 0 0.00313592 -0.00342507 0 0 -0.00186849 0.000213954 0 0 -0.00641823 -0.00391942 0.000153723 0 0 0.00387696 0.0147688 0 -0.00687176 0.000429556 0 0.00370282 0 0.00287447 0 -0.000799344 0.000933748 0 -0.00141418 0 -0.000556403 -0.000815419 0.00875326 7.04274e-05 0 0 0.0131575 0 0
0.0400189 0.0247869 -0.0103036 -0.00359631 0.0390619 -0.00282137 0 -0.00546212 0.0054272 0 0.0197967 0.00319338 0.0425422 0.00155952 0 0.0191317 0 -0.00621343 0 0.0172941 -0.000121421 0.0296531 0 -0.00410369 0 0 0 -0.00636522 0.0122839 -0.00482476 -0.00547587 -0.00648659 0 0 0 0 0 -0.000777368 -0.000944019 -1.99973e-05 0 0 0 0 -0.00860673 0 -0.000311621 0 0.0041005 -0.00106035 0 -0.0122116 0 0 0 0 -0.00133897 0 -0.00214623 0.0126773 0.0110239 0.0207052 0 0 0 0 0.0171813 0 0 -0.0074539 -0.000442858 0 0 -0.0039993 0 0 0 0 0 0 -0.00851403 0 0.0098262 0 0 -0.00585335 -0.00251507 0 0 0.00030558 0 0.00178091 0 0 0 -0.00152459 0.00952231 0 0 0 0 0 -0.0009072 -0.000146948 0.00124643 -0.000715779 0 0 -0.000387641 0.0141773 -0.0174086 0.00253307 -0.0106646 -0.00171347 0 0.00151186 0.0110503 0 -0.00117685 0 0 0 0 0 0 0 -0.0283465 0 0 0 0.0175257 0 -0.00282346 0 -0.000124401 -0.00830374 0 -0.00104902 9.22101e-05 0 0 0 0 0 0 0 0.000764115 0 0 0 0.00501848 0 -0.00127562 0 0 0 0 0 0 0.0087588 0 0 0.0155527 0 0 0 0 0 0 0 0 0 -0.00166845 0 0 0 0 0 0 0 0 0 0 0 0 0 0 0 0 0 0 0 0 0 0 0 0 0 0 0 0.00599144 0 -0.000485618 0 0 0 0 0 0 0 0 0 0 0 0 0
0.0226396 0.00146642 -0.00442829 0 0.00255167 -0.000438166 -0.000433014 0 0 0.0197967 0 0 0.00842296 0.115237 -0.0130976 0.00360017 0 -0.0139623 -0.00549486 0.0223462 -0.000821308 -0.016871 -0.000225852 -0.00278402 -0.00414455 0 -0.0149968 -0.0141755 0 -0.00167245 -0.00680514 0 -0.0123521 -0.00318652 -0.00203579 0 -0.00912929 0.0100199 -0.00579968 -0.00522973 0.020275 0 -0.00355398 0 0.0196327 0 0 0 0.0250992 0 -0.0138512 -0.00102249 0 -0.00319817 0 -0.00177429 -0.0095926 0.0292981 0 0.0105276 0.000770388 0.00450922 0 0.0232371 -0.00041205 -0.0017209 0.0366239 -0.00213445 -0.000709293 0.00623838 0 0 0 0 0.0483122 -0.000802611 0 -0.00666895 0.0117482 0 0 0.00222363 0 0 -0.00574891 -0.000629632 -0.00352606 -0.00841639 -0.0046284 0 -0.0191498 0.0230604 -0.00810814 0 0 -0.000446799 0 -0.00336229 -0.000861959 -0.00429907 -0.00306599 0 -0.00311866 -0.000860034 0 0 0 0 0 0.00367961 0 -0.0165433 -0.0049969 0 0 -0.00132045 0 0.0021317 0 -0.00257636 0 -0.0116464 0 -0.00285706 0.0269767 0 0 0 -0.00304026 -0.000232088 0.00268677 -0.00744291 0 0 -0.000958404 0 0 -0.00293343 0 -0.00454621 -0.00604817 -0.0130394 -0.00911356 -0.00128709 0.159173 0 0 0.0204824 0 -0.00896216 0 -0.000125881 -0.000842963 0 0 0 0 0.00155593 0 0 0 0 0 0 -0.000959311 -0.000772973 -0.00621874 0 -0.00356401 -0.00268396 -0.00375747 -0.00232076 -0.000698291 0 7.92157e-05 0 -0.00189975 -0.00585042 0 -0.00316169 -0.0143945 -0.0179553 0 0.00236957 0 0 -0.0373469 -0.0179837 0.00693097 0 0 0 -0.0110123 -0.00272891 0 -0.000977847 0 0 -0.00346598 0 -0.000452923 0 -0.0107471 -0.00273029 0 0.00458085 0 -0.00350982 0 -0.00204326 0 0 0 0 0 0
0.0214661 0.0523433 -0.000853 -0.00445055 0.0204949 -0.00173736 -0.000151008 -0.00167805 0.00506501 0.00319338 0 0 0.0364467 0 0.00248519 0.0202607 0 -0.00260053 -0.00152535 0 0 0.0482183 -0.00021711 -0.0151708 0 -0.0005089 0 -0.0171211 0 -0.000560297 0 -0.00079819 -0.00206886 -0.00286429 0 0.00549273 -0.000322261 0 -0.0102165 0 0 0 -0.00111179 0 -0.00138119 0 0 -0.00815589 0 -0.00445628 0 -0.00201019 0.000382952 -0.00212301 0 0 0 0 -0.00350172 0 0.000288251 0 0 -0.00879039 -0.000729546 -0.00206413 0.0428792 0 0 -0.0110505 -0.00519197 -0.0260546 -0.000956871 -0.000343772 0 0 0 -0.0022279 0 0 0 0 0.00271603 0 -0.00461454 -0.00976853 -0.00352925 0 -0.00205579 0.0081661 0 0 -0.00263705 0 0 -0.00122842 0 -0.0033539 -0.00198885 -0.000965539 -0.00268045 0.000634276 0 -0.00105997 0 -0.00235217 0 -0.00128004 0 0.00663607 0 0 0 -0.0153899 0.000227858 0.00870671 0 0.00196607 -0.0153848 -0.00252429 0 0 0 -0.00193353 0 -0.000950235 -0.0050554 -0.000387022 -0.00161023 -0.00156784 0.0176166 0 0 0 -0.00146625 0 0.000257849 -0.00539566 0.0128732 -0.000567641 -0.00186408 -0.00106891 -0.0047186 0 0 0 0.00480503 0 -0.000763627 -0.00472876 0 -0.000575306 -0.000977477 0 0 0 0 0.00220778 0 0.0130936 0 -0.00239208 0.00386007 -0.0025868 -4.30048e-05 -0.0011624 -0.00272838 0 -0.00409664 -0.00151805 -0.00255681 -0.00103039 0 0 0 0 -0.0105802 0 0 -0.0016832 0.00295292 -0.00473297 -0.000961115 0.00234608 0 0 0 -0.006059 0.00176058 0 0 0 -0.00526 -0.00275234 0 -0.000513801 -0.000428062 0 -0.00100148 0 0 0 0 -0.00114889 0 0.00152537 0 -0.00797406 -0.00134594 -0.00127146 0.00119093 0 0 0 0 0
0.0214161 0.0365948 0 -0.0120053 0.0197683 0 0 -0.00613546 0.00355162 0.0425422 0.00842296 0.0364467 0 0.0234386 0 0.0325026 -0.001586 -0.0140871 0 0.015315 0 0.0504438 0 -0.00274203 0 -0.00326867 -0.0105862 -0.00412926 0.0152638 0 0 -0.00950372 0.000959672 0.000113669 0.00038021 0 0 0 -0.0162757 -0.0107721 0 0 0.000302847 0 -0.0163311 0 -0.000173407 -0.0194996 0.0121076 -0.0175028 0 -0.0363254 0 0 0.000406995 0 0 0 -0.0220978 0.000920763 0 0.00189234 0 0 0 0 0.0304592 -0.000792512 0.00222144 0 -0.00921268 -0.00490878 -0.00939619 0 0 0 0 0 0 0 -0.00175238 -0.00153318 0.011891 0 0 -0.00764956 -0.0139201 0 0.000153788 0.0247602 0 7.48194e-05 -0.0178135 0 0 0 0 0 0.000387849 0 0 0 -0.00820874 -0.0327907 0.00617267 -0.00440169 -0.00270834 0 0 0.0199818 -0.00400226 0.0126545 0 -0.000861733 -0.00105479 0.0222935 0.00357996 0 -0.0294004 0 0.00996377 0 0 0 0 -0.000991257 -0.0218689 0 0 0 0.0275436 -0.00472574 0 6.07789e-05 0 0 0 -0.00265597 0.0337944 0 0 -0.0175732 -7.58865e-06 0 0 0 0.00567532 0 0 0 0.0134299 0 0 0 0 0 0 0 0 0.0232615 -0.00673204 -0.00104858 0.00692603 -0.00234383 0 0 0 0.0105248 0 0.000129448 -0.00123769 0 0 0 0 0 -0.00668364 0 0 0 0 -0.00386659 -0.000266337 0 0.00377814 0 0 0 0 8.30176e-05 0 0 0 -3.56882e-06 0 0 0 0 0 0 0.0066454 0 -0.00743593 0 0 0 0 -0.00264249 -0.00552389 0.000263099 0.00158043 0 0 0 0 0
0.0344525 0.0378493 0 0 0.0274681 0.000833201 0.0217951 0.00158707 0.00924839 0.00155952 0.115237 0 0.0234386 0 -0.079065 0.00348678 0 0 0.00576049 0.017194 0.00133254 0.0210903 0.00601476 -0.00479724 0.00223391 0 0 -0.0350453 0 0.000173844 -0.0115176 0 0 0.00526282 0 0 0 0.035622 0 0 0.0213378 -0.0101459 -0.00249334 0 1.86028e-05 0 0.00706115 0 0.0900731 0 0.0140028 0 0 -0.0107565 0.000270068 0.0323314 0 0.00534122 0 0.018907 0 0.0261166 0 0 0.00714557 0 0.0414683 0 0 0 0 0 0 0.0011339 0.000940578 0.00571423 1.41192e-05 -0.00625275 0.0328734 0 0 0 0.00459618 0.00473364 -0.00754541 0.00241112 -0.0116466 -0.0125216 9.0265e-06 0 0 0.0684276 0 0 0.000663807 0 -0.0097061 1.02287e-05 0 0 -0.00232712 0 -0.0333002 0 0 0 0 0 0.00014424 0.00133414 -0.0297505 0 0 0 -0.00153248 0 0 -0.000964284 0 0.00295396 0.00209851 -0.0101668 0.000267866 0 0 0 0 0.00124892 0 0 0.0101303 -0.0237951 0.000272935 0.0432059 0 -0.00714482 0 0 0.0137934 0 -0.0042745 0 0 1.12437e-05 0.0228728 0 -0.00473246 0.0607221 0 0 0 0 0.00110433 0 -1.83092e-05 -0.000301144 0 -0.00194068 0 0.0207175 -0.00264561 0 0 0 1.26301e-05 0 0 0.000956536 0 0 0 0 0 0.000805413 0 -0.00040895 0 0.00231745 0 0 -0.000990071 -0.00487849 0 0 -0.0187736 0 -0.0219182 0 0 0 -0.0217279 0 0 0 0 0.000905358 0.000286538 0 0.000291323 0 0.00976489 0 -0.0250165 0 0 0.00195811 0 0 0 0 -0.00374372 0 0 0 0 0
0 0 -0.00549423 -0.00265015 0.00887094 -0.00226428 -0.0198434 -0.0111216 0 0 -0.0130976 0.00248519 0 -0.079065 0 0 0 -0.00185674 -0.0064551 -0.019074 0 0.0101466 -0.012671 -0.00151474 -0.000181384 0 -0.0070958 -0.00358033 0 -0.00325187 0.00811607 0 -0.00544275 -0.00521752 0 0 0 0 -0.000159291 0 -0.000829885 0 -0.0040918 0.0104414 0 -0.00061085 0 -0.0157401 -4.08998e-05 0 -0.00478294 -0.00196864 0.000297154 0.000606464 -0.00111262 -0.000540719 -0.000479312 -0.0132682 -0.00426195 0 0.00121528 0 0 -9.3714e-05 0 -0.00343386 0 -0.0011975 0.0176718 -0.00241481 -0.00337586 0 -0.00280882 -0.00889528 -0.00802381 -0.00358763 -0.000952177 0.00238781 -0.000152435 0 0 0.00252409 0 0 -0.00415018 -0.000688003 -0.00522696 -0.000914653 -0.00281645 0 -0.000735346 0 -0.000105378 0 0 -0.00287042 0.00287385 -0.00335716 -0.000500014 -0.00266692 -0.00256067 0.00146033 0.000838166 -0.012023 -0.000662931 -0.00268126 0 -0.000165625 -0.000151224 -0.000111545 0 0 -0.00145233 0 0.0132613 0 -0.00011193 0.00552181 -0.00158572 -0.0022182 -0.00189049 0 0 0.000162782 -0.00228949 -0.00697762 0 -0.00327999 -0.003597 -0.00249702 -2.11277e-05 0 0 0 -0.000721553 0 0 0 0 -0.00287717 -0.0049945 0 0 -0.00184392 0 0 0 0 -0.000489271 -0.00170419 0 -0.000572549 -0.01373 0.00443844 0 0 0 0.00375343 0 -0.00153308 0 -0.00269642 0 0 -0.0011177 -0.00170488 -0.00108245 0.00478228 -0.00176305 -0.00136524 -0.0047278 0.0106697 -0.000348416 -0.00244545 0 0 -0.00331838 -0.000925977 0 -0.00347451 0.00453166 0.00087318 0 0.00306602 0 0 0 -0.000691368 0.00123641 0 0 0 -0.00207171 -0.00431907 0 0 -0.000285118 0 -0.0031532 0 -0.00116887 0 0 -0.00139178 -0.000696384 0.00358089 0 0 0 -0.00307338 0 0 0.000368729 0 0 0
0.0247717 0.0348765 0 -0.0075427 0.00940855 -0.000386047 -0.012731 0.0005124 0.00326743 0.0191317 0.00360017 0.0202607 0.0325026 0.00348678 0 0 -0.00413582 0.00172851 0.0121126 0.00181987 0.00138233 0.0417123 -0.0154156 0 0.00122552 -0.00191345 -0.0106666 0 0.0604492 -0.0630777 -0.00101953 0 0.00956288 0.0121369 0.00396711 0.0403988 0 -0.0100592 -0.020448 0 0.00073687 -0.00949543 0.00415782 0 0 0 -0.0122924 -0.0101843 0.0287479 0.000263765 0.00531161 -0.00649538 0.00702884 0.00952315 0.00249576 0.00307756 0 0 0 0 0.0051742 0.0194922 0.00020974 -0.0593429 0 0.00762387 0.0320945 -0.00559324 0.0497405 3.96965e-05 -0.0123438 0 -0.00572899 0 0.00183998 0.00686169 -0.00549964 0.0117081 0.00163032 0 -0.00258342 -0.000388141 0 0 0.0101456 -0.0125489 -0.0117788 0.00893401 0.00937305 0 0.00258962 0 -0.00409674 0 0 -0.00109362 -0.000275146 0.00631266 0.00640352 0.00511488 0.00602638 -0.0011658 -0.00214554 0 0.0160388 -0.00680461 0 0 0 0.0279509 -0.000113444 0.0146666 0.0030024 0 -0.00299337 0.0294704 0.0191643 -0.00815802 0 0.00424256 0.00960829 -0.0119552 0 0.00619206 0 0 -0.0103515 0.00332244 0.00737976 0.000425737 0.0447324 0 0 0.010107 0 -0.0115022 0.0144664 0 0.00333532 0.00372298 0.0129041 0 0 0.0011167 0 0.000497089 0 0 0.0045325 0.00345925 0.00105944 -0.000532461 -0.0315258 0 0 -0.000844677 0.0105342 -0.00699445 0 0.00416421 0 -0.0285716 0.00335846 0 0.00192205 0.00460024 0.00988841 0.00625364 0.00253296 0.00337827 0.0118889 0.0047398 0.000297974 0.00428835 -0.00334939 0 -0.000641044 0.0109056 0 0.00734982 -0.0090448 0 -0.000154362 -0.00250182 0 0 0 0.00115579 -0.00856508 0.000243725 -0.00717648 0 0.0021214 0.0118356 0 0.00492331 0.00115252 0 0.00706912 0 0.0103217 0 -0.000252719 0.00620389 0.000914928 -0.00747403 0 0 0 0.0068651 0 0 0 0.00489527 0 0
0 0 0.0120776 0.0190208 0 0.00984739 0 0.0121489 -0.00447015 0 0 0 -0.001586 0 0 -0.00413582 0 0.000764994 -0.00193251 0 8.18218e-05 -0.00340296 0 0.00473721 0 0 0.0158833 0 -0.00051192 0 0 0.0119947 -0.00304453 -0.00204719 -0.00259116 0 0.00199395 0.000628837 0.0246706 0.00492962 0 -0.0219351 -1.54472e-05 0 0 0.0121769 0.00736893 0.0107176 0 0.0137455 0 -0.00127464 0 0 -0.00165944 0 0.00260639 -1.65727e-05 0 0 0 -0.000974584 -0.000560491 0 0.0148762 -0.00411789 -0.00185692 0.00533477 -0.000190984 0.000445089 0 0.00321186 0.00520594 0 -0.0100893 0 0 -0.00633872 -0.000511129 -0.0101512 0.00280569 0.0024031 0 0.00224556 -0.00194061 0.00210361 0.0112348 -0.000961472 -0.0066725 0 0 0 0 0 0 -0.000153751 0 -0.00198633 -0.00214032 -0.00241931 -0.000442143 0 0 0 -0.00119456 0.0156209 0 0 0.00677634 -0.00218556 -0.00681967 -6.43627e-05 0 0.000222282 0 -0.0163825 -0.00940187 0.000163125 0 -0.000909302 -0.00418559 0 0 -0.00181733 -0.00164789 0.0090584 0.00467094 -0.000251112 -0.00197471 0.00113476 -0.00070202 0 0.000649529 0 0.00652909 -0.0158048 -0.00776697 0.00447016 -0.00439385 0 -0.00440717 0.00765298 0.00157984 -0.00088205 0 0 -0.0237307 0 -0.000279215 0 0 -0.00151116 0 0 -0.00228728 -0.00371704 0 9.4542e-05 0 -0.00273812 0 0 -0.00394825 0.00595512 0 0 -0.00319202 0 -0.000711988 -0.000400119 -0.00462581 -0.000688557 0.000938769 -0.00172161 0 0 0.000630545 0 0 -0.00198489 0.00123091 0.00761075 0.00498954 0 -0.0175903 0 0 0 0.00388808 0 -0.0107628 0 -0.000265921 -0.00593685 0 -0.00118182 0 0 -0.00221943 0 -0.00242795 0 0 -0.00178163 0 0.00160473 0 0.00545921 0.00594238 -0.00996813 -0.0222814 2.16717e-05 0.000394878 -0.0146947 0 0
0 0 0.00420498 0.0266015 -9.04436e-05 0.0256597 -0.024054 0.00461309 0 -0.00621343 -0.0139623 -0.00260053 -0.0140871 0 -0.00185674 0.00172851 0.000764994 0 0.0150387 -0.0179088 0.00168931 -0.00284489 -0.00824155 0.0268895 0.00173192 0.00940549 0 0.0067077 0.00204627 -0.0170836 0.0283643 0.00401992 0.00951554 0.0117156 0.00270638 -0.00116427 0.000360667 0.000943241 0.0240194 0.0072422 0 -0.00688864 0.0088187 0 0.000204874 0.000700939 0 0.00813702 0 0.00754891 0.00326888 0.000650161 0 0.0142952 0.00497133 0.0032771 0.00125806 -0.00427068 0.0139804 0 -0.000239806 -0.016098 0 0 0.00350398 0.00944075 -0.0197453 0.0129718 0 0.0129277 0.0211094 0.00273848 0.00109596 0.0029491 -0.00816371 0.0136051 -0.00041763 0.00755362 0 3.73863e-06 0.00141176 -0.00509801 -0.00214135 0 0.010955 0.00409127 0 0.00990203 0.00635562 -2.59816e-06 0 -0.0108596 0.0103234 0 0 0.0181487 -0.000807563 0.00721092 0.00214056 0.00705991 0.00428128 -0.00299448 0 0.00175461 0.000212932 0.0106055 0.0116502 0.00176993 0.00229629 0.000980802 0 0 0.00783073 0 -0.00782016 -0.0125098 0 -0.00746549 0.00727572 0.00653663 -0.0105702 -0.000738842 0 0.00256761 -0.00416049 0.00641999 0.00276457 0.00304789 0.00656084 0.0038388 0 0 0.00445858 0.00047292 0.00924692 -0.00392312 0 0.00570911 0 0.00465563 0.0105951 0.00387928 0.00259189 0.00248289 -0.000935012 0 -0.0226063 0 0.00244025 0.0081483 -0.000972328 0.00322682 -0.00859709 -0.0038804 -0.00175867 -0.00109088 0.00861548 -0.00689915 0.00279555 -0.00752038 0 0 0 0.00170425 0.00198171 0.0112903 0.00867712 0 -0.000897314 0.0061971 0.00889146 0.00791295 0.0034788 -0.00701438 -0.00524344 0 0.0052412 0.00581855 0 0.00796852 -0.00777515 0.00135196 0.0013371 -0.00744045 -0.00418033 0 0.000177991 0.00249383 -0.00817095 0 -0.00385987 0 0.00452852 0.0086291 0 0.00305033 0.00293741 0 0.00657992 0 -0.00801811 0 0 0.00464247 0.000993137 -0.0156837 0 0.00133213 0.00422372 0.00545999 -0.00594942 0 0 0 0 0
-7.75204e-05 0.00171511 0.00571759 0.000464894 -0.00301217 0.0186558 0.00334699 0.00911866 0.00632922 0 -0.00549486 -0.00152535 0 0.00576049 -0.0064551 0.0121126 -0.00193251 0.0150387 0 -0.000558895 0.00813888 0.000942607 -0.00431677 0.00757306 0.00998599 0.00524949 -0.000843725 0.00355485 0.00465178 -0.00302873 0.00629806 0 0.0365541 0.0342414 0.0119244 -0.0062946 0.000632173 0.000312675 0 0 -0.00151559 0 0.0264835 0 -0.00208399 0 -0.00179096 0.00468717 -0.0029074 0.0110408 0.0180215 0.00512272 0 0.0354294 0.0175654 0.0075862 0.00177982 0.00378225 0.00613566 -0.000265357 -0.00597724 0.0112212 0 0 0.00824064 0.027887 0.00128089 0.00609249 0.00209187 0.00907897 0 0.00462846 0.000182415 0.00477288 0.00538439 0.0195961 0.00775419 0.0312445 0.00550541 0.00242109 0 -0.023067 -0.00441616 0.00045978 0.0388188 0.0115387 -0.00195062 0.02873 0.0323618 0 0.00511141 0.00386862 0.00500071 0 -0.00190964 0.0179761 -0.0039005 0.0247934 0.0250368 0.0266334 0.0262901 -0.00916015 0.000467695 0.00143648 0.00686786 0 0.00428967 -0.00172687 6.23992e-07 0.0157084 -0.00181586 0.00207777 0.0182342 0.000828621 -0.00852541 0.0116244 0.00342914 -0.0204303 0.00766648 0.0237936 0.0097211 -0.00304082 0.00211178 0.0227473 0.00270432 -0.00252013 0 0.0168301 0.0269657 0.0129141 0.00459063 0.00181684 0.000634433 0.00947794 0.00673005 0 0 -0.00389291 0.0093678 0.0200781 0.0429658 0 0.00402341 0.00934969 0 0.00527884 0 -0.0025728 0.0195197 0.0188567 0.00340409 0.0170569 0.00134859 0.000767945 -0.000413239 0 0.00713136 -0.0214497 0.00257497 0.00426087 0 0.00160026 0 0 0.0136657 0.0122111 0.037052 0.00622735 0.0216091 0.0201126 0.0338992 0.017621 0.0102728 0.011482 -0.00753751 0 0.0160333 0.0215977 0 0.0313395 -0.0309048 0 0.000971101 -0.0237742 0 0 0.0040257 0.0120385 -0.0289007 0 -0.00110659 0 0.0200228 0.0362255 0 0.016008 0.013149 0 0.0302576 0 0.00795879 0 -0.000467606 0.0203435 0.00874428 -0.0312125 -1.00628e-05 0 -0.00420387 0.0218325 0 -0.00103675 -2.41343e-05 0 0 0
0.0225749 1.36666e-05 0 0 0 0 0.0335845 0 0.000156071 0.0172941 0.0223462 0 0.015315 0.017194 -0.019074 0.00181987 0 -0.0179088 -0.000558895 0 0.000143889 0.0287399 0.0175713 -0.0135428 0 0 0 -0.0173213 0 0.0020366 0 -0.00206489 0.00360019 4.44796e-05 0 -0.00374895 0 0 0 0 0.0255383 0 0 0 0 0 0 0 0.0391916 0 0.000579437 0.00138961 0 -0.0022167 0 -0.0162703 0 0.00579764 0 0.0166958 -0.000260031 0.000765594 0 0.000189391 0 0.0015645 0.0245529 0 0 0 -0.000683398 0 0 0 0.00123864 0.00178141 0.000685473 -0.00207867 0.00849196 0 0 -0.000840097 0.00089268 0 0.00222785 0.000808087 0 -0.000929913 0.00167282 0 -0.0139546 0.0252233 0 0 0 0.00220798 -0.00605667 0.000768817 0.00288084 -0.00333801 0.00029951 0 -0.00686554 0 0.000405914 0 0 0 0 0.000175877 -0.000103622 0 0 0 0 9.42648e-06 0.000889162 -0.000636679 0 0 0 0 0 0.000542909 0.000650722 0 0 0 0.000807083 9.97801e-05 0.000515316 -0.0055588 0 0 0 0 0 -0.00127584 0 0.00136698 0.00410749 0 0 0 0 0 0.00526757 0.00701063 0.000974869 0 0.00181715 0 0.00485372 0 0 0 0 -0.00120046 0 0.0229179 -0.000347027 0.0184294 -0.0302114 0 0 0 -0.000254186 0 7.45146e-05 0 0.00238128 0 0 0.0116299 0 0 0.000579942 0.000327889 0 0.00178484 -0.00172932 -0.00199876 0 -0.000889483 0 0 0 0 0 0 0 0 0 0.00221438 0 0 0 0 -0.000640873 0 0.00085153 0 -0.00829746 0 -0.00457832 -0.000439881 -0.000171545 -0.00168271 -0.00140004 0.00250382 0.00182368 0 0 0 0 0
0 0 0.00867511 0.00384746 0 0.00610239 -0.00846221 0.0263511 -0.0078091 -0.000121421 -0.000821308 0 0 0.00133254 0 0.00138233 8.18218e-05 0.00168931 0.00813888 0.000143889 0 0 -0.00707566 0.00258725 0.0221609 0 0 0 0 -0.00781821 0 0.00925156 0.00378311 0.00837402 0.00269012 -0.00148897 0.00982748 0.00105942 0 0.000231683 0.000779523 -0.0174397 0.017311 0 0.0149296 0 0.00545566 0.00119155 0 0.0227852 0.0026952 0 0 0.00885703 0.000367129 0 0.00325638 0 0 0 -0.00124777 0.0028025 0 0 0.0276371 0.00594834 0 0.0055365 0 0.0015708 0 0 0 0.00593756 -0.0137307 0.00663137 0.000297407 0.00621364 0 -0.00260415 0.0107568 -0.00560862 0 0.00146628 0.00869287 0.0252208 0 0.00573087 0.00492244 -0.00575463 0 0 0.00385463 0 0.00973354 0.00208462 -0.0030898 -0.00494244 0.000872941 0.003832 0.00525016 -0.000798 -0.00508377 0 0 0.00295118 0.00348368 0 0.0161085 -0.00892876 -0.018529 0 0.0138021 0.000604383 -0.00195039 -0.00352222 -0.00665688 -0.00254848 -0.0128014 0.00505751 -0.000598118 -0.000996205 2.069e-05 0.000468492 0 0.00144786 0.00100039 0.00290511 0.00510318 0.0108718 0 0 0.0184747 0.00167506 0.0113655 -0.0108144 0 0 0 0.00397665 0.0117324 0.00146176 0.0016828 0.00276854 0 0.00152353 -0.0089523 0.000631413 0.00365155 0.00150971 0 0.000422228 -0.00136751 0 -0.00952849 -0.0019154 0.000938807 -0.00449633 0.0013448 0.000602662 -0.000362145 0 0 0 0.0026786 0.000356724 0.0070078 0.000870805 0.00481224 0.00434159 0.0057093 0.00439161 0.00914138 0.00192567 -0.00142197 0 0.00347414 0.00657831 0 0.00544367 -0.00517227 3.43152e-06 0 -0.00568096 -0.00889343 0 0 0.00312575 -0.00535802 0 -0.00761911 0 0.00460522 0.00761355 0 0.00290397 0.00114361 0 0.00447768 0 0 0 0 0.0035236 0.00207974 -0.00746884 0 0 0 0.00176259 -0.00798454 -0.0137195 0 0 0 0
0.0374471 0.0589187 0 -0.00527419 0.00730506 -0.000636186 -0.00542536 -0.00191816 0.00136671 0.0296531 -0.016871 0.0482183 0.0504438 0.0210903 0.0101466 0.0417123 -0.00340296 -0.00284489 0.000942607 0.0287399 0 0 -0.0117202 -0.00137244 0.0066568 -0.0379837 0 -0.0578896 0.0337525 -0.0316146 -0.0353495 -0.00254802 0.0073284 0.00391515 0.0277744 0.0262826 0 0 -0.0130624 0 0.000784415 0 0.0029889 0 0 0 -0.000726009 -0.0228644 0.0105738 -0.00907832 0.00123687 -0.0250361 0.0146385 -0.00154469 0.00318687 0 0 0 -0.0325525 0.00173936 0 0.0121896 0.0137391 -0.0297689 0 0.0033543 0.0715751 0 0.0366796 -0.00203293 -0.0370735 -0.0290481 -0.000236713 0 0 0.00671525 0.000945622 0.00363808 0.00897677 0 0 -0.00923006 0.0198519 0 0.0039625 0 -0.0181537 0.00164865 0.00401888 0 0.0162864 0 -0.000371421 0 0 -0.00318391 -0.00090026 0.00119042 0.00118452 0.00209188 0.00207482 0 -0.0387394 -0.0331865 0.000655928 -0.0070762 0 -0.00567575 0 0.00314259 -0.023186 0.000974509 -0.0013309 0 -0.00412447 0.0118684 0.00709713 -0.00126503 -0.0507498 0.000189421 0.00148166 -0.020816 0 0.0016986 0 0 -0.00298476 0 0.00037289 0 0.0409461 -0.0248014 0 0.00465352 0 -1.14591e-05 0.011304 -0.0112983 0.024569 0.00289662 0.00706146 -0.000411993 -0.000221322 0.000165146 -0.0157115 0.00019034 0.0104399 0 0.00355556 0.00178391 0.00154606 0.00322079 -0.0140755 0.038529 0 0 0 -0.00150552 0 0.0453272 -0.0147276 -0.0383729 0.0157845 -0.00304071 0.00126405 -0.0129683 0.00305708 0.0255375 -0.00109554 0.00117523 0.00597486 8.65965e-05 0 -0.00139803 0 0 -0.0112729 0.011703 0 0.00137619 0.0077564 -0.00867366 -0.00486448 0 0 0 0 0 -0.000693522 0.0179574 -1.36033e-05 0 0.00218319 0.00293364 0 0.000253849 -8.90844e-05 0 -0.0012502 0 0.0016483 0 -0.0150258 0.0018686 0.00307425 -0.00292053 0 -0.00799517 -0.0137347 0.00254638 0.00491592 0 -0.001663 0 0 0
-0.0132157 -0.0194033 0 0 -0.00320309 -0.00686832 0.181797 0 -0.00102285 0 -0.000225852 -0.00021711 0 0.00601476 -0.012671 -0.0154156 0 -0.00824155 -0.00431677 0.0175713 -0.00707566 -0.0117202 0 -0.00279773 0.00262421 0.000821912 0 0 -0.0153205 0.151595 0 -0.00674225 0.00730437 0.00379389 -0.0111904 -0.0092944 -0.0056569 0.00466479 0 0 0.00480521 0.00139537 0.00321715 -0.000306624 0 0 -0.000757971 0.00995411 0 -0.0126249 0.0272375 0.033214 -0.0310026 0.0055231 0.00133524 0 0 0.00199262 0.000901141 0 -0.00302069 -0.00114776 0 0.0458977 -0.00702085 0.00355206 -0.0298284 0 -0.0139227 0.00228898 0 0 0.00163134 0.00161683 0.0251447 0.00425395 0.0119251 0.00331419 0.000502839 0.0162536 -0.0248573 -0.000898001 0 0 0.00451201 -0.000760489 0 0.00295381 0.00654799 0 0 0.0431382 0 0 0.000210327 -0.000231976 -0.000914092 0.00458516 0.0102736 -0.00470924 0.00649612 -0.00155809 -0.000163011 0 0 0 -0.00682013 0.00133919 0 -0.0151399 0 0 -0.0178361 0 0 -0.0184569 0 -0.00436832 0.000797125 0.00610304 0.00178287 0 0.0016417 0.00719357 0.00431358 0 -0.000548336 0.00882241 -0.00102493 -0.000532071 -0.0082403 0 0 0 0 0.0125133 0 0 0.000320354 0.00214721 0.00771643 0 0 -0.00201822 -0.000150746 0 0.000410522 0.0263524 -0.001798 0.000110504 0 0.000909342 0.14381 0 2.75147e-07 0.0106505 0 -0.00363915 0 0.000588601 0 0.0536158 -0.0209387 0 0.00320226 0.00233484 -0.00124029 -0.00575398 0.00375838 -0.0114191 0.00051295 -0.00737712 0 0.0284898 -0.00053607 0 0.00512197 -0.00059768 0 0.000380494 -0.00621322 0 0 -0.00493165 0.00107999 0 0 0.00199541 0.000349672 0 0.00297492 0 0.00622069 -0.0035844 0 0.00234495 0.00129327 0 0.00539514 0 0.0131466 0 -2.70918e-05 0.00410714 -0.0019026 -0.000319715 -0.00179127 0 -0.000967797 0.00397821 1.75605e-05 -0.000245479 0 0 0 0
-0.00137906 -0.0179494 0.0239321 0.0103587 -0.00139287 0.0132352 -0.000521081 0.00403014 -0.00676988 -0.00410369 -0.00278402 -0.0151708 -0.00274203 -0.00479724 -0.00151474 0 0.00473721 0.0268895 0.00757306 -0.0135428 0.00258725 -0.00137244 -0.00279773 0 0 0 0 0.000455434 0 0.000929093 0 0 0.00737743 0.0104368 -0.00115498 0 0.00607387 0.000528066 0.00518663 0.000166774 0 -0.000772074 0.0153977 0 0.000637865 0.000418586 0.00030572 0.0040355 -0.0341204 0.000210339 -0.000722884 -0.00200321 -0.00489054 0.00828361 0.00332661 0 0.000369058 0 0 -0.000841768 0 -0.010372 0 0 0.00286478 0.00553868 -0.0354667 0.0121743 0 0.0128639 0.000948042 0.00037542 0.00922194 0.000567092 -0.0120234 0.00288003 0.000950913 0.00440822 -0.00471826 0 0.00318172 -0.00286885 -0.0105775 0.00227929 0.00891273 0.00342858 0 0.00711332 0.00254584 0 0 0 0.000879822 0 0 0.00413682 -0.00099843 0.00396849 0.0022732 0.00567568 0.005424 -0.00530962 0 0 0 0.00483947 0.000762001 0.00528946 0.000602345 -0.00447074 -0.00199039 -0.00700765 0.00267396 0 -0.00137892 -0.00764657 0 -0.00457432 0.00104494 0.0136864 -0.00181386 0 0.000269137 0.00337966 0 0.028078 0.00788083 0.000485389 0.00629654 0.00295004 -0.00871962 0 0.00343911 0 0.00712847 -0.000848608 0 0 -0.0195816 0.003948 0.0101236 0.00128841 0.00039585 0 0 0 -0.00744286 0 0.00176856 0.016183 -0.0066031 0.00128038 0.00121284 0 -0.00149766 0 0.000273412 -0.00553492 0.00105147 -0.00275298 0 0.00146723 -0.00212677 0 0.00182025 0.00384299 0.00773814 0 0.00112713 0.00470185 0.00505743 -0.00148704 0.00483514 0.00189143 -0.0025312 0 0.0137611 0.00373204 0 0.00989417 -0.00516391 0.000335178 0 -0.0105615 -0.00139149 0 0.00361806 0.00277857 -0.00193301 0 -0.000289906 0 0.00295093 0.00738532 0 0.00295769 0.00111811 0 0.00488577 0 -0.0103219 0 0 0.00444775 0.00134447 -0.007325 0 0.00234198 0 0.00341637 -0.00243234 0 0 0 0 0
