0.737531 0.0354373 0.0598168 -0.0501211 0.0227119 0.0131173 0.0127587 -0.0277466 0.0791734 0.0617155 0.0892749 0.00583036 0.0238613 0.0130386 0.0218754 0.0661375 -3.96974e-06 0.0314686 -3.39034e-06 4.32619e-06 0.0278682 0.037533
0.0354373 0.880721 -0.00464179 -0.0663523 0.194889 -0.0378407 0.123711 0.0446554 -0.02686 0.0530066 0.134635 0.0538218 0.0288162 -0.0375889 -0.122566 0.0967097 1.70001e-06 0.123033 2.4537e-06 3.45532e-06 0.096343 0.115341
0.0598168 -0.00464179 0.686036 -0.00129874 0.016083 0.0369744 0.0106461 0.0081628 0.00970514 0.0153592 0.0990005 -0.044712 0.0757445 0.0367338 -0.0121871 0.0290879 2.16156e-07 0.0253006 -6.66742e-07 2.00573e-06 -0.0219102 0.0390277
-0.0501211 -0.0663523 -0.00129874 0.420554 -0.0135892 0.0659823 -0.053735 -0.0102114 0.102454 -0.0616949 -0.0241793 0.0456588 -0.0931162 0.0655547 0.159062 -0.0853774 5.97819e-06 -0.0662767 1.94744e-07 9.2241e-07 0.0332918 0.00741863
0.0227119 0.194889 0.016083 -0.0135892 0.668856 -0.00799353 0.0914821 -0.0283716 0.100087 0.0800309 0.114272 -0.00587414 0.023469 -0.00794518 -0.0519552 0.0323584 -2.97515e-06 0.151844 -1.37935e-06 2.46006e-07 0.181443 0.0103383
0.0131173 -0.0378407 0.0369744 0.0659823 -0.00799353 0.313417 -0.0236525 0.117544 0.0329493 -0.0605788 -0.00995644 0.123506 -0.0433171 0.311369 0.134593 -0.0474103 1.86505e-06 -0.0112776 -6.22768e-07 -1.62822e-06 -0.035848 0.0560352
0.0127587 0.123711 0.0106461 -0.053735 0.0914821 -0.0236525 0.246668 0.0450925 -0.0598219 0.0713192 0.0674185 -0.0237883 0.041666 -0.0235011 -0.138228 0.032539 -2.4099e-07 0.108773 1.06857e-07 1.04584e-06 -0.0118853 0.0489221
-0.0277466 0.0446554 0.0081628 -0.0102114 -0.0283716 0.117544 0.0450925 0.398407 -0.0529719 0.0627429 0.0135007 0.139415 -0.0212518 0.116775 -0.0154454 0.0402697 2.60025e-07 0.0426421 -9.39614e-07 7.8886e-07 0.00427011 0.187704
0.0791734 -0.02686 0.00970514 0.102454 0.100087 0.0329493 -0.0598219 -0.0529719 0.80723 -0.2182 0.0254733 -0.0175242 -0.0209151 0.0327361 0.0519235 0.015498 1.19979e-06 -0.0171081 3.64234e-06 3.58405e-06 0.069186 0.0608621
0.0617155 0.0530066 0.0153592 -0.0616949 0.0800309 -0.0605788 0.0713192 0.0627429 -0.2182 0.649778 0.0850956 0.00324252 0.0999284 -0.0601884 -0.0732298 0.0519375 -8.34103e-07 0.0828497 -3.92728e-06 1.49808e-06 0.0637315 0.0506701
0.0892749 0.134635 0.0990005 -0.0241793 0.114272 -0.00995644 0.0674185 0.0135007 0.0254733 0.0850956 0.506378 0.00459701 0.0392853 -0.00989292 -0.0396811 0.0485773 3.2905e-08 0.094203 2.55338e-06 -2.841e-06 0.0873733 0.0770232
0.00583036 0.0538218 -0.044712 0.0456588 -0.00587414 0.123506 -0.0237883 0.139415 -0.0175242 0.00324252 0.00459701 0.401477 -0.0338992 0.122701 0.100956 -0.00466764 2.38505e-06 -0.0417434 -1.72175e-07 -1.25423e-06 0.00757951 0.0443509
0.0238613 0.0288162 0.0757445 -0.0931162 0.023469 -0.0433171 0.041666 -0.0212518 -0.0209151 0.0999284 0.0392853 -0.0338992 0.823074 -0.0430351 -0.0678305 0.0465399 2.57837e-07 0.0791631 -3.58368e-06 -2.6861e-06 -0.050832 0.00938613
0.0130386 -0.0375889 0.0367338 0.0655547 -0.00794518 0.311369 -0.0235011 0.116775 0.0327361 -0.0601884 -0.00989292 0.122701 -0.0430351 0.309334 0.133716 -0.0471027 1.85292e-06 -0.0112054 -6.1863e-07 -1.61795e-06 -0.0356161 0.0556693
0.0218754 -0.122566 -0.0121871 0.159062 -0.0519552 0.134593 -0.138228 -0.0154454 0.0519235 -0.0732298 -0.0396811 0.100956 -0.0678305 0.133716 0.689967 -0.122845 5.29327e-06 -0.103391 1.35833e-07 -3.52112e-06 0.0803654 -0.0258177
0.0661375 0.0967097 0.0290879 -0.0853774 0.0323584 -0.0474103 0.032539 0.0402697 0.015498 0.0519375 0.0485773 -0.00466764 0.0465399 -0.0471027 -0.122845 0.504818 -3.69365e-06 0.0647628 3.4107e-07 1.11398e-06 0.0298986 0.0325197
-3.96974e-06 1.70001e-06 2.16156e-07 5.97819e-06 -2.97515e-06 1.86505e-06 -2.4099e-07 2.60025e-07 1.19979e-06 -8.34103e-07 3.2905e-08 2.38505e-06 2.57837e-07 1.85292e-06 5.29327e-06 -3.69365e-06 3.31152e-09 -1.38223e-06 1.33955e-11 2.76375e-11 4.00383e-07 1.20454e-06
0.0314686 0.123033 0.0253006 -0.0662767 0.151844 -0.0112776 0.108773 0.0426421 -0.0171081 0.0828497 0.094203 -0.0417434 0.0791631 -0.0112054 -0.103391 0.0647628 -1.38223e-06 0.301525 -5.27319e-07 -1.00748e-06 0.0821232 0.0386219
-3.39034e-06 2.4537e-06 -6.66742e-07 1.94744e-07 -1.37935e-06 -6.22768e-07 1.06857e-07 -9.39614e-07 3.64234e-06 -3.92728e-06 2.55338e-06 -1.72175e-07 -3.58368e-06 -6.1863e-07 1.35833e-07 3.4107e-07 1.33955e-11 -5.27319e-07 3.32368e-09 4.66817e-11 1.93427e-07 -9.6489e-07
4.32619e-06 3.45532e-06 2.00573e-06 9.2241e-07 2.46006e-07 -1.62822e-06 1.04584e-06 7.8886e-07 3.58405e-06 1.49808e-06 -2.841e-06 -1.25423e-06 -2.6861e-06 -1.61795e-06 -3.52112e-06 1.11398e-06 2.76375e-11 -1.00748e-06 4.66817e-11 3.30372e-09 -1.84908e-06 2.4712e-06
0.0278682 0.096343 -0.0219102 0.0332918 0.181443 -0.035848 -0.0118853 0.00427011 0.069186 0.0637315 0.0873733 0.00757951 -0.050832 -0.0356161 0.0803654 0.0298986 4.00383e-07 0.0821232 1.93427e-07 -1.84908e-06 0.637681 0.013037
0.037533 0.115341 0.0390277 0.00741863 0.0103383 0.0560352 0.0489221 0.187704 0.0608621 0.0506701 0.0770232 0.0443509 0.00938613 0.0556693 -0.0258177 0.0325197 1.20454e-06 0.0386219 -9.6489e-07 2.4712e-06 0.013037 0.583778