0.625634 -0.0164745 0.0143131 0.0361351 -0.015975 -0.0153994 -0.210299 0.0135231 0.150968 -0.0732767 0.0200568 0.0134157 -0.122889 0.00100536 -0.0310129 0.221374 3.71713e-07 -0.0264378 -0.00316026 -0.111934 0.140397 0.109602
-0.0164745 1.24768 0.0752723 0.0187729 0.299791 -0.1673 0.0970189 0.0222151 0.0647751 0.165896 0.0564664 0.104864 0.155508 -0.162873 -0.119279 0.0274682 2.82393e-07 0.249837 0.0689199 0.120439 0.230543 0.0203003
0.0143131 0.0752723 0.65497 0.0169804 0.169022 -0.0333094 -0.000670751 -0.0407232 -0.0873479 -0.00855778 0.12264 0.0409744 0.124298 -0.0348208 -0.0865985 0.123188 7.27677e-07 0.264452 0.0850318 0.143322 0.0311059 -0.0258739
0.0361351 0.0187729 0.0169804 0.660914 0.0545363 0.00645315 -0.0759671 -0.0493252 0.220283 -0.0244993 0.110824 0.00924191 -0.142212 0.00793438 0.215452 0.0449635 2.33605e-06 -0.0820161 -0.15825 -0.179728 0.121495 0.100558
-0.015975 0.299791 0.169022 0.0545363 1.13913 -0.0400603 -0.15546 -0.037273 0.10775 0.22706 0.201697 0.0470158 0.123161 -0.109174 -0.0531462 0.0636699 4.7684e-06 0.501274 0.062362 0.0797282 0.32609 0.0760609
-0.0153994 -0.1673 -0.0333094 0.00645315 -0.0400603 0.937142 0.253749 0.507337 -0.122613 -0.13966 0.0710132 0.116023 0.00124464 0.825349 0.0888714 0.0172124 -3.50897e-07 0.0428551 0.128991 0.0499062 -0.213639 0.108757
-0.210299 0.0970189 -0.000670751 -0.0759671 -0.15546 0.253749 1.3982 0.419295 -0.155788 -0.0529483 0.205963 0.210814 0.125951 0.321046 0.0577653 -0.0510921 -1.95979e-06 -0.159486 0.116196 0.11017 -0.437062 -0.162361
0.0135231 0.0222151 -0.0407232 -0.0493252 -0.037273 0.507337 0.419295 0.972122 0.00335925 -0.112447 0.112376 0.529523 -0.0138753 0.585695 0.135367 0.170026 -5.01811e-06 0.1065 0.0586669 -0.0531242 -0.180498 0.183856
0.150968 0.0647751 -0.0873479 0.220283 0.10775 -0.122613 -0.155788 0.00335925 1.00863 -0.149423 0.053027 0.111161 -0.131607 -0.102742 0.0696423 0.051645 -8.36518e-07 -0.189185 -0.220967 -0.255069 0.268161 0.352516
-0.0732767 0.165896 -0.00855778 -0.0244993 0.22706 -0.13966 -0.0529483 -0.112447 -0.149423 0.9031 0.175731 -0.0459849 0.176319 -0.148119 0.0206851 -0.0392587 6.10172e-06 0.180445 0.127698 0.181178 0.0810955 -0.081711
0.0200568 0.0564664 0.12264 0.110824 0.201697 0.0710132 0.205963 0.112376 0.053027 0.175731 1.03471 0.144163 0.0094343 0.101448 0.100675 0.137362 2.68697e-06 0.148928 -0.0083334 0.0035055 -0.00752761 0.102824
0.0134157 0.104864 0.0409744 0.00924191 0.0470158 0.116023 0.210814 0.529523 0.111161 -0.0459849 0.144163 0.999409 -0.0176833 0.191193 0.176772 0.160281 -3.21116e-06 0.0215378 0.00724935 -0.0537037 0.00544245 0.163226
-0.122889 0.155508 0.124298 -0.142212 0.123161 0.00124464 0.125951 -0.0138753 -0.131607 0.176319 0.0094343 -0.0176833 0.961357 0.000330332 -0.0960576 -0.0745832 4.72755e-07 0.213784 0.40792 0.502945 -0.0571578 -0.0880905
0.00100536 -0.162873 -0.0348208 0.00793438 -0.109174 0.825349 0.321046 0.585695 -0.102742 -0.148119 0.101448 0.191193 0.000330332 1.02623 0.0993069 0.0642325 -1.04348e-06 0.0329883 0.112496 0.055284 -0.226134 0.127884
-0.0310129 -0.119279 -0.0865985 0.215452 -0.0531462 0.0888714 0.0577653 0.135367 0.0696423 0.0206851 0.100675 0.176772 -0.0960576 0.0993069 1.10748 -0.115388 -5.52421e-07 -0.252173 -0.143532 -0.118643 0.0217369 0.0313778
0.221374 0.0274682 0.123188 0.0449635 0.0636699 0.0172124 -0.0510921 0.170026 0.051645 -0.0392587 0.137362 0.160281 -0.0745832 0.0642325 -0.115388 0.667786 1.47079e-06 0.151922 -0.0700773 -0.0853843 0.0288763 0.101561
3.71713e-07 2.82393e-07 7.27677e-07 2.33605e-06 4.7684e-06 -3.50897e-07 -1.95979e-06 -5.01811e-06 -8.36518e-07 6.10172e-06 2.68697e-06 -3.21116e-06 4.72755e-07 -1.04348e-06 -5.52421e-07 1.47079e-06 3.27213e-09 -1.96862e-06 1.53037e-07 2.06307e-06 -1.28665e-06 -1.73044e-06
-0.0264378 0.249837 0.264452 -0.0820161 0.501274 0.0428551 -0.159486 0.1065 -0.189185 0.180445 0.148928 0.0215378 0.213784 0.0329883 -0.252173 0.151922 -1.96862e-06 1.23157 0.270151 0.278938 0.15377 -0.175703
-0.00316026 0.0689199 0.0850318 -0.15825 0.062362 0.128991 0.116196 0.0586669 -0.220967 0.127698 -0.0083334 0.00724935 0.40792 0.112496 -0.143532 -0.0700773 1.53037e-07 0.270151 1.09871 0.607009 -0.0263308 -0.129305
-0.111934 0.120439 0.143322 -0.179728 0.0797282 0.0499062 0.11017 -0.0531242 -0.255069 0.181178 0.0035055 -0.0537037 0.502945 0.055284 -0.118643 -0.0853843 2.06307e-06 0.278938 0.607009 1.05538 -0.0155167 -0.10133
0.140397 0.230543 0.0311059 0.121495 0.32609 -0.213639 -0.437062 -0.180498 0.268161 0.0810955 -0.00752761 0.00544245 -0.0571578 -0.226134 0.0217369 0.0288763 -1.28665e-06 0.15377 -0.0263308 -0.0155167 0.955329 0.143442
0.109602 0.0203003 -0.0258739 0.100558 0.0760609 0.108757 -0.162361 0.183856 0.352516 -0.081711 0.102824 0.163226 -0.0880905 0.127884 0.0313778 0.101561 -1.73044e-06 -0.175703 -0.129305 -0.10133 0.143442 0.88655