0.907929 -0.0621964 -0.000597081 -0.0614862 0 0 0.00678593 0 -0.00768356 -0.000498005 -0.00282138 0.000306077 -0.0323142 -0.0425094 -0.0485974 -0.0213677 0 0 0.0116428 0.00526048 -0.0366515 -0.0232905 -0.0126294 0 -0.0164891 0.00408256 -0.0261823 0 -0.00670264 0.000160926 0 0 0 0 0.00518664 0 0 0 -0.000720422 0 -0.0149912 0 0 0 -0.00661981 -0.00168273 0 -0.000428134 -0.0120263 0 0 0 0 2.14166e-05 0 0 0 0.00770536 0.000159376 0 -0.00923909 0.000550028 0.0050943 0 7.59351e-06 0.0128678 0 -0.00911042 0 0 -0.0147234 0.00328714 0.0147697 0 -0.00911712 -0.000279056 0 -0.00779682 0 0 -0.000425117 0.000771978 0 0.0163857 0 -0.014993 0 -0.00496033 0 0.00142631 0 -3.80209e-05 -0.00178118 0.00552427 0 -0.0386633 -0.0508837 0 0 0 0.00138046 0 -0.0208719 0 -0.00136916 -0.00660927 0.00229864 0 -8.94262e-05 0.0150062 0.000887415 0 -0.000809454 -0.00140989 0 0 -0.00965279 0.0228216 -0.00976675 -0.0195789 0.00186915 0 -0.0291784 -0.00161376 0 0 0 -0.0168435 0 0 0.000675295 0.00499146 0 -0.0164452 0.000741439 0 -0.00265371 -0.00171342 0.00803251 0 -0.0157884 0 0 -0.0107104 0.0101041 0 0.011532 -0.00043826 -0.00453177 0.0102409 -0.000726297 0 0 0 -0.00334686 0 7.63628e-06 -0.00269366 -0.000603138 0 0 -0.000355718 -0.00665009 0 -0.00752049 0 -0.0362646 -5.34875e-05 0.00355588 -0.0071949 0 0 0 -0.00904416 0 -0.0231379 0 -0.00816827 0 0 0 0.00196972 0 0 -0.0051926 0 0.00598842 -0.000153641 0 0 0 0 0 0 -0.0023864 0.00396852 0 -0.00553152 0 0 0 0 0 0 0 0 0 5.53071e-05 0 0.00191754 0 0.00182839 0 0 0 0
-0.0621964 0.871822 0 -0.0476157 0 0 0.0227667 0 -0.00340885 0 -0.0145216 0.00878054 -0.0103122 -0.0280041 -0.0614415 -0.0320886 0 0 0.0200519 0.0126979 -0.05534 -0.0173148 -0.0152311 0.00221741 -0.0213935 0.00327195 -0.0234615 0 -0.000514241 0 0 0 0 0 0.0012037 0 0 0.000149833 5.09553e-06 0 -0.0215092 0.00113974 0.000449456 0 -0.0185017 0 0 -0.00916872 -0.00108042 0 0 0 0 4.78632e-05 1.31279e-05 -0.00152706 -0.000104378 0.00800306 0.00332664 0 -0.00314753 0.00608951 0.021809 0 0 0.0108349 0 -0.00294446 0 0 -0.0195252 1.10853e-05 0.0052283 0 -0.0188534 0 0 -0.000801262 0 0 -0.000558236 0.00137282 0 0.0165341 0 -0.0238946 0 -0.0191668 0 9.41037e-05 0 0 -0.00136182 0.0025436 0 -0.0253712 -0.00968656 0 -0.00371191 0 0.00224707 0 -0.00583577 0 -0.00935721 -0.0144663 0.00960058 0 0 0.00441517 0.00139759 0 0 -0.00773723 0 -0.00145746 -0.0242361 0.0157743 -0.00912844 -0.00970304 1.20994e-05 -0.00870959 -0.0289843 -0.00249107 0 0 0 -0.0141769 0 0 0 8.91476e-05 0 -0.00826441 0.0042454 0 -0.00996032 -0.00788936 0.00207094 0 -0.0138419 0 0 -0.00793301 0.0181254 4.48335e-07 0.00314447 0 -0.00317932 0.0121117 -0.00232373 0 0 0 -0.00376143 0 0 -0.00876429 -0.000341168 0 0.00304034 0 -0.00959557 0 -0.00169167 0 -0.0384844 -0.000696251 0 -0.0293939 0 0 0 -4.53141e-06 0 -0.00972863 0 -0.0195222 -7.37201e-05 0 0 0.000687681 0 0 -0.000354414 0 0.00708114 0 -0.00702122 0 0 0 0 0 -0.0247862 0.0030635 0 -0.000322488 0 0 0 0 0 0 0 0 0 0 0 0.000456352 0.000603555 0.00174608 0 0 0 0
-0.000597081 0 0.905 -0.00824895 -0.0320345 -0.0433825 0.000189128 0.00477216 -0.0268039 0.00592499 0 -0.0022684 -0.00542878 0 0 0 -0.0149624 -0.00897956 -0.00155863 0.000456351 -0.0106546 0 0 -0.00683488 0 -0.0183375 0 0.00170719 0.000368965 -0.00122887 -0.000192398 -0.00814586 -0.00819607 0 0 -0.0122105 -0.000138552 -0.0130572 -0.0169127 0 0.00238063 0 -0.0265755 0 0 -0.0304655 -0.000491019 0 -0.0318192 -0.00171103 0.000713657 -0.0125336 -0.0092648 -0.0119779 -0.00497142 0 0 0.00832809 -0.00224974 0.000230665 -0.0103 -0.0108379 -0.00167417 -0.0219396 0 0.00350933 -0.0074828 0.00126509 -0.00806074 0.00146932 -0.00577196 -0.00532731 -0.00281756 -0.00965484 0 -0.00753116 0 -0.00206892 -0.0122254 0 -0.0169187 -0.00190891 -0.00320718 -0.000399672 -0.00013872 0 0 0.00126274 -0.00487144 0.00473019 0 -0.0254465 0 0.00685664 -0.0281845 0 -0.00131462 0 0.00205544 -0.00295058 0.0157145 -0.0294225 -0.00407065 -0.00214634 0 0 0.00334187 -9.1325e-05 -0.0194497 -0.000433841 -0.00390925 0 0.00305548 0 -0.00731548 -0.00298189 -0.00139375 0.00258286 0 0.000570158 0.00406542 0 0 -0.0080385 -0.0105041 -0.00489921 -0.00222465 0 -0.0192756 0 -0.00115666 -0.000208936 -0.00317094 -0.0120148 -0.00212127 -0.00573778 0.00163489 0.0159321 0 -0.0101171 -0.0219842 0.00650311 0.000471154 -0.0216862 0.00768913 -0.00442828 0 -0.0158537 -0.0165408 -0.00240928 -0.00598071 -0.00639136 -0.00199108 -0.0043226 -0.00157864 0.0114782 0 -0.010372 -0.00546294 -0.0218067 0 -0.0123148 0 -0.00281448 0.00381455 -0.0148315 0 -0.00949149 0 -1.10033e-05 0 -0.0115495 0 -0.0270383 -0.00710041 0 0 0 -0.00423869 -0.00861188 -0.0041059 0 -0.00232996 -0.00287342 -0.0233051 -0.00780552 0.00770168 -0.00794959 0 0 0 -0.0246463 -0.00550973 -0.000940528 0 0.00616187 -0.00574465 -0.00670514 -0.00248179 -0.00235179 0.00634048 -0.00226209 -0.00341327 0.00131434 -0.0015655 0.0206433 -0.0022163 0 -0.00058835 0.0111888 -0.000448494 -0.000603535 0 0.0017112 0 0
-0.0614862 -0.0476157 -0.00824895 0.911758 -0.0011145 0 0.00615719 0.00160291 -0.0104941 0 -0.0442578 0 -0.0116436 -0.0619148 -0.0368917 -0.0328112 -0.00230183 0 0.00986379 0.00433641 -0.025763 -0.0133999 -0.00687419 8.81542e-05 -0.00998884 0 -0.0187888 0 0 0.00115362 0 0 -0.00217586 0.0106084 0.0128386 -0.00268417 0.00236241 0 0 0 0 0 0 0.000635465 -0.00909909 -0.00275271 0.00698778 0 -0.0135712 0.00181519 0 2.47296e-05 0 0 0.00130965 0 0 0.0160854 0 0.00314021 -0.0205523 -0.00278658 0.00420074 0 0.00447707 0.0102793 -0.000814168 -0.000948689 0 -0.00177144 -0.0202479 0.00142673 0.00019405 0 -0.0082504 0 0 -0.00274589 0 0 -0.000591742 0.00274356 7.56646e-06 0.00826653 0.00169342 -0.0189818 0.0116851 0 0 0.00088316 0.00745056 0 0 0.00429376 0 -0.0309207 -0.0201783 0 0 0.00226638 0.00523176 0 -0.0139004 0.00383971 0 -0.000316558 0.00833309 0 -0.000892204 9.25859e-05 0.00199138 0.00634954 0 0 0 0 -0.00106062 0.00525075 0 -0.00421029 0.00254241 0 -0.00896101 0 0.00463582 0.000493918 0 -0.00551432 0 0 0 0 0 -0.00275724 0 -0.00649604 0 0 0 8.44989e-06 -0.00935655 0.00280481 0.000645751 -0.00214274 0.00725398 0.000143028 0.0120334 -0.000574972 -0.00265843 0.000121103 -0.00124918 0 0 0 0 -0.000847258 0.0161103 -0.00377791 0 0 0.000365264 0 -0.0121109 0.00033499 -0.00202909 -0.00115567 -0.0144427 -0.0039922 0.0180771 0 0 0 0.00479024 -0.0122017 0 -0.00870587 0 0 0 0 0 0 0 0 -0.00833243 0 0.0105036 0 -0.000763777 0.000348679 0 0 0 0.00180254 -6.40687e-05 0.00306065 0 -0.00132581 0 0.00058119 -0.000396385 0 0 0.00366112 0 0.0130307 0.000875463 0 0 0.00149031 0 0 0 0 0 0
0 0 -0.0320345 -0.0011145 0.896295 -0.0110841 0.00859193 0.00929533 -0.0194659 0.00422051 0.00108197 -0.0078882 -0.000831824 0 0 0 -0.0203383 -0.0167441 -0.000669369 0.0102453 0 0 0 -0.0241062 0 -0.0164676 0.000519743 0.00213526 0.0042769 -0.00454099 -0.000122952 -0.0301967 -0.0162763 0 0 -0.00721416 0 -0.0184217 -0.0105838 0 0.00502507 0 -0.013379 0 0 -0.0430957 0 0.00571923 -0.0304822 0 0.000177758 -0.0164976 -0.017629 -0.0127145 -0.00561468 0 0 -0.00172725 -0.00301204 0.00171186 -0.00237301 -0.0113094 -0.000869792 -0.0231147 0.024189 0.00445784 -0.0181879 0.000244204 -0.0116264 -0.000292422 -0.00304997 -0.00660468 -0.00840771 -0.0169596 0.00743728 -0.0110187 0 -0.000145309 -0.0149107 0 -0.0221043 -0.000884455 -0.00210822 -0.000137362 -0.000309225 0 0.00935767 0.00515259 -0.0196814 0.00745376 0.0148148 -0.0181126 0 0.0166246 -0.00981218 0 0 0 0.00650495 -0.00258243 0.0097381 -0.0219429 -0.00380438 -0.000962397 0 0 0 0 -0.0227395 -0.00315033 -0.00241212 0.0072553 0.00438428 0.0039563 -0.00755768 -0.0025154 0 0.00200292 0.000617277 0.000298379 -0.00191507 0 0.00461858 -0.010187 -0.000895165 -0.00151338 -0.00838976 0 -0.0132009 0 -0.000258721 0 -0.000708859 0.00183383 -0.00893551 -0.0150639 0.00676677 0.0179021 -0.00640579 -0.00543949 -0.0112116 0 0.00548938 -0.0111539 0.00828273 -0.00613974 0 -0.018288 -0.0145861 -0.00298501 -0.0143112 -0.00362268 -0.00117941 -0.00558168 0 0.0050491 0.0153639 -0.0115639 -0.00497279 -0.0132299 0 -0.0220489 -0.0121765 -0.00209381 0.0022805 -0.122011 0 -0.0264367 0.0146011 0 0 -0.00258932 0.0160182 -0.0217662 -0.0122807 0 0 0 -0.00932181 -0.0133944 -0.012282 0 -0.00346132 -0.0052261 -0.0187094 -0.00567963 0.00562673 -0.00307304 0 0 0.00539967 -0.0174516 -0.00922791 0 0 0.0100764 -0.00223648 -0.0260363 -0.00119858 -0.000177092 0.00511018 -0.00716302 -0.00231863 0 -0.00348735 0.0123973 0 -0.000522369 -9.10167e-05 0.0132971 -0.012536 -0.00147648 -0.00125785 0.00246935 0 0
0 0 -0.0433825 0 -0.0110841 0.902904 -0.00186956 -4.04995e-05 -0.0337847 0.00584566 -0.00396322 -0.00273247 0 0 0.000355158 0.00202703 -0.00135993 -0.0301373 -0.00491082 -0.00714667 -0.00357734 2.37725e-05 -0.000404219 -0.0222561 0 -0.00751994 0 0.00503177 0.00608881 -0.0140971 0 -0.0059298 -0.00510698 -0.000176069 -0.00192 -0.0198675 -0.000801935 -0.0138321 -0.00831462 0 0.00383305 0.00357442 -0.0106378 2.03771e-05 0 -0.0171719 -0.00356962 0 -0.00940655 -0.00929761 0 -0.0180099 -0.00698221 -0.0046654 -0.00919672 -0.0011743 0 0.0047008 -0.00397692 -0.00730188 0 -0.00173394 -0.00242416 -0.0102857 0.00496935 0.00220313 -0.00643217 0.00339368 -0.00861966 0.00726904 0 -0.0211703 -0.0105134 -0.0321644 0.00287946 -0.00220501 0 0.00255908 -0.0108961 -0.000663278 -0.0200307 -0.00536082 -0.00137416 -0.00328622 -0.00352091 0 0.000872407 0 -0.00477352 0.00292067 0.00482175 -0.0203878 -0.00254906 0.00944388 -0.0768404 0.000366737 0 0 0.00554991 -0.00788124 0.00528905 -0.0347827 -0.00447411 -0.0088619 0 0 -0.00434045 -0.00154833 -0.0111966 -0.00385924 -0.0070558 -0.000788233 0.0085673 0 -0.0243615 -0.00593774 -0.00239314 0.00219442 0 0.0157254 -0.00783912 -0.00123806 0.00038996 -0.0130262 -0.0100134 -0.00785374 -0.00220251 0.00160058 -0.00851685 0 -0.00385938 -0.00136996 -0.00572692 0.0106429 -0.00361238 -0.00693471 0 0.0106465 0 -0.00957093 -0.00706827 -0.00700449 0.00248388 -0.00698981 0.00580962 -0.00400977 0 -0.00854914 -0.0081536 -0.00483107 -0.0101928 -0.0101976 -0.00732769 0 -0.00180977 0.0133271 0.00432255 -0.0316045 -0.00663344 -0.0092229 -0.00138101 -0.00981606 0.00553116 -0.00951056 0.00774244 -0.0137748 -0.0012884 -0.0147376 0.00660602 -0.00298759 -0.000370939 -0.00823407 -0.000391079 -0.017198 -0.0207843 0.00534997 0 -0.00162537 -0.00763518 0 -0.00519165 0 -0.000136936 -0.000846363 -0.010105 -0.0217718 0.00490831 -0.0059576 0.0021903 -0.00266877 0 -0.0184386 -0.00950612 -0.00583993 0 0.00379836 -0.00192612 -0.00741813 -0.00425144 -0.00547434 0.032608 0 -0.00295699 -0.00576379 -0.000302275 0 -0.00668968 0 0 0.00414902 -0.000380641 -0.00112033 0 0.00162164 0 0
0.00678593 0.0227667 0.000189128 0.00615719 0.00859193 -0.00186956 0.82977 0 0 0.0209642 0.0171083 0 0 0.0036246 0.00484193 0.00525533 0 0.0139377 -0.169061 -0.177 0.00552779 0 -0.0116656 -0.00394987 0.0293929 -0.00505738 0.0271137 0.000374379 0.00905899 0.0179361 -0.0139811 0 0 0.020265 -0.0269471 -0.00214265 -0.00541639 0 -0.00322384 -0.00343046 0.00740776 0.000837028 -0.00244349 0 0.0267451 -0.0013987 -0.00423627 0 0 -0.00550874 0 -0.0243073 3.44064e-05 -0.00109947 -0.00849406 -0.00167314 -0.0209853 0.00165171 -0.0497946 -0.0353196 0.0296633 -0.00120008 -0.127111 5.84955e-05 -0.00412649 0.00033438 0.000137 0.00999069 -0.00642757 -0.00611779 0.000884695 -0.0128886 -0.00361556 -0.0087126 0.00356716 -0.000567733 0.0118583 -0.0457772 0.00246239 0.0139959 0.0130272 0.0053944 0 -0.0465742 -0.0415312 0.0199617 0.000307567 0.0265344 -0.00684766 0 -0.00257887 -0.00450209 0 0.000210187 -0.011159 0.00492223 0.000500085 0 0.00571028 -0.00475677 0 0.0040722 -0.0139732 -0.00551957 0.0178935 0.000817155 -0.0129908 -0.0151768 -0.00233396 -0.00103222 -0.00272892 -0.0314252 0.00560372 0 0.00830851 0 0 0.00172783 0 0.0140833 -0.0121045 0 0.0131173 -0.00881562 -0.00675893 -0.00237824 0 0.00886975 -0.00947014 -0.000319322 0 0 0 0.0148517 0 -0.00142149 0.0137374 0.00521495 0 -0.00517401 -0.00111829 -0.00710192 0 0.00114557 0 -0.0146486 -0.00517818 0.0199368 -0.00355278 -0.00300911 0 -0.00732009 0 0 0.0164256 0.00758382 -0.00182804 0.00673284 0.00989991 -0.0063873 -0.00157124 0.0392767 0.000128807 -0.00350802 0.00664068 0 0 -0.00291437 -0.00503732 0 0 0 -0.00227386 -0.00185987 -0.00583037 -0.00117773 0.00159733 0 -0.00426226 0 -0.00292885 0 0 0 -0.00274842 -0.00453197 0.00082039 -0.0005892 0.00315816 -0.00151066 0 0 0.0098047 -0.00455398 0.0125356 0.000202437 0 -1.62709e-05 0 -0.00840256 0.00642405 0 0 -0.00411681 0 0 -0.00815322 0 0 0.00436807 0 -0.00107326 0 0 0 0
0 0 0.00477216 0.00160291 0.00929533 -4.04995e-05 0 0.734597 0.00277694 0.0495684 0 -2.5702e-05 0.0199146 0 0 0 0.00176451 -0.000488166 0 -6.66694e-05 -0.000985048 0.00798003 2.22855e-05 0 -2.3202e-06 0.00106133 0 0.0276347 0 -0.00664984 0.00360408 0 0.000532594 -0.00944195 0 0 0 0.00261064 0 0 0.0145154 0.00269027 0.00343812 -0.00390779 0 0.0189364 -0.00617382 0 0.00443165 -0.0111792 0 -0.00357649 0 0 -0.00902224 0 0 0 0.00326668 -0.00391421 0 0.0072961 0 0 -0.0186976 0 0.0140493 0.00178138 0 0.0114258 0.0130347 -0.00379328 0 -0.00133014 -0.000602347 0 -0.00184327 0 0 -0.00550467 -0.000764256 -0.00191975 0 0 0 -0.00486795 -0.0304773 -0.00114243 0 0 -0.0148064 0 -0.00139665 0 0 0 0.00214213 -0.00533056 0 -0.0105535 0 0 0.0116658 -0.0169858 0 0 -0.00711119 0 0 0.0045713 -0.00494155 -0.00103846 0 -0.00290147 -0.000310707 -0.000603045 -0.00163994 0.00493563 -0.000760626 0.00277069 -0.00222357 -0.00140559 0 -0.00324828 -0.0095262 -0.00569877 -0.00102486 0 0 -0.000725295 0.00199489 0 0 0.00123518 0.00278966 0.0042871 -0.00543913 -0.0121652 7.23427e-05 -0.0082978 0.00254997 -0.0095039 -0.0127655 0 0 0 -0.0112428 0 0.00421062 0 0 -0.000509386 -0.00160847 0.00452003 -0.00133146 0.00379822 -0.00981013 0 -0.00099948 0 0 -0.000767263 0.00805263 0 0.000884764 0.00189758 -0.00130347 0 -0.0101846 -0.00297495 -0.000732066 0 -0.0115164 0.0267999 -0.00106865 0.0018466 0 -0.000621282 -0.000242849 0.000198263 0 0 0.00151891 0 0.00899058 8.94895e-05 0 -0.00424031 0.00422295 -0.00157941 -0.000383025 0 0 -0.00442827 0 0 0 0 -0.0070478 -0.00145562 0.00312215 0.00674576 0 -0.00813706 0.000100365 -0.00629487 -0.00328193 0.00179721 0 0 0.00227672 7.58553e-05 5.48909e-05 0 0 0
-0.00768356 -0.00340885 -0.0268039 -0.0104941 -0.0194659 -0.0337847 0 0.00277694 0.834672 0.00381163 0 0 0 0 0 0 -0.00785051 -0.0034904 -4.29484e-05 0.0016849 -0.00155397 0 -0.00335823 -0.00544324 0 -0.00386011 -6.88452e-06 0.00082025 0 -0.00509863 -0.00104574 0 -0.00805234 0 0 -0.0097577 0 -0.00490455 -0.00932627 0 0 -0.0188628 -0.00664154 0 -0.00265667 -0.0104239 -0.000275413 0 -0.0172508 -0.000376886 0.000894493 -0.00696792 -0.00260816 -0.00236915 -0.0033094 -0.000220642 0 0.0281462 -0.000359541 -0.00114915 -0.00657197 -0.00811917 -0.000310608 -0.0140626 0 0.00344478 -0.0215549 0 -0.0050507 0 -0.000455846 -0.00393698 -0.00367255 -0.00972194 0.00818126 -0.0105218 0 -0.00165878 -0.00863441 0 -0.0100578 -0.00141882 -0.00438479 0 0 0 0 -0.0105368 -0.00916961 0.00571991 0.0143174 -0.0095455 0 0.01796 -0.00927795 0 -0.00701658 -5.67396e-05 0 -0.00216846 0.0157436 -0.00717296 -0.00824234 -0.000844554 0 0 0 0 -0.0149317 -0.0105012 -0.00128454 0 0 0.000124512 -0.00501603 -0.00694672 0 0.00181476 0.00769585 0 -0.000424061 0 -0.00806418 -0.0140096 -0.00369696 -0.00235993 -0.00242057 0 -0.00844852 0 -0.00319815 0 -0.00281872 0.00449165 -0.00753275 -0.0108658 0 0.00691337 0 -0.0049202 -0.0129825 -0.000191039 0.0033493 -0.00537507 0.0216991 -0.000923935 0.00902297 -0.00705331 -0.0128929 -0.000987149 -0.0170777 -0.00245087 -0.00194563 -0.00840786 -0.000977823 0.00771039 0 -0.00997872 -0.00383777 -0.00408761 0 -0.00760194 0 -0.00389409 0.000224227 -0.00844109 -1.81952e-05 -0.00586545 0 -0.000918234 0 -0.0106041 0 -0.0413998 -0.0101553 0 0 0 -0.00372955 -0.000635351 -0.00338302 0 -0.00487659 -0.00966007 -0.0341224 -0.00999054 0.0194479 -0.00166884 0 0 0 -0.00936407 -0.00480771 0 0 0.00849362 -0.00297451 -0.013051 -0.00198922 -0.000706592 -0.00276855 -0.00524356 -0.0059861 0 -0.00352646 0.0026844 -0.000722623 0 -0.00110134 0.00995867 0 -0.00540141 0 0.00371209 0 0
-0.000498005 0 0.00592499 0 0.00422051 0.00584566 0.0209642 0.0495684 0.00381163 0.802214 0 0 0 -0.00148057 0 0 0.00370568 0 0.0100506 0.0124065 0 0 0 0.00982094 -0.0299521 0.0116328 -0.00524632 1.2177e-05 -0.00549887 0.00109151 0.000616751 -0.0203301 0.00202058 0 0 0.0072714 0.0075036 0.00704217 0.00380992 0.000725729 -0.0119617 0 0.00971494 -0.00100212 0 0.00587531 0 0 0.0058188 0 0 0.0020855 0.00385536 0.00328361 0.00152733 0.00631393 0 0 0.00259515 3.37025e-05 0 0.00363926 0.0080714 0.00536534 0 0 0.00159895 -0.00260819 0.0141781 0 0 0.00304962 0.000764217 0.00507343 0.0143503 0 0 0.00135348 0.00336405 0 0.00141197 0 0 0.0197063 0.000365203 -0.00198146 0 -0.010521 0.00183786 0 -0.00940279 0.00232937 0 0 0.00677783 0 0 0 -0.0215788 0 -0.00039869 0.00812306 0 0 -0.00538607 0 0 8.22587e-05 0.003589 0 0.00316982 0 -0.0220777 0 0.00437062 0.000359477 -0.0115993 0 -0.0215977 -0.00688551 0.00325677 0 -0.0304851 0.00170468 0 0 0.0144763 -0.0105983 0.00544595 0 0.00218815 0.000119265 0.00143455 0 0 0.0136144 -0.0158819 -0.0358442 0.00276128 9.15722e-05 0.00321095 0 0 0 0 0.00111999 0 0.00200977 0.0014485 0 0.00287673 0.000639568 0.000871643 0.00200194 0 -0.000935694 0 0.00327968 0.000701185 0.00239882 0 0 0 0.00329954 -0.0252603 0.00399058 0 0.00231818 -0.0171958 -0.00540585 0 0.00230107 -0.00553205 0.00695642 0.00130778 0 -0.00035994 -0.000524408 0.00124821 0 0.0052838 0 0.000822566 0 0.00566562 0.00155983 0 0 0 0 0 0.00523954 0.0103096 0.000270911 0 0 0 0 0 0.000287797 -0.00152028 0.0019081 0 0 0 -0.016538 0 0 0 -4.63924e-05 0.00276989 0.00453044 0 0 0 0
-0.00282138 -0.0145216 0 -0.0442578 0.00108197 -0.00396322 0.0171083 0 0 0 0.76306 -0.00195176 0 -0.0123518 -0.0166366 -0.0218792 0 0.00841735 0.0289137 0.0180517 0 0.046932 0.00135093 0.00333426 -0.0174688 0 -0.000829372 -0.0154338 0 -0.00103331 0 0.000165885 0 0.000380873 0.015071 0 0.000145494 0 0 0 0 -0.0388701 0.00111114 0.00232424 -0.00355955 -0.0141399 0.00744534 0 -0.0108364 0.00534784 0 0.0093501 0 0.00388419 0.0130013 0.00299569 0.0184414 0 0.00199225 0.0101519 -0.0208834 0 0.0281347 0.000908897 0.0151762 0 0 -0.0255211 0.00316155 -0.0097701 0 0.0150482 0.00947299 0.00862443 0 -7.92395e-06 0 0.0006872 0.000529776 0 0 0.00286655 0 0.0186513 0.00427901 -0.0244351 0.00571819 0 0.000372303 0 0.00473801 0.000814794 0.00159352 0.00260875 0.00472816 -0.0132208 -0.00109329 7.55412e-05 0 0.00425073 0.00121878 0.00136568 0 0.00718321 0 -0.0018014 0.00919495 0.00794269 0.00125484 0.0038469 0.00482859 0.00701602 -0.00693755 0 -0.00588347 0.000777967 0.000991806 0 0 -0.0135333 0.00535346 0.00499685 -0.000603781 0.00413394 0.00595032 0.00367725 0 -0.0109054 0.000132225 0.000390266 0 1.01858e-05 0 -0.0198628 0 0 0.00052317 0 0 0.00973539 0 0.0100372 0 0 0 0.012372 0.00362617 0 0.000861095 0.00215837 -0.0181551 0.0064975 0.0029255 -0.00107779 0 -0.00730501 0.0100399 -0.00901472 -0.00266935 0.00336851 0.00414498 0 -0.00467935 0.00435104 -0.00553886 0.000423154 0 0.00158181 0.00632631 0.00215858 0 0 0.00531707 -0.0186907 0.00156689 -0.0140856 -0.00469129 0.00265306 0.00640793 0 0.00120075 0 -0.000650963 -0.00613677 0 0.0124529 0.00864364 0 -0.00290814 0.00646355 0 0 0.000990036 0.00420773 0 0 0 0.0005701 0.00529562 0.00574242 -0.00599065 -0.000201605 -0.000238688 0.0114576 0 0.0101943 0.010524 0 -0.0126184 0 0 0 0 0 0 0
0.000306077 0.00878054 -0.0022684 0 -0.0078882 -0.00273247 0 -2.5702e-05 0 0 -0.00195176 0.717086 0.00949754 0 0.00432565 0.00789982 -0.00886273 -0.0259272 0 -0.00347621 0.0247307 0.00638944 0.0132425 0 0.00914828 -0.0201482 0.0205345 0 0.019643 0 0.00154583 -0.00479164 -0.00497721 0.000329368 -1.43491e-05 0 0 -0.00349024 0.00127572 0 0.0432641 -0.0014454 -0.00393846 0.0170142 0.0991302 -0.000934895 0.0111197 0.0205918 -0.00476852 0.00325815 0 0.00292681 -0.00314179 -0.00703466 5.84649e-05 0.037021 0.0245614 0.00245701 0 0.00269291 0 -0.00974278 0 -0.000663523 0.00871909 -0.00127343 0 0 -0.00122337 -0.00351923 0.00212342 0 -0.0370109 0 0.0299247 -0.00180656 0.00523496 0.00355477 -0.00382524 0.000588094 -0.027219 0 -3.10914e-05 0 0 0.00105805 0.0157375 0.0121612 -0.00590906 0 0.0063085 -0.0156401 0.00456603 0.00378685 0 0.00347965 0 0 0.0130612 0.00204999 0.00288756 0 0 -0.00289034 0.0235972 0.0127393 0.00203444 0.0345327 0 -0.0265958 0.000866611 0.00700296 -0.000810172 0.00964658 0.00237513 0.000434796 0.0282118 0 0.0347031 -0.00168637 0 0.0143608 0.000663569 0.00234774 0.00474741 0.00434559 0 0 0 0 0 0 0.000408412 0.010946 -0.0410887 -0.0111148 0.00960427 0.0080782 -0.00365827 0 0 0.00546999 0.00523266 0 0 2.48928e-06 0.000668419 -0.00767861 -0.000894383 -0.0232609 -0.0130281 0 0.00372226 0.00256784 0.038215 -0.000830001 0.00812444 0 0.000876197 -0.0011792 0 -0.000841686 -0.00217677 0.00512993 -0.00744741 -0.00807867 0.0139856 -0.00151032 0.0103527 0.0173341 0 0 0.00814362 -0.00131248 -0.0273851 -0.000145588 0 0.0389822 0.00104583 -0.00129633 -0.00148435 -3.32118e-05 -0.00470723 -0.00244123 0 0 0.000237159 0 -5.37683e-05 0.00579265 5.56442e-05 -0.00188147 0 0.00116322 0.00313891 0.000869176 -0.000953069 -0.00171465 0.00644416 0.00234864 -0.000840398 -0.00277184 -0.00275038 0.0039188 0 0.00758092 0.00362631 -0.00143273 0 0 -0.000982244 -0.00172158 -0.00127161 0 0 0
-0.0323142 -0.0103122 -0.00542878 -0.0116436 -0.000831824 0 0 0.0199146 0 0 0 0.00949754 0.736258 -0.0288116 -0.0240508 -0.0306537 -0.00389377 0 0 0 -0.0433942 -0.0956952 -0.0485624 0 -0.00420926 -0.0219785 0.0234521 -0.00429864 0 0.000291084 -0.0399155 0 -0.00018185 0 0 0 0 -0.000537047 -0.000865885 -0.0021391 -0.0165265 0 -0.000760063 0.00014622 0 -0.0026165 0.00944941 0 -0.00450566 0 0 0.0129544 0 0 0 -0.0162613 -0.0333197 0.0115633 0 0 -0.00279533 -0.00561488 0 0 0.000433113 0.0126584 -0.000535342 0 -0.000663943 0 -0.164493 0 0.00168832 0 -0.0213455 -0.00671509 0 -0.0298037 0 0.000267796 -0.00355528 0.00685852 -0.000471643 0 0 -0.000465144 0.00125973 -0.0128724 -0.000298677 0.00382206 0.00584629 -0.00604929 -0.000726853 0.00663614 -0.00286216 -0.023573 -0.0206346 0 0 1.00795e-05 0.00315246 -0.0014533 -0.0529835 0.00856001 0 0 0.000245418 -0.0334753 -0.00276635 0.0134899 0.0233103 0 0 0 0 -0.000354332 -0.00692173 0.0199857 0 -0.00585164 0 -0.00400117 -0.000324975 -0.000391362 0 0 0 -0.00928031 -0.00366109 0 0 0 0 -0.0120241 0 0 -0.00141307 0 4.03267e-05 0 -0.00941736 0.00287127 0.00208369 -0.00589356 0.0102354 -0.00463908 0.0019115 0 -0.00124937 0.00180968 0 0 9.17536e-06 -0.000689993 0 -0.00100468 0.0122016 -0.00225146 -0.00691721 -0.00054866 0 0 -0.00490756 0 0 -0.00151944 -0.00839312 0 0.0093369 -0.0010729 0 0 0.0042506 -0.00487871 0 -0.0233189 0 -0.00398913 0 -0.00345635 0 0 -0.00284274 -0.000651609 -0.00347443 0 0.00162781 -0.00318613 0 0.000493309 0 0 0 0.00399201 0 0.00528172 -0.00320247 -0.00184967 0.0150844 0 0 -0.000168261 -0.00122445 0.00446825 -0.00168026 0.01055 0.00616165 0 -0.000298179 0.00398533 0 0 0 0 0 0
-0.0425094 -0.0280041 0 -0.0619148 0 0 0.0036246 0 0 -0.00148057 -0.0123518 0 -0.0288116 0.88504 -0.0247452 -0.0190325 0 0.000765733 0.0056909 0.000194121 -0.0373587 -0.00971707 -0.0205031 0.000525282 -0.023525 0 -0.0137396 -0.00149191 -0.00637596 0 0 0 0 0 0.000670067 0 0 0 0 0 -0.000244802 0 0.000390709 0 -0.00293088 0 0 -0.00033671 0 0 0 0 0 0.000292846 0.018222 0 0 0.00308837 0.0133857 0 -0.00391863 0 0.00198449 0.000876735 0 0.000443215 0 -0.0165371 0.00616665 0 -0.00994937 0 0.000460428 0 -0.010263 0 0 -0.0116523 0 0 0 0.00105312 0 0.0196217 0 -0.0256816 0 -0.0080634 0 0 0 0 -0.00153134 0.0028677 0 -0.00616059 -0.0166865 0 0 0 0 0 -0.0180014 0 -8.25329e-05 -7.30158e-05 0.000767654 0 0 0.00039684 0.0158798 0 -0.000359206 -0.00153499 0 0 -0.0165673 0.0123316 -0.00165476 -0.00327483 0 -8.5973e-05 -0.007084 0 0 0 0 -0.00446903 0 0 0 0 0.00143386 -0.00142188 0 0 -0.00927332 -0.00278579 0.000226837 0 0 0 0 0 0.00359985 0 0.000970351 0 0 0.00176791 0 0 3.57744e-06 0 -0.000770236 0 0 0 0 -2.72867e-06 0.000354286 0 0 0.00206968 -0.00477554 0.000862138 -0.0316599 0 0 -0.0127698 0 0 0 0 0 -0.00652998 0 -0.010447 0 0 0 0 0 0 0 0 0.00107202 0 0 0 0 0 0.00369194 0 0 0.00164094 0 0 0 0 0 0 0 0 0 0 0 0 0 0 0 0.000705424 0 0 0 0
-0.0485974 -0.0614415 0 -0.0368917 0 0.000355158 0.00484193 0 0 0 -0.0166366 0.00432565 -0.0240508 -0.0247452 0.859176 -0.0305343 0 0.00236201 0.0131234 0.00579271 -0.0361843 -0.0119482 -0.0110249 0.00212151 -0.00801059 0.0190448 -0.0368713 0 -0.00151564 0.00179847 0 0.0023393 0 -3.19517e-07 0.00798161 0 0 0.00244765 0 0 -0.00364715 0 0.00209693 0 -0.0247555 0 0 -0.0102508 0 0 0 0.00102778 0 0 0.00176038 0 0 0 0.00292907 0.0142134 -0.000690429 0.00438109 0.0122788 0.000436593 0.000579295 0.0122199 0.00032509 -0.00593932 0.00186742 0 -0.0124141 0.0037073 0.0190011 0 -0.043128 0 0 0 0 0 0 0.0015338 0 0.0108441 0.000746761 -0.0225516 0.000199648 -0.00628787 0.000756039 1.02604e-05 0 0 0 0.00226299 0.00100975 -0.0298037 -0.0270422 0 0 0.00331787 0.00151626 0 -0.00525106 0 -0.00327547 -0.0146171 0.0102113 0 0 0.0210513 0.000982913 0.000213147 0 -0.00367978 0 0 -0.0144161 0.0158712 -0.0135789 -0.00164233 0.00212985 0 -0.00688784 0 0.00222403 0 0 -0.00553399 0 0 0 0 0 -0.0325268 0.00542719 0 -0.00214827 -0.00134962 0.000117483 0.000455245 -0.00750069 -1.00236e-07 0 0 0.0115664 0.00100686 0.00794601 0 0 0.0191247 0 0.00324946 0 0 -0.0069278 -0.00272491 0.00231587 0 0 0 0.000207211 0 -0.00581064 0.00097548 -0.00452382 0 -0.0264452 0 0.00690391 -0.000617143 0 0 0.00755211 0 0.00040582 -0.0205855 -8.27354e-05 -0.0134576 0 0 0 0 0 0 0 0.000115556 0.00124854 0 -0.00028819 0 -0.00305153 0 0 0.000654601 -0.00452392 0.000807109 0 0 0 0 5.72947e-06 0 0 5.18401e-05 0 5.85461e-06 0.000563801 0 0 0 0 0.00109423 0 0 0 0
-0.0213677 -0.0320886 0 -0.0328112 0 0.00202703 0.00525533 0 0 0 -0.0218792 0.00789982 -0.0306537 -0.0190325 -0.0305343 0.852938 0 0.0113324 0.00510322 0.00771913 -0.0275174 -0.0354219 -0.026997 0.00543185 -0.0211516 0.00314325 -0.0257012 0 -0.00378631 0.00837314 0 0 0.00183129 0 0 0 0 0.000427574 0 0 -0.00762619 0 0.0032349 0 -0.00826091 0 0 -0.0108776 0 4.71402e-06 0 0 0.000927247 0.00118514 0 0 -0.00149763 0 0.00473672 0 -0.0123263 0.000365275 0.00204926 0.00022512 0 0.01319 0 -0.0121883 0 0.000409897 -0.00816719 0.000508773 0.00615555 0 -0.0286474 0 -0.00113188 -0.00878296 0.00012404 -0.000585057 0 0.00249731 0 0.0012938 0 -0.0207854 0 -0.0128186 2.51187e-05 0 0 0.00248201 -0.00903411 0 0 -0.0289262 -0.000962017 0 -0.00148529 0 0 0 -0.0173214 0 -0.00278656 -0.00780807 0 0 0 0.0175495 0 0 0 -0.0180355 0 0 -0.00670515 0.0056752 -0.00579297 0 0.00602742 -0.00688237 -0.0121034 0 0 0 0 -0.00380242 0 -0.00415959 0.00136513 0.0061168 0 -0.00176187 0.00391032 0.00334981 -0.00470704 -0.0056471 0.00153162 0 -0.000778227 0 0 0 0.000690424 0 0 0 -0.00094563 0.00840049 0 0 0 0.00156973 -0.00929737 0 0 0 0 0.00593973 0 0 -0.0103842 0 0 0 -0.0241889 0 0 -0.0191208 0 0 0 0 0.000870685 -0.00124959 0 -0.0299861 0 0 0.00122565 0.00984607 0.00018776 0 0 0 0.000653973 0 0 0 -0.00679117 0 0 0 -0.00819971 0 0 0 0 0 0 0.0010785 0 0 0 -0.000270689 0 0.00222899 0 0 0.00600576 0.00725786 0.000222873 0 0 0
0 0 -0.0149624 -0.00230183 -0.0203383 -0.00135993 0 0.00176451 -0.00785051 0.00370568 0 -0.00886273 -0.00389377 0 0 0 0.926583 -0.0063602 0 0 0.00285248 0 0 -0.00210418 0.00157476 -0.0170459 0.00232963 0 0.000759095 0.00884408 0 -0.000630206 -0.0336733 0 0 -0.00244549 0.000170121 -0.0274847 -0.00211824 0 0.00137489 -0.0035889 -0.0196661 0.0016829 0 -0.00540254 0.00919421 0.00453756 -0.0132324 0.00220411 0.00398703 0 -0.0151242 -0.0321768 0 0 0 0.0300263 -0.000895041 0.00123351 0 -0.0155116 0 -0.0183944 0.0143397 0.00064842 -0.00282546 -3.65308e-05 -0.0259045 -0.028614 -0.00155281 0 -0.00744656 0 0.00599415 -0.00895106 0.00173589 -8.86411e-05 -0.0136993 0.00295007 -0.0042216 0.000111342 -0.00674764 0 0 0.000266991 0.0186583 0.00346606 -0.0166157 0.0130875 0.0117676 -0.0168609 0.00200312 0.0256109 -0.000972794 0 0 0 0.00129797 0.00179824 0.0143181 -0.00556647 -0.0041574 0.00630487 0.000180513 0 0.00536065 0 -0.00328517 -0.001556 0.00159051 0.00222295 0 0.00349022 -1.55334e-05 0 0.00250613 0 0.00587953 -0.00462559 0.00392698 0.00157628 0 0 0.00800025 0.0032055 -0.000182715 0 -0.0117697 0 -0.000279981 0 0 0 -0.0063097 -0.00735164 0.00590309 0.0106383 -0.00753374 0 -0.023845 0.0128072 0.00495882 -0.00289119 0.0197363 -0.00636767 0.00512538 -0.0165507 -0.0141248 0 -0.00628265 0 0 -0.0156884 0.00229015 -0.0129807 0.0102203 -0.00450966 0 -0.0226336 0 -0.000579131 -0.0264175 0 -0.00528132 -0.0116452 0.00148143 -0.00298782 0.00891007 0.00543721 0 0 0.00676528 -0.0116422 -0.0054319 -0.00905877 0.00048137 0.00776786 0 -0.00394425 -0.0119078 0 -0.009478 -0.00730483 -0.00692295 0 0.0108327 0 -0.0146524 0.0105378 0.00137155 -0.0159177 -0.000405468 0.00289252 0.000492548 0.0122212 -0.00397023 -0.00666002 0 0 -0.00898578 -0.0146091 -0.00997991 0.00544767 -0.00661581 0.00924025 0.00110587 -0.000995422 -0.000802848 0.00954529 -0.00485772 -0.00307034 -0.000916988 0.00294265 0 0
0 0 -0.00897956 0 -0.0167441 -0.0301373 0.0139377 -0.000488166 -0.0034904 0 0.00841735 -0.0259272 0 0.000765733 0.00236201 0.0113324 -0.0063602 0.825802 0.00461515 0.00200072 -0.00134509 0 0 -0.0403063 0 -0.0276798 0 0.00228059 0.00573163 -0.0163761 0 -0.0305257 -0.0104163 -0.0148536 -0.0023915 0.00922096 0 -0.0259692 0.000108459 0 0.00506212 0.00438325 -0.0353917 0 0 -0.00459279 -0.00420099 0.0141059 -0.0108255 -0.00412515 0 -0.0107685 -0.0207745 -0.026756 -0.00234366 0 0 0.00536705 -0.00120669 -0.00624189 0 -0.0220473 0.00407077 -0.0118707 -0.0012639 0.00192525 -0.00280413 0 -0.00854317 0.0143089 0 -0.00841067 -0.0103662 -0.00891654 0.0143053 -0.0035969 0 5.96301e-05 -0.0197531 -0.00101372 -0.0158225 -0.00379911 -0.00935757 -0.000773701 -0.000958666 0 -0.0027594 0 -0.00515157 0.00401192 0.00140948 -0.044413 0 0.00418661 -0.0154835 0.000135062 0.000495266 -0.000484426 0.00134388 -0.00558699 0.00364153 -0.00847966 0.00509925 -0.0178505 0 0 -0.00345735 0 -0.00405991 -0.00341823 -0.0042749 0 0.00143325 0 -0.00607331 -0.00231248 -0.000718957 0.000694939 0 0.00442231 -0.00375766 0 0 -0.00791812 -0.00755668 -0.00562535 -0.00118811 1.79693e-06 -0.0116395 0 -0.000587228 -0.00027741 0 0.0123044 -0.00374455 -0.00097672 0 0.00315545 -0.00488637 -0.0107439 -0.00488177 -0.00367025 0 -0.00523259 0.0051468 -0.00575424 -0.000251846 -0.00453851 -0.0116355 -0.0109888 -0.00185632 -0.00422087 -0.00322029 0 0 0.00757327 -0.000668094 -0.0117799 -0.00382816 -0.0226336 -8.50579e-05 -0.0223637 0.0031785 -0.00784292 0.00411774 -0.011633 -8.08575e-05 -0.00767018 -0.00319253 -0.00411207 0 0.00137225 0 0.00201526 -0.0262251 0.00311726 0 0 -0.0054625 0 -0.00419899 0 -0.00243016 -0.0034813 -0.00232619 -0.0236644 0.00355676 -0.0200873 0.00789874 -0.00129086 0 -0.00531513 -0.00380942 -0.00714251 0 0.00354107 -0.0058632 -0.0128997 -0.00353504 -0.00445577 0.00995757 -0.00213511 -0.00128574 -0.0033265 -0.00352128 0 -0.00402574 -0.000460769 0 0.00311267 -0.00216054 0 0 0 0 0
0.0116428 0.0200519 -0.00155863 0.00986379 -0.000669369 -0.00491082 -0.169061 0 -4.29484e-05 0.0100506 0.0289137 0 0 0.0056909 0.0131234 0.00510322 0 0.00461515 0.883667 -0.127827 0.0207771 0 -0.00383308 -0.00438482 0.0309011 -0.006831 0.0151522 0.000586419 0.0112462 0.0194022 -0.00877645 0 0 0.0232592 -0.0185881 -0.00165548 -0.00164161 0 -0.00191767 -0.00367827 0.00519257 0.00136528 -0.00328374 0 0.0369054 -0.00145109 -0.00574103 0 0 -0.00414378 0 -0.00828155 3.60694e-05 -0.00130747 -0.00743622 -0.000734739 -0.00499603 0.000668429 -0.0465305 -0.0191227 0.0192311 -0.00371993 -0.124092 0 -0.00344841 0 -0.000703856 0.0159412 -0.00498516 0.00423447 0.00206406 -0.00781492 -0.00511716 -0.00782459 0.00636975 -5.26764e-05 0.00608498 -0.0179795 0.000172644 0 0.00558663 -0.00199096 0 -0.0592763 -0.0256079 0.0179655 -0.00292228 0.0194365 -0.00484089 0 -0.00178276 -0.00364397 0 0 -0.0106083 0.00532652 0.000694289 0 0.00165958 -0.00484186 0 -0.00137923 -0.00240909 -0.00481692 0.0156199 0.00557114 -0.00474062 -0.00549959 -0.00207224 -0.00648643 -0.00377464 -0.0213007 0.00583867 0 0.00779707 0 0 0 0 0.00666774 -0.0153516 0 0.00599912 -0.00541492 -0.00555817 -0.00708661 0 0.00631609 -0.0028765 0 0 0 0 0.0083726 -0.00115171 -0.00153717 0.0018964 0.00562896 0 -0.00490734 -7.73405e-05 -0.0067631 0 -0.000124323 0 -0.0142115 -0.00391044 0.0134647 -0.0042832 -0.00517137 0 -0.00537 0.00516422 0 0.022186 0.0180531 -0.0022633 0.00271995 0 -0.00462366 -0.00500826 7.18115e-05 0.00358213 -0.00368454 0.00635413 0.000861931 0.0019404 -0.00280231 -0.00276626 0 0 0 -0.00232869 -0.00148819 -0.00601207 0.0186414 0.00176593 0 -0.00320886 0 -0.00247805 0 0 0 -0.00217181 -0.00423871 0 0 0.00995384 -0.00153765 0 0 0.00562738 -0.00312435 0.00694824 0 0 0 0 -0.0148274 0.00620477 0 0 -0.0035865 0 0 -0.00607099 0 0 0.000923328 0 -0.00358477 0 0 0 0
0.00526048 0.0126979 0.000456351 0.00433641 0.0102453 -0.00714667 -0.177 -6.66694e-05 0.0016849 0.0124065 0.0180517 -0.00347621 0 0.000194121 0.00579271 0.00771913 0 0.00200072 -0.127827 0.867587 0 -0.0069646 -0.012968 -0.00430748 0.013874 -0.00785458 0.0171528 0 0.0093712 0.00682289 -0.0188716 0 0 0.00626421 -0.0261929 1.19504e-05 -0.000475758 0 -0.00258699 -0.0106051 0.011792 0.000704987 -0.00268559 0 0.0187616 -0.000363839 -0.00319604 0 0 -0.00557734 0 -0.00842168 0 -0.00151684 -0.0115701 -0.00210787 -0.00368748 0.00320446 -0.0127019 -0.0152678 0.0189937 -0.00323863 -0.0866821 0 -0.00453244 0.000238564 0.00039724 0.00730158 -0.00823338 -0.00120432 0 -0.00856534 -0.00354948 -0.00732472 0.00406874 -0.000484162 0 -0.0315293 -0.00182347 0.0174696 0.00223202 -0.000535109 -0.000395063 -0.0261391 -0.00974011 0.00628487 -0.00319286 0.0146567 -0.0110888 3.69794e-05 -0.00240609 -0.00380688 0 0.000174492 -0.00736992 0.00526528 0.000800544 0 0.00460681 -0.00363594 0 0.00530515 -0.00745606 -0.00470231 0.00509012 0 -0.00606351 -0.0053302 -0.00140288 -0.00278506 -0.00385405 -0.0080967 0.00679824 0 0.00368901 0 0 0.000876776 0 0.00672528 -0.00862089 0 0.00498537 -0.00577338 -0.0126657 0.0047316 0 0.00872461 -0.0071593 0 0 0 0 0.00702352 -5.68185e-05 -0.00109174 0.00926305 0.00775794 0 -0.00439268 -0.000612984 -0.00577127 0 0.00175467 6.8223e-05 -0.0139897 -0.00389638 3.99537e-05 -0.0026637 -0.00270142 0 -0.00454017 0.00302502 0 0.00754073 0.00899568 -0.00154006 0.00160697 0.00493938 -0.00925363 -0.00112937 7.23803e-05 0.00323517 -0.00514694 0.00599221 0 0 -0.0036145 -0.00471302 0 0 0 -0.00236617 -0.0014534 -0.00476288 0.00585268 0.00026776 0 -0.00318911 0 -0.00255228 0 0 0 -0.00205695 -0.00407278 0.000221461 -0.000426485 0.00237138 -0.0012239 0 0 0.00157727 -0.00490156 0.00551835 0.000130218 0 -0.000254883 0 -0.00821243 0.00568699 0 0 -0.00368404 0 0 -0.00517216 0 0 0.0013156 0 -0.000111432 0 0 0 0
-0.0366515 -0.05534 -0.0106546 -0.025763 0 -0.00357734 0.00552779 -0.000985048 -0.00155397 0 0 0.0247307 -0.0433942 -0.0373587 -0.0361843 -0.0275174 0.00285248 -0.00134509 0.0207771 0 0.823696 -0.0355839 -0.0361406 0 -0.0472773 0.00682493 -0.02556 0 -0.007556 -0.0056622 0 -2.04406e-05 0.00292025 -0.000970647 0 -0.00163056 -3.28271e-05 0 -0.00313474 -0.00103296 -0.0252841 0.00971089 0 -0.00154416 -0.0137145 0 -0.0068251 -0.00753946 0 -0.0141805 0 -0.0114252 0 0.00234695 -0.00357188 -0.00640265 -0.00601314 0.00374358 0.00139267 -0.00465735 -0.0147923 0.00281105 0 0 -0.00968745 0.0214121 -0.0016983 -0.0121905 0 0.00844383 -0.0358007 0.00371144 0.00221399 -0.0043579 -0.0274524 0 -0.00424847 -0.0113945 0 0 -0.00245793 0.00266422 0 0.0143039 0 -0.0390666 -0.00698128 -0.0212289 0 0.000607302 -0.0109265 -0.00290196 -0.0133488 0.0013962 -0.00259177 -0.0245083 -0.00448438 -0.00072949 -0.00286737 -0.00415413 9.76663e-05 -0.00236396 -0.0311987 -0.00691872 -0.0227318 -0.0328667 -0.0022468 -0.00501293 -0.000157626 0.00495035 0.000953684 -0.00139428 0 -0.00647442 -0.00330432 -0.00239797 -0.0568406 0.0248135 -0.0122976 0.00155438 -0.0017067 -0.00971044 -0.0194426 -0.0251233 -0.00635752 -0.0131503 0 -0.0222342 0 -0.0148691 0.00351275 0.00412885 0 0 0.0100596 0.00650874 -0.0272985 -0.0181039 0.0174442 -0.00374996 -0.00615169 -0.00566089 0 -0.00131267 0.0109718 0 0 0 -0.00582118 0 0 -0.000913594 -0.00217588 0.00873342 -0.011406 0.00387106 -0.00122621 -0.00539831 -0.00329583 0 0 -0.00162535 0.00246811 -0.000406719 0.00131541 0 -0.0492378 -0.00696894 -0.00291091 -0.0556915 0 -2.96757e-05 -0.00343616 0 -0.00128487 -0.00491841 0 -0.043947 -0.0033965 0 0 0.00530328 0.00211442 0 -0.000443958 -0.00322595 0.00320195 -0.00363394 0.000278684 -0.00157841 -3.43153e-05 0 -0.000654152 -0.00274747 -0.0147206 0.00121428 0 -0.000519452 -0.0027874 -0.00361978 0.00367278 0.00350282 0.00303985 -0.00973747 0 -0.00937766 -0.00388491 0.00449271 0 0.00146474 0.0126603 0.0202662 0.00155908 0 0.000217114 0
-0.0232905 -0.0173148 0 -0.0133999 0 2.37725e-05 0 0.00798003 0 0 0.046932 0.00638944 -0.0956952 -0.00971707 -0.0119482 -0.0354219 0 0 0 -0.0069646 -0.0355839 0.75624 -0.0111304 0 -0.00984126 0.00229036 -0.00700642 -0.0122351 -0.00251579 3.26643e-05 -0.00592589 0 0.00408945 1.40317e-05 0 0 0 0.00579272 0 -0.00834181 -0.0206706 0 0.00279919 0 0 0 0 -0.000161372 0 -0.00367329 0 0 0.00286009 0.00357003 0 -0.0192127 -0.025637 0.00152292 0.00554819 0 0 0 0 0.00754569 -0.000270349 0.00354546 0 -0.00688084 0 0.000960006 -0.0511507 -7.06566e-05 0.00775623 0 -0.0253245 0 -8.9341e-05 -0.0201658 0 0 0 0.0136264 0 0 0 -0.00526982 0 -0.0056003 0 0 0 0 -0.00109454 0 -0.000169996 -0.0231305 -0.00107892 0 -0.000739019 0 0 0 -0.0488618 0 -0.000812433 0 0 -0.0236842 0 0.00202774 0 -0.0026187 0 -0.00267021 0 -3.96353e-05 -0.00868638 0.00429164 -0.00268369 0 0 -0.00366533 -0.00324727 -0.00165737 0 -0.00181631 0 -0.00333904 0 0 0.000746871 0.00153916 0 -0.00293081 0.00359107 0 -0.00496955 -0.000214859 0.000271391 0 -0.00338855 0 0 0 0.00304303 -8.22535e-06 0 0 -0.00202826 0.0113785 0 0 0 0 -0.000480169 0 0 0 -0.000397451 0 0 0 0 0 -2.74496e-05 0 -0.0134203 0 0 -0.00547586 0 0 0 0 0 0 0 -0.0225941 0 0 0 0 0 0 0 0 0.000771388 0 0 0 0 0 0 0 -0.000109777 0 0 0 2.60083e-05 0 0 0.000149117 0 0 0 0 0 0 0 0 0.00209317 0.000403419 0 0 0 0
-0.0126294 -0.0152311 0 -0.00687419 0 -0.000404219 -0.0116656 2.22855e-05 -0.00335823 0 0.00135093 0.0132425 -0.0485624 -0.0205031 -0.0110249 -0.026997 0 0 -0.00383308 -0.012968 -0.0361406 -0.0111304 0.763124 -0.000981233 -0.0353537 -9.80786e-06 -0.00907997 0 -0.000306494 5.16139e-05 -0.00198336 0 0 0 0 0 0 0 0 -0.00602436 -0.0228776 0 0 0 -0.00466939 0 0.00173432 -0.00118233 0 -0.00468242 0 -0.00554028 0.00768925 0 0 -0.0103578 -0.0277416 0.00629612 0 -0.00449461 0 0 -0.0031083 0 -0.00141583 0.0106109 0 -0.00745832 0 0.00137639 -0.00917584 0 0 -0.00171723 -0.0087799 0 0 -0.028634 0 0 0 3.99244e-05 0 0 -0.00298585 -0.00344612 -0.003669 -0.00933444 0 0.000148611 7.45358e-05 -0.00219801 -0.00215101 0.00645049 -0.00444299 -0.0243966 -0.000707688 0 -0.00621986 0 0 0 -0.0389205 -0.00310975 -0.000300666 0 0 -0.0175495 0 0 4.707e-05 -0.013017 0 -0.00667609 -0.00250684 0 -0.0192045 0.00582565 -0.0132311 0 0 -0.0047656 -0.0170374 -0.00322829 -0.00401318 -0.00034569 0 -0.0024174 -0.000214198 -0.00238995 0 0.00142836 0.0132521 0 7.2177e-05 0 -0.003923 -0.000841078 0 -0.0015561 -7.33303e-05 -0.00275344 0 0 0.00806072 -0.0234632 0 0 -0.001198 0 0 0 0 0 -0.000452538 0.000859909 -0.000779736 0 4.22391e-05 -0.000230738 0 0 0 0 0 0 -0.00687475 0 -0.00192351 -0.0140879 0 0.0107642 -0.000613633 0 0 0 0 -0.0287938 -0.00141971 6.61866e-05 0 0.00620712 0 0 0 -0.000481863 0.00472503 -0.000196567 0 0 -0.000719244 0 0 -0.000517952 0 0.00301513 0 -0.00190935 0 -0.00163296 0.00126922 0 0 -0.00092983 0 -0.00486129 -0.00177669 4.46168e-05 0 0.00201806 0 0.0012114 0 0 0 0
