0 0.0727249 0.00671037 0.00407127 0.0596881 0.00195143 -0.0152985 0.00468033 0 0.0446625 0.046193 0.0544202 0.0356332 0.025598 0.0212287 0.0352011 0.00229602 0.000505033 0 0.0460788 0.00323078 0.0281073 -0.00922131 0 0.00316198 -7.62968e-06 0.001682 0 0.0294512 -0.0168617 0 0.00976513 -0.00991376 0 0 0.0261022 0.00251931 0.00554663 0.000330307 0.00633787 0 -0.00193297 0 0.000297262 0.00190896 0.00033103 0.00501961 0.00122102 0.0130895 0.00462876 0 -0.0069844 0.0405642 -1.2016e-05 0 0 0.00229691 0 0 0.0772371 0.0296923 0.0119761 0 0 0.00394399 0 0.0238837 0.00460845 0.0170049 0 0 -8.95671e-06 0.000748867 0 0 0.00258628 0 0 0 0 0.0103949 0.00674652 0.0871274 0.00451203 0 0.000984259 0 0 0 0.0266456 0 0.00454589 0.00243311 0.0019919 0.00680356 0 0.00804986 0 -0.015211 0 0 0.0288309 0 0 0.000766698 0.00400874 0.0015309 0 0.00717484 0.00904713 -0.00478788 0.00816175 0.00232947 0.00324949 0 0.00110332 0.000803167 0.0210117 0 0 0 0 0 0 0 0.0012045 0.0031843 0 0 0.00297122 0.0249519 0 0.00331358 0.00158135 0.00235202 -0.0033747 0 0 0.000623057 0.000249428 0 0 0 0 0.00910599 0 0 0 0 0 0.00130786 0 -0.00350246 0.000522574 0 0 0.0050361 0.00874644 0.00521183 0.00238021 0 -0.00164492 0.000704453 0 0 -1.0834e-05 0 0 0 0 0 0 0 0 0.000472015 5.99227e-06 0 0 0.000722043 0 0.0187202 0 0 0 0 0 0 0 0.00592027 0 0 0 0 0 0 0 0 0 0 0 0 0 0 0 0 0 0 0 0 0 0 0 0 0 0 0
0.0727249 0 0.00489205 0.000715801 0.0805376 0 -0.0298059 0.00216457 0.0127438 0.0620455 0.0240901 0.0809887 0.0409983 0.0279481 0.0124561 0.0413138 0.00278716 0.00183567 0 0.0289334 0.00234873 0.0345724 -0.0119813 0 0.0016353 0 0 0.000706801 0.0213014 -0.0282423 0 0.000760772 0 0.000375925 0.00203709 0.0263702 0.000948538 0 0 0.00406986 0 -0.000727683 0 0.00147964 0.000702288 0.000685963 0.000111361 0 0.0218628 0.00257093 0 0 0.00888348 0 0.0049409 0 0.0012159 0 0 0.0306807 0.0189928 0.0170711 0 0 0.000889474 0.000712167 0.0189082 0.004109 0.0241655 0 0 0 0 0 0 0.00141659 0 0 0.00166369 0 0.00707025 0 0.0430724 0.00465699 0 0.00142391 0 0.000652567 0 0.0232627 0 0.00221714 0.000958375 0.00605754 0.00267311 0 0.00915345 0 0 0 0 0.0254474 0 0 0.00834844 0.00147782 0 0 0.0082986 0.0274444 -0.000215066 0.00314042 0.010328 0 0 0 0.0102236 0.00861172 0 0 0.00155517 0 0 0 0 0.000252048 0.000213856 0 0 0.000812739 0.0373477 0 0 0 0.00103554 0 0 0 0.00423289 0.000341755 0 0 0 0.000477281 0.00455518 0 0 0 0.000383282 0 0.0115079 0.000983669 -0.00482546 0.000394884 0 0 0.00789628 0.00595478 0.00370818 0.00442733 0 -0.00263185 0.00366168 0 0 -1.22321e-05 0 0 0 0 0 0 0 0 0 0.038428 0 0 0.00324913 0 0.00786509 0 0 0 0 0 0 0 0.00346522 0 0 0 0 0 0 0 0 0 0 0 0.000706698 0 0 0 0 0 0 0 0 0 0 0 0 0 0 0
0.00671037 0.00489205 0 0.0169523 0.00571521 0.0603409 0 0.0738344 0 0 0.00164739 0.000142133 0 0.00436895 0 0.00426163 0.0118207 0.0131509 -0.0172611 0.00107763 0.0201609 0.00133572 0.000228182 0.00905055 0.0216621 0.00549718 0.0180985 0.00742355 0.00152934 0 0.00130361 0.0203684 -0.0174305 0.0108892 0.00281638 0 0.0274371 0.02943 0.00827884 0.0203915 0 -0.0131322 0.0245299 0 0.0125182 0.00642398 0.0241303 0.011014 0 0.0127206 0.00520066 0 0.00604328 0.00753073 -0.0165292 0.000130499 0.0178348 4.91443e-05 0.00477167 0 0.000279959 0.00356402 0 0 0.0154528 -0.000861304 0 0.0427951 0.00112771 0.0288545 0.00222538 0.0026313 0.0102997 0.0132164 0 0.0120447 0 0 0 0 0.0430385 0 0.000550121 0.0174351 -0.00779616 0.0083012 0.00392527 0.00673345 0 0.000864796 0 0.00455481 0.0149667 0 0.0149413 0.00715531 0 0.00160291 0 0.00193604 -0.00850921 0.00821221 0 0.00328839 0 0.0163996 0.0112192 0.00431259 0.0283049 0.000153991 0 0 0.0114104 0.0145249 0 0 0 0 0.00276828 0.00338873 0 0 0.00441102 0 0 0.0128151 0.0257101 0 0 0.0127798 0.00308348 0.000526501 0.035823 0.0016392 0.0321506 -0.00499334 0 0.00189812 0 0.00811125 -0.00385089 0.00830029 0.00166424 0.00617902 0 0.00314278 -0.00241368 0.00155861 1.89027e-05 0.0057066 0 0 0 0.000887426 0 0 0.00514948 0 0.00897548 3.10363e-05 0.000990338 0 0 0.00252002 0.0077929 0.00339649 0 0 0 -0.00265344 0 0.00236085 0.00720523 0 0 0 0.00528811 0.004815 0 -0.00384404 0 0.000489613 0.000230508 0 -0.000347418 0.00332285 0.000371752 0.00595719 0 0 0 0 0.000215807 0 -0.00143109 0.000417838 0.00206476 0.00182656 0 0.00172101 0 0 0.00194807 0.000607981 0.00214506 0 0 0.00049887 0 0 -0.00087871 0 0 0 0 0
0.00407127 0.000715801 0.0169523 0 0.00664655 0.0266569 0 0.0181123 -0.0285511 0 0.00739042 -1.13147e-05 -1.34553e-05 0.00389063 0 -0.00153547 0.0243418 0.0335646 -0.0130491 0.000114728 0.0128532 -1.45775e-05 0 0.0113337 0.00759871 0.0425154 0.0180862 0.0248004 -1.49662e-05 0 0.017091 0.0289235 0 0.00488811 0 0 0.0115165 0.0586969 0.0291381 0.0127409 0 -0.012906 0.0152937 -2.36142e-06 0.0316623 0.0220451 0.0956836 0.0206031 0 0.0175785 0.00397219 0 0.00220203 0.00957202 -0.00308299 0.00246874 0.0119295 0 0.024217 0.000557846 0.00203255 -2.0241e-05 0 0.00190445 0.0220463 -0.0145727 -1.18546e-05 0.0245119 0 0.0133727 0.0255204 0.00390007 0.0140076 0.0414078 0 0.00887417 0 -0.0325763 0 0 0.0191323 0.0145776 0.00355176 0.0289932 0 0.0105297 0.0239042 -0.0258218 0 0 0 0.00430344 0.0145629 0 0.0104387 0.00961229 -3.40182e-06 0.00284134 0 -0.00542918 0 0.000343998 0.000985975 0.0135723 0 0.189079 0.012111 0.0103509 0.0208926 0 0 0 0.0155978 0.0287971 0 -1.24509e-05 0 0 0.009148 0 0 0 0.0118167 -1.33623e-05 0 0.0113148 0.0219835 0 0 0.0148973 -0.00715006 0.0015129 0.0165783 0 0.0136678 -0.00582288 0 0.00631436 0 0.00664773 0 0.0112445 0.00213706 0 0.000892103 0.000270716 -0.0090362 0 0 0.00434412 -1.02123e-05 0 0 0 0 0 0.00555027 0 0.0166612 -1.60618e-05 0.00424526 0 0 0.00323412 0.00738181 0.00721055 0 0 -1.77393e-05 0.000561195 -0.0332414 0.00438529 0.00856471 0 0.00183814 0 0.00643097 0.00307859 0 -0.00524491 0.00730415 0.00236722 0.00199867 0 0 0.0163417 0 0.00782683 0 -0.0120328 0 0 0 -1.68386e-05 -0.00146536 0.000281302 0.00414729 0.0102243 -1.86701e-05 0.00453049 0 0.000827485 0.00320433 0 0.000967383 0 0 0.00197986 0.00250789 0 -0.00504988 0.00432637 0 -6.684e-06 0 0
0.0596881 0.0805376 0.00571521 0.00664655 0 0 -0.0120908 0.00752193 0 0.0906886 0.023541 0.0790832 0.0360826 0.0360201 0.0624551 0.0106434 0.0167181 0 -0.00302442 0.0152673 0.000988503 0.0147849 -0.00489131 0 0.000732068 0 0.00331082 0 0.0208713 -0.00448108 0.0153085 0.00534705 -0.0283938 -3.23709e-06 0 0.0155081 0.00320257 0.00706976 0.00236479 0.00244849 0 -0.00202734 0 0 0.00390669 0.000960193 0.0181166 0 5.69469e-05 0.00422423 0 -1.18958e-05 0.0269708 -0.00254286 0 0 0.00192421 0 0 0.0586948 0.0111756 0.00288113 0 0 0.00286151 -0.00835857 0.00352206 0.00508479 0.00928582 0 0 0 0 0 0 0 -0.000226072 -0.0132534 0 0 0.0250181 0.00710627 0.0287496 0.00680115 -0.018845 0 0.00254855 -0.00100627 -0.00800579 0.0143587 0 0 0.000159955 0 0.00449808 0 0.00560862 -0.000545489 -0.00551691 -0.00121211 -0.00151801 0.0119224 0 0 0 0.00539331 0 0 0.00668311 0 0 0 0 0.00329473 0 0 0 0.011876 0 0 0 0 0.00251668 -0.003668 0 0 0.0026274 -0.00174122 -0.000784263 0 0.0162564 0 0.00333804 0 0.00633442 0 0 0 0 0 -0.00566084 0 0 0 0.00180863 0 0 0 0 0 0 0 -0.00118762 0 0 0 0.00355222 0.0126631 0.00405412 0 0 -0.00105193 0 0 0 0 -0.00884559 0 -0.00706268 -0.000774231 -0.0135517 0 0 -0.000930493 0.0019744 0.00181637 0 0 0 -0.000947202 0.0150568 0 0 0.000745636 0 0.000262331 0 0 0.0121255 0 0 0 0 -0.00986632 0 0 0 0 -0.00219271 0 0 0 0 0 0 0.00192262 0 0 0 -0.0057155 0 0 0 0 0 0
0.00195143 0 0.0603409 0.0266569 0 0 -0.00265283 0.0352861 0 0 -1.21924e-05 0 -1.69488e-05 -0.00485678 0 -0.00305518 0.00485944 0.0525678 0.0211599 2.47628e-05 0.0148962 -1.96739e-05 0.00420159 0.0330794 0.0143196 0.00860235 0.00353876 -0.00867194 -1.92605e-05 0.00250377 0.00119628 0.0113494 0.00444193 0.0286494 -0.00226059 -5.89964e-06 0.00904628 0.0236703 0.00962439 0.0072645 0.00126116 -0.00964405 0.0600664 0 0.0225035 0.00604562 0.0175434 0.0143806 0 0.0171133 0.00561879 0.000433098 0.000426845 0.0176072 -0.00391208 0.00433652 0.0116038 0.00192776 0.0095325 0 -4.80395e-06 -0.00486549 -8.18166e-06 0.00150857 0.0233087 0.00907079 0 0.0235804 0 0.142339 0.000949933 0.00396602 0.0113344 0.0121984 0.000139022 0.0197069 0.00161942 -0.024478 0 0 0.0181513 -0.00381509 0 0.0139052 0.0108936 0.0161456 0.00110821 0.0127573 -0.00734348 0 0 0.00570403 0.0152233 0.00027463 0.00902768 0.0149733 -0.00581642 0.00982682 0.0075709 0.0091745 0.00625444 3.55282e-07 0 0.00561307 0.000399608 0.018504 0.0108157 0.00635918 0.0124295 0.00644049 0 0 0.0134936 0.00761225 -0.00103348 0 0.00139538 -0.00353888 0.00785932 -0.0056223 0.00116108 0 0.00973667 -0.000593245 0.00118806 0.0118506 0.0137628 0.00404957 0.00493896 0.0224457 0.00418395 0 0.018432 0.000268655 0.0156363 -0.00708557 0 0 5.5007e-05 0.0160739 0.00839583 0.0117524 0.00285347 0.00759929 0 0.00582517 -0.00081092 0.00258281 0.00152994 0.0163129 0 0.00151565 0.00094602 0.00110319 0 0 0.0175596 -0.00587216 0.0115275 0.00195699 0.00182811 0.00201514 0 0.00323174 0.013021 0.0101715 -0.0122673 0 0.00150749 0.0098675 -0.00551694 0.0079761 0.0102818 0.000802416 0 0 0.0140705 0.00900624 0 0.0100089 -0.00314116 0.00159762 0.000838323 -0.00230064 0 0.0014946 0.00212559 0.00953347 -0.00474293 0 0 -0.00927987 0.00382339 -0.0134629 -0.000901635 0.00610537 0.00522593 0.00138231 0.0042409 0.000451812 0.000207709 6.5137e-05 5.6015e-05 0.00309439 0.00466379 -0.0187877 0 0 0 -0.0115464 0 0 0 0 0 0
-0.0152985 -0.0298059 0 0 -0.0120908 -0.00265283 0 0 0 -0.00277123 0 -0.00647106 0 0.00229629 -0.0311016 0 -1.14637e-06 -0.0494394 -0.0374615 0.0383229 0 -0.0446384 0.336141 0.00236694 0.00918736 0 0 -0.0478315 -0.0254381 0.298782 -0.0126126 -0.0197769 0.0126596 0.0180656 -1.30137e-05 -0.0200744 -0.012599 0.002371 0 -0.0188255 0.0281826 -0.000360722 0.0123554 -0.023351 0.000297409 0 0 0.00647155 0 -0.0247386 0.053306 0.0236928 -0.0145848 0.0110382 -0.0126648 0 0 0.0355076 0.00126309 -0.00681968 -0.0197119 0 -0.0154493 0.0494454 0 -0.0190294 0 0 -0.027215 0.00388382 0 6.33362e-05 0.00248013 0.00619736 0.0500842 0.0221742 0.0311966 -0.00318692 0.0102801 0.000616232 -0.0204737 -0.00890849 0 0.00156351 0.0113911 -1.24497e-05 0 0.00146238 0.00256965 -0.00430813 0 0.00705029 0.00048205 0 0.0005851 0.00497707 -0.0218906 0.0131206 0.0189786 -0.0082541 0.010635 -0.0067099 0 0 0 0 0 0.0307745 0.000500967 0 0 0 -0.0576498 0 -0.00199665 0 0 -0.0115372 0.000331173 0.0105189 0 0 0.0266069 0.00749333 0.025149 0.00220861 0 0.00780424 0.00858317 -0.00226232 -0.00047787 0 0.00456822 -8.61976e-06 0.00292265 0 0 0 0 0.0032359 0.0191895 0.0156483 0.00372812 0 0 0.000124875 0 0.0540592 -8.5926e-06 0.00490953 0 -9.32439e-06 0.209227 0 0 0.000830769 0 -0.00858004 0 0.00893009 0 0.0531623 0 6.15997e-05 0.00331652 0.00700754 0.00733522 0 0.00949006 0.0091006 0.00317469 -0.034354 0 0.0395299 0 0 0.00729783 -0.00027656 0 0.0108357 -0.000381586 0 0 -0.00176317 0 0 0.00258711 0.00388764 -0.00303843 0 0 -0.00387197 0 -0.00959572 0 0.0034367 0.00261444 0 0.0069915 0 0.000802539 0 0 0.00176491 -0.027287 -0.00238465 -0.00781234 0 0 0.00198043 0 -0.00603733 0 0 0 0
0.00468033 0.00216457 0.0738344 0.0181123 0.00752193 0.0352861 0 0 0 4.97542e-05 2.47584e-05 0.00109643 0 0.00479084 0 0.00600398 0.0121136 0.0115259 0.00912752 0 0.0398966 0.00171144 0 0.00974556 0.0270364 0.00642878 0.00778997 0.00757508 0.0029402 0 0.00463759 0.0157738 -0.0224456 0.0139927 0.00271805 0 0.0212956 0.0135294 0.00650041 0.00644867 0 -0.0112476 0.0370991 0 0.0127664 0.00448006 0.018646 0.00953621 0 0.0260009 0.00466114 0 0.00668946 0.00982866 -0.0197156 0 0.0110613 0 0.00420921 7.9495e-05 0 0.00401589 0 0 0.0192753 0.00401412 0 0.0229211 0.00083284 0.00930446 0.0121531 0.000486297 0.00772077 0.0118375 0 0.0137565 0 -0.00271581 0 0 0.0416901 0 0.000145512 0.0234314 -0.0135874 0.0301133 0.00624483 0.00669268 0 0 0 0.00650286 0.00910209 0 0.0167903 0.00701369 0 0.00428276 0 0.00413827 0.00545577 0.00305489 0 0.00534654 0 0.0170151 0.00687512 0.00338471 0.0234989 0.00129169 -3.33144e-06 0 0.0148992 0.00868066 0 0 0 0 0.00407009 0.00300163 0 0 0.0108669 0 0 0.00732797 0.0184244 0 0 0.0316113 0.00393589 0 0.0361346 0.000361417 0.018998 -0.00435091 0 0 0.00113072 0.00878143 8.80141e-05 0.00634613 3.20211e-05 0.00759672 0 0.00588126 -0.0021654 0.00106126 0.00219382 0.00687085 0 0.00179952 0 0.00138115 0 0 0.00513015 0 0.0187203 0.000322116 0 0 0 0.00139596 0.0127988 0.00489466 0 0.000745791 0 -0.0176639 0 0.00530532 0.0129864 0 0 0 0.0050678 0.00729589 0 -0.0022606 0 0 0 0 0 0.00183603 0 0.00668729 0 0 0 -9.29211e-05 0.00238211 0 -0.00152064 0.00116839 0.00321915 0.00581296 -0.000743259 0 0 0 0 0.00269403 0.00391585 -0.00132799 0 0 0 0 -0.000565422 0.000381626 0 0 0 0
0 0.0127438 0 -0.0285511 0 0 0 0 0 0.00640369 -4.85783e-06 0 0.00124975 0 7.4636e-06 0.00901451 0 0.0018863 0.0126077 0 0 0.00712576 0 0 0.00622451 0 0 0.00244158 0.0186705 -1.07588e-05 1.03371e-06 0 0.0213474 0.00480435 0.0114648 0 0 -0.0338987 0 0 0 1.20799e-05 -0.00739421 -0.15457 -1.33051e-05 0 -0.012606 0 0.00283345 0 0.0053812 0.00938506 0 0.0110189 0.0097138 0.00835587 0 0 0 0 0 0.007441 -0.082199 0 0 0.0140984 0.000612228 -0.00114288 0.0126655 -1.46027e-05 0 0 -1.44718e-05 0 0 -0.00194607 0.000696874 0.0435345 0 0 0 -0.00151333 0 0 0.0125909 0.000265595 0 0.0147266 0.0102763 0.00375068 0.0134422 0 0 0.00706548 0.00200052 0.00839688 0.0377788 0.00916266 0.00847386 0.0109712 0.00610403 4.79968e-06 0 0 0.00510111 -1.22205e-05 0.00163635 0 0 0.0159378 0 0 0.00471955 0 0 0 0.00899814 0 0 0.00879254 0.000918923 0 0 0.00844169 0 0 0 0.00261383 0.0104459 -1.9257e-05 0.00319052 0 0 0 0 0 0 0 0.00296714 -0.00202552 0.0147728 0 0 0.0344743 0 0.000613481 0 0 0.00163158 0.00433343 0.00536121 0.00684198 0 0.000510771 0 0 0.00311465 1.28963e-05 0 0.00551917 0 0 0 0 0.0013506 0.00289914 0.0127067 0.00511263 0.0106124 0.010567 0.0159585 0.0013462 0.000297404 0.00208122 0 0 0 0.0058705 0 0.00788988 0 0 0 0 0 0 0.0024732 0 -0.000701625 0.0351245 0 0 0.00541396 0.0259832 0 0 0 0 0.00925718 0 0.00148006 0 0 0.00279437 0 0 0 0 0 0.00844793 0 0 0 0.00207099 0 0
0.0446625 0.0620455 0 0 0.0906886 0 -0.00277123 4.97542e-05 0.00640369 0 0.0414356 0.0378291 0.0311416 0.0150701 0.0180581 0.0304742 0 0 0 0.066962 0 0.0262554 0 0 0 0.000135391 0 0 0.020936 -0.00436052 0 2.18285e-05 0 0 0 0.0108947 0 0.000409973 0 0 0 0 0 0 0 0 0 0 0.00727599 0 0 0 0.00476647 0 0 0 0 0 0 0.0416769 0.0164498 0.02435 0 0 0 0 0.0278184 0.00114246 0.0070353 0 0 0 0 0 0 0 0 0 0 0 0.000816709 6.61376e-05 0.0204046 0.000854821 0 2.09365e-05 0 0 0 0.030466 0 0.00321927 0 0.0323674 0.00100072 0 0.0211375 0 0 0 0 0.0118583 0 0 0.00384387 0 0.000487436 0.000743228 0.000178699 0.0075298 -0.000256334 0.00173371 0 0 0 0 0.00882019 0.0206874 0 0 0.00419447 0 0 0 0 0 0 0 0 0.000251826 0.0143989 0 0 0 0 0 0 0 0.000764188 0 0 0 0 0 0.00311025 0 0 0 0 0 0.00334698 0 0 0 0 0 0.00360092 0.00791456 0.00043929 0.0211407 0 0 0.00268677 0 0 0 0 0 0 0 0 0 0 0 0 0 0 0 0.00996754 0 0.00532509 0 0 0 0 0 0 0 0 0 0 0 0 0 0 0 0 0 0 0 0.00896802 0 0 0 0 0 0 0 0 0 0 0 0 0 0 0
0.046193 0.0240901 0.00164739 0.00739042 0.023541 -1.21924e-05 0 2.47584e-05 -4.85783e-06 0.0414356 0 0.0187765 0.0560029 0.145576 0 0.0449856 0.0037239 -1.20958e-05 -0.0298259 0.0876324 -1.18122e-05 0.00350896 0 -1.0705e-05 -1.18669e-05 0.00196903 0.000643404 0.00206533 0.0155449 0 -0.000322674 0.00794388 -0.0364193 -1.04784e-05 -0.0194944 0.0355097 0.000919102 0.00969022 0.00094668 7.84251e-05 0.0411582 -0.00749402 -1.1429e-05 0 0.0088343 0.00133435 0.00673063 0.000916226 0.0262295 0.00343064 0 0 0.0077258 -0.0217546 0 0 0 0.00204801 0 0.0312685 0.0227829 0.0274857 0.00137273 0 0.00328454 -9.06843e-06 0.0313143 0.00221042 0.00541082 0.000227603 0.0174813 -7.93691e-06 0.00219328 0.000888504 0.0268602 0.000289219 0 0 0.0440718 0 0.00124172 0.0108551 0.0330425 0.015264 -0.016967 0.00129085 0 -9.76644e-06 -0.00813902 0.0172093 -0.00194348 0.0528969 0.00102335 0 0.00407398 0 0.00908076 -0.00397294 0 -0.00932833 -0.00645606 0.0194256 -4.15782e-06 -8.82361e-06 0 0.0034417 -9.72262e-06 0.019094 0.00771292 0.0039986 -0.0213403 0.000176466 -1.18631e-05 0.00278146 0 0.00122659 0 0.0205293 0 -0.00118692 0 0 0 -0.0169104 0.0287076 0.00139566 0 0 0 0.00083655 0.0202722 0 0.00253181 0.0170936 0.00214877 -0.0011939 0 0 0 0 -0.00362646 0 0 -1.01605e-05 0.30065 0 0 0.0502956 0 -0.0310817 0.00193435 0 0 0 0 0 0.00117148 0.00227025 0.00275026 0.0132235 0 0 0 0 -1.06619e-05 -0.0119002 -0.00191942 0 -7.42055e-06 -9.0079e-06 -0.0232104 -8.19989e-06 0 0 0.00502559 0 -8.54134e-06 -9.30696e-06 0 0 0.0126043 -6.54887e-06 0 0.00140802 0 0 -3.39067e-06 0 0.0345238 0 0 0 -0.0135149 -0.00373693 0 0 0.000420387 0 -7.97105e-06 0 0 0 0 -0.00308776 0 0.00928007 0 0 0 0 0 0 0 0 0 0
0.0544202 0.0809887 0.000142133 -1.13147e-05 0.0790832 0 -0.00647106 0.00109643 0 0.0378291 0.0187765 0 0.0440041 0.0184439 0.0521653 0.0373213 0.000557411 0 0 0.0176374 0.000784823 0.0556863 -0.00240474 0 0.0017402 -0.00932912 0.000194347 -1.17177e-05 0.0172712 -0.00198332 0 0 0 0 0.000427723 0.0468054 0.00311785 0.00143192 0 0.00264357 0 1.09832e-05 0 0.00062982 0 0 7.51121e-06 0 0.0101902 0.000349151 0 0 0.0150658 -1.23152e-05 0 0 0.00172658 0 -1.01258e-05 0.0365505 0.0160152 0.0218808 0 0 0 0 0.0694415 0.00253532 0.0146934 0 0 -8.4569e-06 0 0 0 0.000626343 0 0 0 0 0.0016934 0.00316483 0.0192217 0.00165465 -1.02071e-05 0 0 0 0 0.0290635 0 0.0022061 0 0.00781533 0.00179574 0 0.0059024 0 -9.73306e-06 0 0 0.0175326 0 -9.13328e-06 0 0 0 0 0.00164255 0.00501358 0 0.00139363 0.00038686 0 0 0.00315568 0 0.0132922 -1.02936e-05 0 0.000780566 0 0 0 0 0 0.00013435 0 0 0 0.0399366 0 0 7.82333e-05 0.000310939 0 0 0 0.00904437 0.000245713 0 0 0 0 0.00609243 1.56471e-05 0 0 0 0 0.0132122 0 0 0.000612334 0 0 0.00301416 0.00484155 0.000874124 0.0049729 0 0 0.00483318 0 0 -0.0121742 0 0 0 0 0 0 0 0 0.000373821 0.00609672 0 0 0.0141409 0 0.00528215 0 0 0 0 0 0 0 0.0037916 0 0 0 0 0 0 0 0 0 0 0 0 0 0 0 0 0 0 0 0 0 0 0 0 0 0 0
0.0356332 0.0409983 0 -1.34553e-05 0.0360826 -1.69488e-05 0 0 0.00124975 0.0311416 0.0560029 0.0440041 0 0.0341043 0.0206052 0.0368679 0 0 0 0.0455784 0 0.0542466 0 0 2.36578e-05 -7.71699e-06 0 0 0.0292139 0 0 0 0 0 0.00178822 0.0182007 0 0 -1.35207e-05 0 0 0 0 0.000805261 0 0 -1.11166e-05 0 0.015347 0 0 -0.0147328 0.0199083 -1.66342e-05 0.00479481 0 0 0 -1.26675e-05 0.0223503 0.0186641 0.0193155 0.00335188 0 0 0.000986218 0.0498077 -1.65484e-05 0.0242474 -1.38842e-05 0 0 -1.48339e-05 0 0.000294954 0.00159141 0 0.00038266 0.0031963 0 0 0 0.0262708 0.00286761 0 0 0 0.00251882 0 0.0651319 0 0.0170185 0 0.00670833 0.000507234 0 0.0127571 0 0 0 0 0.0257483 0 -1.12157e-05 0.0054608 0 0 0.000801129 0.00177267 0.0133132 -0.000938023 0.0129228 0 0 0 0.0142636 0.00871721 0.0111266 -1.30347e-05 0 0.00567549 0 0 0 0 0 0 0 0 0 0.0342661 0 0 0.009191 0 0 8.45958e-05 -8.54952e-06 0.0135766 0.000907944 0 -1.40726e-05 0 0 0.0116555 0 0 0.000921173 0 0 0.0365185 0.00232449 0 0.00127553 0 0 0.000924682 0.00617092 0.000505335 0.0435224 0 0 0.00337424 0 0 -1.40469e-05 0 0.00258187 0 0 0 0 0 0 0 0.0113038 0 0 0.00734213 0 0.0101518 0 0 0 0 0 0 0 0.0070195 0 0 0 0 0.000217926 0 0 0 0 0.000241686 0 0.00242134 0 0 0 0 0 0 0 0 0.000354562 0 0 0 0.000130493 0 0
0.025598 0.0279481 0.00436895 0.00389063 0.0360201 -0.00485678 0.00229629 0.00479084 0 0.0150701 0.145576 0.0184439 0.0341043 0 -0.188471 0.0401066 0.00176666 -0.00588776 0.00579298 0.0516899 0.00287862 0.0353216 0.015923 -1.93213e-05 0.00268556 -9.48162e-06 0 -0.000840826 0.0092347 0 -0.0112604 0.00551495 0 -0.0024061 0.00157393 0.0396875 0.000783492 0.0166263 0 0.00277233 0.0117251 -0.00615212 -0.0209499 0 0.00269103 0.000978236 0.00806284 0.00479817 0.0483009 0.0042938 0.00770811 0 0.016548 -2.22735e-05 0.0106117 0 0.00225601 0.0167941 0.0020262 0.0393837 0.0248752 0.0581589 0.0176481 0 0.00739257 -0.0214246 0.0376672 0.006912 0.00998106 0.000942616 0 -1.31994e-05 0.00464115 0.0030924 0.024431 0.00957273 0 0 0.0436057 0 -1.38399e-05 0 0.0230909 0.00853396 -0.0197226 0.00336911 0 -0.00305346 0 0.00919762 0 0.071405 0.00476669 0.00143819 0.00329549 0.00224571 0 -2.02164e-05 0.00160277 -1.93576e-05 -0.00125404 0.0071832 -6.51725e-06 0 0.00221658 0.0041405 0.00086508 0.00807133 0.010513 0.0118751 -0.0055047 0.00459441 0.00267079 0.00408781 0 0.038699 0 0 0 0 0.00978758 0 0 -1.51414e-05 0.0125309 0.00296136 1.28334e-05 0 0 0.00748522 0.0275882 -3.15324e-06 0.00376785 0.0199205 0.00427665 -0.000655565 0 0 0.0108968 0.00536283 -0.00441403 0.000615182 0.00154519 -2.10926e-05 0.0713253 0.0042135 0 0.0325329 0 -1.98593e-05 0.00283111 0 0 0 0 0 0.00267423 0 0.00639748 0.0135957 0 0 0.000960578 0 0.00159503 -1.85574e-05 0 0.00229173 0.000852209 -0.0101035 -1.82206e-05 0 0 0.00127419 0.00346264 0 0 0.000260185 3.37051e-06 0.00260194 0 0 0 0 0 0 -7.81466e-06 0 0.0100818 0 0 0 0 0 0 0 0.00351504 0 0.000915157 0 0.0018674 0 0 0 0.000979742 0 0 0 0 0 0 0 0 0 0 0
0.0212287 0.0124561 0 0 0.0624551 0 -0.0311016 0 7.4636e-06 0.0180581 0 0.0521653 0.0206052 -0.188471 0 0 0.000457039 0 -0.00875035 -0.0126522 0 0.0206261 -0.0207117 0 0 0 0.00215626 0 0.079859 -0.0234514 0.0516969 0 -0.00586123 -0.00440129 0 0.0149987 0 0.00659023 0 0 -0.00364341 0 -0.00377046 0.0326083 0 0 0.000555301 0 0 0 -0.00739694 -0.00138979 0.0503056 -0.00134357 -0.00130609 0 0 -0.00673993 0 0.00846877 0.0569927 0 0 -0.0039921 0 -0.00293899 0 0 0.0506411 -0.00163115 0 0 0 0 -0.036759 -0.00121887 -0.00150171 0 -0.0031126 0 0.0068825 0.022804 0.0034258 0 -0.005861 0 0 -0.0026115 -0.0016469 0.0181084 -0.0014885 0 0 0 0 -0.00150161 0.0232374 -0.00136465 -0.00500362 -0.00273033 -0.00318425 0.0208211 0 0 0 0 0 0 0 0 0 0 0 0.0033594 0.0357162 0 0 0.0394075 0 -0.0021851 0 0 0 -0.00228585 -0.0107881 0 0 -0.0078503 -0.00194202 0 0.0118784 0 0 0 0 0 0 0 0 -0.00103798 -0.00609726 0 0 0 0 0 0 0 0 -0.000351267 0 6.40605e-06 -0.0131196 0.00978143 0 0 0 0.030945 0 0 0 -0.0111713 0 0 0 0 -0.00141925 0 -0.00453763 -0.00136518 -0.00353578 0 0 -0.002253 0 0 -0.00232735 0 0 -0.00506333 0.0145059 0 0.00476707 0.00366386 0 0 0 0 0.00332142 0 0 0.00900609 0 -0.00141912 0 0 0 0 -0.000790803 0 0 0 0 0 0 0.00202069 0 0 0 -0.00138751 0 0 0.0066162 0 0 0
0.0352011 0.0413138 0.00426163 -0.00153547 0.0106434 -0.00305518 0 0.00600398 0.00901451 0.0304742 0.0449856 0.0373213 0.0368679 0.0401066 0 0 -1.24537e-05 0.0113941 0.0223473 0.0270855 0.00650117 0.0273076 0 0.00351138 -0.000922283 -1.10843e-05 0 0.00760832 0.0926517 -0.0319157 -1.29969e-06 0.00154638 -0.00940544 0.01715 0.0116311 0.0265787 0.00269058 -0.00880253 -2.01341e-05 0.00342043 0.00276676 -0.00438453 0.00690328 0 -0.00648677 0.00095709 -1.47965e-05 0.00369077 0.0183596 0.00699451 0.00895649 0 0.0164665 0.0011098 0.0152841 0.00318528 0.00403918 0.00552135 0.00191019 0.0110751 0.00585987 0.106217 0.00714245 -0.0210763 0.0096893 0.0167388 0.0283017 0.00933731 0.0689826 0.000656605 0 0.000638863 0.00197719 0.00436853 0.00157095 0.0126705 0 0.0130626 0.00525896 0 -1.62879e-05 -0.00264406 0.00707766 0.00669092 -0.000465968 0.00592396 -7.54307e-06 0.01219 0.0084189 0.035167 0.00454951 0.0288524 0.00592601 0.00854036 0.0036723 0.00993117 0.00328161 -0.000171525 0.00117122 0.00515852 0.00819935 0.00565193 0 -1.7018e-05 0.0163096 -0.000363736 0.00307583 0.0045368 0.00448707 0.0266167 -0.00285032 0.0400454 0.0092255 0 0 0.0125836 0.0122213 -0.00120383 0 2.649e-05 0.0235224 0 0 0.00224365 0.000277954 0.00234966 0.0010435 0 0.00545512 0.0106613 0.0553959 0 -0.014766 0.0240305 0.00438436 -0.00173538 0.00265568 -1.24942e-05 0.0119489 0.0123264 0.00513969 0.00151415 0.000714578 0.00218853 0.0205312 0.00259087 0 0.00290328 0.00415887 0.00477139 0.0223373 -0.0696397 0 0.00394307 0 0 0.0152022 -0.00207962 0.00674754 0.0230292 0 0 0.00843458 0 0.00369082 -0.00162254 0.00714438 0.00899991 0.00363257 -0.00568882 -0.00815213 0.00248591 0.0046559 0.000526341 0 0.00604848 -0.0029497 0.00575533 0.0104677 0.0108435 0 0 0 0 0 0 0 0.00232464 0 0.00156721 0 -0.00289117 0.000716247 0.00943951 0 0.00218299 0.00351051 0 0.00551405 0 0.00615393 0 0 0.0029424 0.00127885 0 0 0 0 0.00477689 0 0 0 0.00302614 0 0
0.00229602 0.00278716 0.0118207 0.0243418 0.0167181 0.00485944 -1.14637e-06 0.0121136 0 0 0.0037239 0.000557411 0 0.00176666 0.000457039 -1.24537e-05 0 0.00640419 -0.00855684 0 0.0059915 0 0 0.00366976 0.00314646 0.0198115 0.0658879 0.00510438 0 0 0.00352137 0.0552446 -0.0120994 -1.18551e-05 0 0.00756981 0.012205 0.00897612 0.0440877 0.0303525 0 -0.0286801 0.000779634 0 0.00525214 0.0456943 0.0258041 0.0190125 0 0.0116201 0 0 0.00120657 0 -1.04492e-05 0 0.0157443 0 0.00783328 0.00184361 0.0124143 0 0 0 0.0135622 -0.015403 0 0.0239221 0 0.00314273 0.0160645 0.00236889 0.0245166 0.00292863 0 0 0 -0.0178562 0 -0.00222558 0.0239081 0.0169967 0.000471735 0.0202416 -0.0238965 0.000175781 0.0382864 -1.06192e-05 -0.0196042 0.00170687 0 0 0.00988923 0 0.00417531 0 0.000346175 0 -0.00426797 0 0 0.00483813 0 0.00553333 0 0.0405045 0.00317486 0.00834403 0.0188407 -1.12984e-05 0 0 0.00257892 0.0163691 0 0 0 0.0107538 0.000864607 0 0 0 0.00319583 -0.000505524 0 0.0238258 0.02904 0 0 0.00595447 0 0.000202499 0.00554191 0 0.0112718 -0.0152953 0 0.0245682 0 0.000332801 -0.0115467 0.0197535 8.84656e-05 0 0 0 -0.0126352 0 0 0 0 0 0 0 0 0 0.00269285 0.021065 0.00451922 0 0 0 0 0.0015936 0.000879412 0 -0.00962329 0 0 0 -0.0101563 0 0.00202852 0 0.0216909 0 0 0 0 0 0.0218891 0.00175346 0.00113567 0.00118497 -0.00112848 0.0185948 0 0.00099498 0.0308073 0 0 0 0 -0.0108762 -0.00472359 0 0.000218545 0.00115342 -0.0110057 0.00300407 0 0.000295885 0.000790328 0 0 0.0120702 0 0.0035779 0.00427842 -0.00203397 -0.00372156 0.000358881 0 0 0 0
0.000505033 0.00183567 0.0131509 0.0335646 0 0.0525678 -0.0494394 0.0115259 0.0018863 0 -1.20958e-05 0 0 -0.00588776 0 0.0113941 0.00640419 0 0.0208859 0 0.0104673 0.00186455 0 0.032472 -0.0402657 0.0509535 0.0049825 0.0478944 0.0128133 -1.24191e-05 0.0137165 0.0187282 0.00204178 0.0202859 0.00506151 0.00235906 0.0109202 0.00714838 0.0115538 0.0115896 0.000206196 -0.00749893 0.0187497 0 0.00980479 0.0190228 0.00690742 0.0245286 0 0.0216694 0.00867637 0.00335774 0.000324144 0.016263 0.0162035 0.00411506 0.0110515 0.000558897 0.0280012 0 0.0004212 0.00744948 0.00160001 0 0.0154728 0.0184854 -1.63564e-05 0.0267833 0.00317937 0.0250378 0.0117106 0.00509781 0.0118416 0.00825068 -1.52328e-05 0.0120517 0 0.00786145 0 0 0.00915382 -0.00176487 0 0.00987397 0.00914164 0.0120598 0.00223204 0.014283 0.00599996 0 0.00193175 0.0057656 0.0236079 0 -0.00172785 0.0175403 0 0.00950684 0.00860913 0.00867149 0.000962082 0 0.000328974 0.0217719 0.00117224 0.0132406 0.00850748 0.0137003 0.00986974 0.00926556 0 0.00595697 0.0231872 0.00596666 0 0.00176432 0.000136378 -0.00305401 0.0140418 0.00498107 0 0 0.00189521 -0.00108961 0 0.0115169 0.0102435 0.000322456 0.00432252 0.0145038 0.00375962 0.000166896 0.00681139 0.00390792 0.00968348 -0.00453577 0 0.00230124 0 0.0138259 -0.00833112 0.0197404 0.00181695 0.00736634 0 0 -0.00234273 0 0.000448337 0.0117802 0 0.00247573 0 0 0 0 0.0222912 -0.00392057 0.0168478 0 0.00186495 0 0 0.00349461 0.0055719 0.0113271 0.0039966 0 -0.00640207 0.00846878 -0.00451749 0.00608349 0.00727296 0 0 0 0.00667481 0.00686942 0 0.00866424 -0.00171381 0.00270805 0.00162042 -0.00236187 0 0.00103478 0.00223133 0.00942136 -0.00225143 0 0 -0.0039185 -0.00192336 0.00185907 0 0.0049812 0.00715716 0 0.000253243 0.00231606 0 0.000818104 0.000355367 0.00311688 0.000458653 -0.00263414 0 0.00120969 0.00193856 0.00359001 -0.000685919 0.00132152 0 0 0 0
0 0 -0.0172611 -0.0130491 -0.00302442 0.0211599 -0.0374615 0.00912752 0.0126077 0 -0.0298259 0 0 0.00579298 -0.00875035 0.0223473 -0.00855684 0.0208859 0 -1.96851e-05 0.00747196 0.00738381 -0.00859988 0.0045111 -0.00221911 -0.00080387 -1.04392e-05 0.017046 0.0038579 -0.0483448 0 -0.0127672 0.0435037 0.0461459 -0.0140323 -0.00399191 0.000479443 -0.0334674 0 0.000340481 0.00120867 2.02471e-05 0.0280633 0 -0.018497 0 -0.0234146 -0.000529885 0.0034373 0.0116237 0.027212 0.0106294 0 0.0485997 0.0295788 0.0119828 -0.00226638 0.00707168 0.0103259 -0.00970678 -0.0088878 0.0135025 0 0 0.00670306 0.0428454 0.00170711 0.00887657 0.00634341 -0.0196438 -0.00102322 0.00612993 -0.00802643 0.000440964 0.00395492 0.0277654 0.00487995 0.0338807 0.00560179 0.00439949 0 -0.0176874 0 -0.00757155 0.0461148 0.0146841 -0.0123316 0.0523613 0.0312948 0 0.0150779 0.0168127 0.00352537 0.00542127 -0.0122661 0.0259533 -0.0040738 0.0286533 0.0171284 0.0306692 0.0764576 -0.0153109 0 0.00662636 0.00785144 -0.0196628 0.0134495 -0.0066527 -0.0149422 0.0222883 0 0.00715258 0.0209013 0.00327921 -0.000553844 0.0118911 0.0113976 -0.0224323 0.0217837 0.0583724 0.0105734 0 0.00220194 0.0213968 0.00194083 -0.0114676 -0.0102871 0.0158447 0.0248782 0.0138534 0.0116201 0 -0.0163737 0.0290118 0.0117246 0.0106522 0 -1.2025e-05 0.00565811 0.0270325 0.0206269 -0.0186066 0.00423277 0.01063 0 0.0175944 1.20909e-05 0.00359907 0.0114983 0.025866 0.00380023 0.016097 -0.0217361 0.0105035 0 0.0152888 0.00780053 -0.0177269 0.0111614 0.00960864 0.000899346 0.00501099 0.00188457 0.00300582 0.018565 0.0198865 0.0285317 0.00984086 0.0293537 0.0276344 0.0287689 0.0257417 0.0105478 0.00958141 0 0 0.0188142 0.031779 0.00124908 0.042294 -0.0192907 0.00210424 0 -0.0123901 0 0 0.00460595 0.0134895 -0.0130094 0 0 -0.0103954 0.0191149 0.0305374 0 0.0131381 0.0138623 0 0.0284094 0 0.00649556 0.00149919 0 0.0169564 0.0116594 -0.00933995 0 0 0 0.0175197 9.87128e-06 0 0 0 0 0
0.0460788 0.0289334 0.00107763 0.000114728 0.0152673 2.47628e-05 0.0383229 0 0 0.066962 0.0876324 0.0176374 0.0455784 0.0516899 -0.0126522 0.0270855 0 0 -1.96851e-05 0 0.00131244 0.0142763 0.0129009 0 0.000554653 0.00047646 0 0 0.00318112 0.00247723 -0.00666831 0 -0.00412348 0.00367987 0.000653113 0.0129044 0 0.00360406 0 0 0.0184723 -0.000376886 -0.00142847 0 0.00184685 0 -1.15524e-05 0.00217459 0.0718758 0.00268627 0.00196489 0 0 -2.08509e-05 0.00308516 0.000329922 0.000151737 0.0154074 0 0.0312738 0.015781 0.0344388 0 0.00108432 0 0.00326178 0.0275124 0.00354315 0.00290455 0.000365801 0 0 0.00055063 0 0.0274801 0.00487551 0.00123575 0.000679013 0.0280432 0 0 0 0.0196189 0.00328065 0 0.00177841 0 -0.00339035 0 0.008394 0 0.0282906 0.00168751 0.00408094 0.000456522 0.0030677 0.000874622 0.000472409 0.00225123 -1.82e-05 0 0.011744 0 0 0.00409502 0 8.55408e-05 0.0110071 0.00291594 0.00642008 -0.00101343 0.0125887 0 0 0 0.00284331 0.00215342 0 0 0 0.00249492 0 0 0 0.0173113 0.000852894 0 0 0 0.00106686 0.0198134 -2.85315e-06 0.000210502 0.000607493 0 0 0 0 0.00404926 0.00433044 -0.00219322 0.0015058 0 0 0.0274638 0 0 0.0165517 0 -1.85684e-05 0.0288647 0 0.00035591 0 0 0 0.00250688 0 0.00186038 0.0153675 0 0.00161628 -0.019143 0 0 0 0.000178204 0 0 0.000525369 0 -1.61056e-05 0 0.026627 0 0 0 -1.82554e-05 0.000146989 0.00182651 0 0 0 0 0 0 0 0 0 0 0 0 0 0.000943859 0 0 0 0 2.73659e-05 0 0.00260869 0 0 0 0 0 0 0 0 0.00151783 0 0 0 0 0 0
0.00323078 0.00234873 0.0201609 0.0128532 0.000988503 0.0148962 0 0.0398966 0 0 -1.18122e-05 0.000784823 0 0.00287862 0 0.00650117 0.0059915 0.0104673 0.00747196 0.00131244 0 0.00429852 -0.00270555 0.00837634 0.018436 0 0.00613125 0.00806113 0.00132204 0 0 0.00939407 -0.00325361 0.0135301 0.00804645 0.000780304 0.018658 0.00911211 0.00644903 0.0132369 0.000480544 -0.00893221 0.0164416 0 0.0333485 0.00491451 0.0200606 0.00804788 0 0.0204069 0.00990338 0 0.0123769 0.0132609 0.00590854 0.00131589 0.0122757 0 0.00434666 5.10365e-05 0 0.00773905 0 0 0.0488008 0.00733119 0 0.0144513 0.00395211 0.00850573 0 0 0.0158514 0.00867588 0 0.0120728 0 0.00188541 0.000429297 0 0.0135978 0 0.00215971 0.0100167 0.00321302 0.0491985 0.00269629 0.00022192 0.00146572 0 0 0.00274083 0.0186343 -7.44972e-07 0.011331 0.00828525 0 0.00639642 0.000282024 0.00591227 0.00620698 0 0 0.00344001 0 0.0114455 0.0187001 0.00215704 0.0084203 0.00243517 0 0.00121263 0.0292229 0.00938471 0 0 0 0 0.00322965 0.00736407 0.000113463 0 0.0039663 0 0 0.011745 0.00809415 0.00124726 0.00257786 0.015445 0.00639238 0 0.013066 0.00292117 0.0136449 -0.00308045 0 0 0 0.0114893 0.00777571 0.00726853 0.000192261 0.0122994 0 0.00921971 0 0.00038754 0.00333381 0.00681554 0 0.000875302 0 0.00222932 0 0 0.00482858 -5.55836e-05 0.00950493 0.0011917 0 0 0 0 0.0129582 0.0044119 -0.000904963 0.000632097 0.00265058 0.00615112 0.00119334 0.00690163 0.0190407 0 0 0 0.0047454 0.00648594 0.0002225 0.00481671 0 0 0 0 0 0.0012069 0.00118806 0.0066896 0 0 0 0 0.00253623 0.000187328 0 0.00246554 0.0027878 0.000427966 0.00330512 0 0 0 0 0.0032473 0.0042719 -0.000791635 0 0 0 0.000170217 0 -3.75876e-06 0 0 0 0
0.0281073 0.0345724 0.00133572 -1.45775e-05 0.0147849 -1.96739e-05 -0.0446384 0.00171144 0.00712576 0.0262554 0.00350896 0.0556863 0.0542466 0.0353216 0.0206261 0.0273076 0 0.00186455 0.00738381 0.0142763 0.00429852 0 -0.0258597 -1.76711e-05 0.00680273 -0.0645653 0 0.00345453 0.041344 -0.0209732 -0.00946773 0 0.00635649 -0.00217019 0.0288578 0.0782734 0.00124265 0 -1.48781e-05 0.00486579 0 1.4595e-05 -0.0106874 0.0227682 0 4.51015e-07 -1.13136e-05 -1.77159e-05 0 0 0.00199656 0 0.0226996 -2.07072e-05 0.0110987 0 0.00239732 0 -0.0404137 0.0133556 0.0159118 0.0688091 0.017583 -0.0101805 0.00336637 0.0124604 0.0540419 0.0113809 0.0237869 -1.59438e-05 -0.0286996 -1.19162e-05 0 0 0 0.0172183 0 -0.00471961 0.00245345 0 0.00183131 0 0.0264365 0.00294488 0.00428089 0.0033959 -5.52688e-06 0.0122577 0.00409571 0.026952 0.00332978 0.00534436 0.00103871 0.000122807 0.0061151 -0.0142852 0.00508598 0 0 0.000741967 0.00205733 0.0098464 0 -1.2301e-05 0.0150808 -1.52335e-05 0.000620934 -1.51988e-05 0.00240367 0.0117591 0 0.0100136 0.00611133 0 0 0.0144674 0.0135568 0 -1.52093e-05 0.00204242 0.00350988 0 -1.03835e-05 0.00148519 0 0 0 0 0.000640016 0.00244665 0.0310337 0 0 0.0402991 0.00256798 0 0.0249194 -9.13117e-06 0.0137266 0.00814135 0.00637257 -1.57939e-05 0 0.00860519 5.17449e-05 0.00478322 9.37617e-06 0 0.00287515 0.00109002 0.0235534 0.0067968 -0.0093559 0.0391151 0 0 0.00395579 0 0.00188474 0.0292497 0 0 0.0300649 0 0.00449884 -1.70096e-05 -0.00133942 0.0247041 0.00556549 0.00352235 0.00413545 0.00287615 0 0.000115677 0 0 -1.68441e-05 0.00280246 0.00119071 0.00393759 0.00992673 0 -8.38422e-06 0 0 0 0 0 0 0.0209265 0 0 0.00201356 0.00635412 0 0.000647361 0 0 0.00662534 0 0.00576636 0 0 0.00182585 0.00241969 0 0.00165096 0 0 0.0034806 0 0 0 0.00464173 0 0
-0.00922131 -0.0119813 0.000228182 0 -0.00489131 0.00420159 0.336141 0 0 0 0 -0.00240474 0 0.015923 -0.0207117 0 0 0 -0.00859988 0.0129009 -0.00270555 -0.0258597 0 0.00264881 0.00920659 0 0 0 -0.0306233 0.154255 -0.00528258 0 0.00778985 0.0156704 0 -0.0086658 0 0.00122575 0 0 0.0189888 -0.00368089 0.0115213 -0.0047905 0.000118555 0 0 0.00535833 0 0 0.0321255 0.00670834 -0.0133431 0.0109169 -0.00926511 0.000754946 0 0.00774294 0.000534896 -0.00201998 -0.0110088 0 0 0.0320835 -0.000440069 0.00486811 0 -0.00356938 -0.003309 0.00348539 0 0.00199065 0.00212384 0.0114701 0.0154643 0.0111666 0.0111553 -0.00329552 0.0105648 0 -0.0059708 -0.00647483 0 0.00151204 -0.000155708 -1.64085e-05 0 0.00476357 -0.00223587 -0.00309253 0 0.0124988 0.00147622 0 0.00117036 0.00632445 -0.00599372 0.00966444 0.015495 -0.000353483 0.00951617 -0.0103986 0 0 0 0 0 0.00760003 0.00117342 -0.00479527 0 0 -1.65796e-05 0 -0.000405158 0 0 -0.00913381 0 0.00887797 0.000204806 0 0.006458 0.00851175 0.0159084 0.00185173 0 0.0061879 0.00699989 0.00402308 0.000383118 0 0.00425335 0 0.00381148 0 0 0 0 0.00246702 0.012667 0.00532911 0.0117259 -0.0132887 0 0.000322621 0 0.041331 0 0.00229235 0 0 0.166525 0 0 0 0 -0.0108532 0 0.00490669 0 0.023486 0 0.0013281 0.00370496 0.00540589 0.00670932 0 0.00843958 0.00784678 -0.0133949 -1.54401e-05 0.000987841 0.0114201 0 0 0.00738115 0.00263268 0 0.00948169 -0.00500702 0 0 -0.00140462 0 0 0.000901218 0.00383286 -0.00167334 0 0 -0.0027393 0.00030003 -0.00112452 0 0.0017543 0.00245395 0 0.00279399 0 0.0012207 0 0 0.00236628 0 -0.00124012 -0.00213731 0 0 -0.00162488 0 0 0 0 0 0
0 0 0.00905055 0.0113337 0 0.0330794 0.00236694 0.00974556 0 0 -1.0705e-05 0 0 -1.93213e-05 0 0.00351138 0.00366976 0.032472 0.0045111 0 0.00837634 -1.76711e-05 0.00264881 0 0.00558499 0.0077267 0.00370729 0.00715325 0 0.000863412 0 0.00848841 0.00829158 0.0260474 0 0 0.0227522 0.0061356 0.0240988 0.00712719 0.000498027 -0.00190312 0.0167707 0 0.0106583 0.00623976 0.00412685 0.0273409 0 0.00916169 0.00100222 0 -9.4693e-06 0.0139843 0.00610542 0 0.01775 0 0.0066473 0 0 0 0 0.000662711 0.01738 -0.00380342 -1.47981e-05 0.0142102 0 0.0192781 0.0188112 0.0040764 0.0123838 0.00688168 0 0.0117961 0 0.00107129 0 0 0.0105087 -0.00339521 0 0.00859177 0.00826961 0.0130559 0.0029793 -0.00493557 -0.00126023 0 0.000742085 0 0.0107603 0 0.00275227 0.00995171 0 0.00468634 0.00422702 0.00511063 0.00718224 7.06346e-07 0 0.00281299 0 0.00999649 0.00465827 0.0124 0.00798291 0.00452343 0 0 0.00776254 0.00147395 0 0 0 -0.00221187 0.0049332 0.012531 -5.34121e-06 0 0.00140826 0 0 0.0289998 0.0142543 0 0.00342657 0.0117702 0.000241043 0 0.00730233 0 0.00886534 -0.00223645 0 0 0 0.0150011 0.00617144 0.0139809 0.000976071 0.00294111 0 0 -0.000430366 0 0.00064687 0.0320188 0 0 9.10489e-05 0 0 0 0.00706146 -0.00474633 0.00789694 0.000242888 0 0.000163208 0 0.00131006 0.00866257 0.00677034 -0.000345944 0 0 0.00581134 -0.00696389 0.00304731 0.00668107 0 0 0 0.00726499 0.00326908 0 0.0044424 -0.00273242 0.00205665 0.00073972 -0.0028249 0 0.00123597 0.000796417 0.00490614 -0.00961749 0 0 -0.00351368 0.00101981 0.0030239 0 0.0026457 0.00107971 0 0.00257163 0 0 0 0 0.00191523 0.00203124 -0.0180007 0 0 0 0.000730463 0 0.000451433 0 0 0 0
0.00316198 0.0016353 0.0216621 0.00759871 0.000732068 0.0143196 0.00918736 0.0270364 0.00622451 0 -1.18669e-05 0.0017402 2.36578e-05 0.00268556 0 -0.000922283 0.00314646 -0.0402657 -0.00221911 0.000554653 0.018436 0.00680273 0.00920659 0.00558499 0 -0.0575203 0.00199846 -0.00354124 0.00598553 0.00664026 0 0.00650184 0.0137094 0.0248459 0.0100714 0 0.00418091 0.0639195 0.00405578 0.00765694 0.0070814 -0.0117496 0.0197232 0 0.0130073 0.00198984 0.035013 0.00614417 0.00195343 0.0103975 0.0107791 0.000615851 0.0112343 -0.00117583 -0.0154422 0.00448553 0.00983492 0.00234785 -2.16268e-05 0 0 0.00782893 0 0 0.0160431 0.00887276 0.00292651 0.0222297 0.00242676 0.009465 -0.0227451 -1.76901e-05 -0.000130946 0.0352402 0.00139425 0.0556336 0.00215609 -0.00588378 0.00115928 0 0.025734 -0.001326 0 0.0141586 0.00311953 0.0131228 0 0.0182822 -0.030119 0 0.00264227 0.00658576 0.00958221 0.00187066 0.113074 -0.0110152 -6.30789e-07 0.00642301 0.00503474 0.00679094 0.00615084 0.0391475 -8.74804e-06 -1.85381e-05 0.00262764 0.00951409 0.0064146 -0.00986762 0.0121082 0.000371378 -0.012968 0 0.0199581 0.0158158 -0.00306872 0.000637367 0.00234922 0 -2.27828e-05 0.00821682 0.000987128 0 0.00229581 0.00152792 0.00135714 0.00846267 0.0045232 0.00358456 -0.000691627 0.0154046 0.00783387 0 0.0642521 0.00277525 0.0312925 -0.00649146 0 0 0.0030444 0.00932341 0.00949918 0.00724748 0.00331344 0.0201053 0 0.046134 -0.00118268 0.0133979 0.00288783 0.00658303 0.00141188 0.00302495 0.00448324 0.0194147 0 0 0.00430222 0 0.00656784 0.00688188 0 0.000633036 0 0 0.0358299 -3.47491e-05 -0.0163808 0.0254872 0.00597621 0.00857941 0.00514835 0.00679648 0.0193669 0.000278024 0 0 0.00649534 0.0497619 0.000322399 -0.0183774 0 0 -1.27226e-05 0 0 0 0.00300497 0.00740542 0 0 0 0 0.00558736 -0.015959 -0.00145082 0.00404689 0.00250987 0.000130986 0.0075667 0 0.00108362 0 0 0.00391053 0.00498612 -0.000628282 0 0 0 -0.00114141 0 0 0 0 0 0
