0.911944 -0.0483436 -0.00299931 -0.00613671 -0.0462212 -0.00435851 0.00756466 -0.00470812 0 -0.032344 -0.023888 -0.0378472 -0.0272136 -0.0225573 -0.0101006 -0.0206394 -0.00403795 -0.000654557 0 -0.018483 -0.00266105 -0.0137059 0.00146287 0 -0.0135445 0 -0.00123157 0 -0.0259746 0.00864176 -0.00405962 -0.00289978 0.00463879 -0.00112807 0 -0.00904245 0 -0.0187052 -7.37038e-05 0 0 0.0087325 0 -0.0100119 -0.00324354 0 -0.0140663 -0.000344293 -0.00851871 -0.00679805 0 -0.000856165 -0.0364052 0 0 0 -9.66633e-05 0 0 -0.0443777 -0.0106664 -0.0235956 -0.000353278 0.00372533 -0.00145426 0 -0.0112788 -0.00530786 -0.0265279 0 -0.000588888 0 -0.00130322 -0.000617446 0 -0.00578747 0 0 0 0 -0.00288504 -0.00755663 -0.0413066 -0.00322694 0.00046151 0 0 0 0.00131391 -0.0186736 0 -0.0348341 0 -0.0027529 -0.0134776 0 -0.00284905 0.00793114 0.00173059 0.0132797 0.00798227 -0.0172499 0.0068387 0 0 -0.00267496 0 0 -0.0107383 -0.00819009 0.0218756 0 -0.000442738 -0.00877288 -0.000467073 -0.0046968 0 -0.0195419 0 0.00936922 -0.000142153 0.000256769 -0.00083254 0.00536073 0 -6.97351e-05 -0.00128415 0.000782115 0.00534572 -0.0007434 -0.0308828 0.00793411 -0.0174999 -6.72245e-06 -0.00369223 0.00680344 0 0 0 0 0.00100678 0 -0.000126141 0 -0.0152727 -0.00500403 0.00361156 -0.00299944 -0.00195096 1.02686e-05 0 0 0.00412922 -0.00221564 0 0.00155314 -9.01747e-05 -0.0069551 0 -0.00547689 0.00095662 0.00249487 -0.00482513 0 0 0 0.000814194 -0.00376 0.00270657 0 0.00119186 -0.00284173 -0.00345561 0.00201409 0 -0.000439919 0 -0.000331158 -0.000570146 0.00252836 -0.0181207 0 0 -0.00100284 0.00143241 0 0 -0.00361661 -0.0119324 0 0.00388326 -0.00197701 0 0.000801632 0.00384425 0 0 -0.000112958 0.00027387 0 0 0 0 0.00199613 0 0 0 0 0 0.00564049 0.00381871 0 0 0 0 0
-0.0483436 0.882674 -0.00237971 -0.000474125 -0.0376824 -0.00165538 0.0273872 -0.00323213 0 -0.0218848 -0.00869506 -0.0464007 -0.0179506 -0.0212888 -0.0124301 -0.0273294 -0.000841319 -0.010603 -0.000975017 -0.0203577 -0.00317547 -0.0296617 0.00553818 0 -0.00406687 0 0 -0.00378363 -0.0148643 0.0194005 0 -0.000286569 0 -0.00311562 -0.000421026 -0.00717552 -0.00081325 -0.00268948 0 0 0 0.00658564 0 -0.00376663 -0.00101977 0 -0.0012769 0 -0.0241905 -0.00305318 0 0 -0.0243146 -0.000570636 -0.000361055 0 0 0 0 -0.019174 -0.00135367 -0.0227844 0 0.00132027 -0.00239896 -0.00454217 -0.0203266 -0.0155038 -0.0313001 0 0 0.0054646 0 -0.000292874 0 -0.00557608 0 0 0 0 -0.00177128 0 -0.0141608 -0.00401346 0 0 0 -0.000405122 0 -0.00974996 0 -0.00438938 0 -0.00970698 -0.00392053 -0.00182171 -0.00584378 0 0 0 0 -0.016304 0.0179192 0 -0.00778544 -0.000635132 0 0 -0.00732556 -0.0141495 0.0118901 0 -0.00406366 -0.0037846 0 -0.00764392 -0.000313294 -0.00171565 0 0 -0.00230277 0.000350944 0 0 0 0 0 0 0 -0.00239953 -0.0303113 0.0070422 -0.00172778 0 -0.00209706 0.000667936 0 0.00280844 -0.00649889 0 0 0 1.07954e-05 0 -0.00189695 -0.00172658 0.00293824 0 -0.00120764 0 0 -0.00453065 0.00992607 -0.00216924 0 0 -0.00244879 -0.000375648 -0.00121237 -0.00390427 0.0116177 0.00435798 -0.00042306 0.000737722 0 0 0 -0.00152727 0 0 0 -0.00582248 -0.00154417 0 0 -0.0216901 0 -0.000883289 -0.0101955 0 -0.00648848 4.88351e-06 0.00465868 0 0 0 -0.000181421 -0.00499486 0 0 0.000753079 0 0 0 0.00162852 0 0 0 0 0 -0.00277432 0 0.000895693 0 0 0 0 4.29528e-06 0.00323026 0 0.000734125 -0.00274372 0 0 0 0
-0.00299931 -0.00237971 0.933614 -0.024475 -0.00454762 -0.0527932 0 -0.0398646 0 0 -0.000779183 -0.000647888 0 -0.000655657 0 -0.00412184 -0.010625 -0.0171591 0.000955002 -0.000104659 -0.0117525 0 0 -0.0084438 -0.00961109 -0.00686906 -0.00835112 -0.00519637 -0.00306317 0 -0.00230634 -0.0115885 0 -0.00558952 0 0 -0.0145627 -0.0119032 -0.0109358 -0.0147391 -0.000313069 0.0119418 -0.0170256 0 -0.00910102 -0.00658689 -0.0319472 -0.0199692 0 -0.0083126 -0.00160137 -0.000909317 -0.00433265 -0.00451929 0 0 -0.0100707 0 -0.000933063 -0.00121014 0 -0.00090773 0 0 -0.0101176 -0.00208283 0 -0.0215133 5.31065e-06 -0.0171847 -0.00514675 -0.00490041 -0.00815342 -0.0111851 0 -0.00674808 -0.000468508 0 0 0.000188386 -0.0238761 0 -0.000250154 -0.0142428 0 -0.0048239 -0.000579298 -0.00377526 0 -0.000711034 0 -0.0064421 -0.0154607 0 -0.0104557 -0.00363242 0 0 0 0 -0.0002677 0 0 -0.00402056 0 -0.0259199 -0.00281094 -0.00606317 -0.028027 -0.000233444 0.000985629 0 -0.00859086 -0.00763447 0 -0.00031091 0 0 -0.00318238 -0.0016724 0 0.000318577 -0.00410101 0 0 -0.0161089 -0.0173789 0 0 -0.00885536 -0.00235795 0 -0.0233998 0 -0.0239267 0.0116406 0 -0.00197043 0 -0.00497138 0 -0.0122542 -0.00695287 -0.00493591 -4.28567e-05 -0.00565811 0.00589009 -0.00238267 -7.8624e-05 -0.000883577 0 0 0 -0.000184631 -1.31428e-06 0.000834784 -0.00190625 0 -0.0108949 -0.00048337 0 0 0 -0.00326829 -0.0025632 -0.00182051 0 -0.00229391 0 0 0 -0.0016958 -0.0111915 0 0 0 -0.00344435 -0.00182361 0 0 0 -0.000617013 0 0 0.00233932 -0.00042338 0 -0.00670713 0 0 0.00455211 0.000166764 0 0 0.00962743 0 -0.00106339 0 0 0 0 -0.00213703 0 0 -0.00134203 0 0 -0.000740799 -0.000103949 0.00525271 0.00623023 -0.00245395 0 0 0 0
-0.00613671 -0.000474125 -0.024475 0.920922 -0.00741276 -0.0192652 0.00968289 -0.0223614 0.0122918 0 -0.00156951 0 0 -0.00283343 0 -0.0010517 -0.0129591 -0.0105947 0 0 -0.0125731 -0.000155254 0.0044702 -0.00384067 -0.00684737 -0.0232958 -0.00822804 -0.0229104 0 0.00128067 -0.011748 -0.0246954 0.00671167 -0.00485651 0 0 -0.0144265 -0.0213156 -0.0121143 -0.0197033 -0.000568705 0.0140975 -0.0105762 -7.07662e-05 -0.0258526 -0.00498693 -0.0317769 -0.0176004 0 -0.0204255 -0.000758829 -0.000439253 -0.00330391 -0.00787245 -0.000273674 0 -0.0161884 0 -0.00569132 -0.00173854 -0.00010827 -0.00104871 0 0 -0.0247095 -0.000186209 0 -0.013034 0 -0.00412183 -0.00962894 -0.00792531 -0.0142066 -0.0212897 0.00017612 -0.00823728 0 0.0174649 0 0.000791844 -0.0233359 -0.00153919 -0.000800569 -0.023281 0 -0.00760366 -0.00539664 0 0.00912604 0 0 -0.0110258 -0.0123225 0 -0.00980972 -0.0122102 0 0 0.00407188 0 0 -0.000145184 0 -0.00983406 0 -0.0974749 -0.0040788 -0.0079189 -0.0268937 0 0.000499097 0 -0.00931285 -0.0237271 0 -0.000558312 0 0 -0.00738247 0 0 0.00218582 -0.00829119 0.00336845 0 -0.0139452 -0.0291776 0 0 -0.011922 -0.00056858 0 -0.0280728 0 -0.0307864 0.0122022 0 -0.00690278 0 -0.0051395 0.00342404 -0.00669559 -0.00585225 -0.00067493 -0.000278213 -0.00605707 0.0114744 -0.000617196 0 0 0.00412776 0 0 0 0.000573927 0.00428584 -0.0023103 0 -0.0304651 0 -0.000928306 0 0 -0.00331591 -0.00469716 -0.00285431 0.00891089 -8.91532e-06 0.00830287 0 0.0110525 -0.00543669 -0.0168651 0.00118698 -0.00648282 0 -0.00311895 -0.000830901 0 0 -0.00386072 -0.00295516 -0.00201551 0 0.00836451 -0.0126439 -0.000492513 -0.00974614 -0.00172038 0 0.00734303 0 0 0.0104967 0.00755059 0 -0.00189801 -0.00480463 0.00276652 -0.000176516 0 -0.00383151 -0.000676928 0 -0.00206871 0 0 -0.00368225 -0.00525239 0.00971831 0.00751628 -0.0136908 0 0.00343443 0 0
-0.0462212 -0.0376824 -0.00454762 -0.00741276 0.915668 -0.00122475 0.00868398 -0.0116555 0.00274506 -0.0477895 -0.00133097 -0.0495921 -0.0166653 -0.0229537 -0.0415666 -0.0194243 -0.00787419 0 0.00232829 0 -0.000803449 -0.0221652 0.0073817 0 -0.0017773 -0.000295276 -0.00491254 0 -0.0212097 0.00774634 -0.0190148 -0.00922735 0.0162289 0.000396139 0 -0.00681063 -0.00158749 -0.0124041 -0.00243285 -0.000664185 0 0.00896581 0.000529225 -0.00611023 -0.0125049 0 -0.00834756 0 0 -0.010792 0.0010057 0 -0.0259632 4.86929e-05 -1.61081e-05 0.000172671 -0.00063341 0.000134525 0 -0.0205039 -0.0056608 -0.0114067 0 0.00350865 -0.00485881 0.00100081 -0.00774617 -0.00445122 -0.0179879 0 -0.00357428 0 0 -0.000956038 0.00106913 0 0.00147286 0.011089 0.00666664 0.000199269 -0.00470017 -0.0162897 -0.016688 -0.00491867 0.00763344 0 -0.00139086 0.00265427 0.0117529 -0.00626527 0.000807919 -0.00508728 0 -0.00623703 -0.0091521 0 -0.00156912 0.00703867 0.00963254 0.00408762 0.00426203 -0.0136142 9.88688e-06 -0.00184562 0 -0.00695052 0 0 -0.0119828 0 0.00326901 0 -8.31912e-05 -0.0146124 -0.00264547 -0.00183607 3.97452e-05 -0.014424 0 0.00926695 0 0 -0.0115054 0.00949231 0.00111788 -0.000336607 -0.0010517 0.00586362 0.00349996 0 -0.0183255 0 -0.014117 0 -0.00139134 0.00155025 0 -0.000230348 0 0 0.00735175 0 0 0.0010154 -0.00456872 -0.00796912 0.00195719 0 0 0.000820047 0 0 0.00582965 0 0 0.000289763 0 -0.00506655 0 0 0 0.00805424 0 0 0 0 0.00866281 0 0.00727329 0.00297805 0.00717917 -0.00189267 -0.00182173 0.00848178 -0.0024072 -0.0043853 0.000803193 0 -0.0114232 0.0114935 -0.0155704 0 0 -0.00181878 0.000415736 -0.000710088 0 -0.000466703 -0.00597646 0.000731724 0.00106554 -0.00449042 0.000711337 0.0136343 0.0023618 0.00113295 0 -0.00310529 0.00328734 0 0 -0.000182483 0 0.00181869 0 -0.00307539 0 0 0 0.0160144 0.00122519 0 0 0 0 0
-0.00435851 -0.00165538 -0.0527932 -0.0192652 -0.00122475 0.902344 -0.00133282 -0.0253383 0 0 0 0 0 -0.00273742 0 -0.00802258 -0.00154395 -0.0415271 -0.0109321 -0.000149094 -0.00794116 0 -0.00214008 -0.0154829 -0.0136587 -0.00538843 -0.00118771 -0.00285939 -0.000109374 -0.000690355 -0.00234789 -0.00822833 -0.000975299 -0.0285474 -0.000345108 0 -0.0125265 -0.0247213 -0.0086211 -0.00397876 -0.00198447 0.00584994 -0.0367724 0 -0.0105991 -0.00347739 -0.00757162 -0.0111257 0 -0.0230992 -0.00954165 -0.00225331 -0.00153834 -0.0131781 -0.00220156 0 -0.0153659 -0.00122699 -0.00376166 0 0.000858007 -0.00227594 0 -0.000277886 -0.0208233 -0.00837547 0 -0.0248798 -0.000584013 -0.0633785 0 0 -0.00859204 -0.0129767 0 -0.00975253 -0.00128337 0.00363594 -0.000373653 0 -0.00986092 0.00409235 0 -0.0123238 -0.00647671 -0.0186473 0 -0.0034799 0.00566941 0 -0.00157342 -0.00695433 -0.0106906 0 -0.00525953 -0.00812465 0.00274411 -0.00248678 -0.000929963 -0.00431749 -0.00770735 1.59666e-05 0 -0.00238718 0 -0.0132056 -0.00637943 -0.00746572 -0.0119451 -0.00208062 0.000260799 0 -0.00550493 -0.00462566 0.00143363 -0.00196412 -0.000697991 0.0039632 -0.00561501 -0.00372167 0 0.000225145 -0.00628619 -0.000260255 0 -0.0104852 -0.0108243 -0.00110866 -0.00215293 -0.0229609 -0.004827 0 -0.0198635 0 -0.0142131 0.00573213 0 0 0 -0.0200347 -0.00381697 -0.00680517 -0.00141317 -0.00525458 0 -0.0105271 0.001344 -0.000350158 -0.00240134 -0.0167999 0 0 -0.000437863 -8.50669e-05 0 0 -0.00233295 0.00379934 -0.00916687 -0.00106572 0 -7.3404e-05 0 0 -0.00853711 -0.00795004 -0.00145152 -0.00147081 -0.00213126 -0.00560355 -0.00190488 -0.0131398 -0.00945079 -0.00232842 0 0 -0.0129492 -0.00276345 0 -0.00767145 0.00132538 0 0 0.000806344 0.00054389 -0.000644115 -0.00163153 -0.0157704 0.00239998 0 0.00059983 0.00770661 -0.00152753 0.000174669 0.00168674 -0.00260569 -0.0023155 -0.00123371 -0.00234122 0 -0.000269155 0 0 -0.000676003 -0.00544973 0.0108071 0 0 0 0 0.000861963 -0.00148573 0 0.00504137 0 0
0.00756466 0.0273872 0 0.00968289 0.00868398 -0.00133282 0.776136 0 0.00895758 6.79919e-05 0.000240174 0.00509119 0 0.0012 0.0142207 0 0 0.0227497 0.0307481 -0.0219648 0 0.0364597 -0.187542 -0.00692211 -0.00197967 0 0.000620621 0.0191008 0.0220864 -0.138161 0.00312872 0.00101303 -0.0213305 -0.00616825 0 0.0213445 0.00555342 0 0 0 -0.0286862 0 -0.0075667 0.017001 0 0 0.00416357 -0.0087576 0 0.0142846 -0.0294665 -0.00186409 0.0100492 -0.00541858 0.00508169 0 0 -0.0095879 -0.00594332 0.0123617 0.00609603 0 0.0077141 -0.0329363 0 0.00015821 0 0 0.011046 -0.00275078 0.00464616 -1.83429e-05 -0.0023873 0 -0.0238507 -0.00306583 -0.012549 0.0224189 -0.0197276 -0.000560555 0.00122094 0.0115025 0.00947083 0 -0.0126408 0.00165325 0 -0.00419666 0.00189449 0.0025473 -0.00172994 0 -0.00245687 0.015861 0 -0.00281987 0.00998501 -0.0100849 -0.0318081 -0.00634888 -0.0195552 0.00754668 -0.00878835 0 -0.00108987 0.00383974 -3.87633e-05 -0.0146756 0 0.0019652 -0.0116298 -0.00347402 0.0227024 0.00375538 0.00636407 0.0274962 -0.00169345 0.0113144 0 -0.0135696 -0.00146333 0 0 -0.00701745 -0.0119519 0 0 -0.0102601 -0.0155438 -0.000629195 0 0 0 0.0191579 -0.00201001 0 0 -2.82786e-05 0 -0.00109916 -0.0110094 -0.00119986 -0.0135197 -0.00145726 0.0108594 0 0 -0.0317043 0.0295298 -0.00400952 0 0 -0.129187 0.0123298 0 -0.00108157 0 0.00653082 0 -0.00406007 -0.0086884 -0.0306944 0 -0.0125249 -0.00222727 -0.00154897 -0.0063813 0 -0.00862337 -0.0139175 0.00504955 0.0542817 0 -0.0479424 0.000137423 0.00536762 -0.0038673 0.00630694 0.0110341 -0.0111084 0.0144169 0 -0.0122447 0.00202009 0 0 0 -0.00069064 0.00128552 0 0 0.00641315 0.00696631 -0.00229243 0 -0.00320276 -0.00538124 0 -0.00764993 0 -0.00345258 0 0 -0.00394359 0 0.0054187 0.00102745 0 0 -0.00365639 0 0.00733601 0 1.02611e-05 0 0
-0.00470812 -0.00323213 -0.0398646 -0.0223614 -0.0116555 -0.0253383 0 0.900938 0 -0.00119127 -0.000272275 -0.00288767 -0.00049902 -0.00475967 -0.0128716 -0.00502019 -0.00516841 -0.0161722 -0.00242475 0 -0.0252118 -0.00232671 0 -0.0161621 -0.0114369 -0.00704854 -0.00692587 -0.00222587 -0.00183176 0 -0.00394711 -0.010758 0 -0.00914829 0 0 -0.0302573 -0.0118226 -0.00423532 -0.00462076 -0.00178127 0.0148444 -0.00879973 0 -0.0262311 -0.00640266 -0.0324938 -0.0089301 0 -0.0089386 -0.00279274 -0.00203371 -0.00687013 -0.010715 0 0 -0.0211359 0 -0.00289858 -0.00237246 0 -0.00249368 0 0 -0.0259937 -0.00545902 0 -0.032185 -0.00553302 -0.0116261 -0.0069227 -0.000236693 -0.00726739 -0.00681296 0 -0.0246959 -5.32647e-05 0 0 0.0011143 -0.0212397 0 0 -0.0155388 0 -0.0128819 -0.00358627 -0.00186595 0 0 -0.000145501 -0.0125444 -0.00596012 0 -0.0202886 -0.00316947 0 0 0 -0.00291855 -0.00187023 -0.00111233 0 -0.00942227 0 -0.0171678 -0.0137108 -0.000897792 -0.0141033 -0.00015866 0.00338882 0 -0.0169732 -0.0169344 0 -0.00327399 0 0 -0.0145861 -1.46833e-05 1.53381e-05 0 -0.0127382 0 0 -0.005455 -0.0172007 0 0 -0.0170447 -0.00292857 0 -0.0315775 0 -0.0109875 0.0125996 0 0 0 -0.0156446 -1.60598e-05 -0.00601682 -0.00457888 -0.00641428 0 -0.00668797 0.00740759 -0.000456258 -0.00400643 -0.000926404 0 0 0 -0.00175378 0 0.00131062 -0.00194053 0 -0.0123108 -0.0021399 0 0 0 0 -0.0127199 -0.0073076 0 -0.0026118 0 0 0 -0.00714867 -0.0147753 0 0 0 -0.00108613 -0.00715063 0 0 0 0 0 0 0.00361213 -0.00841438 -0.00103017 -0.0114862 0 0 0.00248734 0 0 0 0.00743077 0 -0.00322775 -0.00248475 0 -0.000920057 0 0 0 0 -0.00646241 0.000608537 0 0 0 0.0202299 0.00439137 -0.00125712 0 0.00409071 0 0
0 0 0 0.0122918 0.00274506 0 0.00895758 0 0.718999 0 0 0 0 0.00465199 0 -0.000206156 0.00494523 0 -0.00562905 0 0 -0.000776728 -0.0033938 -0.00127518 -0.000131341 0.000182046 0.00225514 -0.000388956 -0.0171784 0.00276031 0.00354768 0.00338453 -0.0266352 0.00870338 -0.00197463 0 0.0008967 0.00770863 0.00802415 0 0 -0.00223864 -0.0015087 0.0580773 0.00269219 0 0.00843545 0.00757003 0 0 -0.00280344 0 -0.00737568 0.00922266 -0.00152926 -0.00927167 0 -0.00188991 0 0 0.00331711 -0.000460861 0.033462 0 0 -0.0056849 -0.0025382 0 0 0 0.00431279 0.0123487 0 0 0 0.00245583 -0.00108319 -0.015718 -0.00303454 -0.000242464 0 0.00830304 0 0.000399548 -0.00899489 -0.00139141 0.00700445 -0.0145579 -0.0143454 -1.95988e-06 -0.00335623 0.0151224 0 -0.00930215 0 -0.000855495 0 -0.00333109 -0.0142392 -0.003174 -0.00500592 0 9.99266e-05 0.0123327 -0.0215506 0.00912467 0 0 0.00130478 -0.00332995 0 0 0 0.0059196 0.000602922 -0.00234006 -0.0162667 0.00291045 0.00345091 -0.00859213 -0.00373377 0 0.0130902 -0.00696228 0 0.00384433 0.00226002 -0.00563021 -0.010201 0 0 0 0.00746474 -0.00130657 0 0 -0.00642755 0.00369212 -0.000820506 0 -0.0143776 0 0.00102918 -0.00726103 0 0 0 0 -0.000482089 0 -0.00496588 -0.00515279 0 -0.00158087 -0.00813935 0 0 0.00186487 0 -0.00197817 0.000488613 0 0 0.003072 0 0 -0.0145017 -0.0155055 -0.00777783 -0.00382762 -0.018028 0 0 -0.00350243 0.00228293 0 0 -0.00152734 0 -0.00368171 0.00412604 0.00363444 0.00508464 0.000877411 -0.000117181 0.00213002 -0.000757365 0.0107524 0.0109451 -0.00918904 0 0.00195099 -0.00384188 -0.0359178 0 -0.00212204 -0.000644547 0.00519624 -0.0164736 0 -0.000940373 0.00426984 0.0020141 -0.00363833 0 0.00208971 0 0.00664749 0.00477489 -0.0289025 0 0 0 -0.00255218 0 0
-0.032344 -0.0218848 0 0 -0.0477895 0 6.79919e-05 -0.00119127 0 0.913359 -0.0257946 -0.0113442 -0.022874 -0.0169127 -0.00687561 -0.019095 0 0 0 -0.0166044 0 -0.00886493 0 0 -0.000340395 0 0 0 -0.0225699 0.00165475 0 0 0 0 0 -0.0016539 0 -0.00344181 0 0 0 0.00834673 0 -0.0105991 0 0 -0.000756899 0 -0.0165018 -0.00122643 0 0 -0.00847248 0 -0.000338165 0.00345552 0 0 0 -0.0243266 -0.0181804 -0.00688287 -0.000694836 0 0 0 -0.0173512 -0.000217572 -0.00652096 0 -7.9216e-05 0 0 -0.000175823 0 -0.0001883 0 0 0 0 -0.00015448 -0.000478889 -0.01275 0 0 0 0 0 0 -0.012141 0 -0.0194927 0 -0.00393764 -0.00173596 0 -0.0120628 0.00396455 0 0.0022009 0 -0.0163989 0.00074189 0 0 0 0 0 -0.00228057 -0.012268 0.0134054 0 0 -0.00104616 -0.000230386 0 0 -0.0116952 0 0.000884747 -0.000702193 0 0 0 0 0 0 0 3.48714e-05 0 -0.0160005 0 -0.00230813 0 0 0.00436992 0 0 0 0 0.000177695 0 -0.000214862 0 -0.0107139 -0.00215413 0.00302831 -0.00980432 0 0 0 0 0 0 0 0.00115622 0 -0.00776019 0 -0.00587904 0 0.000917534 -1.68426e-05 0 0 0 0 -0.00193428 0.000593967 0 0 0 -0.000194184 0 0 -0.00126979 0.00128847 0 0 0.00139998 -0.00463944 0 0 0 0 0 0 0 -0.0001858 0 0.00368178 -0.000388587 0 0 0.00176172 0 0 0 0 0 -0.000475295 0 0 0 0 0 0 0 0 0 0.00076192 0 0 0 0 0
-0.023888 -0.00869506 -0.000779183 -0.00156951 -0.00133097 0 0.000240174 -0.000272275 0 -0.0257946 0.733302 -0.013867 -0.0232816 -0.0652227 0.0170066 -0.00482365 -0.000575211 0 0.00829604 -0.0536371 0 9.61789e-06 0 0 -0.00107399 -0.00107613 -0.000626598 0 -0.000481341 0 0.0164952 -0.00137456 0.000930162 0 5.39572e-06 -0.0053754 0 -0.0051154 -0.000543402 0 -0.00548987 0.0127012 -0.00815026 0 -0.00291114 0 -0.00720895 -0.0013094 -0.00522269 -0.00439272 0 -0.00454021 -0.00835816 0.0216783 0 0 0 0 0 -0.0186271 0 -0.0067356 0 0 -0.00156562 0 -0.0138973 -0.000355706 0 -0.000675826 -0.0025815 -0.000939991 -0.00222727 -0.00209491 -0.00620351 0 0 0 -0.015481 0 0 -0.000135486 -0.0353251 -0.00335966 0 0 0 0 0.00492952 0 0 -0.0307567 -0.00270418 0 -0.00693144 0 0 0.00221251 0 0.00343798 0 -0.00423032 0 0 -0.0044758 -0.00253623 0 -0.00260528 -0.00479582 -0.0111491 0.0181396 0 0 -0.00369322 -0.000623388 0 0 -0.00189409 0 0.00533051 -0.0129689 0.000582074 0 0.0194181 -0.0147004 0 0 0 0.000383528 -0.000502521 -0.00685051 0 -0.00220332 -0.000479113 -0.00314367 0.00605481 0 -0.000127751 0 0 0 -0.0153251 -0.0118114 0 -0.165037 0 0.00429872 -0.0398315 0 0 0 0 0 0 0.00235146 0.000973535 0 0 0 -0.021221 0 0 -0.0100308 -0.000321536 0 0 0.0018087 -0.0198639 0.0136483 0 0.0104432 0.00930319 -0.00204676 0 -0.00240941 0 0 -0.0021459 0 0.00709588 -0.00197567 0 0 -5.09258e-05 0.000399891 0 0.0080945 -0.00360685 -0.00518107 0 0.0030743 0 0 0.00196035 0.00480337 0 0 0 0.00738686 0 -0.000731055 -0.0013763 0 0.00203171 0 -8.47798e-06 0 0 0 0.00269392 0.00265547 0 0 0 0 0
-0.0378472 -0.0464007 -0.000647888 0 -0.0495921 0 0.00509119 -0.00288767 0 -0.0113442 -0.013867 0.899431 -0.0265139 -0.0433016 -0.0224949 -0.0177588 -0.000964393 0 0 -0.020117 -0.00115681 -0.0387826 0.00118473 4.27303e-05 -0.00426594 0 -0.000730941 0 -0.0207644 0.00347663 0 -0.0033984 0 0 -0.000415348 -0.0121718 -0.00076444 -0.00812037 0 0 0 0.00204172 0 -0.0135599 -0.000588939 0 -0.0045491 0 -0.0192652 -0.00365467 0 0 -0.0217003 0 -0.000270892 0 0 0 0.00495659 -0.0281792 -0.00066042 -0.0288146 0 0.00862422 -8.4619e-05 4.66315e-06 -0.0312466 -0.00299195 -0.0218596 0 0 9.87912e-06 0 -0.000348877 3.73004e-05 -0.000871301 0 0 0 0 0 -0.00171107 -0.00829847 -0.000562493 3.90263e-05 0.00475946 0 0 0.00107507 -0.0112846 0 -0.00910322 0 -0.00275844 -0.00281394 0 -0.0015538 0.0119843 0.00354951 0.00501662 0.00129992 -0.0144462 0.00538669 0 0 0 -0.00104308 0 -0.000977105 -0.0035256 0.00357112 0 -3.47622e-06 -0.00596835 -0.00044915 -0.0128671 0 -0.011915 0 0.000103896 0 0 -0.00157562 0.000936098 0 0 0 0 0.000456546 0 -0.0321443 2.29404e-05 -0.00271911 0 0 0.00102715 -0.00148286 0 -0.00125734 0 0 0 0 0 -0.0142245 -0.00340785 0.000233236 0 -0.00985229 0 0 0 0.00277418 0 0 0 0 -0.00671653 0 -0.0116446 0.000495422 0.00174087 -0.00489647 0 0 0 0.00136459 -0.00249695 0.00382908 0 0.000828204 -0.00421846 -0.00130678 0.00013346 -0.00248457 -0.000733713 0 -0.000150346 -0.00366988 0.000511709 -0.00572367 0 0.00239644 0 0 0 -0.00075534 -0.00273795 -0.00364074 0 0 -0.00181751 0 0.00138365 0.000790111 0 0 0 0 0 -0.000351071 0 0 0 0 0 0 0 6.9155e-06 0.00166098 0 0 0 0 0 0
-0.0272136 -0.0179506 0 0 -0.0166653 0 0 -0.00049902 0 -0.022874 -0.0232816 -0.0265139 0.908227 -0.0175334 -0.00178397 -0.0201238 0 0 0 -0.0170686 0 -0.0193236 0 0 -0.00151067 0 0 0 -0.0298194 0 0 0 -0.000135544 -0.000874168 -0.0074717 -0.00487652 0 -0.0035544 0 0 -0.000230486 0.00312385 0 -0.00808772 0 0 0 0 -0.00538485 -0.00010145 0 -0.00147342 -0.00969742 0 -0.00263699 0 0 0 7.58163e-06 -0.0120693 -0.0106762 -0.0286425 0 0 -3.95537e-06 -0.00432581 -0.0262639 0 -0.019699 0 0 0 0 -0.00152077 0 -0.00440032 -1.93766e-05 -5.45422e-05 0 0 0 0 -0.0197528 -0.00338456 2.51827e-06 1.4461e-05 0 -0.00210718 0 -0.0285103 0 -0.0110361 0 0 -0.000656657 0 0 0 0 0 0 -0.0121936 0.0025943 0.00829026 -0.00141462 0 0 0 -0.00415329 -0.0167537 0.00400806 0 0 -0.00247887 0 -0.00691466 0 -0.00130263 0.00576538 0 -0.00146725 0 0 0 0 0 0 0 0 0 -0.0280799 0 -0.000249194 -0.00406917 -3.23079e-05 0.00256907 0 0 -0.000979111 0 0 0 0 0 -0.012191 -0.000858492 0.00254529 -0.00127324 0 1.04702e-05 -0.0134012 0 0 -0.00705445 0 0 0 -0.00143258 0 -0.0184772 0 0 -0.00105151 0 0 0 0 -0.00398886 0 0 0 -0.000367929 -0.0012995 0 0 0 0 0 0 0 -0.0065776 0 0 0 0 0 -0.000293148 0 0 0 1.39387e-06 0 0 0 0.000381932 0 0 0 0 0 -0.00269944 0 0 0 0 0 0 0 0 0 0.000977587 0 0 0 0 0
-0.0225573 -0.0212888 -0.000655657 -0.00283343 -0.0229537 -0.00273742 0.0012 -0.00475967 0.00465199 -0.0169127 -0.0652227 -0.0433016 -0.0175334 0.711329 0.0620582 -0.0367378 -0.000609232 -0.00196601 -0.0043361 -0.00367524 -0.00115187 -0.00955356 0 0.0154692 -0.00183284 -0.00288627 0 -0.001555 -0.0056388 0 0 -0.00385262 0 -0.0125863 -0.0111646 -0.0206812 -0.00286718 -0.014556 0 0 -0.000144609 -0.00307289 -0.00183867 -0.0162875 -0.00846079 0 -0.00441854 -0.00128781 -0.0314897 -0.00679702 0 -0.019906 -0.00988388 -0.00241995 -0.0314909 0.0043635 0 -0.0037883 0 -0.0176736 -0.00675964 -0.0346092 0 0.0227917 -0.0058925 -0.0164685 -0.0210632 -0.00637094 -0.00371563 0 -0.00473536 0 -0.00233941 -0.000417047 0 -0.00790551 0 0 -0.00555177 0 -0.0011156 -0.016093 -0.0272244 -0.00485141 0 0 0 0 0.0181279 -0.000693852 0.00632956 -0.0434521 0 -0.000514199 -0.0104275 -0.000488962 -0.00287239 0.0107155 0 0.0142712 0.0109813 -0.00422156 0.00660406 -0.00557839 0 -0.00189808 -0.00212216 -0.000783808 -0.00756679 -0.00312476 0.0144326 -0.00543683 0 -0.0074894 -0.0232327 -0.00936877 0 -0.0136955 -0.00121308 0 -0.00183104 0.00148455 -0.00372976 0.00598244 0 -0.000391131 -0.000807406 0 0.0108936 -0.00135387 -0.0213516 0.000707871 -0.00777268 0 0 0.0021282 0 0 -0.00265695 -0.00210308 0 0 -0.000384071 0 -0.0517332 -0.0120062 0.00221891 -0.0241392 -0.0109925 0 0 0 0 0 0 0.000234784 0 -0.000532531 0 -0.0111518 0.00178642 0 -0.00109921 0 0 -0.00461375 0 -0.00548772 0 0 0.00342167 -0.00678205 -0.00219477 0 -0.00154056 0 0 -0.000385162 -0.00698076 0 -0.00123131 0 0 0 0 0 -0.012533 -0.0146867 -0.00214422 0 0.0028148 -0.0101138 0 0 0.0027928 0 1.22056e-05 -0.00416584 0 0 -0.00482781 0 0 0 0 0 0 0 0 0 0.000492092 0 0 0 0 0
-0.0101006 -0.0124301 0 0 -0.0415666 0 0.0142207 -0.0128716 0 -0.00687561 0.0170066 -0.0224949 -0.00178397 0.0620582 0.800997 0 -0.00330792 0 0.00463625 0.00297788 0 -0.0176665 0.0108803 0.00545123 0 0 -0.00233571 0 -0.0243002 0.00736853 -0.00399702 -0.00601509 0.0103056 0.00417234 0 -0.000360357 0 -0.00278039 0 0 0.000183071 0.00069485 0.00696184 -0.0161498 -0.00412312 0 -0.000785541 0.000160848 0 0 0.00446043 0.00104964 -0.0329345 0.00477996 0.00294273 0.0012588 0 0.0151922 0.00114672 -0.0127828 -0.023706 0 -0.0011954 0.00225169 0 0.00360158 -0.00768426 0 -0.0299195 0.000988323 -0.000617333 0 0 0 0.0128777 0.000581037 0.00236179 0.00338948 0.0258477 0.00107744 0 -0.0202972 0 0 0.00846288 0.000502272 0 0.00421724 0.00288705 -0.00900694 6.03136e-07 0 0 -0.0110345 0 0.00229258 -0.00589944 0.00742399 0.00811075 0.00664583 0.00502533 -0.00613517 0.00199428 0 0.00147244 0 0 0.000879078 0 0.00149689 0.00539207 6.62137e-05 0 -0.00511308 -0.00313706 -0.0146016 2.73835e-05 -0.018157 0 0.00614125 5.59364e-05 0 0 0.00663809 0.0161376 0 0 0.00663925 0.0113514 0 -0.00598808 0 -0.00751626 0 0 3.19001e-06 0 1.66857e-05 0.000684338 0.00212675 0.0122272 0 0 0.000912601 0 0 0 0.00199099 0 0.0037353 0 0 0.0067505 0 0 0.00110914 0 -0.0151946 0 0 0.00543734 0.010114 0 0 0.000129607 0.00224547 0.00351046 0 0.00828095 0.004781 0.00320536 0 0 0.0205322 0 -0.00874724 0.0044028 0.000656235 -7.58797e-06 0.00462804 -0.0118628 0 0 -0.00364269 0 0 0 0 -0.00674088 0 0 -0.0156466 0.00301858 0.00660147 0 0.00513012 0 0 0.00342021 0 0 0 0 0.0018858 0 -0.00284937 -0.0129086 0 0 0.00595037 0 0 0 0 0 0
-0.0206394 -0.0273294 -0.00412184 -0.0010517 -0.0194243 -0.00802258 0 -0.00502019 -0.000206156 -0.019095 -0.00482365 -0.0177588 -0.0201238 -0.0367378 0 0.836206 -0.000822086 -0.0156584 -0.0107411 -0.0107186 -0.00881787 -0.0288409 0 0 -0.0051844 -0.000155743 0 -0.0189729 -0.0496815 0.0088393 0 -0.000114753 -0.00236434 -0.011269 -0.0102873 -0.0248269 -0.0020611 -0.00474122 0 0 -0.00316959 0.00577267 -0.00749087 -0.019341 -0.00531489 0 -0.000971554 -0.000288567 -0.0151129 -0.00901368 0 -0.00401273 -0.0246204 -0.00970412 -0.0160471 0 -0.000581388 -0.000729684 0 -0.0289999 0 -0.0678454 -0.00199816 0 -0.00476727 -0.0140553 -0.0220853 -0.0109911 -0.031467 -0.00149432 0 0 -0.000509339 -0.00254759 0 -0.0145934 -0.000320985 -0.00726764 -0.00315715 0 0 0.000697909 -0.0231439 -0.00810696 -0.00363098 -0.000708747 0 -0.00716872 -0.0025724 -0.00827518 -0.00231144 -0.0151025 0 0 -0.004144 -0.00510462 -0.0111462 0 -0.000196087 2.65956e-05 -0.000241991 -0.00804684 0.000112876 0 -0.00392779 -0.00207849 -0.000648962 -0.000544956 -0.00535963 -0.0290894 0.00686234 -0.00806726 -0.00436408 -0.00281467 0 -0.0182109 -0.000590288 0 0 0.000165857 -0.00356545 0.000771707 0 0 0 0 -0.000250107 0 0 -0.00284862 -0.042926 0 -0.00082064 -0.00766978 -0.000598865 0.0040218 -0.0111036 -6.05313e-06 -0.000622564 -0.00450041 -0.00012065 0 0 -0.000428289 -0.0169178 -0.010418 0.00405945 -0.00147311 -0.00412298 -0.00082624 -0.00119284 0 0 -0.0120312 0 0.00198817 -0.0177187 0 -0.000657226 -0.016221 0 0 -0.00119255 0 0 -0.000174069 -0.00124569 -0.00541583 -0.00027358 -0.00242456 1.94746e-05 -0.0062844 -0.00584198 -1.89605e-05 0 -1.69209e-05 0 -0.00820919 0 0 0 0 0 0 0 0 -0.00466299 -0.00686201 0 0 0.002883 0 0 -0.00211967 0.00239412 -0.000157869 0 0 -0.00106211 0 -0.00230232 0 0 0 0 0.000696487 0 0 0.000807891 0 0.00141496 0 0 0 0 0
-0.00403795 -0.000841319 -0.010625 -0.0129591 -0.00787419 -0.00154395 0 -0.00516841 0.00494523 0 -0.000575211 -0.000964393 0 -0.000609232 -0.00330792 -0.000822086 0.959897 -0.00239355 0.00189829 0 -0.0023566 0 0 0 -0.00424109 -0.00426123 -0.0377681 0 0 0 -0.00762426 -0.0309624 0.00848148 0 0 0 -0.0110517 -0.0048499 -0.0277059 -0.01877 0 0.0271974 0 -0.000483137 -0.0063487 -0.0294926 -0.0235091 -0.0222219 0 -0.00725902 0 0 -0.000536745 0 0 0 -0.0180447 0 -0.000449876 -0.00217303 -0.00334658 0 0 3.53439e-05 -0.00587218 0.000445664 0 -0.0129949 -0.000204962 -2.83335e-05 -0.0152941 -0.00667741 -0.0194449 -0.00287118 0 0 0 0.0100519 0.000498646 0.0038604 -0.0185119 -0.00840329 -0.00012625 -0.00458932 0.0068537 0 -0.0149064 0.00149462 0.00644255 0 0 -0.00944147 -0.0108309 0 -0.00506117 0 -4.58796e-06 0.00465941 0.00313544 0.00184142 0.0012741 -0.00447851 0 -0.00554908 0.000459796 -0.0126721 -0.00176235 -0.00939079 -0.0195888 8.79475e-05 0.00191429 0 -0.00261341 -0.0159605 -0.000665152 0 0.00162922 -0.00776325 -0.000735715 0.002446 0.000437211 5.83205e-05 -0.00436295 0.0128437 0 -0.022128 -0.0114549 0.000627873 0.00192238 -0.00234484 0 0 -0.0143028 0 -0.00596442 0.00779829 0 -0.0116703 0 0 0.010604 -0.0208714 -0.00352284 0 -0.000168674 -0.00239113 0.0164395 -0.0010866 0 0 1.65612e-05 0.00267857 0 0 0.000470047 0.00634045 -0.000800845 -0.00488981 -0.00263844 0 0 0.000783717 0 -0.00180604 0 0 0.00398431 0 0.00602661 0.00129319 0.00724643 0 -0.003486 0.00158793 -0.0128813 0 0 0 0 0.00519496 -0.00966782 -0.00538959 -0.0031366 -0.000604305 0.00920136 -0.0084679 0 -0.00376851 -0.0197615 0 0.00474827 -0.00506588 0.000524383 0.00716801 0.013802 0 0 -0.00191912 0.00357285 -0.000490495 0 -0.00556542 -0.00136728 0.000634823 0 -0.00524009 0 -0.00516624 -0.00595999 0.0113659 0.00673522 -0.00131987 -0.000165546 0.000629469 0 0
-0.000654557 -0.010603 -0.0171591 -0.0105947 0 -0.0415271 0.0227497 -0.0161722 0 0 0 0 0 -0.00196601 0 -0.0156584 -0.00239355 0.890764 -0.0124442 0 -0.00835334 -0.000112818 0 -0.0245881 -0.00215463 -0.0329339 -0.00394196 -0.0298464 -0.00495423 0.0121099 -0.00575882 -0.0135356 -0.00160988 -0.0149178 -0.00357936 0 -0.0114206 -0.00468909 -0.0201882 -0.00551639 0 0.0103191 -0.013212 0 -0.00878833 -0.011058 -0.00297959 -0.014618 0 -0.0289497 -0.00132518 -0.0062165 -0.00342537 -0.0169965 -0.00859885 0 -0.0120891 0 -0.0159401 0 0 -0.00287898 0 0 -0.0188815 -0.01152 0 -0.0370004 -0.00758151 -0.0171129 -0.00936581 -0.0146086 -0.00598035 -0.00611212 0.00646411 -0.00527696 0 -0.00121575 0 0 -0.00419186 0.0061283 0 -0.00454593 -0.00311775 -0.0065001 -0.00116997 -0.00223335 -0.0011244 0 -0.00880931 -0.00786256 -0.00392652 0 -0.00582712 -0.020346 0 -0.00147914 -0.000708893 -0.00113399 -0.00424541 0 0 -0.0277087 0 -0.0101394 -0.00331042 -0.0140574 -0.00353646 -0.00478544 0.00101293 0 -0.00639159 -0.0029262 0.000299991 -0.00569664 -1.63902e-05 0.000361548 -0.0205986 -0.000811358 0 0 -0.00057206 0 0 -0.00812843 -0.00891272 0 -0.000782196 -0.0118434 -0.00223839 0 -0.00184097 0 -0.00379925 0.00535256 0 0 0 -0.0190577 0.000433077 -0.0103492 -0.00254347 -0.00252975 -0.000601308 -0.00221757 0.00386621 2.31416e-05 -0.00356838 -0.0124117 0 0 2.26733e-05 0 0 0 -0.00699871 0.000899221 -0.00520708 0 0 0 0 -0.000417203 -0.00162144 -0.0117712 0 -0.000539339 0 -0.00230762 -0.00171009 -0.00528007 -0.00996967 0 0.00495003 0 -0.00588865 -0.0030489 0 -0.00225829 0.000649203 -0.0017976 0 0.00212579 0.000736439 -0.00108079 -0.00155852 -0.0160844 0.00202843 0 0.00117172 0.00350764 -0.000956661 -0.00129838 0.00268206 -0.00170182 -0.00421947 -0.00016174 -0.000524121 0 0 -0.00267243 0 0 -4.48269e-05 0.00244603 0 0 0 0 0.00258627 -0.00017252 0 0 0 0
0 -0.000975017 0.000955002 0 0.00232829 -0.0109321 0.0307481 -0.00242475 -0.00562905 0 0.00829604 0 0 -0.0043361 0.00463625 -0.0107411 0.00189829 -0.0124442 0.794907 0 -0.0127808 -0.0276461 0.0134837 0.00458404 -0.00341453 0 0.00117808 -0.0142395 -0.00190801 0.0199193 0.00308244 0 -0.0315035 -0.0197296 -0.0233927 0 -0.003323 0 1.23925e-05 0 -0.00122535 0 -0.0232607 0 -0.000460037 0 0.0106018 -0.000211389 0 -0.00334764 -0.0175311 -0.00742003 0 -0.0272583 -0.0257083 0 0 -0.0110686 -0.00295756 3.10195e-05 0.00936923 -0.0162177 0 0.00215844 -0.00633105 -0.0532049 -0.00153406 -0.0045759 -8.31788e-05 -0.0017707 0.00168782 0.00438575 -0.000675341 -0.002077 -0.00481112 -0.0204002 -0.0180323 -0.0252618 -0.00495195 -0.0020316 0 0.0129489 0 -1.68505e-05 -0.0262793 -0.0103965 9.16621e-05 -0.0319388 -0.0324094 0 -0.00727321 -0.00351461 0.00226353 0 0.00130839 -0.022293 0.0034527 -0.0126344 -0.00539019 -0.0181039 -0.0274867 0.014409 0.0011328 -0.000312706 -0.0051449 0 -0.0132556 0 0 -0.022668 0 -0.00702162 -0.0031966 0 0.00419019 -0.0307744 -0.00485365 0.0127885 -0.00951803 -0.0200498 -0.00805333 0.00215473 -9.94933e-05 -0.0111403 -0.0020771 0 0 -0.0139659 -0.017166 -0.00581654 -0.0100205 0.000931989 0 -0.0102662 -0.00149437 0 0 0.015137 -0.00559742 -0.0184878 -0.0215676 0 0.00368038 -0.00673682 0.000821654 -0.014264 -0.00330119 0 -0.021852 -0.0112143 -0.000977433 -0.00947191 0.00618304 -0.00553179 0 0 -0.000407334 0.0206717 -0.00139725 -0.00568434 0.00232172 -0.00515703 0 0.00258108 -0.00635038 -0.0208195 -0.0231552 -0.00802857 -0.0165649 -0.0150315 -0.0315014 -0.04251 -0.00270833 -0.00872941 0.00176751 0 -0.00766316 -0.0135432 0 -0.0132705 0.021267 0.00701714 0.0113785 0.0225255 0 0 -0.0262768 -0.00804207 0.0220098 -8.40161e-06 0 0.00746528 -0.0269815 -0.0180479 0 -0.0146369 -0.00215381 0 -0.0164598 0 -0.00451434 0.00481169 0.00404849 -0.0150951 -0.0137974 0.0287158 0.00432207 0.00985454 0.0150766 -0.00919325 0 0 0.00538322 0 0 0
-0.018483 -0.0203577 -0.000104659 0 0 -0.000149094 -0.0219648 0 0 -0.0166044 -0.0536371 -0.020117 -0.0170686 -0.00367524 0.00297788 -0.0107186 0 0 0 0.799857 0 0 -0.0257633 0 -0.001173 0 0 0 1.47833e-06 -0.00609988 0.00162708 0 -0.00374926 -0.00141618 0 0 0 -0.00659954 0 0 -0.0187891 0.00522756 -0.00320281 0 0 0 0 0 -0.0289671 0 -0.000974068 -0.000947039 -0.000998921 0 -0.00156614 -0.00679303 0 -0.00277067 0 -0.00829879 0 -0.0217202 0 0 0 -0.00049117 -0.0157104 0 -0.000188647 -0.00122915 0 0 0 -2.34762e-05 -0.0143465 -0.000652163 -0.00743574 -0.000345922 -0.0154123 0 0 0 -0.01566 -0.000665912 -0.00184081 0 0 -0.00426036 0 0 0 -0.00942027 -0.000119216 0 0 -5.43229e-05 0 0 -0.00483867 0 -0.000339722 -0.00997309 0.000323809 0 -0.00314724 0 0 -0.000287879 -1.69475e-05 -0.00904995 0.0147208 -0.00765813 0 0 0 0 -0.00127798 0 0 -0.000290576 -0.0165459 0.00141204 0 0 -0.0155428 0 0 0 -0.000550047 0 -0.0153905 0.00820297 0 0 -0.000883823 0.00443495 0 0 -0.000131368 -0.000228068 -0.00243467 -7.66023e-05 -0.0036674 0 -0.020047 0 0.00148794 -0.0252613 1.95069e-05 -0.00108678 -0.0129771 0 -0.0028389 0 0 0 0 0 -0.000431098 -0.0131619 0 -9.80052e-05 0.0165175 -0.000443085 -0.000571307 0 -0.000327823 -0.0128142 -0.000164761 0 0 2.30237e-05 -0.00153539 -0.0170022 0 0 0 -0.000147486 0 0 0 0 0 0 0 0 0 0 0 0 0.000705896 0.000159385 0 -0.000159665 0.00151266 -0.000220178 -0.00179823 0 -0.000858602 0 -0.00546042 0 0 0 0 0 0 0 0 0 0.000175907 0 0 0 0 0
-0.00266105 -0.00317547 -0.0117525 -0.0125731 -0.000803449 -0.00794116 0 -0.0252118 0 0 0 -0.00115681 0 -0.00115187 0 -0.00881787 -0.0023566 -0.00835334 -0.0127808 0 0.909126 -0.00821663 -0.000867728 -0.00179611 -0.0111999 0 -0.00313494 -0.00656735 -0.00517472 0 0 -0.0110634 -0.00144196 -0.00771618 -0.00734647 0 -0.0125742 -0.0134204 -0.00345126 -0.00767069 -0.00140108 0.00861948 -0.0126193 -0.000289056 -0.0171219 -0.00247198 -0.015857 -0.00206906 0 -0.0121641 -0.00343567 -0.00943692 -0.00413222 -0.0329228 -0.00323906 0 -0.012407 -0.00129827 -0.00365041 -0.00304241 0 -0.00657799 0 0 -0.0288631 -0.0181015 0 -0.019208 -0.00949317 -0.00371714 0 0 -0.00818025 -0.00631173 0 -0.0145873 -0.0015865 -0.00175093 0 0 -0.0106786 0.00104248 -0.000161138 -0.0105728 -0.00267801 -0.0264202 -0.00494558 -0.00858162 -0.00227226 0 -8.54873e-05 -0.0100212 -0.00336292 0 -0.00949304 -0.0049391 0 -0.00212811 -0.000265094 -0.0025719 -0.00390225 0 0 -0.00106184 0 -0.01022 -0.0187052 -0.0035617 -0.0135791 -0.00261448 0.00187466 0 -0.0202138 -0.0116752 0 -0.00259339 0 -3.5605e-05 -0.00202232 -0.00576582 -0.000597703 0.000946809 -0.0147738 0 0 -0.0065047 -0.00540841 -0.00104793 -0.000788419 -0.0165207 -0.00703826 0 -0.0135407 7.75033e-06 -0.0147603 0.00733508 0 0 0 -0.00834014 -0.00294815 -0.00109363 -0.000806301 -0.0061147 0 -0.0221764 0.00444079 0 -0.00850369 -0.00193548 0 0 0 -0.000279351 0 0 -0.0126778 0.00076003 -0.0080961 -0.00174385 0 0 0 0 -0.00472427 -0.00485223 -0.000817565 -0.00440573 -0.00155293 -0.00548964 -0.00141103 -0.0131375 -0.0195316 0 0 0 -0.00139002 -0.00536 0 -0.00186559 0.000243936 0 0 0.00012273 0.000631404 -0.00211346 -0.00650711 -0.0116261 0.00125036 0 0.00222506 0.000515288 -0.00149201 -0.00154168 0.0030197 -0.00149632 -0.00466193 -0.0012686 -0.0013012 0 -0.000189497 0 0 -0.000600665 -0.0175436 0.00168606 0 0 0 0 0.00318474 0 0 0 0 0
-0.0137059 -0.0296617 0 -0.000155254 -0.0221652 0 0.0364597 -0.00232671 -0.000776728 -0.00886493 9.61789e-06 -0.0387826 -0.0193236 -0.00955356 -0.0176665 -0.0288409 0 -0.000112818 -0.0276461 0 -0.00821663 0.800914 0.0312588 0.0139696 -0.0162092 0.0129838 0 -0.0165507 -0.0361214 0.0237912 0 0 -0.00717363 -0.00779025 -0.0181028 -0.0308505 -7.4966e-05 -0.00194075 0 -0.00200477 0 0.000557484 0 -0.0359611 0 0 -0.000332238 0 0 -0.00484057 0 0 -0.012332 -0.00435686 -0.0104714 0 0 0 0.0173349 -0.00749914 -0.0140373 -0.0325551 -0.000258086 0.00996295 -0.00123796 -0.0116037 -0.0331652 -0.00248912 -0.0125389 0 0.000908163 0.00407318 0 -1.30085e-06 0 -0.0169052 0 -0.00545296 0 0 -0.000636188 0 -0.00252708 -0.00355253 -0.000173501 -0.000591815 0 -0.0134304 -0.00134362 -0.0168371 -0.00560418 -0.0020935 0 0 -0.00520969 -0.00109626 -0.00418804 0 0 0 0 -0.0198141 0.0124862 0 0 -0.000336509 -0.00319026 1.54674e-05 -0.00201273 -0.0168092 0.0081387 0 -0.00768402 -0.00386868 0 -0.0372137 0 -0.000290122 1.38896e-05 0 -0.00640251 0 0 0 0.000697119 0 0 0 0 0 -0.0175614 0.00204909 0 -0.00212135 0 0.00173832 -0.0049617 0.00639545 -0.00170717 -0.000489483 -0.00142504 0 0 -0.00614143 0 -0.0122112 0.00155376 0 -0.0236476 0 -0.0123008 -0.00906734 0.0210299 -0.00862068 0 0 -0.00763876 -0.00531327 -0.000113007 -0.00821628 0.00748833 0.0014067 -0.021362 0.00609724 0 0 -0.00035883 -0.00507019 -0.000668252 -0.0015266 -0.00273082 -0.020328 -0.000760709 0 0 0 0 -0.00366829 0 0 -0.00760541 0.000748012 0.0105939 0 0 0 -0.0205299 -0.00480798 0 0 0 0 -8.72447e-05 -0.00424896 0.00226711 0 0 0 -0.00386284 0 -0.00164065 0 0.00172984 0 -0.0049336 0 0 0.00111515 0.0041877 -0.00101947 0.00020544 0 0 -0.000381398 0 0
0.00146287 0.00553818 0 0.0044702 0.0073817 -0.00214008 -0.187542 0 -0.0033938 0 0 0.00118473 0 0 0.0108803 0 0 0 0.0134837 -0.0257633 -0.000867728 0.0312588 0.796635 -0.00495817 -0.00440858 0 0 0.0175394 0.0106759 -0.113643 0.00388909 0 -0.0085979 -0.00711713 0 0.00636625 0 0 0 0 -0.0276971 -1.6185e-06 -0.013854 0.0103843 0 0 0.000368793 -0.00250553 0 0.00536273 -0.0176794 -0.00478602 0.00353218 -0.00833183 -0.0050009 -0.0012668 0 -0.00828821 -0.00177796 0.00484183 0.0118188 0 0.00717526 -0.0225675 -0.000858925 0.00937699 0 0 0.00359036 -0.00161939 0.00474045 0 -0.00153452 -0.00330858 -0.01385 -0.00445129 -0.0167116 0.0217751 -0.0197254 0 0 0.00908794 0.00160918 0 -0.0104195 -0.00192074 0 -0.00774045 -0.00680405 0.000882333 -0.00429055 -0.00260134 -0.00439019 0.0135405 -0.000366585 -0.00322988 0.0106593 -0.00861618 -0.0255808 -0.00821343 -0.0262436 0.00327377 0 0 -0.00202181 0 -0.00140668 -0.00356778 6.66057e-06 -0.00192617 0 -0.00231937 0 0.000488563 0.00791437 0 -0.00676663 0.020003 0 -0.00904287 -0.00229532 0 0 -0.00679979 -0.00624725 0 0 -0.0089486 -0.0082395 -0.0021556 -7.57451e-09 0 0 1.44292e-05 -0.00429925 0 0 0 0 -0.0019224 -0.019004 -0.00189924 -0.00633155 -0.00430787 0.000922711 0 0 -0.0488518 3.40074e-05 -0.00814135 0 0 -0.120146 0 0 0 0 0.00528947 0 -0.00334518 -1.37468e-05 -0.0106809 0 0 -0.00300431 -0.00127212 -0.00822441 -0.000585968 -0.00624556 -0.00693869 1.88498e-05 0.0307102 -0.00130685 -0.0205728 0 0.000190287 -0.00397365 -0.00257439 0.00933703 -0.00822471 0.00792476 0 0 0.0021898 0 0 0 -0.00149894 0.00220816 0 0 0.00988299 -0.00364899 0.00521781 0 -0.00369099 -0.00803354 0 -0.0136495 0 -0.00440922 0 0 -0.00484267 0 0.0039837 0.00180521 0 0 -0.00306561 0 0.00168017 0 0.00942806 0 0
