0 0.119933 0.00306656 0.00070883 0.104081 0.00122339 -0.0174871 0.0138818 -0.00858885 0.0892017 0.0493842 0.102381 0.0381357 0.0229232 0.0219908 0.015384 2.98088e-06 -0.0195194 -0.0147553 0.00362693 0.000984174 0.0288962 -0.00528675 0 0.00353515 0 0 0 0.0299214 -0.0172288 3.37927e-07 3.23374e-06 -0.0056526 0.00657401 0 0.00189406 0 0.00514859 2.98767e-06 0 0 -3.10095e-06 0 0 0.000710365 2.85169e-06 0.00786289 3.04213e-06 0.00975274 0.0265324 0 -0.00529029 0.0393973 0 -0.000526477 0 0 0 -0.00911659 0.050347 0.014966 0.0174323 0 0 3.23937e-06 0 0.0241035 3.30762e-06 0.0137818 0 0 2.05628e-06 3.22838e-06 0.00104103 0 0.000658944 0 0 0 0 0.0180323 0.00477569 0.131941 0.00304174 -0.0187147 0 0 1.50193e-06 0 0.0266946 0 0.00737707 3.35985e-06 0.00856235 0.0105693 0 0.0100039 0 -0.00118194 -0.00367999 -0.00146406 0.024627 1.31372e-06 0 0.00216885 0.000934338 0 0 0.0161391 0.0021197 -0.0117144 0.00148749 0.000417927 0.00386903 0 0 0.0021945 0.0343889 -0.0052211 0 0 0 0.0114658 0 0 -0.00274938 0.00149039 0 -0.00184145 0.000666356 0.0361567 9.86595e-07 0.0186518 0 0.00994113 -0.00022057 0 -0.000555862 0 0 -0.00254798 -0.00852206 0 0 0.00873059 0 -2.46403e-06 0.00156193 0 0 -0.0017029 0 -0.00748739 0 0 0 0.000734386 0.0205688 0.00103607 0.00220954 1.41116e-06 -0.00958338 0.00113087 0 0 -0.00380963 0 0 -0.0044402 0 0 0 0.00134195 0 0 0.0068609 0 0 0.00188222 0 0.0249811 2.03292e-06 0 0.0110614 0 0 0 0 0.00798426 0 0 0 0 0 0 0 0 0 0 0 0 0 0 0 0 0 0 2.03879e-06 0 0 -2.33604e-06 0 0 0 0 0
0.119933 0 0.00333774 -0.000589915 0.0866496 0.00106283 -0.0376481 -0.00234963 -0.0126535 0.0510098 0.0266452 0.138428 0.0440573 0.0459916 0.0328314 0.0367658 2.43754e-06 0.00601844 0 0.0638527 0.0018379 0.0647492 -0.0189404 -0.0111059 0.00507574 0.000571517 0 0 0.0623789 -0.0226371 -4.21457e-08 2.72045e-06 -0.000144709 0.000585255 0.000453022 0.000301564 0 -0.00495566 0 5.80142e-05 0 -2.71209e-06 0 0 2.6991e-06 0 0.00127935 2.59689e-06 0.0186113 0 0 0 0.0521598 0 0.00539057 0 0 0 -0.00870389 0.0149171 0.0116471 0.0545106 0 0 2.89665e-06 -0.00279146 0.0363187 0.00152225 0.0229807 0 -0.00162696 1.74035e-06 2.73436e-06 -0.000447076 0 0.00379993 0 -0.00770416 0.000499715 0 0.00263873 -0.00322234 0.0376848 0.0034294 0 0.000451696 0 -0.00591554 0 0.0268144 0 0.00287891 0.00137378 0.0215486 0.00290412 0 0.0138064 0 0 0 0 0.0268525 0 -0.00488961 0.0103673 0 0.000271698 0 -0.00870981 0.029674 -0.00110581 0.00204588 0.0092606 0.00196904 -0.0137874 -0.00646545 0.00120394 0.0184238 -0.00224668 0 0.00726502 0 0 0 0 0 0 0 0 0.000293639 0.0268345 -0.00115006 0.00267735 0 0.00196741 0 0.00658682 -0.000541848 0.00867063 0 0 2.68466e-06 0 0.0011624 0.00300106 0 0.00865895 0 0 0 0.000212796 0 -0.0122211 0.00545182 0 0 0.00673801 0.00919777 0.00175942 0.0111732 0 -0.00864357 0.0286555 1.89934e-06 0 0 0 0.000160564 0 0 0 0 0.00046847 0 0 0.0733895 0 0 0.0101042 1.34286e-06 0.0161881 1.74326e-06 1.71753e-06 -0.0106964 0 0 0 0 0.00636625 0 0 0 0 0 0 0 0 0 0 0 0.00538486 0 0 0 0 0 0.000434838 1.68519e-06 -0.00448805 0 0.00261409 0 0 0.000660026 0 0
0.00306656 0.00333774 0 0.034661 0.0144145 0.128118 0.00108424 0.0638138 9.50586e-07 0.000923632 0.0054435 0.00418207 0.00119194 0.00110703 2.69617e-06 0.0079461 0.0208241 0.0221377 -0.00933413 0.00359911 0.0167351 0 0.00259796 0.015295 0.0221342 0.0144294 0.0107471 0.01359 0.000759779 0.00193346 0.0111858 0.0448392 -0.0290347 0.0142337 0.00455255 0.0026111 0.0231293 0.0246742 0.0282781 0.0117342 0.00113654 -0.0140971 0.0183765 0 0.0132904 0.0126158 0.0176829 0.0169328 0 -0.00461255 0.00633202 0.000903763 0.0106861 -0.00592297 0.000929342 0.00274451 0.0183397 0.000831953 0.00765744 0.000728651 3.49716e-06 0.00579854 0 0.00282012 0.0181591 -0.0080914 0 0.0740232 0.00179892 0.0173541 0.00431118 0.00319291 0.0114091 0.0130214 0.00022066 0.0121837 0.00188332 -0.00795149 0 0 0.0257355 -0.0243226 0.00529819 0.0186392 -0.0177954 0.0107781 -0.00760697 0.00126518 0 0.0012709 0.00248235 0.00376523 0.0149104 0 0.0117557 0.0083826 -0.000720351 -0.0046121 -0.00639894 0.00358392 -0.00867585 0.0102707 0.00167925 -0.0292878 0.00188518 0.020321 0.00990178 0.00651017 0.0135938 0.000197252 -0.000447868 0.000474468 0.0119446 0.00827035 -0.00972239 0 0.000434503 0.00358863 0.00376157 0.0045126 0 -0.000166881 0.0104117 0 5.32293e-05 0.0111768 0.0285839 0 -0.00765885 0.0133736 0.00415067 0.00110198 0.030912 0.000220651 0.0256003 -0.00662932 0 0.00227362 0 0.0104684 -0.0188548 0.0106285 0.00288816 0.00469914 0.00241996 0.00457416 -0.00448493 0.00259803 0 0.00593932 0 0.000453025 0.000907959 0.000792494 0 0 0.0073873 -0.0125856 0.0125522 -0.0103591 0.00141526 0.00133481 0 0.00359729 0.00638174 0.00162157 1.22572e-06 0.00275249 0 -0.000359431 0 0.00257015 0.00980518 0 -0.000856779 0.000540217 0.00470148 0.00502455 0 -0.00325628 0 0.00175467 0.00174832 0 -0.0014201 0.00374183 0.000947362 0.00496628 1.53846e-06 0 0 -0.011803 0.00118019 0 0.00136889 0.00168737 0.00329486 0.00142812 -0.00730457 0.00148398 0 0.00118669 0.000937279 0.00145487 0.0020668 -0.00390659 0 0.00107985 0.000802145 0 -0.00316383 0.00502907 0 0 0 0
0.00070883 -0.000589915 0.034661 0 0.00759664 0.0206983 -0.0159998 0.0192405 -0.0319682 -0.0152418 0.0038408 1.87741e-06 0 0 2.41231e-06 0 0.0275348 0.0401421 -0.0227642 0 0.0127244 -0.0140758 -0.0187481 0.0165605 -0.0143738 0.0754512 0.012833 0.0631969 2.60697e-06 -0.00284729 0.0363856 0.0510821 -0.0130068 -0.00338609 0 0 0.0134187 0.0785878 0.0255362 0.0209195 0.000480824 -0.0197751 0.00948402 -0.015021 0.0472108 0.0117526 0.103582 0.0233926 0 0.0258528 0.00532147 0.000554586 0.00261569 0.00450529 0 0.00563447 0.0135699 0.000478724 0.0118942 0 -0.00740522 0 6.36068e-07 0.0100941 0.0200463 -0.0435444 -0.0207275 0.0226126 2.43912e-06 0.0141525 0.0250678 0.00411301 0.0133558 0.0581189 0 -0.00607334 0.00146626 -0.0358489 0 0 0.0227487 1.63575e-06 -0.000264221 0.0171163 0 0.0116625 -0.00679962 -0.00858205 0 2.73803e-06 0 0.00308594 0.0156193 0 0.00738863 0.015387 -0.0106201 0.004415 0 -0.00832583 -0.00984839 2.99614e-06 0.00205412 0.0148707 0 0.211112 0.0108998 0.0102899 0.028282 -0.00534786 -0.000619589 0 0.0140028 0.0186402 -0.00564769 0 0 1.83609e-06 -0.00148644 -0.00256193 0 -0.000104085 0.0348067 0 0 0.0118266 0.0307557 0 0 0.0185845 0 0.00209025 0.0339788 0 0.0142821 -0.0189436 0 0.00212515 0 0.00700923 0 0.0133395 0.00205274 -0.0147992 0.000819595 0.00197248 -0.00720226 0.00105809 0 -0.0120533 -0.0119269 0 1.05132e-05 0 0 0 0.00627175 -0.0051671 0.0247763 0 0.00376911 0.000292959 0 0.00342544 0.00528863 -0.00141929 0 0 0 0 0 0.00292605 0.0107541 1.13023e-06 1.99921e-06 0 0.00637908 0.00344426 0 -0.00215127 0.00994117 0.000879237 -0.0182882 -0.000466028 0.00246357 0.0169801 0 0.00695659 0 -0.00933676 -0.00242159 -0.0217425 0.000229418 0 0.00479523 0.000619788 0.00286073 0.0078974 0 0.00300567 0 0.000412854 0.00377326 0 0.000406587 -0.00162146 0 0.00238892 -0.000584772 0 0.0108192 0.00550077 0 -0.00776198 0 0
0.104081 0.0866496 0.0144145 0.00759664 0 0 -0.0235278 0.00937342 -0.0118824 0.1439 0.0334801 0.0675777 0.0626608 0.043069 0.097599 0.0127202 0.011996 0 -0.00478207 0.0211332 0 0.0242308 -0.00542433 0 0.00588474 0.0117288 0.00327721 -0.00367075 0.02466 -0.00751945 0.0362749 0.00151252 -0.030072 -0.00869473 0 0.0179705 0.000744027 0.01233 0.000118916 0.00384499 0 -0.0001157 -9.83763e-05 0 0.00239216 0 0.0298403 0 1.9028e-06 0 -0.0061897 -0.000852582 0.0246974 -0.0027883 -0.0035559 0 0 0 0 0.0582931 -0.0154323 -0.00476219 0 0 2.77808e-05 -0.0257768 0.00755552 0 0.0126925 -0.000826789 0.00382362 2.09853e-06 3.28502e-06 0 -0.00443249 0 -0.00635721 -0.0101844 0 0 0.0114183 0.0117102 0.0258162 0.00597586 -0.0118968 0 0 -0.00624346 -0.0108554 0.0180813 0 0 -0.00998856 0.00701213 0.00155717 0 -0.0193371 -0.00246861 -0.0161029 -0.00713253 -0.00407235 0.013313 0 0 1.99662e-06 0.00692704 0 -0.0144424 0.012632 2.12572e-06 0 0 0 0.000745932 0 0 1.85598e-06 0.0317584 0 -0.00407893 0 0 0.0317889 -0.00217908 0 3.32425e-06 0.00731523 -0.000709603 -0.00215665 0 0.0152807 0 0.0279651 0 0.022898 0.0160941 0 2.37093e-06 0 -0.00271226 -0.00711615 3.18326e-06 0 -0.00439709 0.00537677 0 0.00780291 0 0 -0.00206959 0 0 -0.00573163 0 0 0 0 0.00252945 0.000348441 0 0 -0.00513005 0 2.29084e-06 0 -3.80251e-05 -0.00778095 0 -0.0153146 -0.0017339 -0.00789494 0 0 -0.000179473 7.14648e-05 0.0082232 0 0 0.00355808 -0.00796161 0.0244308 2.07542e-06 0 0.00616351 0 0 -0.000102482 0 0.0180635 -0.00639729 0 -0.000259706 0 -0.0180485 0 0 0 0 -0.00749687 0 0 0 0 -0.000384006 0 0.00147084 0 0 0 -0.00505805 0.00292547 0 0 -0.00715573 0 0
0.00122339 0.00106283 0.128118 0.0206983 0 0 -0.00254527 0.0810686 1.0334e-06 5.47264e-05 -0.0174471 0.0101104 0 0.00323376 -0.00308987 -0.0114917 -0.00500454 0.0740992 0.00760439 -0.00536371 0.0244749 -0.0040286 -0.00467937 0.0267473 0.017631 0.00343226 0.00657815 -0.00457792 -0.00724028 0.003021 2.02266e-06 0.00738898 -0.0180873 0.0501315 0.0073535 0 0.032187 0.0281834 0.0139219 0.0103347 0.00497496 -0.00452926 0.0620659 -0.00727568 0.0340539 0.00931932 0.00764233 0.0256611 0.00176205 0.0191 0.00474344 -0.00607728 0.00460015 -0.0006939 -0.021217 0.00558551 0.0183064 0.00318453 0.0112783 0 -0.0060528 0.00552949 6.76796e-07 0.00430924 0.0486491 0.00834063 -0.00510539 0.0375185 7.03414e-05 0.206048 -0.00863353 0.00174015 0.000383937 0.0145758 0.00178636 0.0184324 0.00378327 -0.0102609 0.00223387 0 0.0164261 -0.0102902 0.000443737 0.0168368 0.0111338 0.0163338 0.00187773 0.00832705 -0.0100531 2.80558e-06 0.00347022 0.0061001 0.0177651 1.90427e-06 0.00140948 0.0152843 -0.00877673 0.00848382 0.000335077 0.00907353 0.0081239 -0.00163278 0.00870091 0.00153302 0.00401278 0.0170648 0.0127922 -0.0152266 0.00168729 -0.000743704 -0.00121231 0.00272272 0.016783 0.00828084 -0.0020838 0.000109343 -0.000738337 -0.00801689 0.0086659 -0.00638166 0.00186291 -0.000210927 0.00688406 -0.0019394 0.000979004 0.012997 0.0470287 0.00290316 0.00489762 0.0340146 0.00351734 0.000875484 0.0146371 0.00185927 0.0175392 -0.00571386 0 -0.00264597 0.00164912 0.0234444 0.00678069 0.0142991 0.00300159 -0.0254018 0.000892659 0.00705805 0.0124393 0.00374312 0.000834757 0.0139647 0 0.00221117 0.003297 0.00154122 0 0 0.00944703 -0.0154375 0.0122215 -0.00576221 0.00223672 0.00474109 0 0.0033969 0.0122381 0.00719053 -0.0049872 0.00270927 -0.00495196 0.00775809 -0.000822563 0.00643799 0.0133224 0.00121695 -0.00142571 0 0.0107315 0.00852626 0 0.00707758 -0.00397605 0.00185546 -0.00146118 -0.00511608 -0.000225748 0.00296245 0.00334536 0.00855407 -0.0306559 0 0 -0.0323952 0.00487305 -0.00773429 -0.00100542 0.00621035 0.00539417 0.00189024 -0.00454533 0.00145627 0.00112847 -0.00895676 0.000990794 0.00440878 0.00504043 -0.0323726 0 0.000515805 2.90988e-06 -0.00918374 0.00831362 0.00158192 0 -0.00304729 0 0.000213779
-0.0174871 -0.0376481 0.00108424 -0.0159998 -0.0235278 -0.00254527 0 -0.0226717 1.6546e-08 -0.00156789 -4.62203e-07 0.0073552 0.0101314 0.0018305 -0.00693413 -3.06398e-07 0.000377017 -0.0425615 -0.0483201 0.0184188 -0.00287353 -0.0492712 0.40395 -0.00177588 0.0123642 -0.000413764 0 7.79847e-08 -0.0416759 0.291034 0 -0.0242381 0.0172745 0.0180677 -0.00237244 -0.00729909 -1.8574e-07 1.64322e-05 0.00389934 0 0.0279946 -0.00501548 0.0181513 0 0.00228385 -0.000513843 0 0.0100777 0 0 0.0151842 0.0401899 -0.0352202 0.0130483 0.00989383 0.0015772 -0.00799984 0.0208415 0.00684021 -0.00396209 -0.00724171 -0.000194863 0 0.0548243 -0.0141673 -0.000287053 0 -0.00508298 -0.0208031 0.0088338 0 0.000598736 0.00892501 0.00483052 0.0156439 -0.00921784 0.0118171 -0.00331261 0.00923416 0 -0.0494044 0.0106224 0 0.0074011 0.0124788 0 0 0.0109361 0.00366513 -4.17482e-07 0 0.0102959 0.00719397 0 -0.00586298 0.008678 -0.00239756 0.00794042 0.0514922 -0.0182412 0.00966493 -0.0133004 0 -0.00426798 0.00161882 -0.00703318 -0.0148924 0.0488546 0.00401105 0.0027382 -0.000262351 0.00166446 -0.0904621 0 0 0 -0.00147464 0.0247868 -0.0147707 0.00144452 0 0 0.0198246 0.00382278 0.0166188 0.0101854 0.00232008 0.00431378 0.00743777 0.00449321 0.0132369 0 0.00317527 0 0.0022188 -0.00027219 0 0 0 0.00229382 0.0265435 0.00814649 0.00244604 -0.00509202 0 0 -0.000298798 0.0807876 0 0.00556613 0 -3.27189e-08 0.23345 0 0 0 0.00108797 0.0283922 -0.00962968 0.0040172 0 0.0848917 0 8.2233e-05 -0.0101455 0.00191583 0.00340954 0 0.0036976 0.0102972 -0.000405274 -4.4013e-08 0.00137202 0.0163454 0 -0.00896878 0.00499389 -0.0133886 0 0.00807823 0.00582619 0 0 -0.00216224 0 0.000720798 0 0.00479349 0.00948033 0 0 -0.00401728 0 0.00386587 0 0.00667437 0.00414161 0.00383491 0.00640453 0 0 0 0 0.00203548 -0.0285887 0.0024384 0 0 0 0.00161068 0 0 0 0 0 0
0.0138818 -0.00234963 0.0638138 0.0192405 0.00937342 0.0810686 -0.0226717 0 0 0.00160491 0.00137667 0 0 0.00229424 0.0257163 0.00554389 0.00726827 -0.0250695 0.0267635 0.00132206 0.0394056 0 0.000857689 0.018598 0.0193778 0.01255 0.00802786 -0.00343582 -0.00532532 0.00107643 0.0110451 0.0143174 -0.00856292 0.0166579 0.00179427 0 0.0191857 0.0196637 0.00855926 0.0100253 0.00310293 -0.0172883 0.0405791 -0.000387554 0.024928 0.00733737 0.0191859 -0.0101748 0.00026142 0.0200387 -0.0247534 1.61297e-06 0.0120556 0.0120078 -0.0238806 0.00329104 0.00575494 0.00947058 0.0149788 0.000274693 -0.00617948 -0.0161161 0 0.00148013 0.0191833 -0.00437559 0 0.0194985 3.01872e-06 0.0165701 0.0303693 0.000364204 -0.0200585 0.0151296 0.000776033 0.0272741 0.00132005 -0.0135323 0 0 0.065917 0.00442317 0.00500539 0.0165169 -0.0138239 0.0241064 0.00487563 0.00203075 0 -0.00796926 0 0.00471122 0.0031267 2.05702e-06 0.0139591 -0.00273378 -0.00103795 0.0063916 0 0.0067049 0.0088899 3.2422e-06 2.36782e-06 0.0076316 2.33088e-06 0.0286399 0.0116839 -0.0408333 0.0478069 -0.0091463 -0.00201121 0.00100192 0.0155577 0.0128564 0 0 0.00210077 0 0.00730747 0.00285094 0.00289904 -0.000894316 0.0158927 0 0.000301405 0.0109241 0.0166592 0.00130858 -0.00227397 0.0173977 0.0023661 0.000399631 0.0338718 0 0.0442766 -0.0139925 0 -0.00424244 0 0.00977487 -0.00417382 0.00521361 0.00373912 0.00669043 0.000241861 0.014986 0.00456875 0.00227966 4.5205e-05 0.00652449 -0.016168 0.000311361 -0.00125823 0.000968561 0 0 0.00747905 -0.00260537 0.0184835 0 0.00107225 0 0 0.0144711 0.00975255 0.00567932 0 0.00107334 0.00159918 -0.0125543 -0.00889496 0.00584437 0.0125937 0 -0.000441951 0.000238963 0.00669685 0.00714809 0 -0.00646051 0 -0.00584265 0.00300785 -0.000813448 -0.00207064 0.00441421 0.00169027 0.00824454 -0.00122581 0 -0.000197648 -0.00389654 0.0028834 0 -0.00181217 0.00169412 0.00446439 0.00691587 -0.0146057 0.00204799 0.000791484 0.000951859 -0.0028273 0.00258019 0.00560071 -0.0245826 0 0.00153759 -0.00300573 0 -0.00142382 0.00645192 0.00225154 -0.00658619 0 0
-0.00858885 -0.0126535 9.50586e-07 -0.0319682 -0.0118824 1.0334e-06 1.6546e-08 0 0 0 -0.0150218 -0.0211405 0.00555857 0.000421934 0.0256268 0.0132864 0 0.0103638 0.0185843 -0.0475456 0.00322421 0.0493328 0 -0.00977756 0.00688247 0.0467548 0 0.00615869 0.0276475 -0.0539582 0.0433065 0 -0.0424781 -0.0207664 0.00384051 0 0 -0.0375071 0 0 0.000704584 0 -0.0511471 -0.305436 0 0 -0.0164469 0 0 0.00439115 0.0133375 0.00290348 0.00641295 0.0105711 0.0513959 0.030676 0 0 0.00573162 0 -0.0262531 0.0452338 -0.229433 0 1.09288e-06 0.0433708 0.0180647 0.0024064 0.0298875 9.87431e-07 -0.0121737 0 0 0 0 -0.0146988 0.00274934 0.0896098 0 0 0 -0.00604057 0 0 0.0142384 -0.00590233 0 0.0206507 0.0263513 0.0102759 0.00378066 0.000426544 0 0.0188797 0.00542799 0.0266992 0.0522261 0.00398784 0.00757896 0.00503789 0.00776085 3.27526e-07 0 0.0071941 0.024343 -0.0206385 0.0071334 0 0 -0.0159542 -0.00185184 0.0441594 0.0101597 0.000843357 0 0.00528237 0.0122315 0.000450647 0 0.00218616 0.0035231 0 0 0.0117665 0 0 0 0 0.0047725 1.15186e-06 -0.00610389 0 9.22683e-07 0.00461246 9.72648e-07 -0.00232419 0.0117425 -0.0110216 0 -0.0445239 0.014025 0 0 0.0672835 0 0.00105344 0 0 0.0196122 -0.0023236 0.0173369 0.0345613 0 0.00142107 0 0 0.0126476 0.0437977 0 0.0111735 0 0 0.000129018 0 0 0 0.00900224 0.00505833 0.00769333 0.00783918 0.00664442 0 -0.000107874 0.00406117 0 0 0 0.00557577 0.013771 0.0110168 -0.00338798 0 0 0 0 0 0.00347887 0.0203639 0.0114683 0.0164845 0 -0.000286228 0.00494292 0.0233043 0 0.0034209 0.00197442 0 0.0070321 0 -0.00758273 0 0 0.00158161 0 0 0.000242419 0 0 0.00674063 0 0 8.29026e-05 0.0289753 0 0
0.0892017 0.0510098 0.000923632 -0.0152418 0.1439 5.47264e-05 -0.00156789 0.00160491 0 0 0.0456838 0.0262867 0.0760201 0.0588163 0.0290657 0.0241753 0 0 6.3015e-07 0.0749023 0 0.0194826 0 0 -0.0283523 0.00156295 0 0 0.0328472 -0.00740904 -1.59493e-08 2.47447e-06 0 0 -0.00462677 0.0333191 0 0 0 0 0 -2.47139e-06 0 0 0 0 0.000279437 0 0.00437037 0 -0.00221333 0 0.0293602 0 0.000461386 -0.0145509 0 0 0 0.0359183 0.0408279 -0.00285002 0 0 0 0 0.0239997 0 0.00609816 0 5.78701e-07 0 0 0 0 0.00048455 0 0 0 0 0 0.00789316 0.0332664 -0.0187033 0 0 0 0 0 0.0342119 0 0.00242716 0 0.0335668 0.000749325 0 0.0134849 0 0 0 0 0.0187901 0 3.63623e-07 0.00661317 -0.0107522 0 0 -0.00120664 0.00638269 -0.00432456 0.0105921 0 0 0 0 0.00261087 0.0225918 4.34921e-07 0 0.00125689 0 0.00601216 0 0 0 0 0 0 0.00039101 0.028203 0 0.00500659 0 0.000699299 0 7.40231e-07 1.6934e-06 0.000119235 0 0 2.3904e-06 0 0 0.00764702 0 0 0.00437119 0 0 0.00210738 0 0 0 0 0 0.000396052 0.013697 0 0.0150526 0 -0.00431544 0.00153444 0 0 0 0 0 0 0 0 0 0 0 0 0.00292974 0 0 0.0103958 0 0.0123933 0 0 7.21844e-07 0 0 0 0 0.00305309 0 0 0 0 0 0 0 0 0 0 0 0.00127779 0 0 0 0 0 0 0 0 0 0 0 0 0 0 0
0.0493842 0.0266452 0.0054435 0.0038408 0.0334801 -0.0174471 -4.62203e-07 0.00137667 -0.0150218 0.0456838 0 0.0215814 0.0794872 0.349424 -0.000992015 -0.014904 0.00071785 -0.00604337 2.38439e-07 0.136906 -0.0506471 -0.08717 -1.41019e-07 0.00266227 0.00178398 0.01469 0.00105301 -0.000265615 -0.0173597 0 -0.0130847 1.57991e-06 -0.00752776 -0.00213331 -0.0185459 0.0140355 -0.00103059 0.00655183 0.000953534 -0.0125141 0.0196717 -0.00315316 0.00701486 -0.0174509 0.00054936 5.41783e-05 0.0049039 -0.00381588 0.0226051 -0.00301 -0.0198426 0 -0.0214215 0 0 0 -0.0125232 0.000738155 3.15953e-07 0.0601128 -0.000497903 0.0606701 0 0 0.000154911 0 -0.0126045 0.00803301 -0.0266904 0.00359523 0 0.0010477 1.56905e-06 -0.00215627 0.0141398 0.00254531 0 0 0.033452 0 0 6.8243e-07 0.0228089 0.0281015 2.70816e-07 -0.0051015 0 0 0 0.0153959 0 0.0114186 0.00558244 -0.0173643 0.00249366 -0.0125225 -0.0148679 0 0 0 3.9898e-07 0.00680543 0 -0.00478863 0.00736914 0.00185478 -0.00375135 0.0139565 0.0200266 0.00464063 -0.00248642 7.7396e-05 -0.0416764 0 0 0 0.0444368 0.0115172 0 0 0.0191033 0 0 0 0.0173561 0.00123099 0.00255838 0 0 0.00610869 0.0243098 4.35585e-07 0.0037489 0.000242893 0.00576311 -0.000740554 -0.0190182 1.13223e-06 0 0 0 0.00125466 0.00197509 -0.0462767 0.397095 0 -1.28843e-06 0.0129013 -0.00373108 0.0155764 0 0 0 0.00406264 0 0 -0.0160306 -0.00867948 0.00349644 0.00799261 0 0 0 0.00106461 0 0 0 0 0 -0.00901068 -0.00763918 7.15755e-05 0 0 5.99241e-05 0.00112598 0.00116249 0.00138299 0.000701793 0 0.0180678 0.00374189 0 7.09794e-07 0 0 0 0 0.0149475 0 0 0 0 -0.00609615 0 0.000514272 0.000978604 0 -0.00331055 0 0.00532445 3.95259e-05 0 0 0 0 -0.0337495 0 0 -0.00906736 0 0 0 -0.00841014 0 0
0.102381 0.138428 0.00418207 1.87741e-06 0.0675777 0.0101104 0.0073552 0 -0.0211405 0.0262867 0.0215814 0 0.0581184 0.0445979 0.0360957 0.0387142 0 0.0051984 0 0.0420218 0.00432725 0.0714424 0.000493317 -0.00740945 -0.00421004 -0.0140022 0 -0.0162947 0.0621968 -0.00899332 -2.98578e-07 2.11438e-06 0 -0.0241355 0 0.00343467 0 2.45351e-06 1.89853e-06 0 0 0.0197784 -0.0112576 0 -0.00663384 0 2.38433e-06 -0.00405278 0.0141284 0 0 0 0.0126732 -0.00106812 1.30376e-06 0 0 0 -0.0213033 0.0343146 0.023639 0.0308391 0 0 2.32592e-06 9.7373e-07 0.0884264 0 0.0331061 -0.00407764 -0.000418521 -0.00323325 -0.00480957 0 0 2.1237e-06 0 -0.00136115 0 0 5.43856e-05 0.00248958 0.0342406 0.000136384 -0.0169925 0 0 1.39848e-06 0 0.016933 0 0.000118458 2.38058e-06 0.0200979 2.77155e-06 -0.00318537 -0.0207284 0 -0.0156755 0 -0.00578999 0.0112694 0 -0.00383447 -0.00732237 0 0 -0.0031575 0.00127904 0.00187432 0 0 0 -0.000483267 0 0 0.000858951 0.0271935 -0.0113161 0 0 0 0 0 0 2.26384e-06 0 0 0 0 0.0312921 0 0.00155943 0 0.00728784 -1.93115e-06 0 1.45889e-06 0.0019319 1.7598e-06 0 2.10445e-06 0 1.63409e-06 0.0155449 0 0.00226874 0 0 0 0.0100411 0 -0.00215335 0.00346158 0 0 0 0.0120367 0 0.00405575 0 -0.00529509 0.00782535 1.50988e-06 0 -0.0101487 0 0 -0.00493362 -0.00329789 -0.0103265 0 0 0 0 0.0228414 0 0 0.0117388 0 0.0149488 1.36893e-06 1.35664e-06 0.0182172 0 0 0 0 0.00487315 0 0 0 0 8.21327e-07 0 0 0 0 0 0 0 0 0 0 0 0.00176598 0 1.3224e-06 1.33158e-06 0 -1.58796e-06 0 0 0 0 0
0.0381357 0.0440573 0.00119194 0 0.0626608 0 0.0101314 0 0.00555857 0.0760201 0.0794872 0.0581184 0 0.0228852 0.0345529 0.0619545 0 -0.0120106 0 0.0416134 -0.0144502 0.108614 0 0 -0.00203184 0.0214252 1.82937e-06 0 0.0464955 -4.00099e-07 -0.0225696 2.05684e-06 -0.00249646 -0.00051578 0.0132459 0.0522482 0 0 0 0 0.000918534 0.0044032 0 0 0 0 -0.0158162 0 0.0164642 -0.00803556 0.000846509 0 0.0318635 0 0.00348428 0 0 0 -0.00634324 0.0239526 0.00348982 0.0372537 0.00886585 0 2.33898e-06 0.00293774 0.0467071 -0.0212692 0.0255923 0 8.95869e-08 0 0 0.00146158 0.00564834 -0.00219247 0.00377194 -0.00842549 0.000824358 0 0 -0.00345254 0.00429674 0.00309593 -0.00642215 -0.00946266 0 -0.00904458 0 0.0536406 0.000527718 0.0208339 0 0.0283109 0.000639919 -0.00306651 0.00862172 0 0 -0.000913803 0.000255178 0.0363547 0 -0.0213202 0.0134603 0 0 0.000647589 0.00207128 0.0172883 -0.00199128 0.0184848 -0.0198126 0 0 0.00949145 0.0157286 0.00374333 -0.013954 0 0.00145378 0 0 0 0.00130829 0 0 0 0 -0.000706214 0.0611855 -0.00436187 0.000605797 0.00327832 0.00170299 0 0.000960423 1.36299e-06 0.00583167 0.00200038 0.000486422 -0.00375913 0 -0.00569049 -0.000653032 9.03233e-05 0 0.0106899 0.000763561 0 0.0224565 0.00589794 0 0.0100801 0 0 0.00216962 8.27816e-07 0.000500163 0.0326861 0 0 0.00732702 0 -0.0147702 -0.00866608 0 0.00954844 8.84794e-05 0.00050004 0 0 0.000166638 0.00220263 0 0.0115445 0 0.00164975 0.0038134 0.00145793 0.00790036 0 0 0 0 0 0 -0.0060536 0.00603367 0.0049583 0 0 0 0.000839844 0 0 0 0 0.000807948 0 0.0083731 0 0 0 0 0 0 1.25083e-06 0 0.00551571 0 0 0 0.000951462 0 0
0.0229232 0.0459916 0.00110703 0 0.043069 0.00323376 0.0018305 0.00229424 0.000421934 0.0588163 0.349424 0.0445979 0.0228852 0 -0.329421 -0.010606 0 0 -0.0239274 0.0602711 -0.005683 0.0136765 0.0207902 0.002877 0.00657928 0.00590404 0 4.99787e-07 0.00109148 -4.47191e-07 -0.0195978 0 0.00177527 -0.0248408 -0.0251677 -0.00429837 0 0.00400919 0 -0.0307743 0.0179797 0 0.00444629 0 0.0043874 0 0.00210168 0.00141939 0.0459274 0 0 0 -0.0014924 0.000574326 0.00380501 0.00160563 0 0.00141285 0 0.0235629 0.00256091 0.0323042 0 0 0.00366777 -0.00968701 0.0480751 0.00254523 0.00112418 0.00327577 0 0 0 0.00144307 0.0214322 0.00444971 0.00252622 -0.0142745 0.0314063 0 0 0 0.0250401 0.0101771 0.00356015 0.000335542 0 -0.0370375 0.000637132 0.00230937 0 0.00751985 0.0034777 0.00181751 0.000967819 -0.022299 0 0.000844074 0.00231791 0 0.00153165 0.00677051 0 -0.00841635 -0.00147566 0 0.000406354 0.0034168 0.0222463 0.0141202 -0.000937447 0.00158321 -0.0213303 0 0 0.000922197 0.0246421 9.64564e-07 -4.35155e-08 0 0.00989532 0 0 0 0.0307526 7.17557e-05 0.000987147 0 0 0.00550635 0.03293 0 0.00175703 0 0.00364943 0.014393 0 0 0.0149435 7.72974e-05 0.000495823 0 0.000704955 -0.0305346 0.0385826 0.00105414 0.00712734 0.00881053 0 0.00394421 0.000133638 0 0 0.0027923 0 0 0 0 0.00341964 0.0181427 0 0.0227694 0 0 0.00309607 0 0 0.000132373 0 0.000486836 0 0.00136084 0.00308843 0.000545847 0.0092078 0.00145477 0.0175824 0.00265273 0.00114784 0.000138415 9.90076e-07 0 0 0 0 0 0 0 0 0 0 0 0 -0.0191823 0 0.00157936 0.00170981 0 0 0 0.00210659 0 0 0.000181425 0 0 0 0 0 0 0.00935529 0 0 0 0 0
0.0219908 0.0328314 2.69617e-06 2.41231e-06 0.097599 -0.00308987 -0.00693413 0.0257163 0.0256268 0.0290657 -0.000992015 0.0360957 0.0345529 -0.329421 0 -0.00642758 0.0010952 -0.00947124 0.00854 -0.093466 0 0.0658873 -0.0166874 -0.00499645 2.23789e-06 0 0.00519519 -0.00246969 0.0780159 -0.0133858 0.0569606 0.000129164 -0.00773032 -0.0121499 4.20447e-07 0.00377301 0.0118827 0.0102053 2.50011e-06 0.0314819 -0.00364368 0.0150629 -0.0084587 0.0022635 -0.00898301 -0.0060435 0.0102336 -0.00148263 0 0.0116299 -0.00348879 0 0.064865 -0.00608744 -0.000894364 0 2.5215e-06 0 -0.000792834 0.0319994 0.0334395 0 0.0151021 0 0.00682202 0.0162011 0.010189 2.49936e-06 0.0773206 -0.0028557 0.0201626 0 0.00349808 2.36147e-06 -0.0217505 -0.00273347 -0.00347293 0 -0.00702361 0 2.62532e-06 0.0583065 0.00856385 2.74064e-06 -0.0156954 0.0145112 1.62083e-06 0.0193034 0.000413448 0.048199 0 0 -0.000720848 0 0.00920648 -0.00212111 0.034046 -0.00419598 -0.0142831 -0.00288411 -0.00478054 0.0424863 1.06896e-06 0.00493983 0 -0.0250019 0 -0.00481775 2.76015e-06 0 0 0 1.8083e-06 0.0290476 0.0349095 0 0 0.0386946 -0.00036066 -0.0054938 0 0 0.00590707 -0.00158574 -0.0212799 2.62191e-06 2.54549e-06 -0.000945946 -0.00342665 2.29841e-06 0.0276398 0 0.0286384 0 2.58577e-06 -2.05575e-06 0 1.78804e-06 0 -0.0118009 -0.00688718 -0.00440541 0 -0.000438157 -0.0186647 0 0.00546098 0 0 -0.00564174 0 0 -0.0097534 0 0 0 0 0.0330638 2.31129e-06 -0.000698394 -0.000453616 -0.0242589 0.0016334 0 -0.00150543 -0.00151249 0 0 -0.00284277 -0.00500943 -0.000595936 0 0 -0.0026125 -0.00515987 0.00381264 -0.00306025 0.00292616 0.00349393 -0.00629486 0.0136182 0 0 0.009286 0 0 -0.000248036 0 0.00914365 0 0 0.0221318 -0.000106511 -0.00136328 0 -0.00276024 -0.000782797 0 -0.0106094 0 0 0 0 -0.000490797 0 0.00222119 0.0127353 0 0 -0.00255263 -1.80076e-06 0 0.00781068 0 0 0
0.015384 0.0367658 0.0079461 0 0.0127202 -0.0114917 -3.06398e-07 0.00554389 0.0132864 0.0241753 -0.014904 0.0387142 0.0619545 -0.010606 -0.00642758 0 0 0.0203959 0.0120345 0.101813 -0.0256166 0.0546635 -0.00254174 0.000673143 0.0143381 -0.0328654 0 0.00778187 0.123153 0 -0.0118503 0 -0.00133071 0.013502 -0.0575104 0.0316609 0.0040036 0.00255521 0 0.00222923 0.00714511 0.00370418 0.000762902 0 -0.00319746 0 -0.0237475 -0.026893 0.0184035 -0.0098368 -0.00520508 1.05029e-06 0.0341894 -0.00496271 0.0179285 0.0338129 0.00429086 0.00122576 0.00858798 0.0173749 0.015389 0.117122 0.00504351 0 0.00181123 0.0128626 0.054408 0.00619473 0.111675 -0.000519779 0.0111926 0.00317912 0.00322716 0.00145659 0.00441548 0.00872958 -0.00382076 0.0123459 0.00473251 0 -0.00366264 -0.0162669 0.00655125 0.00984226 -0.00161063 -0.0113059 -0.0107828 0.050951 0.00791969 0.0276184 0.00350089 0.00852466 0.00145699 0.000226318 -0.0100495 0.0103512 1.08564e-06 -0.00542779 0.0059355 0.00376465 0.00453232 0.0121952 0 -0.019543 0.0229609 -0.0261648 0.00541309 0.0153139 0.00323848 0.0425997 -0.0091151 0.0513904 -0.00515797 0.00106109 -0.00163611 0.0179991 0.0175491 -0.00491098 0.0185565 0.00360588 0.0235383 0 0 0.00257549 -0.011326 -0.00255805 -0.00931705 0.00137842 0.00354448 0.0088774 0.095867 0 0.00149214 0.00721425 -0.032794 -0.00248995 0.00539875 1.29202e-06 0.0197319 0.0460815 0.0018995 0 0.000644735 0.0029898 0.0210436 0.00445639 0 0.00334477 0.00389122 0.00545134 0.00378333 -0.0521903 0 0.0118795 0 0 0.00676293 -0.0244095 0.00860203 0.0142201 0 0 0.0189083 0.000988347 -0.00585155 0 0.0053895 0.00741334 0.00319972 0.00334485 0.0014042 0.00229839 0.00727374 -0.000747219 0 0.0202013 0.00329047 0.00884516 0.00616441 0.00809777 0.000380661 0.00410762 0 0 0 0 0.00163858 0.00116989 -0.000554116 0.00210641 0 -0.00655884 0.00449894 0.00747733 0 0.00386444 0.00263197 0 0.000844598 0 0.0199704 0.00097505 0 0.00359263 0.00123809 -0.00115473 0 0 0 0.00533614 0 0 0 0.00588449 0 0
2.98088e-06 2.43754e-06 0.0208241 0.0275348 0.011996 -0.00500454 0.000377017 0.00726827 0 0 0.00071785 0 0 0 0.0010952 0 0 0.0134888 -0.0239098 0 0.00388139 0 0 0.00587917 0.00275749 0.0427293 0.0659406 0.0023932 2.38396e-06 0 0.0188497 0.0740243 -0.00737627 0 0 5.6097e-07 0.0174923 0.00325595 0.0733815 0.0370361 0 -0.0429866 3.03892e-06 0 -0.0087373 0.0697734 0.0200315 0.0221958 0 0.00519942 0 0 2.95526e-06 0 -0.00961417 0 0.0194524 0 0.00818411 0.000719375 -0.00555732 -0.005216 0 0 0.00774325 -0.0141653 0 0.0138331 0 -0.0073813 0.0216306 0.00287109 0.0178895 0.00448166 0 2.86624e-06 0 -0.0163812 0 0 0.0214105 0.0575162 0.00206586 0.0103313 -0.0216729 3.62407e-06 0.0534089 -0.0105347 -0.0155696 0 0 0.00159556 0.0226455 0 0.00439358 0 0.0101055 0 -0.0116599 0 0 0.00178108 2.22465e-06 0.00388638 0 0.0331157 0.00371868 0.00964698 0.0207058 -0.00377613 0 0 0.000429314 0.00514991 0.00255658 0 0 0.0388199 -0.00504154 0 0 0 0.00427615 0 0 0.0305199 0.0166992 0 -0.00514675 0.00334549 0 0.000615761 0.0323617 0 0.00703156 -0.0223732 0 0.0139371 0 0 -0.0117553 0.0287788 0.00190629 0 0 0 -0.00589242 0 0 0 0 0 0 0 0 0 0.00110332 0.0296998 0.00497149 -0.0127241 2.40342e-06 0 0 -0.00243699 0 0 -0.00920847 0 -0.00997443 0 -0.00604052 0 0.00130485 0 0.0326555 0 0 0 0 0 0.0291516 0.00150411 0.00399123 0.00713998 -0.00782167 0.0124815 0 0.000364763 0.039831 0 -0.0029179 0.0111198 0 -0.0120254 -0.000999583 0 0 0.00181076 -0.00360873 0.00682231 0 0.00051385 0.00109285 -0.00333393 0 0.0204436 0 0.010644 0.0038303 -0.00785014 -0.00699559 0.00121817 0 -0.00439139 0 0
-0.0195194 0.00601844 0.0221377 0.0401421 0 0.0740992 -0.0425615 -0.0250695 0.0103638 0 -0.00604337 0.0051984 -0.0120106 0 -0.00947124 0.0203959 0.0134888 0 0.00946325 -0.00766989 -0.0338934 0 -0.0224361 0.0708036 -0.029756 0.0476504 0.00778088 0.0959387 0.00597339 3.95878e-07 0.0187287 0.0192336 -0.0157364 0.0254395 0.00744555 0 0.0231151 0.00303641 0.0449252 0.0165809 0 -0.00970779 0.0208314 0 -0.0256604 0.0179101 -0.00321523 0.0199188 0 0.0195958 -0.0143353 0.0048601 2.88673e-06 0.0121151 0.0155372 0.0055667 0.0492016 0.0015309 0.0145732 0 0 -0.00399929 0 0.00297316 0.0178568 0.0162256 -0.0214866 0.071606 0.00348118 0.0177621 0.00546185 -0.00310514 0.0140147 0.0113055 0 0.0130964 0.0013089 0.0070324 0 0 0.0122818 -0.0545073 0 0.0155951 0.00968141 -0.0101843 0.00565708 0.00785995 0.0049262 0 0.00643298 -0.0357268 0.0264846 0.000226226 0.00932406 0.0321448 0.00702521 0.0077771 0.00307538 0.0105514 0.0117082 0.00896701 0.00224953 0.0116645 0.000681298 0.0373821 0.0087437 0.0137337 0.00541273 0.00916129 -0.000106921 0.00148036 0.0343925 0.00662841 -0.0129492 0 -0.0122398 -0.00793511 0.00891352 0.00777202 0.00236894 0 -0.0310917 0.00173315 7.44067e-07 0.0121648 0.0137035 0.000521317 0.00380133 0.0168038 0.000733863 0.000392589 -0.0395821 0.00150064 -0.0202753 0.0224843 0 -0.0214301 0 0.0175191 -0.00204563 0.0222577 3.06189e-06 0.0109142 0.000134426 2.86724e-06 -0.00553804 1.58585e-06 0.00149618 0.0119633 0 0.00228759 0 0 0 0 0.046492 -0.00608168 0.0274279 0 0.00446392 0.00134537 0 -0.0324106 -0.0517831 0.00640263 -0.00159979 0.00109929 -0.00745979 0.00604524 -0.00421826 0.00306574 0.0112502 0 -0.0171759 0 0.00379465 0.000961364 0 0.0183261 -0.00393199 0.00329161 0.00019899 -0.00645718 0 0.00368923 0.00299885 0.0106632 -0.00531882 0 0 -0.0101843 0.0042425 0.00194648 0 0.00668515 0.0044036 2.6254e-06 0.000502623 0.00134291 0.000859401 6.57919e-05 0.000538271 0.00382578 0.000727374 -0.00652418 0 0 2.93479e-06 0.00328602 -0.00335106 0.000256489 0 0 0 0
-0.0147553 0 -0.00933413 -0.0227642 -0.00478207 0.00760439 -0.0483201 0.0267635 0.0185843 6.3015e-07 2.38439e-07 0 0 -0.0239274 0.00854 0.0120345 -0.0239098 0.00946325 0 -0.0520952 0.0181893 -0.0056848 -0.0213709 -0.00145704 -0.0322087 0.00156574 -0.0315768 0.0138543 -0.00652218 -0.0769223 0.0166493 -0.0108612 0.0439996 0.0534803 -0.00208775 -0.00363065 0.00774305 -0.035296 -0.00633036 -0.0111966 0.00413367 0.00771186 0.054956 0 -0.00501732 -0.0171063 -0.0187906 -0.00693583 0.00221438 0.0145113 0.0146142 -0.0245291 0.000527438 0.0770897 0.0265777 0.00934666 -0.00970644 0.000214986 0.00944372 -0.00899152 -0.0228471 0.0147144 0 0.00367603 0.0160329 0.0319698 0.0158819 0.0252201 0.00517693 -0.0124556 0.0076852 0.00201817 -0.00927845 0.000871956 0.00621181 0.0267074 0.00461013 0.0294479 0.00442793 0.0100714 -0.0149791 -0.0191824 0 -0.00618155 0.0415232 0.0209456 0 0.0290115 0.0197704 0 0.0164329 0.00433691 -0.00435825 0.00410086 0.00259799 0.0214001 -0.00692368 0.0399893 0.0151089 0.059617 0.0294036 -0.0204962 0.00158127 0.0455988 -0.00291105 -0.00570865 0.0101816 0.00248241 -0.0107054 0.0302089 0 0.00533521 0.019979 -0.00373915 -0.0102991 0.0109367 0.00265628 -0.0181062 0.0387753 0.0698375 0.0098445 0 0.0179528 0.0101451 -0.0100939 -0.007343 -0.0150666 0.0378647 0.0452738 0.0164569 0.0045083 0 -0.00964196 0.00830394 0.00615214 0 -0.047758 0 0.00671488 0.0683819 0.0397976 0.00287452 0.000695459 0.00743369 0 0.0114059 0 0.00358683 0.00477325 0.0515342 0.00411009 0.0329025 -0.0187381 0.0101398 0 -4.11142e-08 0.00667763 -0.036404 -0.008157 -0.00386035 0.00312887 -0.0027396 0.0002211 0.00112875 0.0154118 0.0331265 0.0131058 0.00623491 0.0167682 0.0185416 0.0152788 0.0633307 0.0125728 0.00568996 -0.00232149 0.00139587 0.0138346 0.0628549 0.00123769 0.0398626 -0.0251062 0.000120601 0 -0.0178324 0 0 0.00827697 0.0105911 -0.0198516 5.40337e-07 0 -0.00995109 0.0212016 0.0180257 0 0.011818 0.0084111 0.00273621 0.0164812 0 0.00577467 0 0 0.0144289 0.0101096 -0.00567819 0 0 0 0.00303171 0 0 0 -0.0195772 0 0.00273741
0.00362693 0.0638527 0.00359911 0 0.0211332 -0.00536371 0.0184188 0.00132206 -0.0475456 0.0749023 0.136906 0.0420218 0.0416134 0.0602711 -0.093466 0.101813 0 -0.00766989 -0.0520952 0 0 0.0213278 0.0535097 0.000537131 -0.0255183 0.0222274 0 0 0.0178452 0.031167 -0.0197118 1.7018e-06 -0.0198464 -0.0318728 -0.0361975 0.00841064 0.000934876 0.00113713 0.000956039 -0.00233858 0.024773 -0.00138244 -0.00724501 2.74226e-07 -0.00701517 0 1.98299e-06 0.00654242 0.0300723 -0.0416657 0.00495688 0.000236603 0.00545495 -0.0253338 0.0103193 7.55454e-05 0.0011042 0.0120521 0.0116256 0.0308181 0.0178725 0.0280362 0 0.000555032 -0.00856421 -0.00113092 0.0321835 -0.00918177 -0.0188766 0.00421065 0.0129871 0.00610674 0.00305964 0.000168936 0.0211098 -0.033527 0.0215606 0.00449905 0.0184666 0 0 -0.000446922 0.0176913 0.00546112 -0.000410323 -0.00871545 0 0.000632425 0.0006183 0.0426744 0 0.0631821 0.00335958 0.0139875 -0.0135461 0.00346773 0.0106435 0 0.00452972 0 0.00128856 0.00132671 0 -0.00915124 0.0419309 0 0.00219964 0.0524721 0.000812045 0.0256861 -0.00185878 0.0219784 -0.0207763 0 0 0.0004911 0.0288075 1.11047e-06 9.45746e-08 0.000680075 0.015072 0 0 0 0.029291 0.0109249 0 0 0 -0.00455846 0.0455442 -0.00260362 -0.00747911 0.000474913 -0.0163584 0 0 1.13963e-06 0.00180004 0.00213622 0.000796087 0.000592696 0.00163685 -0.00760332 0.022243 0 0 0.0654425 0 0.00301194 0.0380553 0 0.00143546 0.00258629 0 0 0.00401591 8.45095e-07 0.00191606 0.0508601 0 0.000582838 -0.0304439 0.00674555 0 3.64582e-07 0 0.0022969 0 0.00188603 0 0 0.00054729 0.0547684 0 0.000773766 0.0016361 0.00102488 0.00642935 0 1.19155e-06 0 0 0 0 0 0 0 0 0 0 -0.0116911 0 0.00172504 0 0.00146997 0 0 0.00393944 0 0.0131743 0.00021334 0 0 0 0 0 0 0 0.00584939 0 0 0 0.0012924 0 0
0.000984174 0.0018379 0.0167351 0.0127244 0 0.0244749 -0.00287353 0.0394056 0.00322421 0 -0.0506471 0.00432725 -0.0144502 -0.005683 0 -0.0256166 0.00388139 -0.0338934 0.0181893 0 0 0.00299955 0.00342498 0.0144523 0.050022 -0.047115 0.0109016 -0.00350248 0.00272021 0.00179674 0 0.0115521 0.0129671 -0.00222695 0.0103522 0.021069 0.0369362 0.00742359 -0.0496027 0.0114203 0 -0.00476722 0.0114071 0 0.0963785 -0.00322047 0.0126442 0.0108363 0.000211965 0.0357172 0.0129804 0.00298504 0.00568446 0.0162899 -0.0108995 0.00537895 0.0120511 0 -0.00399623 0 -0.0045364 0.00286142 0 0.00191444 0.054228 0.00852307 0.00386989 0.0144437 0.00199528 0.0129826 0 -0.0242265 0.00896375 0.014258 -0.00916397 0.0164936 0.00236218 -0.00479794 0.00113976 0 0.0431272 -0.00600249 0.00401531 0.0101178 -0.00914216 0.0496684 0.00245053 0.00953206 0.00401441 -0.00263266 0.00209545 0.0045519 0.00942937 0.00294108 0.0136559 0.0117576 -0.00285563 0.00676608 -0.00161305 0.00842261 -0.0113864 2.42801e-06 0 -0.000571693 0.00555586 0.0115652 0.0590212 -0.022456 0.0080345 0.00400166 0 0.00216861 0.0171297 0.0083957 0 0.00116836 0.00324697 -0.00147501 0.00395012 0.0163985 0.00218561 0 0.00708318 0.00064733 0 0.0104427 0.0105264 0.0028731 -0.000305031 0.0171035 0.00673541 0 0.0382124 0.00338184 0.0158507 -0.00329619 0.00115797 2.94331e-06 0.000355195 0.0125604 0.00635557 -0.0242328 0 0.0132546 0 0.0167407 0.00728307 0.00354419 0.00392954 0.0108873 0.00144755 0.00213049 0.000686872 0.00254113 0 0 0.00932253 -0.00465741 0.00899194 0.00473725 0.000393416 0.000269126 0 2.99426e-06 0.0183474 0.00450425 -0.001807 0.00531484 0.00199751 0.00460432 0.004632 0.00808981 0.0278264 0.00079991 0 0.00104401 0.00705073 0.00802891 0.000720104 0.00486591 -0.00124393 0 2.77944e-06 0.000794765 0 0.00235786 0.00412669 0.00580274 -0.0036278 0.00332183 0 -0.00229597 0.010143 -0.00360474 0 0.00342856 0.00406004 0.00712389 0.00333557 0.000209006 0.00140013 0 0 0.00358229 0.0241294 -0.00489188 0.0233198 0 2.74447e-06 -0.00333415 -3.00843e-06 -0.0283611 0 0 0 0
0.0288962 0.0647492 0 -0.0140758 0.0242308 -0.0040286 -0.0492712 0 0.0493328 0.0194826 -0.08717 0.0714424 0.108614 0.0136765 0.0658873 0.0546635 0 0 -0.0056848 0.0213278 0.00299955 0 -0.0187179 0 0.0101299 -0.0534828 0 -0.0507416 0.064483 -0.0285004 0.0278827 0 0.010649 0.00312281 0.0234006 0.0607444 0 1.79655e-06 -0.0154556 0.00766696 0 -1.54301e-06 0.00446755 0 0 0 0 -0.018596 0.00301452 0 0.00353448 0 -0.0093739 0 -0.0171094 0.000205714 0 0 -0.018583 0.0213606 0.0217212 0.0533161 0.0031904 0 0 0.0161043 0.0482451 0 -0.0209997 1.72148e-06 -0.0162853 0 -0.000672968 1.93025e-06 0 0.00903538 0 -0.00162339 0 0 0.0027526 -0.0133333 0.011259 0.00469423 0.000571194 0.00245784 1.28618e-07 0.00271283 -0.00487873 0.025094 0 0.00395948 -0.0056208 -0.0193433 0.00489981 0.00227465 0.0098096 0 7.41645e-05 0 0 0.0332606 0 -0.0314704 -0.011444 0 0.00429985 -0.0219775 0.000785155 0.0557181 -0.000399808 0.00972581 0.00500728 0 0 0.0366444 0.0020877 -0.0223588 -0.0154354 8.4192e-05 0.0331177 0 0 0.00111861 0 0 0.000477535 0 0.000358917 0.000914844 0.0402793 0 0.00869356 0.0162151 0.00546354 0 0.0220171 0 0.00146561 -0.0122918 0.00295327 0 0 0.00752855 -0.0194284 0.00391644 0 0 0.0206805 0.00191466 0.0384757 0.0114348 -0.00823525 0.00738921 0 0 0.0027851 0 0 0.0187955 0 -0.0056722 0.00205373 0 0.00809126 -0.0124272 0.000404582 0.0506299 0.00510662 0.0049534 0.0135809 0.00200431 0.00195491 0.00314872 0 0.016659 0 0.00993167 0.00168834 0.0011918 0 0 0 0.00837665 0 0 0 0 0 0.0181168 0 0 0.00112719 0.00197536 0 0 0 0 0.00352532 0 -0.00524498 0 0 0.00134587 0.00207101 0 0.00929969 0 0 0.00359809 0 0 0 0.0209634 0 0
