0 0.0512642 0.000180511 0.00308117 0.0472327 0.000576849 -0.0266382 0.00671561 0 0.0419536 0.0309235 0.0484622 0.030503 0.0215318 0.0223929 0.0323871 0 0 0 0.0259938 0.00129717 0.0203568 -0.00647273 0 0.00122877 0 0.000323384 0 0.0215667 -0.0293364 0.00669708 0.00677147 -0.000591338 0 0 0.0129819 0.000978801 0.00660428 0 0 0 -0.00666832 0 1.4973e-05 0.00496027 0 0.00464762 0 0.00943231 0.00865939 -0.00200966 -0.00735869 0.031971 0 0 0 0 0 0 0.0409778 0.0164935 0.0137149 0 -0.00433488 0.000990427 0 0.00296489 0.00562235 0.0172906 0 0 0 0 0 -0.000572895 0 -0.00160721 0 0 0 0.00378993 0.0010311 0.0489982 0.00236395 -0.000554053 0.000672142 0 0 0 0.0252252 0 0.011763 0 0.00930934 0.00102209 0 0.00386402 0 -0.00542911 -0.00100463 0 0.0150587 -0.00070072 0 0 0.00562324 0 0 0.00320038 0.00728144 -0.0107063 0.0190408 0.00329145 0.00887317 0.00595547 0 0.00375374 0.0234235 0 -0.00239736 0.00616553 0 0 -0.00714087 0 0 0 -0.000706729 0 0.00710708 0.0200947 0 0.00535238 0 0.00277389 -0.00305871 0 0 0 0 -0.000390939 0 0 0 0.0201402 0 -0.00294292 0 0 0 0 0 -0.0105876 6.21527e-05 0 -0.000299095 0 0.00184631 0.00296631 0 0 -0.0126075 0 0 0 0 -0.000205522 0.000246055 -0.00439393 -0.000273497 -0.0110547 0 0 -0.00147944 0 0 0 0 0.00260528 0 0.00861362 0 0 0 0 0 -0.000390416 7.63274e-05 0.00971196 0 -0.00248045 0 0 0 -0.000581025 0 0 0 0 0 0.00176835 0 0 0 0 0 0 0 0 0 -0.00070135 0 0 0 0 0
0.0512642 0 0.000272052 0.00505289 0.0414218 0 -0.0354243 0.000987885 0.0105938 0.0293029 0.0223298 0.0378533 0.0313267 0.0187101 0.00794751 0.03299 0 0.00402267 0 0.0224463 0 0.030657 -0.0112176 0 0 0 0 0 0.0233554 -0.0351634 0.00310296 7.04345e-05 0 0 0 0.0215445 0 0 0 0.000110351 0 -0.00205125 0 0 0.000684645 0 0 0 0.005876 0.00555106 0 0 0.000993787 0 0 0 0 0 0 0.0215008 0.0129469 0.0162898 0 -0.00491057 0 0 0.00203041 0.014691 0.0275359 0 0 0 0 0 0 0 -0.00111599 0 0 0 0.00650759 0 0.0255863 0.00321883 0 0.000604662 0 0 0 0.0176331 0 0.00112322 0 0.00856153 0 0 0.00791968 0 0 0 0 0.0054604 -0.00589745 0 0.00929216 0.00311747 0 0 0.00156097 0.0212209 0 0.00370731 0.0134564 0 0.00164807 0 0.0200582 0.00318324 0 0 0.00754406 0 0 0 0 0 0 0 0 0.000740235 0.0132958 0 0 0 0 0 0 0 0 0 0 0 0 0 0.00571183 0 -0.000157349 0 0.000548314 0 0.000368267 0.00108345 -0.0149136 0 0 0 0 0.00107396 0.000730732 0.000445557 0 -0.0128536 0 0 0 0 0 0.000360368 0 0 0 3.15651e-05 0 -0.000734924 0 0.00854744 0 0 0.00551729 0 0.000178474 0 0 0 0 0 0 0 0 0 -0.000171597 0 0 0 0 0 0 0 0 0 0.00445641 0 0 0 0 0 0 0 0 0 0 7.99071e-06 0 0 0 0
0.000180511 0.000272052 0 0.0285497 0.00117104 0.0482707 0 0.0459677 0 0 0.000465121 0 0 0 0 0.000627596 0.0188545 0.01267 0.000285955 0 0.0092875 0 0.000397181 0.00529182 0.0141134 0.00429978 0.00760928 0.00341609 0 0 0.00115615 0.020732 0 0.00821988 0 0 0.0100526 0.00949421 0.0103094 0.0153649 0 -0.0206925 0.0340307 -0.0203024 0.00811602 0.00478647 0.0182004 0.0137927 0 0.0105006 0.00037963 0 0.00220419 0.00245266 0 0 0.0110702 0 0.00377031 0 0 0 0 0 0.0171442 0.000193681 0 0.0287297 0 0.0223845 0.00925653 0.00193515 0.00830108 0.00821352 0 0.0164823 0 -0.0165963 0 0 0.0323923 0 0 0.0192598 0 0.00524725 0.00674079 0.00235277 -3.44666e-05 0 0 0.00390872 0.0147516 0 0.011309 0.00355201 0 0 0 0 0 0 0 0.00314956 0 0.0290141 0.00185403 0.00127384 0.0147492 0 0 0 0.0165796 0.0187044 0 0 0 0 0.00197923 0 0 -0.00020397 0.00936045 0 0 0.0071124 0.0258308 0 0 0.0144712 0 0 0.0258426 0 0.037123 -0.01053 0 0.00348497 0 0.00311647 0 0.00705534 0.000673888 0.00395874 0 0.00127847 -0.00870916 0 0 0.000994337 0 0 0 0 0 -0.00083495 0.0015181 0 0.00749395 0 0 0 0 0.00248554 0.00434756 0.00167755 -3.65224e-05 0 0 0 0 0.00278207 0.00615542 0 0 0 0.00404294 0.00431563 0 0 0 0.000235708 0.000121371 0 -0.00517688 0.00913937 0 0.0116443 0 0 -0.00170057 0 0 -3.5861e-05 -0.00571013 0.00016364 0.00245632 0.0107297 0 0 0 0 0.00227024 0 -1.1298e-05 0 0.00297373 0.00129584 0.000349201 0 -0.00574471 0.00088924 0 0 0 0
0.00308117 0.00505289 0.0285497 0 0.00851997 0.0280231 -0.00762972 0.0274093 -0.00841905 0 0.00318714 0 0 0.00144331 0 0.000841042 0.0213054 0.0173238 0 0 0.0198485 0 -1.55475e-05 0.0168325 0.00309927 0.043844 0.0172123 0.0276527 0 -0.00193285 0.0231239 0.0157321 -0.0108111 0.00501647 -1.93114e-05 0 0.0109525 0.0350354 0.0183023 0.0074313 0 -0.019104 0.0205035 -0.00236743 0.0230458 0.0113223 0.0584495 0.0235731 0 0.0228424 0 0 0.00339815 0.00750188 0 0.00525853 0.0122511 0 0.027195 0.000214988 0 0 0 0 0.0260706 0 0 0.0282596 0 0.0142132 0.0230825 0.00154892 0.0107752 0.0234534 0 0.00215187 0 -0.0132977 0 0 0.0241692 0.0111418 0.0047241 0.0251221 -2.97495e-05 0.0101422 0.0187781 0 -0.00304546 0 0 0.00343124 0.0223905 0 0.00635692 0.0107174 0 0 0 0 0 0.000118857 0.00119084 0.0145303 0 0.112289 0.0117074 0.00692989 0.026192 0.000229173 0 0 0.018588 0.0353346 0 0 0 0 0.00980117 0 0 -0.00249844 0.012532 -0.0120423 0 0.00959202 0.0292939 0 0 0.0215034 0 0.00388208 0.0122313 0 0.0135184 -0.0160113 0 0.00940106 0 0.00280658 0 0.00673841 0.00237863 0 0.00345035 0.000883597 -0.0160695 0 0 0.00254134 0 0 0 0 0 -0.0020552 0.000804607 0 0.0142165 0 0.0011046 -1.27026e-05 0 0.0028054 0.0106895 0.0133089 -0.00805491 0 -0.0117463 0 -0.01269 0.016488 0.0119764 -0.00139525 0 0 0.0114324 0.00113901 0 0 2.1314e-05 0.00202414 0.00349338 0 -0.00503261 0.0152723 0 0.0164638 0.00175212 -0.010465 -0.00568254 0 0 -0.0096317 -0.00505866 0 0.00833206 0.0146882 -0.010953 0.00121015 0 0.00246152 0.00873891 0 0.0020885 0 0 0.00720866 0.00339828 -0.00289472 -0.00600022 0.0138861 0 -1.00407e-05 0 0
0.0472327 0.0414218 0.00117104 0.00851997 0 0 -0.0110248 0.00977036 0 0.0481039 0.0193171 0.0383461 0.0318196 0.0286006 0.0264002 0.017156 0.00189789 0 -0.00221991 0.00987941 0.00057965 0.00480232 -0.00506142 0 0 0 0.00150501 0 0.0107841 -0.00986562 0.00672472 0.00802498 -0.00473027 0 -0.000648715 0.00917212 0.000875963 0.0120754 0.000179585 0 0 -0.0134171 0 0 0.00492643 0 0.0120377 0 0 0.00708492 -0.00198854 -0.000599106 0.0167855 -0.00104013 -0.00066689 0 0.000106496 0 0 0.024877 0.00383304 0.0100798 0 -0.00131786 0 -0.00233398 0.00411024 0.0120353 0.00605944 0 0.00130666 0 0 0 -7.01588e-05 0 -0.00228087 -0.00439266 0 0 0.0142474 0.00358772 0.0285713 0.0120239 -0.0129787 0 0 -0.00190148 -0.00553695 0.0125473 0 0 0 0.00693182 0 0 0 -0.0010126 -0.0104518 -0.00500181 -0.00102323 0.00382282 -0.00334954 0 0 0.00905668 0 0 0.00488197 0 -0.00154606 0.00268448 0 0.00778149 0.000100374 0 0 0.010876 0 -0.00139019 0 -0.000153236 0.00232357 -0.00796663 0 0 0.000665642 -0.00427573 -0.00125949 0.000374587 0.0135421 0 0.0046095 0 0.008274 -0.00202125 0 0 0 0 -0.0093742 0 0 -0.000522753 0.0164795 0 -0.00200331 0 0 0 0 0 -0.00443106 0 0 0 0 0.00328651 0.000550871 0 0 -0.0102508 0 0 0 0 -0.00758787 0 -0.0121648 -0.00178851 -0.0195744 0 0 -0.00728064 0 0 0 0 0.00374184 -0.00254551 0.00812993 0 0 0.000477355 0 0 0 0 0.00845542 0 -0.000205024 0 -5.47089e-05 -0.00913573 0 -0.000186348 0 0.000136301 -0.00704047 0 0 0 0 -0.00040942 0 0 0 0 0 -0.00380906 -0.000197739 0 0 0 0 0
0.000576849 0 0.0482707 0.0280231 0 0 8.77448e-05 0.0299501 0 0 0 0 0 -2.24147e-05 -0.000177166 0.00240878 0.00532051 0.0372399 0.0113118 0 0.0124619 0 0.00205463 0.0198054 0.0108119 0.00593923 0.00491425 0.00524787 0 0 0 0.0158816 0.00767554 0.0228013 0 0 0.0195526 0.021547 0.00643511 0.00688265 0 -0.00656866 0.0468185 0 0.022509 0.00440386 0.0149128 0.00860389 0 0.02829 0.00381779 0 0.000518398 0.0172729 0.00321826 0.000163914 0.0118353 0 0.00682506 0 -0.000358466 0.00220192 0 -6.96704e-06 0.0148293 0.0111718 0 0.0153609 0 0.0756395 0 0.000135712 0.013085 0.00654936 0 0.0171134 0 0.00231981 0 0 0.0191281 -0.00156206 0 0.0219183 0.00583146 0.00956198 0 0.00637388 -0.00575493 0 0 0.00254899 0.019367 0 0.00480332 0.0154675 -0.000441143 0.00409755 0.0118296 0.0107876 0.00575388 0 0 0.00671061 0 0.0262949 0.00998426 0.00319366 0.0118095 0.00225865 0 0 0.0105906 0.014127 -0.000420966 0 0 -0.00110566 0.00702851 0.00176481 0 -0.000416341 0.00218735 0.000935567 0.000260201 0.00934828 0.0188048 0.00320116 0.00308545 0.0363051 0.00226899 0 0.0232195 0 0.0363862 -0.00926718 0 3.43504e-05 0 0.0131623 0.00581607 0.0092327 0.00144091 0.00678796 0 0.00365716 -0.0048497 0.00206032 7.25133e-05 0.0190819 0 0.000305028 0.000292153 0.000985258 0 0 0.00373795 -0.00392209 0.00745068 0 0 0 0 0.000578135 0.0100374 0.0107224 -0.000345142 0 0.0035557 0.00491754 0.00235351 0.00708135 0.00449464 0 0 0 0.0196062 0.00978287 0 0.00437073 -0.00156325 0 0 -0.00084918 -0.00173009 0 0.000931153 0.0121935 -0.00119152 -0.00306164 -0.000586853 -0.00734853 0.00231928 0.00258765 -0.00307103 0.00936527 0.00962375 0.00139051 0.00376875 0 0 0 0 0.000565312 0.00360516 -0.00910485 0 1.40019e-05 0 1.08824e-05 -0.00158694 0.000403314 0 0 0 0
-0.0266382 -0.0354243 0 -0.00762972 -0.0110248 8.77448e-05 0 -0.0118198 0 -0.00339576 0 -0.0103717 -0.0102039 0 -0.0234742 -0.00474481 0 -0.0290906 -0.0257069 0.00290103 0 -0.0435987 0.284753 0 0.0204307 0 -0.00332523 -0.024292 -0.039717 0.207673 -0.0184963 -0.0179594 0.00838366 0.00928732 0 -0.0221139 -0.00284342 0.0032727 0 -0.0149088 0.0229333 -0.000480828 0.0059709 -0.0384177 0 0 0 0.000702333 0 -0.0206801 0.050437 0.0253725 -0.00985573 0.00451891 -0.00508211 0 0 0.0147238 0 -0.014609 -0.0213687 0 0 0.0633297 0 -0.00163032 0 0 -0.0228338 0.00238632 -0.00296265 0.00135686 0 0.0229957 0.0562114 0.00548118 0.0361019 0 0.0228515 0 -0.0140118 -0.0138297 -0.0188872 0.000259278 0.00754609 -0.0168588 -0.0014058 0.00667332 -0.0263389 -0.00895134 0 0.00340362 0 -1.28468e-05 0.000457489 0.00266196 -0.01535 0.0131085 0.0314111 -0.00289813 0.00557085 -0.010672 0 0 0 -0.00632318 0 0.0094404 0.00453319 -0.0293097 -0.000642183 0 -0.0338055 -1.15622e-05 -0.0334797 -0.0125241 0 -0.0159441 0 0.00666115 0 0 0.00939955 0.0167916 0.0485098 0 0 0.0145327 0.00386702 0.000284293 0 0 0.00986887 0 0.0022745 0 0 0 0 0.000667612 0.0114092 0.00909149 0.0103729 0.000989149 -0.00326809 0.000509278 0 0.066978 -0.0261831 0.000936142 0 -2.7813e-05 0.191547 -0.0189201 0 0 -0.00657986 -0.0148942 0 0.00161269 0 0.0543404 0 0.000169492 0.000397794 0.000683373 0.00558516 -0.00975493 0.0180287 0.00763819 0.000254463 -0.0340709 0.000165093 0.0338045 0 -0.00862111 0.00862609 0.00153963 -0.0167958 0.00651958 -0.0109345 0 0 -0.00530282 -0.00283164 0 0.0110847 0.00391956 -0.00411259 0 0 -0.0114643 -0.00149413 -0.0039269 0 0.00583612 0.00821833 0 0.00789005 0 0 0 0 0.000701884 -0.0265578 -0.00770429 -0.00977338 0 0 -0.00551554 0 -0.0228757 0 -0.0190907 0 0
0.00671561 0.000987885 0.0459677 0.0274093 0.00977036 0.0299501 -0.0118198 0 0 0 0.000216876 0.000394916 0 0.000258883 0.00704457 0.00307694 0.00723923 0.0100667 0.0035672 0 0.0182733 0 0 0.00672287 0.0192765 0.00528957 0.00838631 0.00558611 0.00300841 -0.0158142 0.0120431 0.0203473 -0.000329899 0.00807342 0 0 0.0234334 0.0117597 0.0025411 0.00652716 0 -0.0149104 0.031163 -0.00057731 0.0124463 0.00273502 0.0312874 0.00448461 0 0.0193573 0 0 0.017147 0.00597162 0 0 0.00954895 0 0.00149036 7.25526e-05 0 0.000228287 0 0 0.00761501 0.00181482 0 0.0267176 0 0.00642845 0.0175742 0 0.00659843 0.00641559 0 0.0116751 0 0 0 0 0.0296773 0 0.00167401 0.025735 0 0.0213452 0.00409777 0.00186655 0 0 0 0.00881815 0.00897488 0 0.0191411 0.00219925 0 0.0012289 0 0.0023857 0.00122934 0.00354285 0 0.00540227 0 0.0282498 0.00517546 0.00186651 0.0114336 0.000172809 -0.000796982 0 0.0164923 0.0142956 0 0 0 0 0.00478619 0 0 -0.00071295 0.010732 0 0 0.00289436 0.0170847 0 0 0.024905 0.00119912 0 0.0309411 0 0.0293251 -0.0111067 0 0.000449022 0 0.00651415 0.000211646 0.00392131 0 0.00351604 0.000792769 0.0072296 -0.00775716 0 0.00599852 0.0042589 0 0 0 0 0 -0.000420589 0.00132217 0 0.0178978 0 0 -2.01518e-05 0 0.000405293 0.0193755 0.00299236 0 0.000584153 0 0 0 0.0201963 0.0122091 -2.43993e-05 0 0 0.00163285 0.01008 0 0 0 0 0 0 -0.00217064 0.00166847 0 0.0204879 0 0 -0.0025241 0 0.0005278 0 -0.00755228 0 0.0027655 0.00938644 0 0 0 0 8.30974e-05 0.000299992 0.0052758 0 0.000787042 0.000257442 0 0 -0.00540071 0.00961478 0 0 0 0
0 0.0105938 0 -0.00841905 0 0 0 0 0 0.00397868 -0.00613138 0 0 0 0 0.00485582 0 0.000326604 0.00946091 0 0 0.00488299 0 0 0.000348857 0 0 0.00136472 0.0305944 -0.0170156 0 0 0.0198433 0.00322783 0.00315026 0 0 -0.00771738 0 0 0 0 0.00200432 -0.0956364 -0.0241143 0 -0.00483669 0 0 0.000199839 0.00598071 0.00440928 0 0.00434002 0.00354999 0.000982189 0 0 0 0 -0.000573221 0.00152426 -0.025021 -0.00755407 0 0.0112628 0.00106687 0 0.00834691 -1.93693e-05 -0.00109784 -0.000133772 0 0 0.000198577 0.000846567 0 0.0182941 0 0 0 -0.00171847 0 0 0.00798626 0 0 0.0109833 0.00752952 0.0086069 0.0052376 0 0 0.0184951 0 0.00922054 0.0162219 0.00335456 0.0123682 0.0132729 0.00413774 0 -0.00164307 0 0.00130649 -0.00168882 0.00144375 0 0 0.00734418 0 0 0.000324043 0 -5.94277e-05 0 0.00603863 -0.000437609 0 0.00337697 0 0 -0.011528 0.0105474 0 0 0 0.00192542 0.00941746 -2.7406e-05 0.000170959 0 -0.0127828 0 0 0 0 -0.00745762 0 0.000746261 0.0225443 0 0 0.0129576 0 0.000398543 0 0 0.000209316 0.00173822 0.000551248 0.00232133 -2.33381e-05 0.000495929 0 0 0.000319734 0 0 0.000385455 0 0 0 0 0 0.00068509 0.00868246 0.00830913 0.0145944 0.0040491 0.0246937 0.00110624 0 0.00215992 0 0 0.000465186 0.00332467 0.00618998 0.0102515 -0.000959479 -0.00100895 -0.00627426 -0.00186493 0 -7.72555e-05 0 0 -0.00159267 0.0220741 0 0 0.00301088 0.0247159 0 0.000612778 0.000614974 0 0.00633001 0 0 0 0 0.00112455 0 0 0 -0.00258947 -0.00736752 0.00928706 0 0 0 0.000615014 0 0
0.0419536 0.0293029 0 0 0.0481039 0 -0.00339576 0 0.00397868 0 0.0436415 0.0257092 0.031579 0.00658746 0.0134844 0.050422 0 0 0 0.0366104 0 0.0066743 -0.000250413 0 0 0 0 0 0.0199352 -0.0151269 0 0 0 0 0 0.00266962 0 0 0 0 0 0 0 0 0 0 0 0 0.00778256 0 0 0 0.00126611 0 0 0 0 0 0 0.0174284 0.0165388 0.0296564 0 -0.000927051 0 0 0.026967 0.000405333 0.00950525 0 0 0 0 0 0 0 0 0.00086439 0 0 0 0 0.0120601 0 0 0 0 0 0 0.0277678 0 0.0120573 0 0.0211771 0 0 0.0107221 0 0 0 0 0.00971931 -0.00771596 0 0.00179703 0 0 0 0 0.0111816 -0.0102877 0.00141183 0 0 4.89767e-05 0 0.0108301 0.0107642 0 0 0.0069984 0 0 0 0 0 0 0 0 0.000454683 0.018523 -0.00509417 0 0 0 0 0 -0.00190681 0 0 0 0 0 0 0.0119083 0 0 0 0 0 0.00654364 0 -0.00275507 0 0 0 0 0.000679189 0 0.012508 0 -0.00597791 0 0 0 0 0 0.00229246 0 0 0 0 0 0 0 0 0 0 0.00447697 0 0.00125462 0 0 0 0 0 0 0 0 0 0 0 0 0 0 0 0 0 0 0 0.00826923 0 -0.00036175 0 0 0 0 -0.00201936 0 0 0 0 0 0 0 0
0.0309235 0.0223298 0.000465121 0.00318714 0.0193171 0 0 0.000216876 -0.00613138 0.0436415 0 0.0222885 0.0439739 0.11209 0.00493271 0.0442352 0 0 -0.0080454 0.0516456 0.000160721 0 0 0 0 0.0167735 0.00121929 0 0.00727558 0 0 0.0078431 -0.00723091 0.000267736 0 0.018361 6.04546e-05 0.00694394 0 0 0.0424119 -0.0101913 0 0 0.0200787 0 0.00233668 0 0.0257799 0.00217405 0 -0.0040618 0.00215071 -0.00746589 0 0 0 0 0 0.0396964 0.00797195 0.030856 0 0 0.000980298 -1.23337e-05 0.0104867 0.000534951 0.00063292 0.00124831 0.0042862 0 0.000316251 0 0.0217919 0 0 0 0.0522649 0 0 0.00114403 0.0285084 0.00620529 -1.16772e-05 0.0137425 0 0 0 0.00285202 -0.00382606 0.0504202 2.28888e-05 0 0.00167804 0 0.000659239 0 0 0 0 0.0130762 -0.0110648 0 0 0.00229443 0 0.0114965 0.00372731 0.00342975 -0.0272566 0.00738511 0 0.00156491 0.00858543 4.65198e-05 0 0.0201668 0 0 0.000303162 -4.22145e-06 0 -0.0162654 0.04166 0 0 -0.000236369 0 0.00188091 0.0159414 -0.00583991 0.000429095 0 0.000762938 -0.0013515 0 0 0 0 -0.000775298 0 9.46889e-05 0 0.190243 0 -0.0017896 0.0412039 -0.0109128 -0.00669695 0 0 0 0 0 -0.000727467 0 0.00116565 0.000350989 0.0113941 -0.00484179 -0.00590786 0 0 0 -9.18165e-06 0 0.00886126 -0.0198769 -0.00219802 -0.0315254 -0.00768357 0.000412337 0 0 0 0 0 0 -0.00112665 0.00440956 0 0 0 -0.000813216 0 -0.00973488 0.000924643 0.00934513 0 -0.00551848 0 -0.00297873 0 -0.00196708 0 -6.89721e-06 0 0 0 0 0 0 0 0 0 0 0 0 0 -0.000232039 0 0 0 0 0
0.0484622 0.0378533 0 0 0.0383461 0 -0.0103717 0.000394916 0 0.0257092 0.0222885 0 0.039281 0.0270095 0.0206031 0.0329301 0 0 0 0.0235254 0 0.0292834 -0.00310802 0 0 0 0 0 0.0113306 -0.0104417 0 0 0 0 0 0.0415073 0.000760046 0 0 0 0 0 0 0 0 0 0 0 0.0050532 0.000335704 0 0 0.0135565 0 0 0 7.94231e-05 0 0 0.0224027 0.0147269 0.0113584 0 -0.00666928 0 0 0.0272587 0.000722589 0.00388434 0 0 0 0 0 0 0 0 0 0 0 0 0 0.010053 0 -0.000786744 0 0 0 0 0.00834788 0 0.000547716 0 0.0127619 0 0 0.00124536 0 -0.00990677 0 0 0.00367178 0 -0.00110301 0 0 0 0 0 0.00344643 0 0.00603979 1.06783e-05 0 0.00262184 0.00370315 0 0.0116315 -2.33485e-05 0 8.3556e-05 0 0 -0.00132153 0 0 0 0 0 0 0.0175835 0 0 0 0 0 0 0 0.00684502 0 0 0 0 0 0.0237896 0 0 0 0 0 0.00194217 0 -0.00394606 0 0 0 0 0.000226807 0 0.00138668 0 -0.00499611 0 0 0 -0.00474257 0 0.000639253 -0.000481913 -7.91591e-05 -0.000276086 0 0 -0.000114949 0 0 0 0 0.00642477 -4.97611e-06 0.000187098 0 0 0 0 0 0 0 0 0 0 0 0 0 0 -3.06758e-05 0 0 0 0 0 0 0 0 0 0 0 0 0 0 0 0 0 0 0 0
0.030503 0.0313267 0 0 0.0318196 0 -0.0102039 0 0 0.031579 0.0439739 0.039281 0 0.0205134 0.0108768 0.0283716 0 0 0 0.0248122 0 0.0349244 -0.00280975 0 0 0 0 0 0.0213094 -0.00489128 0 0 0 0 0 0.0128307 0 0 0 0 0 0 0 0 0 0 0 0 0.00217253 0 0 0 0.0177442 0 0 0 0 0 0 0.0228679 0.00822534 0.025011 0 -0.00442767 0 0 0.0246196 0 0.0123347 0 0 0 0 0 0 0 -0.000222283 8.1869e-06 0.00107308 0 0 0.000440484 0.0215445 0 0 0 0 0 0 0.0281936 0 0.00911201 0 0.0016588 0 0 0.00808457 0 0 0 0 0.0211884 -0.00506098 0 0.00295005 0 0 0 0 0.00749794 -0.000800451 0.0107839 0 0 0.00232871 0.00877809 0.0106796 0.0157175 0 0 0.000258927 0 0 0 0 0 0 0 0 0 0.027081 -0.000425682 0 0 0 0 0 0 0 0 0 0 0 0 0.0273906 0 0 0 0 0 0.0142172 0.00293151 -0.00315748 0 0 0 0 0.00202741 0 0.0265309 0 -0.00439983 0 0 0 0 0 0.0032392 0 0 0 0 0 0 0 0 0 0 0.00070089 0 0.013806 0 0 0 0 0 -0.0076506 0 0.00605627 0 0 0 0 0 0 0 0 0 0 0 0.000755671 0 -0.00065643 0 0 0 0 0 0 0 0 0 0 0 0 0
0.0215318 0.0187101 0 0.00144331 0.0286006 -2.24147e-05 0 0.000258883 0 0.00658746 0.11209 0.0270095 0.0205134 0 -0.0759863 0.0704948 0 0.000650673 0.00848364 0.0375431 0.00154382 0.00894018 0.00638498 0 0.00324551 0 0 0 0.00386261 0 0 0.000373357 0.00314961 0.00532998 0.000933634 0.0372016 0 0.003235 0 0.00152775 0.00659991 -0.0097347 0.00475717 1.46905e-05 0 0 0.00348611 0.00197332 0.040661 0.000704039 0 0 0.00443977 0 0.00608608 0 0 0.00967046 1.05837e-05 0.04337 0.0365777 0.046153 0 -0.000117334 0.000985029 -0.00953159 0.0136839 0.00228443 0.00646649 0 0 0 0 0.00022029 0.025656 0.0052053 0 0.00250789 0.0418461 0 0 0 0.0192076 0.000711034 0.00554761 0.00474584 0 0.00222554 0.00482098 0 0 0.0599488 0.00187587 0.000821096 0.00201071 0.00168004 0 0.00720609 0.00388111 0.000234472 0.00438206 0.00595414 -0.000304961 0 0.00275169 0.000685611 0 0.00355717 0.00248685 0.0170915 -0.00899233 0.0283933 0.00274269 0 0.0098588 0.028383 0 3.00497e-05 0 0 0.0227081 0 0 -3.58637e-05 0.0151454 0.000603687 0 0 0.000749761 0.00772489 0.0352891 0 0.00160581 0.00159107 0.0010642 -0.00151147 0 0 0 0.00222182 -0.00170111 0 0.00436127 0 0.0907869 0.00455499 0 0.0381028 0 0 0.0125317 0 0 0 0 0 0 0 0.00192114 0.0200345 0 0 0 0 0.000316575 0 0.00239101 0.0169254 0 0 -4.11529e-05 0 0 5.60837e-05 0 0 0 0.00010452 0 0 0 0 0 0 0 0 -0.0181243 0.00102541 0 0 -0.000380521 0 0 0.00285339 -1.75846e-05 0 0 0 0.00545171 0 0.00498637 0 0 0 0.00278269 0 0 0 0 0.00133693 0 0 0 0 0 0
0.0223929 0.00794751 0 0 0.0264002 -0.000177166 -0.0234742 0.00704457 0 0.0134844 0.00493271 0.0206031 0.0108768 -0.0759863 0 0 0 0 -0.0159774 -0.0162338 0 0 -0.0158269 0 0 0 0.000739742 0 0.0438423 -0.0367477 0.0104597 0 -0.00495117 -0.00416764 -0.00510412 0.022794 0 0.011068 0 0 -0.00813903 0 -0.00265985 0.0118064 0 0 0.000686543 0 -0.0118311 0 -0.0053874 -0.000177635 0.0205987 -0.00296193 -0.00203701 0 0 -0.0273335 0 0.000573819 0.0371804 0 0 -0.0133671 0 0.00264376 0 0 0.0194082 -0.00350732 0.0065691 0.000112437 0 -0.00164501 -0.0486624 -0.00270609 -0.00356028 0.0241267 -0.00652289 0 0.000824006 0.025707 0.0116941 0 -0.00721633 0 0 -0.00221648 -0.00172905 0.011018 -0.0122946 0 0 0 0 -0.00354208 0.0257982 -0.00386485 -0.00862662 -0.00624388 -0.00391498 0.011782 0 0 0 0 0 0 0 0 0 0 0 0 0.0495787 -1.88637e-05 0 0.0183546 0 -0.00757294 0 0 0 -0.00580805 -0.0180728 0 0 -0.0048536 -0.0062627 0 0 0 0 -8.25727e-05 0 -0.000312758 0 0 0 -0.000929159 -0.00869045 0 0 -0.000771588 0.00170054 -3.87445e-06 -0.00897173 -0.00282859 0 -0.00188774 0 0 -0.024188 0 0 0 0 0.0160636 0 0 0 -0.0336609 0 0 0 0 -0.00372984 0 -0.0166469 -0.00475314 -0.00463024 0 0 -0.00714966 0 0 -0.00337633 -0.00106978 0 -0.00398811 0.00572611 0.000237799 0.00142793 0.00143317 0 0 -0.000414181 0 0.00404892 -0.00318321 0 0.0113141 -0.00281114 -0.00304582 0 -0.00419047 -0.0010359 0 -0.00151165 0 0 0 0 -0.00419558 0 0.00291548 0 0 0 -0.00197248 -0.00235413 0 0.00615955 0 0 0
0.0323871 0.03299 0.000627596 0.000841042 0.017156 0.00240878 -0.00474481 0.00307694 0.00485582 0.050422 0.0442352 0.0329301 0.0283716 0.0704948 0 0 0 0.0226226 0.0172788 0.0305745 0.00107982 0.0242568 0 0 0.00114055 0 0 0.00136106 0.0516506 -0.0309234 0 0.000192932 0.00415942 0.0189332 0.00310525 0.0293705 0.000149604 0.000132197 0 0.00277468 0.00133952 -0.00369758 0.00331591 0.000441043 0 0 0 0.000472585 0.0136582 0.00149549 0 0 0.0155591 0.00555162 0.0144159 0 0.000258097 0 0 0.0149699 0.00937729 0.0642272 0 -0.0272632 0.00146986 0.0050561 0.024237 0.0117991 0.0381823 0 0 0 0 0.000276186 0 0.00364306 0 0.0121599 0.00387147 0 0 -0.000381712 0.00507426 0.00097339 0.00696011 0.00239306 0 0.00709618 0.0067413 0.0207887 0.000224001 0.0177548 0.00222273 0.0207983 0.000853399 0.00798204 0.00309894 0.0011442 0.00308236 0.00198898 0.00375152 0.00705746 0 0 0.0258357 0.00155607 0 0.000176023 0 0.0246445 -0.00454239 0.03575 0.0042275 0 0.00242362 0.00894806 0.0125829 0 0 -9.60913e-06 0.023167 -0.00142949 0 0.000117472 0 0 0 0 0.0033157 0.0105946 0.0398171 0 0 0.0089436 0.000847686 -0.00291755 0 0 0.00653593 0.00564365 0.00517969 0 0.000104071 0.000551517 0.0387115 0.000486118 -0.000888099 0.000249347 0.00107256 -1.73043e-05 0.010728 -2.91933e-05 -0.00711978 0.00256648 0 0 0.00651523 0 0.00342283 0.0180318 0 -0.00473047 0.00384167 0 0.000319692 0 0.00957453 0.0161396 -0.00108585 -0.00291915 -0.00393106 0.00116137 0.00210935 0 0 0 0.00130917 0.0018511 0.0132033 0.00339396 0 0 0 0 0 0 0 0.000877031 0 0 0 -0.00130738 0 0.0173216 -6.32798e-05 0 0 0 0.00737982 0 0.0033434 0 0 0 0.000317547 0 0 0 0 0.00302263 -0.000788349 0 0 0.00100528 0 0
0 0 0.0188545 0.0213054 0.00189789 0.00532051 0 0.00723923 0 0 0 0 0 0 0 0 0 0.00644922 -0.00270309 0 0.00299919 0 0 0.00477668 0.00190839 0.0124897 0.0376335 0.00185508 0 0 0.00260404 0.0359256 -0.00860176 0 -0.000575048 0.00582941 0.0162125 0.0057189 0.0302519 0.0185114 0 -0.027607 0.00170168 -0.0119536 0.00482406 0.0333799 0.0243966 0.0102646 0 0.00789067 0 0 0.000365478 0 -0.00358527 0 0.0278846 0 0.0120636 0 0.000252822 0 0 0 0.0153784 -0.0062226 0 0.0225831 0 0.00208484 0.0159675 0.00243516 0.0170128 0.00163038 0 0 0 -0.0176554 -0.000886912 0 0.0215934 0.00525654 0 0.0130783 -0.0109506 0 0.01241 -0.00216614 -0.0109908 0 0 0 0.00572109 0 0.00340861 0 0 -0.000194544 -0.00454714 -9.049e-05 -0.00067302 0 0 0.00165958 0 0.0270205 0 0.00359443 0.0171701 0 0 0 0.00159542 0.0161845 0 -0.000245538 0 0.000744381 0.00109379 -0.000290228 0 0 0.00302783 -0.0042069 0 0.0208867 0.0157744 -0.000402591 -0.000916844 0.00975578 0 0 0.00417352 0 0.0112625 -0.0208552 0 0.0171659 0 0 -0.0049239 0.0210732 0.000906123 0 0 0 -0.0137948 0 0 0 0 -0.000273895 0 0 0 -0.000209919 0 0.00111733 0.00215952 0 0 0 0 0.000804669 0.00101133 0 -0.0140174 0 -0.00435206 -0.000835272 -0.00352006 0 0.00198641 -0.00040643 0.0083688 0 0 0 0 -0.000777634 0.00660803 0.00342705 0.000826552 0.000540798 -0.0055869 0.00976758 0 0.00285889 0.00546844 0 -0.00168843 0 -0.000529679 -0.0168206 -0.009162 0 0 0.0038842 -0.00707911 0 0 0.00246406 0.00259066 0 0 0 0 0.0109257 0.00551857 -0.00186845 -0.00648535 0.0047256 0 -0.000394877 0 0
0 0.00402267 0.01267 0.0173238 0 0.0372399 -0.0290906 0.0100667 0.000326604 0 0 0 0 0.000650673 0 0.0226226 0.00644922 0 0.0109723 0 0.00667084 0.00121154 -3.21021e-05 0.0188788 -0.00223442 0.0365917 0.0072664 0.0496725 0.0133942 -0.0262238 0.0154884 0.0181126 0.0116054 0.0105635 0.00202514 0 0.0200051 0.00362325 0.0144232 0.0236332 0 -0.00817969 0.0139288 0.000472975 0.00845639 0.0170439 0.00455986 0.0103685 0 0.0295172 -4.02676e-05 4.58411e-05 0.000353568 0.0128178 0.00702938 0.000644782 0.0122134 0 0.0313679 0 0 0.00405941 0 0 0.0136846 0.0150609 0 0.0128085 0 0.0151909 0 0.0045756 0.0109382 0.00179084 -0.0106183 0.00813637 0 0.00813349 0 0 0.0130839 -0.000336231 0.000886256 0.00467979 0.00691519 0.0125261 0.00176782 0.0140357 0.00558399 0 0.000675217 0.0014076 0.0230004 0 0.00069792 0.0225607 0 0.00406851 0.00685342 0.00560312 0.0041978 0 0 0.0232274 0.00122804 0.0114536 0.000551301 0.0100388 0.00353126 0.0176861 0 0.0172201 0.0277395 0.00700816 0 0.000188511 0.00013588 -0.000819097 0.0232218 0.000174587 0 0 0 0.00101873 -2.85899e-05 0.00435603 0.0169345 0.00106229 0.00344996 0.0137876 0.000977566 0 0.00126036 -1.35451e-05 0.00830876 -0.00505313 0 0.00184963 0 0.00845164 0.0044705 0.0149091 0.000803891 0.00292364 0.000234632 4.28998e-05 -0.00723721 0 0 0.00810703 0 0.00164288 -0.00525678 0.00123631 0 0 0.0173838 -0.000717439 0.0127762 0 0 0 0 0.00341605 0.00468207 0.0162151 0.0148025 0.00028351 0.00165874 0.00260446 0.00605518 0.00580886 0.00303984 0 -0.00232926 0 0.00219985 0.00601937 0 0.00260066 -0.00141049 0.00278204 0.00124934 -0.000897901 -0.000787284 0 0 0.0113156 -0.000661889 0 -0.000360191 -0.00252816 0.000650366 0.00986877 -0.0018323 0.00204624 0.00154477 0 0.00448423 0 0 0.00201636 0 0.00104695 0.0003688 -0.00104946 0 0.00166184 0.000108876 0.0080545 -0.00486307 0.0122808 0 0.000159011 0 0
0 0 0.000285955 0 -0.00221991 0.0113118 -0.0257069 0.0035672 0.00946091 0 -0.0080454 0 0 0.00848364 -0.0159774 0.0172788 -0.00270309 0.0109723 0 -0.00155479 0.00511411 0.0112104 -0.0114756 0.00348588 0.00214358 0 -0.000325085 0.00863733 0.00499247 -4.52486e-05 0 0 0.0646527 0.0381961 0.0270017 -0.0032053 0 0 0 0.000629621 0.00223329 3.23411e-05 0.0182222 0.0034073 0.00221036 0 -0.0128743 0.000741722 0.00125553 0.00484488 0.0161738 0.00590293 0 0.0568193 0.0231514 0.0111226 0.000242998 0.00276423 0.00675108 0 -0.00589948 0.00960532 0.00160944 0 0.0082182 0.0242964 0.00419393 0.00488899 0.00146237 0.00693621 -0.00653559 0 1.89133e-05 0.00190672 -0.00431836 0.014353 -0.00131752 0.057444 0.00422643 0.000177595 0 -0.0130631 0 0 0.0615584 0.0136417 -0.00218073 0.0679026 0.0267206 -0.00382734 0.0125207 0.0054921 0.00513575 0.004377 0.000707899 0.0135429 -0.000876316 0.0244713 0.0164865 0.0434991 0.0310112 -0.00797232 0 0.00118731 0.0123109 0 0.013933 0.000479555 0 0.031395 0 0.00705155 0.0174995 0 -0.000510858 0.0121711 0.011243 -0.0247837 0.00394236 0.0358306 0.00436693 0 0 0.0177601 -0.010171 0 0 0.0170422 0.0221412 0.0117217 0.00803803 0 0 0.0257706 0.00345471 -8.38569e-05 0 -0.00571753 3.35853e-05 0.0251404 0.046277 0 0 0.0189705 0 0.0165478 2.77536e-05 -0.00844583 0.0131865 0.0261929 0.00142531 0.0203632 -0.0218094 0.0123923 0 0 0.00304858 -0.0191014 0.00192362 0.00500134 0 0.00208096 0.00511349 0 0.0116012 0.0114431 0.025539 0.00872635 0.035461 0.0180457 0.0261601 0.0399355 0.00346133 0.00724585 -0.00119929 0 0.0115708 0.0329757 0.00212388 0.0260828 -0.0205449 0 -0.00297236 -0.0174548 0 -0.00166692 0.00174467 0.00700596 -0.0165686 0 0 -0.0137618 0.0122513 0.026964 0 0.0112079 0.0108813 0 0.0367072 -0.000228594 0.00699662 0 -0.000481587 0.0127969 0.0247491 -0.0180882 0 -0.000968306 -0.00373704 0.0171961 0 0 -0.000288447 0.0040091 0 0
0.0259938 0.0224463 0 0 0.00987941 0 0.00290103 0 0 0.0366104 0.0516456 0.0235254 0.0248122 0.0375431 -0.0162338 0.0305745 0 0 -0.00155479 0 0 0.00166501 0.00122546 0 0 0 0 0 0 0 -0.0138036 0 0.00246317 0.00181883 0.00193464 0.00939387 0 1.39722e-06 0 0 0.00710079 -0.000350285 0.00220827 0 0.00227111 0 0 0 0.0653261 0 0 0 0 0 0.00304507 0.0145146 0 0.0120229 0 0.017236 0.0019708 0.0289302 0 0 0 0.00201299 0.00796861 8.67296e-05 0.00523749 0 0 0 0 0 0.0236207 0.00089435 0.00141392 0.00237773 0.0351904 0 0 0 0.0151189 0 0.0016135 0.000192235 0 0.0017792 0.00206713 0.00012193 0 0.0408671 0 0.0128531 0 0 0 0.000699138 0.00358004 0 0.00152439 0 -0.0078076 0 0.000322729 0 0 0.00424405 0 0.00572027 -0.00553682 0.0220068 0 0 0.000145729 0.0140583 0.0018293 0 0 0 0.011944 0 0 0 0.0191994 0 0 0 0.000148758 0 0.0226964 -0.00860487 0 0.000315853 0 0 0 0 0.0190519 1.72563e-05 0.00542515 0 0 0 0.0295329 0 0 0.0195394 0 0 0.00885944 0 0 0 0 0 0 0 0.000133488 0.0037139 0 0 -0.00176837 0 0 0 0.00511394 0 0 0.000251249 0 0 0 0.0122756 0 0 0 0 0.000944443 0.000465692 0 0 0 0 0 0 0 0.000289808 0 0 0 0 0 0.00363816 0 0 0 0 0.002252 0 0.00889769 0 -0.000785274 0 0 0 0 0 0 0.00113304 0 0 0 0 0 0
0.00129717 0 0.0092875 0.0198485 0.00057965 0.0124619 0 0.0182733 0 0 0.000160721 0 0 0.00154382 0 0.00107982 0.00299919 0.00667084 0.00511411 0 0 0 0.000693615 0.00431979 0.0173854 8.49829e-05 0.00303644 0.00402335 0 0 0 0.00409088 0.00312369 0.00992797 0.0023186 0 0.0140383 0.00818529 0.00347423 0.00747686 0 -0.0205893 0.0098669 0 0.0252817 0.00116406 0.0190395 0.00365265 0.000427466 0.0370991 0.00729261 0 0.00103631 0.018295 0.00182343 0 0.0116745 0 0.000836631 0.000673808 0 0.00435682 0 0 0.0319709 0.00266451 0 0.0169615 0 0.00507071 0 0 0.00645666 0.00719189 0 0.00922948 0 0.00459259 0.00156101 0 0.00994524 -0.000130875 0.00469264 0.0126299 0.00291046 0.0307119 0.00281145 0.00383879 0.00113501 0 0 0.00523753 0.0131559 0 0.0071631 0.00468727 0 0.00385281 0.00244902 0.00685908 0.00258047 0 0 0.000335521 0 0.01381 0.00633541 0.000271896 0.00382011 0.000757418 -3.68114e-05 0.00192553 0.0213091 0.0210898 0 0 0 0 0.0023103 0.00279046 5.02979e-05 0 0.00196897 0 0 0.0111784 0.00404399 0.0014501 0.00114096 0.0169677 0.0071443 0 0.0202978 0.000563474 0.0204994 -0.00515995 0 0 0 0.00966751 0.00659478 0.00270421 0 0.00877212 0.00120473 0.00855573 -0.00434443 0.000742843 0.00346849 0.00362529 0 0 0 0.000238741 0 0 0.00107859 2.93937e-05 0.0102124 0 0 0 0 0 0.0220814 0.00169494 0.00140237 0 0.000608686 0.00205116 0.000772115 0.0145883 0.0161047 0 0 0 0.00148945 0.00601122 0 0.00211357 7.93803e-06 0 0 0 -0.000149781 0 0 0.0183164 0 0 -0.000945902 -0.000453527 0.001624 0.00369876 -0.00488134 0.000901501 0.00439228 0 0.00229467 0 0 0 0 0.000663806 0.00662646 -0.000908735 0 0 0 0 -0.00186388 -0.00777655 0 0 0 0
0.0203568 0.030657 0 0 0.00480232 0 -0.0435987 0 0.00488299 0.0066743 0 0.0292834 0.0349244 0.00894018 0 0.0242568 0 0.00121154 0.0112104 0.00166501 0 0 -0.00992399 0 0.00122527 -0.0191242 0 0.000582349 0.0354648 -0.0350947 0 0 0.00467292 0.00766604 0.00497002 0.0472571 0 0 0 0.00157812 0 0 0.000520625 0.00730347 0 0 0 0 0 0 0 0 0.00206959 0.000982845 0.00383879 0.00365348 0 0 -1.05479e-05 0.00116117 0 0.0260322 0 -0.0339013 0 0.011611 0.0270449 0.00454262 0.0128386 0 -0.0141673 0 0 0 0 0.00386357 0 0.00992726 0 0 0 -7.98434e-05 0.0113381 0 0.00300559 0.000131126 0 0.00361385 0.00893447 0.00497424 0.000947481 0 0 0.000638672 0 0.000916436 0 0.00285424 0.00115012 0.00240009 0.00402696 0 0 -0.00856701 0.0184296 0 0 0 0 0.021198 0 0.000973677 0.00529011 0 0 0.00860185 0.0269559 0 0 0.0013798 0.00187103 0 -0.00419299 0.00122646 -0.000407161 0 0 0.000455578 0.00556747 0.000260571 0.0131161 0 0 0.0140399 0 0 0 -0.000284773 0.000366025 0.00236752 0.00964869 0 0 0.00301175 0.000754603 0.00271224 0 0 0.0129336 0.000183387 0.0094521 0.00512101 -0.0152552 0.0202145 0 0 0 0 0 0.0182836 0 -0.00509114 0.00163973 0 0.000602816 0 0.00773647 0.024562 0.00278749 0.000691405 0.00411939 0.00866713 0 0 0 0 0 0.00120373 0 0.00148114 0 0 0 0 0 0 0 0 0 0 0 0 0.000537808 0.0109742 0 0 0 0 0.0136276 0 0.00592104 0 0 0.000209476 0.00104393 0 0 0 0 0.00713261 0 0 0 0.00442207 0 0
-0.00647273 -0.0112176 0.000397181 -1.55475e-05 -0.00506142 0.00205463 0.284753 0 0 -0.000250413 0 -0.00310802 -0.00280975 0.00638498 -0.0158269 0 0 -3.21021e-05 -0.0114756 0.00122546 0.000693615 -0.00992399 0 0 0.0166335 0 0 0 -0.019847 0.16045 -0.0129405 0 0.00799448 0.00793007 0.00080564 -0.00853691 0 0.00149003 0 0 0.0139074 -0.0212341 0.00572678 -0.0181084 0 0 0 0.00343565 0 -2.36961e-05 0.0398288 0.00239199 -0.00259161 0.00667057 0.0029051 0 0 0.010251 0 -0.00373055 -0.020972 0 0 0.0226011 0.00117168 0.00437787 0 0 -0.00512951 0.00404533 -0.0022777 0.0155375 0.000980134 0.0247206 0.0199701 0.00834879 0.0231759 -0.0283661 0.0105203 0 -0.00221759 -0.0136216 -0.00606849 0.000416692 0.00614807 0 -8.2321e-05 0.0180559 -0.026619 -0.00471009 0 0.00603672 0.000321346 0 0.00236816 0.00325173 -0.0184343 0.00505723 0.0331912 0.00281048 0.00554903 -0.0132292 0 0 0 0 0 0.00741234 0.00242169 -3.59089e-05 -0.000353189 0 -0.0131305 0 -0.00976166 -2.601e-05 0 -0.0111505 7.60777e-05 0.00579865 0 0 0.0116344 0.0148557 0.026465 0.000196316 0 0.0100861 0.00430847 0.00186654 0 0 0.00435722 0 0.00475791 1.20427e-05 0 0.0113454 0 0.0015847 0.0100114 0.00648798 0.0224941 0.00135131 0 0.00124905 0 0.0537209 -0.0197509 0.0017675 0 0 0.142985 -0.00305314 0 0 0 -0.00867282 0 0.00130715 0 0.0355381 0 0.0128207 0.0014786 0.00157739 0.00592833 0 0.00819325 0.00644565 -0.00745117 -0.0243435 0.00281962 0.0103981 0 -0.00859864 0.0129249 0.00321308 -0.00153331 0.0132458 -0.00491096 0.00235842 0 -0.00394003 -0.00360565 0 0.00307871 0.00430777 -0.00336794 0 0 -0.00660269 -0.000397289 -0.0114685 -0.000321443 0.00409808 0.00519608 0 0.00527129 0 0 0.000538085 0 0.0019632 -0.0184207 -0.0027053 -0.0102839 0.00181792 0 -0.00850305 0 -0.0163714 0 -0.00852948 0 0
0 0 0.00529182 0.0168325 0 0.0198054 0 0.00672287 0 0 0 0 0 0 0 0 0.00477668 0.0188788 0.00348588 0 0.00431979 0 0 0 0 0.00996124 0.00433347 0.00227178 0 0 0 0.0146403 0 0.00754294 0 0 0.0155993 0.0015671 0.0174596 0.00518467 0 -0.00417013 0.00858612 0 0.0154068 0.0108903 0.00417504 0.0169582 0 0.0091737 0 0 0 0.0270569 0.00167261 0 0.0047266 0 0.00641523 0 0 0 0 0 0.00906802 0 0 0.0119352 0 0.00367831 0.00779927 0.00236753 0.0129688 0.000464545 0 0.00455509 0 0 0 0 0.0139305 0 0 0.0099771 0.00122326 0.00547695 0.00981432 0.000890502 0 0 0 0.000200086 0.0200513 0 0.000192785 0.00451147 0 0.000888728 0.000380224 0.000213231 0.00423538 0 0 0.0111513 0 0.00832441 0.00747357 0.0199573 0.0135171 0 0 0 0.0055711 0.00551944 0 0 0 0 0.0145889 0.000776194 0 0 0 0 0 0.0112278 0.014419 0 0 0.00765386 0 0 0.0037485 0 0.00703083 -0.00421014 0 0.000871502 0 0.0125611 0.000499812 0.0116512 0 0 0 0 -0.00618692 0 0 0.00755765 0 0 0 0 0 0 0.00142559 0 0.00983535 0 0 0 0 0.000149149 0.00809274 0.00377144 0 0 0 0.000173158 0 0.00125431 0.00202909 0 0 0 0.00480519 0 0 0.000418937 0 0.00170897 9.6859e-06 -0.000437445 -0.000398956 0.00219696 0 0.00703462 0 0 0 -0.000178843 0 0 -0.000471498 8.84978e-05 0.00238263 0 0 0 0 0 0 0 0.000529099 -0.00105226 0 0.000209546 2.06298e-05 0 -0.00317886 0.00202751 0 0 0 0
0.00122877 0 0.0141134 0.00309927 0 0.0108119 0.0204307 0.0192765 0.000348857 0 0 0 0 0.00324551 0 0.00114055 0.00190839 -0.00223442 0.00214358 0 0.0173854 0.00122527 0.0166335 0 0 -0.0181683 0 0.000538218 0.00260238 0.0174359 0 0.00248775 0.00832703 0.0404124 0.00263999 0 0.00149659 0.0435801 0 0.0041567 0.0117647 -0.0186744 0.0150478 -0.0193012 0.0113809 0 0.0352517 0.00217768 0.0132261 0.00461085 0.0113668 0 0.0204408 0.00508535 -0.00607914 0.0147938 0.00281642 0.000634173 0 0 0 0.00170694 0 0 0.0109054 0.00503473 0.00590435 0.0243325 0 0.00595234 -0.000892932 0 0.0030234 0.0310139 0.00631866 0.0394834 0.000453269 0.00233955 0.0017107 0 0.0176479 -0.00130035 0 0.0201768 0.000418504 0.0062706 0 0.0182421 -0.0207351 0 0 0.00638142 0.00351149 0.000590564 0.0637411 0.00300043 -0.002312 0.00362273 0.00326864 0.00315205 0.00773693 0.0131928 0 0 0 0.0109295 0.000261215 0 0.00999381 0.000890384 -0.0195225 0 0.0289794 0.0238432 -0.00630214 0.000598277 0 -6.91195e-05 0 0.00645798 0 -0.000106691 0.00083757 0.000823961 0.00726695 0.00222454 0.000511105 0.00464772 0.0004831 0.0220465 0.00299907 0 0.0452595 0.000915049 0.0324355 -0.0115627 0 0 0.000135164 0.00291337 0.00587917 0.00256712 0.00212347 0.0101039 0 0.0348703 -0.00799453 0.0171381 0.00713581 0.00159275 0 0.00135269 0.00690775 0.0111666 -0.00180234 -1.43403e-05 0 -0.000407427 0.00320612 0.00226829 0 0.00133582 0 0 0.0192646 0.000125795 0.000473376 0.0239597 0.00417806 0.00575963 0.00278019 0.0103818 0.0267637 0 0 0 0.00368882 0.0478934 0 0.00270569 -0.000439645 0 0 0 -0.00202009 0 0 0.0190359 0 0 -0.000918016 -0.000814491 0.00694558 -0.00945386 -0.00482469 0.00262245 0.00445292 0 0.00558012 0 0 0 0 0.00230236 0.000796869 -0.000432273 0 0 0 -0.0029028 -0.00339493 0 0 0 0 0
0 0 0.00429978 0.043844 0 0.00593923 0 0.00528957 0 0 0.0167735 0 0 0 0 0 0.0124897 0.0365917 0 0 8.49829e-05 -0.0191242 0 0.00996124 -0.0181683 0 0.0165522 0.0414761 0 0 0.0326499 0.0190989 -0.00624969 0 -0.0139698 -0.012354 0.00858463 0.0029362 0.0208428 0 0.00180186 -0.0109681 0.00290163 -0.000132395 0.00830307 0.0156602 0.00341543 0.0241002 0 0.0274523 0 0 0 0.0113942 0 0 0.00010194 0.00494458 0.0497653 0 0 0 0 0.02229 0.00274686 0 -0.00561833 0.00303565 0 0.00221224 0.108152 0.0030543 0.00949535 0.00274667 -0.00091621 -1.47122e-05 0 -0.000142585 0 0 0.00325626 0.000531659 0 0.000582333 -1.05854e-05 8.5806e-05 0.0212032 -0.003087 -0.000249103 0 0 0.021358 0.00718653 0 0 0.0131465 0 0 0 0 0 0 0 0.0440226 0 0.0224907 0 0.057246 0.000643167 0.00125378 0 0 0.000798907 0.00523272 0.000562061 -0.00150437 0 0 0.0244911 -0.000115489 0 -0.000135424 0.0152136 0 0 0.00339045 0.00512862 -0.00310375 0 0.00119535 0 0 0 0 0 -0.00520334 -0.0053017 0.00385425 0 0 -0.00367581 0.00950202 0.000677199 0 0.00218075 -0.0186567 -0.00663443 0 0 0 -0.00942145 0 0 -5.38183e-05 0 0 0 0 0.0159581 -0.00770882 0 0 0 0.00113299 0 0.0420222 -0.000130374 -0.00441088 -0.0181275 -0.000174931 -0.0188752 0 0 0 0 0 0 0 0 0 0 0.0038984 0.00530028 0 -0.0114314 0.0146857 0 0.0081831 0 0 -0.000375122 0 0 -0.00225337 -0.00161929 0 0.000671353 0.00220014 -0.00210126 0.000904629 0 0.00219806 0.000922326 0 0 0 0 0.00399883 0.00288985 0 -0.00266755 0.0135992 0 0 0 0
0.000323384 0 0.00760928 0.0172123 0.00150501 0.00491425 -0.00332523 0.00838631 0 0 0.00121929 0 0 0 0.000739742 0 0.0376335 0.0072664 -0.000325085 0 0.00303644 0 0 0.00433347 0 0.0165522 0 0 0 -0.00143695 0 0.0401389 -0.012074 0 -0.00233944 0 0.0301434 0.0037982 0.0324195 0.0129067 0 -0.0191797 0.00156944 -0.000388678 0.0117468 0.0306889 0.00855521 0.00660271 0 0.00365644 0 -0.000236575 0.000312968 0 -0.000768016 0 0.0252047 0 0.00653327 0 0 0 0 0 0.00932081 -0.00343802 0 0.014384 0 0.00320256 0.0264183 0.000397121 0.0236728 0 -0.00691769 0 -1.2873e-05 -0.0102601 0 0 0.0178823 0.00295377 0 0.00413824 -0.00633654 0.000348413 0.0144192 -0.00125428 -0.00317031 0 0 0 0.00735885 0 0.00169702 0 0 -0.000547138 -0.0035342 0 0 0 0 0.000162727 0 0.0166032 0.0051971 0.00183427 0.0115205 0 0 0 0.00138412 0.00788516 0 0 0 0.000980186 0 0 0 0 0.000127403 -0.00310594 0 0.0107511 0.00659137 -0.000659968 -8.78344e-05 0.00650147 0 0 0.00237826 0 0.0156522 -0.0100645 0 0.00932391 0 0 -0.0114633 0.0223872 0 0 0 0 -0.00782523 0 0 0 0 0 -0.000427258 0 0 -3.49743e-05 0 0 0.00946628 0 0 -0.0045442 0 0.000152881 8.5907e-05 0 -0.00965506 0 -0.00370248 -0.000591473 -0.00412155 0 0.00108093 -0.00348354 0.00703347 0 0 0 0 -0.000824267 0.00468641 0.00206079 0.00143454 0 -0.0015488 0.0037353 0 0.000190007 0.00344423 0 -0.00120132 0 0 -0.00764991 -0.00302233 0 0 0.00159981 -0.00235846 0 0 0.00180009 0.00143278 0 0 0 0 0.00329978 0.00308695 -0.00076993 -0.00328735 0.0132997 0 0 0 0
