0.867872 -0.0361737 0.0489162 -0.089939 -0.0470439 0.0229218 0.00741743 -0.010246 0.0452491 -0.0907295 0.153366 -0.052292 -0.0143426 0.0227726 0.00424949 0.0439802 2.25723e-07 0.0438443 -2.79077e-06 1.34827e-06 -0.013504 -0.0225441
-0.0361737 0.948466 -0.0225111 -0.00418166 0.261429 -0.0423474 0.104982 0.0162142 0.0399862 0.0508623 0.0463064 0.0430559 0.0284167 -0.0420661 -0.0801413 0.0642161 -1.02786e-06 0.105373 3.53452e-07 2.13576e-06 0.15808 0.0771738
0.0489162 -0.0225111 0.665082 -0.0125255 -0.0252417 0.0120764 0.00797636 0.00733285 0.00188034 0.0755277 0.0535142 -0.0248021 0.0482777 0.0119989 -0.00482663 0.0318431 -1.4425e-06 0.0141881 5.88465e-07 1.14841e-06 0.00600713 0.061099
-0.089939 -0.00418166 -0.0125255 0.437185 0.0155386 0.0316676 -0.0418469 0.0108552 0.0739145 0.00382315 -0.0416267 0.0564069 -0.0533402 0.0314629 0.162291 -0.0550675 1.3287e-06 -0.0693565 -2.97817e-07 -5.03449e-07 0.0738943 0.000586449
-0.0470439 0.261429 -0.0252417 0.0155386 0.727511 -0.0448627 0.0922242 -0.0339618 0.140997 0.0785655 0.0904263 -0.00282759 0.022917 -0.0445683 -0.0519169 0.0682169 -1.54285e-06 0.156802 -1.04303e-06 3.7662e-07 0.232842 0.0397752
0.0229218 -0.0423474 0.0120764 0.0316676 -0.0448627 0.296591 0.000442154 0.127794 0.0111902 -0.0632825 -0.034636 0.0745338 -0.0285055 0.294651 0.107386 -0.0354206 4.25909e-07 -0.00938433 9.88478e-07 -1.79987e-06 -0.0736748 0.0575277
0.00741743 0.104982 0.00797636 -0.0418469 0.0922242 0.000442154 0.265105 0.042366 0.00569568 0.0184109 0.0974692 -0.0296956 0.0384072 0.000437786 -0.122166 0.0208594 7.79674e-08 0.13081 -2.88611e-08 -2.21837e-07 0.0255099 0.0501872
-0.010246 0.0162142 0.00733285 0.0108552 -0.0339618 0.127794 0.042366 0.363638 -0.0128739 -0.00201691 0.0275816 0.121238 0.00162058 0.126957 0.0171143 0.0110277 -1.52767e-06 0.0355569 5.29854e-07 -6.63413e-07 -0.0347627 0.164926
0.0452491 0.0399862 0.00188034 0.0739145 0.140997 0.0111902 0.00569568 -0.0128739 0.733738 -0.19249 0.0605076 -0.0122348 -0.0293405 0.0111189 0.0287427 0.0221625 3.1501e-07 0.0211832 2.33966e-06 2.58844e-07 0.146895 0.0442196
-0.0907295 0.0508623 0.0755277 0.00382315 0.0785655 -0.0632825 0.0184109 -0.00201691 -0.19249 0.816799 0.0399719 0.026026 0.108423 -0.0628708 -0.024341 0.0577507 -2.20436e-07 0.0317229 -1.34922e-06 1.8764e-06 0.0751318 0.0476743
0.153366 0.0463064 0.0535142 -0.0416267 0.0904263 -0.034636 0.0974692 0.0275816 0.0605076 0.0399719 0.61431 0.00937468 0.0496364 -0.0344096 -0.0520051 0.0481566 1.45289e-06 0.121262 1.46037e-07 -1.76396e-06 0.0979696 0.0635077
-0.052292 0.0430559 -0.0248021 0.0564069 -0.00282759 0.0745338 -0.0296956 0.121238 -0.0122348 0.026026 0.00937468 0.408811 -0.00880016 0.0740472 0.0888419 -0.0118791 1.2551e-06 -0.0369962 2.20725e-06 -2.18956e-06 0.0228111 0.0788548
-0.0143426 0.0284167 0.0482777 -0.0533402 0.022917 -0.0285055 0.0384072 0.00162058 -0.0293405 0.108423 0.0496364 -0.00880016 0.718497 -0.0283187 -0.084285 0.0555432 -5.1336e-09 0.062865 1.9047e-07 -2.17643e-06 -0.0319605 0.00021894
0.0227726 -0.0420661 0.0119989 0.0314629 -0.0445683 0.294651 0.000437786 0.126957 0.0111189 -0.0628708 -0.0344096 0.0740472 -0.0283187 0.292724 0.106686 -0.0351894 4.22971e-07 -0.00932386 9.82011e-07 -1.78818e-06 -0.0731944 0.057153
0.00424949 -0.0801413 -0.00482663 0.162291 -0.0519169 0.107386 -0.122166 0.0171143 0.0287427 -0.024341 -0.0520051 0.0888419 -0.084285 0.106686 0.690214 -0.0773321 9.48351e-07 -0.10521 -1.23354e-06 -1.75167e-06 0.0524197 -0.046665
0.0439802 0.0642161 0.0318431 -0.0550675 0.0682169 -0.0354206 0.0208594 0.0110277 0.0221625 0.0577507 0.0481566 -0.0118791 0.0555432 -0.0351894 -0.0773321 0.508038 -2.07156e-06 0.0624741 -2.15477e-07 -1.42297e-07 0.0168693 0.0362325
2.25723e-07 -1.02786e-06 -1.4425e-06 1.3287e-06 -1.54285e-06 4.25909e-07 7.79674e-08 -1.52767e-06 3.1501e-07 -2.20436e-07 1.45289e-06 1.2551e-06 -5.1336e-09 4.22971e-07 9.48351e-07 -2.07156e-06 3.44781e-09 -1.0883e-07 -3.50203e-11 4.91602e-11 3.22931e-08 -1.97912e-06
0.0438443 0.105373 0.0141881 -0.0693565 0.156802 -0.00938433 0.13081 0.0355569 0.0211832 0.0317229 0.121262 -0.0369962 0.062865 -0.00932386 -0.10521 0.0624741 -1.0883e-07 0.324349 -4.04743e-07 1.11603e-08 0.0798024 0.0381535
-2.79077e-06 3.53452e-07 5.88465e-07 -2.97817e-07 -1.04303e-06 9.88478e-07 -2.88611e-08 5.29854e-07 2.33966e-06 -1.34922e-06 1.46037e-07 2.20725e-06 1.9047e-07 9.82011e-07 -1.23354e-06 -2.15477e-07 -3.50203e-11 -4.04743e-07 3.23405e-09 -1.128e-10 7.72259e-07 3.60613e-07
1.34827e-06 2.13576e-06 1.14841e-06 -5.03449e-07 3.7662e-07 -1.79987e-06 -2.21837e-07 -6.63413e-07 2.58844e-07 1.8764e-06 -1.76396e-06 -2.18956e-06 -2.17643e-06 -1.78818e-06 -1.75167e-06 -1.42297e-07 4.91602e-11 1.11603e-08 -1.128e-10 3.18593e-09 2.8506e-07 3.41543e-07
-0.013504 0.15808 0.00600713 0.0738943 0.232842 -0.0736748 0.0255099 -0.0347627 0.146895 0.0751318 0.0979696 0.0228111 -0.0319605 -0.0731944 0.0524197 0.0168693 3.22931e-08 0.0798024 7.72259e-07 2.8506e-07 0.752857 0.0285946
-0.0225441 0.0771738 0.061099 0.000586449 0.0397752 0.0575277 0.0501872 0.164926 0.0442196 0.0476743 0.0635077 0.0788548 0.00021894 0.057153 -0.046665 0.0362325 -1.97912e-06 0.0381535 3.60613e-07 3.41543e-07 0.0285946 0.588482