0.925564 -0.0451992 0 -0.00180081 -0.0434799 0 0.0180096 -0.00346722 0 -0.0325252 -0.0260143 -0.0372833 -0.0223095 -0.019853 -0.0149358 -0.0273936 0 0 0.000508169 -0.019499 -0.00375454 -0.0118191 0.0070076 0 0 0 0 0 -0.0179754 0.0229705 -0.00277108 -0.0035397 0.000843429 0 0 -0.00603188 0 -0.00812597 0 0 0 0.00826111 0 -0.00121755 -0.00508271 0 -0.00187159 0 -0.00694567 -0.00651345 0.00572971 0.00279152 -0.0248927 0 0 0 0 0 0 -0.0347971 -0.0100041 -0.0114156 0 0.00241056 -3.27034e-05 0 0 -0.00115838 -0.0115604 0 0 0 0 0 0.000740382 0 0.0019854 0 0 0 -0.000860163 -0.00108874 -0.0408683 -0.00058599 0.0011124 0 0 0 0 -0.0152268 0 -0.0120081 0 -0.00171498 -0.00069237 0 -0.00286551 0 0.00189262 0.00116028 0 -0.00769239 4.90369e-06 0 0 -0.00313458 0 0 -0.00010197 -0.00426629 0.0136683 -0.0212929 -0.00101096 -0.00646069 -0.0054427 0 0 -0.0127031 0 0.00275247 -0.00597976 0 0 0.0120185 0.000199331 0 0 0.000679246 0.000187638 -0.00475416 -0.0192874 0 -0.000466192 0 -0.000931785 0.00796141 0 0 0 0 0.000854003 0 0 0 -0.0172982 0 0.00414073 0 0 0 0 0 0.0155223 0 0 0.0017603 0 -0.00225178 -0.00124399 0 0 0.015704 0 0 0 0 0.000478551 0 0.0039762 0.00110522 0.00952664 0 -6.37593e-05 0.00106896 0 0 0 0 -0.000447639 0.000355965 -0.00369656 0 0 0 0 0 0.00107832 -0.000540849 -0.00577318 0 0.00589821 0 0.000558729 0 0.0037624 7.70779e-06 0 0 0 0 -0.00231462 0 0 0 0 0 0 0 0 0 0.00264441 0 0 0 0 0
-0.0451992 0.915645 0 -0.00295261 -0.0355274 0 0.0238642 0 -0.00777974 -0.0253577 -0.0171559 -0.0263401 -0.0222974 -0.00946707 -0.00815122 -0.0254153 0 -0.00273336 0 -0.0160931 0 -0.0182708 0.012375 0 0 0 0 0 -0.0170762 0.0259707 -0.00585616 0 0 0 0 -0.014074 0 0 0 0 0 0.00646944 0 -0.00011884 0 0 0 0 -0.000104121 -0.00713058 0.000231879 0 -0.00136064 0 0 0 0 0 0 -0.0130837 -0.00572976 -0.0103365 0 0.00492283 0 0 0 -0.0113137 -0.0222767 0 0 0 0 0 3.34405e-05 0 0.00103939 0 0 0 -0.000997827 -6.36607e-05 -0.0217401 -7.24802e-05 0 0 0 0 0 -0.011817 0 -4.89987e-05 0 -0.000171594 0 0 -0.00550948 0 0.000356709 0 0 -0.00159501 0.00525664 0 -0.000338217 -0.0060622 0 0 0 -0.0122301 0.00164041 -0.00524564 -0.00646168 0 -0.00351241 0 -0.00919493 -0.00213504 0 0.00197707 -0.00363628 0 0 0.00408492 0 0 0 0.000386371 0 0 -0.00744358 0 0 0 0 0.00165385 0 0 0 0 0 0 0 0 -0.00519426 0 0.00208385 0.000320088 0 0 0 0 0.0176811 0 0 0.00167174 0 -0.00205566 0 0 0 0.0136096 0 0 0 0 0 0 0.00119683 0 0.00250777 0 0 0.00143655 0 -0.00596833 0 0 -0.00133579 0 -0.000951083 0 0 0 0 0 0.000709868 0 -0.000306849 0 0.00416612 0 0 0 0.00065923 0 0 0 0 0 -0.00382147 0 0 0.000327911 0 0 0 0 0 0 0.000465065 0 0 0 0 0
0 0 0.939775 -0.0238003 0 -0.0334781 0 -0.0362632 0 0 0 0 0 0 0 0 -0.0183576 -0.00986561 0 0 -0.00485407 0 0 -0.00317179 -0.0143583 -0.00246588 -0.0100176 -0.00225325 0 0 -0.000147839 -0.0205519 0 -0.0050809 0 0 -0.00491731 -0.00708088 -0.00791773 -0.0141193 0 0.0225511 -0.0196067 0.0146826 -0.00721306 -0.00390844 -0.0283087 -0.00696923 0 -0.0140906 0 0 -0.000986942 -0.00173363 0 0 -0.0153825 0 -0.00230321 0 0 0 0 0 -0.0106915 0 0 -0.0272903 0 -0.02262 -0.00285674 -0.00338696 -0.00728148 -0.00647073 0 -0.00610738 0 0.00921996 0 0 -0.0268333 0 0 -0.0170543 0 -0.00230748 -0.00526203 0 0.00485115 0 0 -0.000331848 -0.0123191 0 -0.0164411 -0.00253112 0 0 0 0 0 0 0 -0.00294594 0 -0.0263154 -0.000153579 -0.000649412 -0.0121168 0 0 0 -0.00868402 -0.0117613 0 0 0 0 -0.00336069 0 0 -3.39617e-06 -0.00337728 8.27712e-05 0 -0.00796654 -0.0173329 0 0 -0.0185337 0 -0.0009519 -0.0173414 0 -0.0313612 0.0107179 0 -0.00385032 0 -0.00103407 0 -0.00429968 -0.00219063 -0.00213582 0 -0.000404576 0.00952826 0 0 -0.000100706 0 0 0 0 0 0.0018593 0 0 -0.0028251 0 0 0 0 -0.00354608 -0.00380645 -0.00214396 0.00500051 0 0 0 0 -0.000608429 -0.00410578 0 0 0 -0.00261418 -0.00244966 0 0 0 -0.0019349 -0.00179454 0 0.00353615 -0.00565079 0 -0.0110591 0 0.00061863 0.00177669 0 0 0.00487762 0.00587711 0 -0.000764537 -0.00724512 0 0 0 -0.00109545 -0.00468625 0 0 0 -0.00159113 -0.00252179 -0.0019868 0 0.00715279 -0.000923143 -0.000371143 0 0 0
-0.00180081 -0.00295261 -0.0238003 0.912768 -0.0106449 -0.0200356 0.0106619 -0.0178126 0.0071285 0 -0.00282398 0 0 0 0 0 -0.0243171 -0.0220691 0 0 -0.0187305 0 0.00354881 -0.0104278 -0.00377098 -0.0359964 -0.0186659 -0.0181488 0 0.00336205 -0.0237132 -0.0240446 0.00558558 -0.00576472 0.000672699 0 -0.0113111 -0.0276843 -0.00845646 -0.0103835 0 0.0128515 -0.0223329 0.000100659 -0.0256381 -0.00603519 -0.0615542 -0.0196342 0 -0.0295152 0 0 -0.0031677 -0.0107516 0 0 -0.00928905 0 -0.0230399 -0.000138565 -0.000454611 0 0 0 -0.0300234 0 0 -0.0252391 0 -0.0220896 -0.0185248 -0.000730276 -0.00786482 -0.0114123 0 -0.000813125 0 0.00618247 0 0.000309517 -0.0148722 -0.00729178 -0.00289673 -0.0193854 0.00240823 -0.00782972 -0.0201987 0 0.00472864 0 0 -0.00194455 -0.01885 0 -0.00501454 -0.00628687 0 0 0 0 0 -0.000237259 -0.000437257 -0.014052 0 -0.0874818 -0.0108251 -0.00813504 -0.0244574 0 0 0 -0.0190918 -0.0280494 -0.000512526 0 0 -2.91554e-05 -0.0111067 0.000543579 0 0.00273196 -0.00793681 0.00598448 0 -0.0115964 -0.0218733 0 0 -0.0159915 0 -0.00401911 -0.0101144 0 -0.0231149 0.0101519 0 -0.00790355 0 -0.00208791 0.000997964 -0.00672746 -0.00368043 0 -0.0029203 -1.71619e-05 0.021212 0 0 -0.000400435 0 0 2.59028e-06 0 0 0.00341303 0 0 -0.0192695 0 -0.000575353 0.00111513 0 -0.0063281 -0.0100673 -0.0133087 0.00517203 0 0.0158426 0 0.01143 -0.0142545 -0.00699749 0.00153212 0 0 -0.0120517 -0.000360001 0 1.15326e-05 -0.00156644 -0.00379184 -0.00550505 0 0.00299289 -0.0148849 0 -0.0119 -0.00334173 0.0120933 0.00607914 0 0 0.0132432 0.00552758 0 -0.00699823 -0.018435 0.00270743 -0.000222858 0 -0.00552251 -0.00580389 0 -0.000981902 0 0 -0.00741005 -0.00462093 0.000883641 0.0128216 -0.0138962 -0.00066111 0 0 0
-0.0434799 -0.0355274 0 -0.0106449 0.941986 0 0.0150351 -0.00841206 0 -0.0327105 -0.0137916 -0.0293228 -0.022447 -0.0217094 -0.0115201 -0.00972825 -0.00215613 0 0.00908833 -0.00658358 0 -0.00081546 0.0056852 0 0 0 -0.000505049 0 -0.00814491 0.00656185 -0.0049659 -0.00491287 0.0048897 0 0.00126726 -0.00209481 -2.68673e-05 -0.00661433 -0.000377739 0 0 0.0185619 0 0 -0.0013329 0 -0.00603095 0 0 -0.00499144 0.0022923 -6.2094e-06 -0.01106 0.00167194 0.000944553 0 0 0 0 -0.0194838 -0.0033352 -1.79427e-05 0 0.000697188 0 0.00289144 0 -0.00613466 -0.00202019 0 -0.00104593 0 0 0 0.00052397 0.000286622 0.00156352 0.00314664 0 0 -0.00616283 -0.00221531 -0.023724 -0.00729551 0.00932579 0 -0.000104659 0.00273126 0.00410012 -0.00814682 0.000219555 0 0 0 0 0 0 0.00111887 0.00862791 0.00384061 0.00237063 -0.00234487 0.00595325 0 0 -0.00761058 0 0 -0.00140225 0 0.00452334 -0.00448781 0 -0.00489125 2.35161e-07 0 0 -0.00401993 0 0.00292164 0 6.26996e-05 -0.00102372 0.00584696 0 0 -0.000190073 0.00324137 0.00159364 0 -0.00800581 0 -0.000628642 0 -0.00315258 0.00327961 0 0 0 0 0.00996504 0 0 0.000303762 -0.0112124 0 0.00486256 0 0 0 0 0 0.00437964 0 0 0 0 -0.00192041 0 0 0 0.00947 0 0 0 0 0.00954936 0 0.0159676 0.00268428 0.0223105 0 0 0.00690859 0 0 -1.84807e-05 0 -0.000219944 0.00553181 -0.00424392 0 0 -0.000910661 7.5519e-05 0 0.00153358 0 -0.00561966 0 0.000985872 -9.674e-05 0.000354954 0.00592692 0.000221323 0.000732471 0 0 0.00323179 0 0 0 0 0.000664029 0 -0.000256769 0 0 0 0.00245905 0.0022576 0 0 0 0 0
0 0 -0.0334781 -0.0200356 0 0.924716 0 -0.0248385 0 0 0 0 0 0 0.000383089 -0.000523704 -0.00475399 -0.0332203 -0.00928802 0 -0.0111517 0 -0.00110669 -0.0173006 -0.00464646 -0.00440636 -0.00410217 -0.00554865 0 0 0 -0.00968201 -0.00863287 -0.0181159 0 0 -0.0115099 -0.0258891 -0.0123425 -0.0100888 0 0.00542992 -0.0379453 0 -0.0190241 -0.00297775 -0.0174874 -0.00664182 0 -0.0272577 -0.00125283 0 -1.48389e-05 -0.0105313 -0.00276264 0 -0.0146675 0 -0.00440127 0 0.000433828 -0.00044157 0 -0.00106218 -0.0202013 -0.0042448 0 -0.0208915 0 -0.0722092 0 -0.000587639 -0.00883701 -0.00669046 0 -0.0152243 0 0.00250709 0 0 -0.0197481 0.000829328 0 -0.0182478 -0.00460572 -0.00829355 0 -0.0130146 -0.00170236 0 0 -0.00188236 -0.0196021 0 -0.00537577 -0.016359 0.000250855 -0.00430212 -0.00858654 -0.0033253 -0.0046746 0 0 -0.0054588 0 -0.0250138 -0.00853356 -0.00164686 -0.00962182 -0.00144064 0 0 -0.00672168 -0.013684 2.18438e-06 0 0 0.00134401 -0.0107276 -0.00097961 0 0.000381901 -0.00239077 -0.00065026 0 -0.0154374 -0.0204233 -0.00570024 -0.00242092 -0.0303218 -0.00088971 0 -0.019192 0 -0.0221478 0.0104229 0 -0.000723653 0 -0.0186304 -0.00585688 -0.00384311 -0.00245992 -0.00305786 0 -0.00327697 0.00959825 -0.000493186 -0.000255976 -0.0160543 0 -6.73623e-05 -0.000223156 0 9.09251e-05 0.00107519 -0.00101175 0.00165959 -0.00487054 0 0 0 0 -0.0026763 -0.0119189 -0.00810755 -0.000621948 0 -0.00279497 -0.0027165 -0.0014459 -0.0120927 -0.0050852 0 0 0 -0.0249333 -0.00440692 0 -0.00338092 0.00177341 -0.000347821 -0.000885255 0.00240782 0.00189474 0 0 -0.010508 0.00119409 0.00665854 0.00132715 0.00856644 -0.00183681 -0.00216302 0.0054348 -0.00400336 -0.00644915 -0.0022377 -0.00289427 0 0 -0.000455159 0 -0.000234117 -0.00300158 0.00822429 0 -0.00153248 0 0.00162307 0.00682791 0 0 0 0 0
0.0180096 0.0238642 0 0.0106619 0.0150351 0 0.754832 0.012041 0 0.00457547 0.00213873 0.00916539 0.0108517 0 0.0350539 0.00584484 0 0.0253423 0.0215417 0 0 0.0304483 -0.206818 0 -0.0134198 0.00203334 0.00666728 0.0187058 0.0249211 -0.123902 0.0119003 0.0153222 -0.000538356 -0.00607347 0 0.0221225 0.00518594 -0.00111459 0 0.00972286 -0.0153324 0 -0.0024858 0.03052 0 0 0 -0.0012705 0 0.0249216 -0.0338899 -0.0230723 0.0110939 -0.00378865 0.00160021 0 0 -0.011379 0 0.0166292 0.02221 0.0111418 0 -0.0478379 0 0.00747924 0 0 0.0194733 -0.00236324 0.00176859 0 0 -0.0176126 -0.0437699 -0.00395271 -0.0376414 0 -0.0210078 -4.43492e-05 0.0122681 0.0180665 0.0193894 -0.00252517 0.00281531 0.0131828 0.00106471 -0.0052571 0.0221903 0.00844655 0 -0.00141401 0 0.0117973 0 -0.00149628 0.0143164 -0.00927022 -0.0204876 -0.000862478 -0.0045801 0.00540246 0 0 0.00206615 0.00669176 0 -0.00340031 -0.0059189 0.0193692 0 0.00129857 0.0231565 0.000100799 0.0353799 0.012114 0.00608784 0.0106763 0 -0.0103594 0 0 -0.00465721 -0.00690321 -0.0248579 0 0 -0.0209755 -0.00331948 0 0 0 -0.00931577 0 -0.00160786 -0.000667938 0 0 0 0 -0.0208752 -0.00531935 -0.00453194 -0.000734777 0.00967704 -0.000653988 0 -0.0488254 0.0306967 -0.00138581 0 0.0117262 -0.148557 0.0227082 0 0 0.00355112 0.0090733 0 -0.000304752 0 -0.044803 0 0 -0.000343857 -0.00282381 0.00084306 0.014679 -0.00989134 -0.00596307 -0.000214713 0.0318247 0 -0.0264356 0 0.0102049 -0.015654 0.00110023 0.0165022 -0.00609094 0.0106488 0 0 0.00399837 0.000607069 0.000395689 -0.0158594 -0.000974388 0.00625936 0 0 0.0167061 -0.00147604 0.0198784 0 -0.00517398 -0.00634321 0 -0.00197791 0 0 8.11097e-05 0 -0.00169773 0.0294296 0.00364227 0.00940894 0 0.0014215 0 0 0.0194369 0 0.0202202 0 0
-0.00346722 0 -0.0362632 -0.0178126 -0.00841206 -0.0248385 0.012041 0.909044 0 0 -0.000686758 -0.00149143 0 -0.000280939 -1.18146e-05 -0.000316584 -0.00557187 -0.00679453 -0.00381513 0 -0.0145456 0 0 -0.00927785 -0.0200444 -0.00322273 -0.00951698 -0.000942612 -0.00240585 0.0109292 -0.00607343 -0.0160078 0 -0.00581216 0 0 -0.015507 -0.0210013 -0.0023565 -0.0042002 0 0.0229054 -0.0266765 0 -0.00726941 -0.000321332 -0.0295429 -0.00469244 0 -0.0220991 0 0 -0.0129373 -0.00638428 0 0 -0.00678028 0 -0.000668558 0 0 0 0 0 -0.00524413 -0.000578495 0 -0.025126 0 -0.00838047 -0.0131549 0 -0.00323938 -0.00532407 0 -0.00888072 0 0 0 0 -0.0288015 0 0 -0.0131748 0 -0.0286449 -0.0066401 -0.0010387 0 0 0 -0.0051433 -0.0102802 0 -0.0166476 -0.00205937 0 -0.00100935 0 -0.000822964 -0.00256349 -0.00309197 0 -0.00453323 0 -0.0189515 -0.00138912 -0.000388723 -0.00954025 0 0.0017166 0 -0.012943 -0.0108001 0 0 0 0 -0.00370464 0 0 0.00203729 -0.00312165 0 0 -0.00185109 -0.0105386 0 0 -0.0155349 -0.000144067 0 -0.02332 0 -0.0268899 0.0126995 0 -0.0019923 0 -0.00225715 0 -0.00217222 0 -0.000916649 -0.000424237 -0.00424639 0.0129333 0 -0.00916869 -0.00278423 0 0 0 0 0 0.00216466 -0.00062987 0 -0.0131748 0 0 0.00386595 0 -0.000735776 -0.0152149 -0.00209102 0 -0.000160586 0 0 0 -0.0149039 -0.0082078 0.00586513 0 0 -0.00187865 -0.0144454 0 0 0 1.39703e-05 -5.10029e-05 0 0.00399576 -0.000232465 0 -0.021571 0 0.00219633 0.00476581 0 -0.000357752 0 0.00685597 0 -0.00197995 -0.00784051 0 0 0 -0.000334048 -5.18942e-05 0 -0.00302555 0 -0.00106302 -0.000712371 -2.14811e-05 0 0.0072663 -0.00807474 0 0 0 0
0 -0.00777974 0 0.0071285 0 0 0 0 0.706963 -0.000449845 0.0161535 0 0 0 0 -0.00287449 0 0 -0.0193092 0 0 -0.000866911 0 0.00678773 0 0 0 -0.00307292 -0.0260436 0 0 0 -0.0103413 -0.00204738 -0.00336693 0.00148516 0 0.004789 0 0 0 0 -0.00116322 0.0696427 0.0215071 0 0.00305742 0 0 0 -0.00454437 -0.00107261 0 -0.00299888 -0.00252646 -0.000338465 0 0 0 0 0.000648621 -0.000212415 0.0287216 0.00477356 0 -0.012105 0 0 -0.000854677 0.0113093 0.00032159 0 0 0 -0.000200868 0.000395456 0 -0.0146665 0 0 0 0.00222243 0 0.00118395 -0.0100879 0 0 -0.00955901 -0.00629638 -9.72442e-06 -0.00516256 0 0 -0.0173409 0 -0.00192484 -0.0131875 -0.00316292 -0.00488244 -0.00857582 -0.00300013 0 0.00122945 0 -0.00307854 0.00121863 -0.000280217 0 9.13461e-05 -0.00583847 0 0 0 0 0 0 -0.00523255 0.00120604 0 -0.00293228 0 0 0.0103671 -0.0126139 0 0 0.000321191 -0.00223059 -0.00573118 0.0146659 0 0 0.0104692 0 0 0 0 0.00502292 0 -0.000358859 -0.00682664 0 0 -0.00858555 0.00634661 -0.000121005 0 0 0 -0.00194599 -0.000602684 -0.00153966 0 0 0 0 0 0 0 -0.000266628 0 0 0 0 1.89715e-05 -0.000613636 -0.00626783 -0.0059591 -0.0177733 -0.00445046 -0.0174946 -0.000672719 0 -0.00151318 0 0 0 -0.00183889 -0.00040928 -0.00649132 0.00196362 0.00146361 0.00303325 0.00198556 0 5.97199e-05 0 0 0.00494685 -0.0173256 0 0.000177055 -0.00463876 -0.0136044 0 -0.000846949 0 0 -0.010429 0 0 0.000101292 0.000134449 -0.00114301 0 0 0 0.00165583 0.0070403 -0.00534545 0 0 0 -0.00209169 0 0
-0.0325252 -0.0253577 0 0 -0.0327105 0 0.00457547 0 -0.000449845 0.913366 -0.0302099 -0.0217809 -0.0242395 -0.00257654 -0.0103581 -0.0404705 0 0 0 -0.0239617 0 -0.000945026 0.00269666 0 0 0 0 0 -0.0182158 0.00922712 0 0 0 0 0 -0.00136521 0 0 0 0 0 0 0 0 0 0 0 0 -0.00603388 0 7.4376e-05 0 -0.000115924 0 0 0 0 0 0 -0.0149415 -0.0117308 -0.0223472 0 0.00162657 0 0 -0.0171797 0 -0.00520229 0 0 0.00202982 0 0 0 0 0 0 0 0 0 0 -0.00310647 0 0 0 0 0 0 -0.0198674 0 -0.00465649 0 -0.0122987 0 0 -0.00699503 0 0 0 0 -0.00638195 0.00985534 0 -0.00399256 0 0 0 0 -0.00752679 0.013906 -0.000257863 0 0 0 0 -0.00741478 -0.00651737 0 0.00561221 -0.0026808 0 0 0 0 0 0 0 0 0 -0.016396 0.00841036 0 0 0 0 0 0.00197001 0 0 0 0 0 0 -0.0150167 0 0 0 0 0 -0.000915572 0 0.00474314 0 0 0 0 -0.000897072 0 -0.00976258 0.000257113 0.00967282 0 0 0 0 0 -0.00130712 0.000220138 0.000811494 0.00197988 0 0 0 0 0 0 0 -0.00228537 0 -0.00200077 0 0 0 4.51159e-05 0 0 0 0 0 0 0 0 0 0 0 0 0 0 0 -0.00517597 0 0.00307822 3.21277e-05 0 0 0 0.00249412 0 0 0 0 0 0 0 0
-0.0260143 -0.0171559 0 -0.00282398 -0.0137916 0 0.00213873 -0.000686758 0.0161535 -0.0302099 0.747956 -0.0132384 -0.0366478 -0.0826656 0 -0.0313364 0 0 0.000476207 -0.0355512 0 0 0 0 0 -0.0111515 -0.000693592 0 -0.00360049 6.69042e-05 0 -0.00779045 0.00543189 -0.000481242 0 -0.0163612 0 -0.00300933 0 0 -0.0291978 0.00590992 0 -0.000628219 -0.0157374 0 -0.00159537 0 -0.0187972 -0.00127632 0 0.00230877 -0.00117492 0.0106118 0 0 0 0 0 -0.0282145 -0.00459737 -0.0194238 0 0 -0.00092077 0.000306696 -0.00278086 0 0 -0.00366351 -0.00140758 0 -0.00113694 0 -0.0170226 0 0 0 -0.0569451 0 0 -0.00044065 -0.0276005 -0.00706985 2.03057e-05 -0.0116145 0 3.21764e-05 0 0 0.00181693 -0.0419365 -0.000726047 0 0 0 -0.000262726 0 0 0 0 -0.0084658 0.00900885 0 0 -0.00163187 0 -0.00872303 -0.00177638 -0.00148872 0.0248595 -0.00656926 0 -0.000153371 -0.00970957 -0.00133515 0 -0.0103674 0 0 0 0 0 0.0174325 -0.0325724 0 -0.000385563 1.30619e-05 0 -0.00173819 -0.00861787 0.00848636 0 0 -0.000917111 0.00287637 0 0 0 0 0.00108261 0 -0.000198005 0 -0.144885 0 0.00315877 -0.026202 0.0112277 0.00500689 0 0 0.000327043 0 0 0.00125775 0 -0.000189068 -0.000711737 -0.00938413 0.00619503 0.00476196 0 0 0 0 0 -0.00786285 0.015185 0.00208677 0.0302638 0.00184726 -0.000223121 0 0 0 0 0 0 0.000128574 -0.000910314 0 0 0 0.0005614 0 0.00846371 -4.41095e-06 -0.00352932 0 0.00693187 0 0.00139079 0 0.00264798 0 3.27031e-06 0 0 0 0 0 0 0.00198893 0 0 0 0 0 0 0.00104198 0 0 0 0 0
-0.0372833 -0.0263401 0 0 -0.0293228 0 0.00916539 -0.00149143 0 -0.0217809 -0.0132384 0.915643 -0.0257203 -0.0180553 -0.00843276 -0.0263263 0 0 0.000219972 -0.0199596 0 -0.0208796 0.00349658 0 0 0.000889185 0 0 -0.00855507 0.0105035 0 0 0 0 0 -0.0226736 0 0 0 0 0 0.000161915 0 -0.00103693 0 0 0 0 -0.00541374 0 0 0.000450972 -0.00748614 0.000901294 0 0 0 0.000324188 0 -0.0175405 -0.00961152 -0.00480223 0 0.00665594 0 0.000171645 -0.0181609 0 -0.00114241 0 0 0 0 0 0 0 0 0 0 0 0 0 -0.00562005 0 0.00443719 0 0 0 0 -0.00392241 0 -0.000898568 0 -0.00452151 0 0 -4.23361e-05 0 0.0101865 0.000488621 0 -0.00062553 0 0.00368939 0 0 0 0 0 -0.000255107 0.000450965 -0.00605782 0 0 -0.00309984 -0.00340589 0 -0.00291674 0.00169626 0 0 0 0 0.00613208 0 0 0 0.000308266 0 0 -0.0101021 0 0 0 0 0 0 0 -0.00760542 0 0.000287158 0 0 0 -0.0162804 0 0 0 0 0 0 0 0.00444331 0 0 0 0 -0.000336343 0 0 0 0.00583697 0 0 0 0.00743843 0.00018512 0 0.00216037 0.00101813 0.00255585 0 0 0.00184654 0 0 0 0 -0.004628 0.00181419 0 0 0 0 0 0 0 0 0 0 0 0 0 0 0 0.000892252 0 0 0 0 0 0 0 0 0 0 0 0 0 0 0 0 0 0 0 0
-0.0223095 -0.0222974 0 0 -0.022447 0 0.0108517 0 0 -0.0242395 -0.0366478 -0.0257203 0.915643 -0.0150918 -0.00798263 -0.0234388 0 0 0 -0.0156696 0 -0.0239088 0.00736677 0 0 0 0 0 -0.0239178 0.0106347 0 0 0 0 0 -0.00264591 0 0 0 0 0 0.00142286 0 -0.000353052 0 0 0 0 0 0 0.000346338 0 -0.0146445 0.00420792 0 0 0 0.000465844 0 -0.0163157 -0.00859994 -0.0192038 0 0.00582259 0 0 -0.0135416 0 -0.00762314 0 0 0 0 0 0 0 0.00064824 0 -0.00239888 0 0 -0.00155515 -0.0174676 0 0 0 0 0 0 -0.0190765 0 -0.00732571 0 0 0 0 -0.00274212 0 0 0 0 -0.0141185 0.00512 0 -9.70021e-05 0 0 0 0 -0.0054091 0.00233021 -0.0107594 0 0 -0.00439872 -0.0132392 -0.00204278 -0.0121687 0 0.000774746 0 0 0 0.00024706 0 0 0 0 0 0 -0.0247571 0.00217771 0 0 0 0.000304961 0 0 0 0 0 0 0 0 -0.0315113 0 0 0 0 0.000165571 -0.00586951 -0.000872454 0.00541695 0 0 0 0 -0.00133317 0 -0.0209842 2.18444e-06 0.00835938 0 0 0 0 0 -0.00148057 0.00166217 0.00015047 0.000509313 0 0 0 0 0 0 0 0 0 -0.00948198 0 0 0 0 0 0.00983527 0 -0.00344385 0 0 0 0 0 0.00012199 0.000356893 0.00100954 0 0 0 -3.27079e-05 0 0.00447756 4.38065e-05 0 0 0 0 0 0 0 0 0 0 0 0
-0.019853 -0.00946707 0 0 -0.0217094 0 0 -0.000280939 0 -0.00257654 -0.0826656 -0.0180553 -0.0150918 0.725263 0.0642007 -0.052982 0 0 -0.00391157 -0.0413828 -0.00163261 -0.00377059 -0.00978088 0 -0.00201893 0 0 0 -0.00349284 0 0 0 -0.0010894 -0.00594866 -0.000632707 -0.0324758 0 -0.00249662 0 0 -0.00362368 0.0118176 -0.00125126 -0.00169832 0 0 -0.000443942 -0.000508331 -0.0280321 0 0 1.13901e-05 -0.00266162 0.0194661 -0.00448958 0 0 -0.000367262 0 -0.0385133 -0.0266088 -0.0381748 0 0 -0.000137079 0 -0.00485657 -0.000313289 -0.00281721 0 0 0 0 0 -0.014961 -0.00454638 0 -0.00157846 -0.0412071 0 0 0 -0.0219064 -0.000624113 -0.00137215 -0.00370291 0 -0.00135473 -0.00576639 0 0 -0.0526592 -0.00230972 0 0 -0.00116012 0 -0.00512248 -0.00207378 0 -0.00197319 0 0.00401172 0 -0.00125428 0 0 -0.00490936 -0.0016505 -0.015584 0.0126827 -0.0194662 -0.00115504 0 -0.011337 -0.0274998 0 0 0 0 -0.0206664 0 0 0.0162248 -0.0105369 0 0 0 -0.00118437 -0.00628505 -0.026497 0.00180995 -0.000105058 -0.00331917 -0.000808175 0.00394692 0 0 0 -0.00209194 -0.00164018 0 -0.0067624 0 -0.0594441 -0.00419093 0.000308137 -0.0203624 0 0 -0.00951215 0 0 0 0 0.000271797 0 0 -4.19609e-05 -0.0190102 0 0 0 0 0 0 -0.00212622 -0.0100908 0 0 2.86818e-05 0 0 -0.000872239 0 0 0 0 0 -3.86834e-05 0 0 0 0 0 0 0.0141052 -0.000331605 0 0 0.00204886 0 0 -0.00190952 0.0018007 0 0 0 -0.00265096 0 -0.00631006 0 0 0 -0.00165079 0 0 0 0 -0.00301742 0 0 0 0 0 0
-0.0149358 -0.00815122 0 0 -0.0115201 0.000383089 0.0350539 -1.18146e-05 0 -0.0103581 0 -0.00843276 -0.00798263 0.0642007 0.80539 0 0 0 0.0130908 0.0180606 0 -0.00169905 0.0137616 0 0 0 3.25504e-06 0 -0.0384643 0.0359418 -0.0186701 0 0.00400369 0.00580413 0.002009 -0.0128196 0 -6.59113e-06 0 0 0.00626108 0 0.00176956 -0.0172893 0 0 -0.000361502 0 0.00696766 0 0.00616278 0.00169759 -0.0203508 0.00468242 0.00141185 0 0 0.0223115 0 7.54181e-07 -0.0223294 0 0 0.0093101 0 0.00115325 0 0 -0.0142003 0.00219039 -0.0023099 0 0 0.00066841 0.0336546 0.00195607 0.0026753 -0.0167144 0.00510406 0.000491747 -0.000935845 -0.0207999 -0.0103719 0 0.00507357 0 0 0.00322343 0.00205542 -0.00588469 0.0135934 0 0 0 0 0.00207365 -0.0196058 0.00528957 0.00508942 0.00974308 0.00950928 -0.00498744 0 0 0 -2.3256e-05 0 0 0 0 0 0 0 0 -0.0400405 0.000271421 -1.65403e-05 -0.0194344 5.77883e-05 0.0078546 0 0 0 0.00535809 0.0174248 0 0 0.00574779 0.0027868 0 0 0 0 0.000153189 0 0.00149677 0 0 0 0.000909045 0.0149579 0 0 0.000589272 -9.11158e-06 0.000140508 0.00829691 0.00389888 0 0.00516071 0 0 0.0219472 0 0 0 0 -0.0130864 0 0 0 0.029964 0 0 0 5.71984e-05 0.00334948 0 0.00934727 0.00264638 0.00369105 0 0 0.00995902 0 -0.000331454 0.00272651 0.00124945 0 0.00391019 -0.003314 -0.000953908 -0.00168749 -0.0012198 0 0 0.000274113 0 -0.00315512 0 0 -0.00912434 0.0025927 0.00015963 0 0.00460818 0.000202254 0 0.00278146 0 0 0 0 0.00179857 0 -0.00249957 -3.23955e-05 0 0 0.001079 0.00400963 -0.000363953 -0.00298525 0 0 0
-0.0273936 -0.0254153 0 0 -0.00972825 -0.000523704 0.00584484 -0.000316584 -0.00287449 -0.0404705 -0.0313364 -0.0263263 -0.0234388 -0.052982 0 0.854044 0 -0.0146933 -0.0133791 -0.0251813 0 -0.018515 0 0 0 0 0 -0.00071861 -0.0414708 0.0280577 0 0 -0.00342249 -0.00761005 -0.00164215 -0.0213514 0 0 0 -0.00058414 0 0.00507128 -0.00200859 -0.00130776 0 0 0 0 -0.0110353 -0.00205068 0 0 -0.00973013 -0.00253822 -0.00746001 0 0 0 0 -0.0144177 -0.00399562 -0.0525492 0 0.0276269 0 -0.00323995 -0.0207429 -0.0076902 -0.0352862 0 0 0 0 0 0 -0.00142439 0 -0.0122573 -0.00473767 0 0 0 -0.00323331 0 -0.00730793 -0.000542971 0 -0.00306158 -0.0151804 -0.0186793 0 -0.0148934 -0.00176165 -0.00856915 0 -0.00570771 -0.00289821 -0.000989987 -0.00405801 -0.00112619 -0.00276031 -0.00470805 0 0 -0.0241663 -0.000392386 0 -1.02789e-05 0 -0.0325839 0.00773617 -0.0270918 -0.00332877 0 -0.00379402 -0.0105796 -0.00459214 0 0 0 -0.0160774 0.00305418 0 0 0 0 0 -0.000200722 -0.00371743 -0.00368657 -0.0374795 0 0 -0.00838182 0 0.00308752 0 0 -0.00387317 -0.00306383 -0.00359734 0 -0.000290925 0 -0.0382038 0 0.00269083 0 -0.00121268 0 -0.00247675 2.37944e-05 0.005327 -0.000726354 0 0 -0.000884372 0 -0.000372278 -0.0136148 0 0.00976085 -0.000312846 0 0 0 -0.00427942 -0.0193945 0.00476287 0 0 -0.000760456 -0.000800755 0 0.000169575 0 0 -0.00128051 -0.00838041 -0.00190209 0 0 0 0 0 0 0.00357445 0 0 0 0.000187604 0.000641059 0 -0.0159597 0.000817921 0 0 0 -0.0051108 0 -0.000970259 0 0 0 -7.46906e-05 0 0 0 0 -0.00521144 0.00143452 0 0 -0.00261024 0 0
0 0 -0.0183576 -0.0243171 -0.00215613 -0.00475399 0 -0.00557187 0 0 0 0 0 0 0 0 0.967513 -0.0073297 0.00249331 0.000304169 -0.00210266 0 0 -0.00214988 -0.00106341 -0.00507364 -0.0319143 -0.00158387 0 0 -0.00170121 -0.0291233 0.00450832 0 0.00108067 -0.000238762 -0.0108094 -0.00364349 -0.0262585 -0.0150162 0 0.0294132 -0.00144857 0.00367718 -0.00272687 -0.0274434 -0.0196287 -0.0130869 0 -0.00677853 0 0 -0.000123687 0 0.00505805 0 -0.0223747 0 -0.00642863 0 -0.000357211 0 0 0 -0.00973635 0.00374972 0 -0.0138763 0 -0.00350446 -0.00916912 -0.00253218 -0.0208145 -0.000261749 0.000538959 0 0 0.0249533 0.0014939 0 -0.0139814 -0.0048222 0 -0.0119599 0.00795396 0 -0.0113069 0.00219572 0.00897649 0 0 0 -0.00515303 0 -0.00299918 0 0 0.000823269 0.00314768 0.00107444 0.00119465 0 0 -0.000999445 0 -0.018799 0 -0.00271983 -0.0106912 0 0 0 -0.000973951 -0.0135839 0 0.000821107 -4.19832e-06 -0.000723915 -0.000471452 0.00102916 0 0 -0.00096965 0.00431794 0 -0.0132946 -0.0145375 0.00140846 0.0017171 -0.00984924 0 -0.000161374 -0.00321876 0 -0.00516793 0.00994179 0 -0.0161196 0 0 0.0092343 -0.0193225 -0.00114603 0 0 0 0.0188347 0 0 0 0 0.000265741 0 0 0 0.00175405 0 -0.00131524 -0.00139631 0 0 0 0 -0.00142344 0 0 0.0139796 0 0.0037485 0.00315255 0.00312549 0 -0.00137657 0.000989597 -0.00387234 0 0 0 0 0.00150396 -0.00229263 -0.00303362 -0.00314414 -0.000791538 0.00760142 -0.0122596 0 -0.00405444 -0.00459851 0 0.00337673 0 0.0030452 0.0143427 0.0120109 0 0 -0.0025044 0.007169 0 0 -0.00399226 -0.00483837 0 0 -0.000213999 0 -0.0129733 -0.00571866 0.00268249 0.0117341 -0.00107427 -0.000335883 0.000583035 0 0
0 -0.00273336 -0.00986561 -0.0220691 0 -0.0332203 0.0253423 -0.00679453 0 0 0 0 0 0 0 -0.0146933 -0.0073297 0.904002 -0.0152652 0 -0.00545855 0 0.00374894 -0.0172936 0 -0.0255262 -0.00782935 -0.0422676 -0.00701638 0.0164624 -0.00838333 -0.0173604 -0.0064333 -0.00582353 -0.00199546 0 -0.0186852 -0.00128289 -0.0166829 -0.0211329 0 0.00793602 -0.0133309 -0.00338266 -0.0100747 -0.0147094 -0.00357049 -0.00476602 0 -0.0243527 0 -0.000113951 0 -0.00989038 -0.01064 0 -0.00894539 0 -0.0309367 0 0 -0.00477994 0 0 -0.00709732 -0.00561735 0.00976707 -0.021218 0 -0.019746 0 -0.0070742 -0.0108619 -0.00146368 0.0145001 -0.00277782 0 -0.00930152 0 0 -0.00661216 0 0 -0.00384677 -0.0113779 -0.00631696 -0.00186236 -0.0039622 -0.00670442 0 -8.06104e-06 -0.000604085 -0.018031 0 0 -0.0188732 0 -0.00574916 -0.00598443 -0.00279052 -0.00310897 0 0 -0.0223366 -0.00287021 -0.0111843 -0.000222163 -0.00602322 -0.000777681 -0.0159256 0 -0.0121096 -0.0196744 -0.00607469 -0.00208058 0 -4.48338e-05 0.000701697 -0.0221581 0 0 0 0 2.06123e-05 0.00831039 -0.0033271 -0.0177978 -0.00179253 -0.00281035 -0.0123901 -0.000360948 0 -0.000531738 0 -0.0044189 0.00672218 0 -0.00324326 2.62923e-05 -0.00946224 -0.00363691 -0.0160853 -0.00233728 -0.00196792 -4.75451e-05 0 0.00792908 2.6306e-05 0 -0.00748995 0 -0.00159233 0.00763189 -0.00145919 0 0.000701102 -0.0158215 0.000331218 -0.00940056 0 0 0 0 -0.00661335 -0.00360767 -0.0145792 -0.006086 0 -0.00175383 -0.00170452 -0.00449611 -0.00608503 -0.000891083 0 0.00418366 0 -0.0015391 -0.00636175 0 -0.00185303 0.00368057 -0.0040964 -0.00430562 0.0016174 0.00217502 0 0 -0.0138801 0.000729004 0 0.00126224 0.0011759 0 -0.00662881 0.00239666 -0.00115884 -0.0010867 0 -0.00399899 0 0 -0.00590509 -0.000125773 0 -0.000326649 0.000851974 0 -0.00480161 -0.00295233 -0.00354354 0.00732783 -0.0101381 0 -0.000298486 0 0
0.000508169 0 0 0 0.00908833 -0.00928802 0.0215417 -0.00381513 -0.0193092 0 0.000476207 0.000219972 0 -0.00391157 0.0130908 -0.0133791 0.00249331 -0.0152652 0.828938 0 -0.00511428 -0.0124855 0.0036327 -0.00582261 -0.0011597 0 0.000546509 -0.00856224 -0.00189618 4.34285e-05 0 0 -0.0289288 -0.0212882 -0.00807332 0.00294467 0 0 0 0 -0.000461564 0 -0.0146048 -0.00321109 -0.000925188 0 0.00652384 0 0 -0.00779513 -0.00851596 -0.00501446 0 -0.0365211 -0.0206428 -0.00538892 0 -1.55497e-05 -0.00711873 0 0.00933422 -0.00871097 -0.00258222 0 -0.0063151 -0.0356394 0 -0.00467372 -0.000840486 -0.00142564 0.0062232 0 0 -0.00081422 -0.000509274 -0.0123369 -0.000203362 -0.0230927 -0.00362008 0 0.000330674 0.012363 0 0 -0.0374151 -0.0163178 0.00181809 -0.0550014 -0.0279704 0.00191901 -0.0100483 -0.00750798 -0.00278885 -0.00549331 -0.000221014 -0.0115763 0.000460849 -0.0189659 -0.0190248 -0.0416604 -0.0354199 0.00663219 0 -0.00288912 -0.00568572 0 -0.0127845 -0.00017703 0.000173578 -0.0203105 0 -0.00567606 -0.013273 0 0 -0.0168786 -0.00606756 0.0253258 -0.00617381 -0.0206162 -0.000467071 0 0 -0.0244838 0.0136032 0 0 -0.015239 -0.0265944 -0.00798408 -0.00647057 0 0 -0.0247481 -0.00153056 0.000339404 0 0.0026867 0 -0.0143837 -0.0335674 0 -0.000144737 -0.00733546 0 -0.012179 0 0.0065628 -0.0130344 -0.0170357 -0.00100536 -0.0105999 0.0136442 -0.00896744 0 0 -0.00342484 0.0144346 -0.00194849 -0.00366329 0 -0.000389593 -0.00227288 0 -0.00729685 -0.0179522 -0.0340817 -0.00512435 -0.0341062 -0.0160207 -0.0237459 -0.0362848 -0.00277601 -0.0072517 0.002641 0.000173355 -0.00904716 -0.0141273 0 -0.0239857 0.0268341 0 0.00196937 0.032586 0 0.00137316 -0.000682951 -0.00481204 0.0315476 0 0 0.0212199 -0.0123392 -0.0283653 0 -0.0180185 -0.00893164 0 -0.0229095 0 -0.00326053 0 0.000771871 -0.00831546 -0.0247815 0.0176529 0 8.961e-05 0.00156763 -0.0172271 0 8.50325e-05 0.000137911 -0.0127817 0 0
-0.019499 -0.0160931 0 0 -0.00658358 0 0 0 0 -0.0239617 -0.0355512 -0.0199596 -0.0156696 -0.0413828 0.0180606 -0.0251813 0.000304169 0 0 0.833325 0 -1.20234e-05 0 0 0 0 0 0 0 0 0.00306363 0 -0.000951213 -0.00031218 -0.000629449 -0.00937699 0 0 0 0 -0.0017872 0.000311732 0 0 -0.00220261 0 0 0 -0.0480136 0 0 0 0 0 -0.00255803 -0.00742084 0 -0.00502006 0 -0.012767 0 -0.0221772 0 0 0 -0.000874215 -0.00104634 0 -0.00232199 0 0 0 0 0 -0.0189642 0 -0.00103041 -0.000869437 -0.0362441 0 0 0 -0.010573 0 -0.000124287 0 0 -0.00070743 -0.00053675 0 0 -0.0325718 0 -0.00248954 0 0 0 -0.000772079 -0.00219762 0 0 0 0.0082452 0 0 0 0 0 0 -0.00181626 0.00453988 -0.0225878 0 6.17296e-06 -0.00752485 -0.0155591 0 0 0 0 -0.00496236 0 0 0 -0.0128613 0 0 0 0 0 -0.0134282 0.010295 0 0 0 0 0 0 -0.013445 0 -0.00141707 0 0 0 -0.0356605 0 0 -0.015458 0 0 -0.00396251 0 0 0 0 0 0 0 0 -0.00163556 0.000184298 0 0.00767529 0 0 0 -0.00281865 0 0 0 0 0 0 -0.00939413 0 0 0 0 0 0 0 0 0 0 0 0 4.08158e-06 -0.000344639 0 0 0.000370567 0 0 -0.000924009 0 0 0 0 -0.000840969 0 -0.00274018 0 0.00183604 1.21462e-05 0 0 0 0 0 -0.000442479 0 0 0 0 0 0
-0.00375454 0 -0.00485407 -0.0187305 0 -0.0111517 0 -0.0145456 0 0 0 0 0 -0.00163261 0 0 -0.00210266 -0.00545855 -0.00511428 0 0.911218 0 -0.000237231 -0.00263854 -0.0116177 -0.000484886 -0.00154386 -0.00209645 0 0 0 -0.00469003 -0.00144092 -0.00797185 0 0 -0.0109933 -0.00810867 -0.00247841 -0.00357338 0 0.0196313 -0.0115301 0 -0.0269646 -0.000295431 -0.0177115 -0.00202196 0 -0.0316826 -0.00198017 0 -0.000752105 -0.0135693 -0.00130028 0 -0.00813398 0 -0.00136015 -0.000245221 0 -0.00283511 0 0 -0.0314044 -0.00133638 0 -0.0139993 0 -0.00344314 0 0 -0.00521571 -0.00505203 0 -0.00371493 0 -0.000968401 -0.00242747 0 -0.00461269 0 -0.000626064 -0.00589764 -0.00149844 -0.0290897 -0.00484785 -0.00516985 -0.000101368 0 0 -0.00219528 -0.00886203 0 -0.00675598 -0.00315916 0 -0.00387809 -0.00144893 -0.00214974 -0.00156241 0 0 -0.000558111 0 -0.00858587 -0.00879117 -5.53614e-05 -0.0038125 -0.000153087 0.000213046 -0.00267881 -0.0165816 -0.0215599 0 0 0 0 -0.00180086 -0.000929665 0 0 -0.00177117 0 0 -0.0114514 -0.00229119 -0.000943429 -0.000116401 -0.00873543 -0.00354936 0 -0.0203262 0 -0.0189961 0.00755603 0 0 0 -0.00556404 -0.00641347 -0.00261024 -0.000410414 -0.00307796 -0.00141777 -0.00597811 0.00884248 -0.000514818 -0.00275658 -0.000814647 0 0 0 0 0 0.000321845 -1.83349e-05 0 -0.00949654 0 0 0 0 -0.000167062 -0.0167635 -0.00110386 -0.000716148 0 0 -0.00103034 0 -0.0195536 -0.0153464 0 0 0 -0.000745547 -0.00322017 0 -0.000619199 0 0 0 0 0.00108135 0 0 -0.015783 0 0 0.00251335 0 -0.000428347 -0.000483668 0.00752767 -0.000279999 -0.00196454 0 -0.00125598 0 0 0 0 0 -0.00115999 0.00136874 0 0 0 0 0.00473865 0.0121965 0 0 0 0
-0.0118191 -0.0182708 0 0 -0.00081546 0 0.0304483 0 -0.000866911 -0.000945026 0 -0.0208796 -0.0239088 -0.00377059 -0.00169905 -0.018515 0 0 -0.0124855 -1.20234e-05 0 0.811661 0.0205379 0 0 0.0187194 0 0 -0.0325791 0.0286077 0 0 -0.00254792 -0.00299854 -0.00198957 -0.0365704 0 0 0 0 0.000198156 0 0 -0.013314 0 0 0 0 0.00269021 0 0 0 -0.00639194 0 -0.00522008 -0.00288405 0 0.000570341 0.00779271 0 -0.000633625 -0.0174563 0 0.0271497 0 -0.0101717 -0.0150398 -0.000749781 -0.0106864 0 0.0133026 0 0 0 0.00148735 -0.00357718 0 -0.00784035 0 0 0 0 -0.00256975 0 -0.00126038 0 0.000172094 -0.00400021 -0.00780751 -0.000498344 0 0 0 0 0 -7.73232e-05 0 -0.00283781 -0.000566625 -0.00129402 -0.00402962 0 0 0.00708356 -0.0145453 0 0 0 0 -0.0124229 0.000645817 -0.000454914 -0.000750974 0 -0.00200131 -0.0155093 -0.0170324 0 0.00456413 -0.00044125 -0.00038679 0 0.0061197 -0.000532769 0.00717926 0 0 -8.30449e-05 -0.00122532 0 -0.0069694 0 0 -0.0106664 0 0 0 0 0 -0.00018434 -0.00527857 0 0 -0.000896741 -0.00101353 -0.000640547 0 0.000355323 -0.013581 0 -0.00499199 -0.000713234 0.0130472 -0.0154891 0 0 0 0 0 -0.0146162 0 0.0107312 0 0 0 0.0114469 -0.00776831 -0.0187624 -0.00121692 0 -0.00240656 -0.00363412 0 0 0 0 0 0 0 -0.000206625 0 0 0 0 0 0 0 0 0 0 0 0 -3.15087e-05 -0.0132325 0 0 0 0 -0.00580303 0 -0.0111826 0 0 0 -0.000198131 0 0 0 0 -0.0117175 0 0 0 -0.00833367 0 0
0.0070076 0.012375 0 0.00354881 0.0056852 -0.00110669 -0.206818 0 0 0.00269666 0 0.00349658 0.00736677 -0.00978088 0.0137616 0 0 0.00374894 0.0036327 0 -0.000237231 0.0205379 0.818568 0 -0.0161158 0 0.000584846 2.21007e-05 0.0132855 -0.142727 0.00532761 0.000974977 -0.00355784 -0.00636341 -5.28306e-05 0.0100688 0 -0.000384823 0 0 -0.0137331 0.0125756 -0.00942744 0.0245512 0 0 0 -0.00246445 0 0.0068461 -0.0247769 -0.00264242 0.00495242 -0.00587777 -0.00227239 0 0 -0.0116909 0 0.00329537 0.0158516 0 0 -0.0181897 -0.00151662 0.0043874 0 0 0.00734079 -0.00122936 0.000564372 -0.00943635 0 -0.0203512 -0.0146052 -0.00575423 -0.0143111 0 -0.0153058 0 0.00276165 0.0179793 0.00854361 -0.000758353 -0.00566922 0 0.00038008 -0.0048971 0.0190519 0.00508734 0 -0.00316121 0 0.00142864 -0.00128645 -0.00190335 0.0129371 -0.00810801 -0.0188186 -0.00350098 -0.00553743 0.00925564 0 0 0 0.000564713 0 -0.00433646 -0.00601236 0.0199531 0 0 0.00821675 0 0.0216202 0.00961957 0 0.0182951 -0.000407628 -0.007477 0 0 -0.0100648 -0.00761165 -0.0191679 0 0 -0.0157075 -0.00663052 -0.0012139 0 0 -0.00390182 0 -0.00501798 0 0 -0.00985718 0 -0.000882374 -0.00936884 -0.00346752 -0.0214877 -0.000900925 0.000577968 -0.0012702 0 -0.0504471 0.0166441 -0.00526224 0 0 -0.114131 0.00482104 0 0 0 0.0115369 0 0 0 -0.0323246 0 -0.00990101 -0.00068115 -0.00252887 -0.00616483 0.00238456 -0.0107408 -0.00505589 0.00911433 0.0236079 -0.000869918 -0.0201277 0 0.0114788 -0.0108104 -0.0056544 0.00518931 -0.00516597 0.00562269 -0.00168248 0 0.00485454 0.00496932 0 -0.00353299 -0.00306367 0.00374121 0 0 0.00851199 -0.00124183 0.0183876 0 -0.00589901 -0.00489513 0 0.00155585 0 0 0 0 -0.00194301 0.0233895 0.00299873 0.00936117 -2.55284e-06 0 0.00788114 0 0.0125226 0 0.00868682 0 0
0 0 -0.00317179 -0.0104278 0 -0.0173006 0 -0.00927785 0.00678773 0 0 0 0 0 0 0 -0.00214988 -0.0172936 -0.00582261 0 -0.00263854 0 0 0.915239 0 -0.0112498 -0.00234013 -0.00238904 0 0 0 -0.0104881 0 -0.0101197 0 0 -0.0145453 -0.00278772 -0.017388 -0.00575605 0 0.00345731 -0.00778237 0 -0.0129764 -0.00748992 -0.00218204 -0.0161363 0 -0.00854416 0 0 0 -0.0220546 -0.00209749 0 -0.00423496 0 -0.00498189 0 0 0 0 0 -0.00853741 0 0 -0.006403 0 -0.00337661 -0.00626223 -0.00327701 -0.0103825 -0.000296563 0.00475005 -0.00405949 0 0 0 0 -0.0118891 0 0 -0.00575198 -0.00100411 -0.0083786 -0.00995233 -0.000467656 0 0 0 -0.000177204 -0.0189383 0 0 -0.00367102 0 -0.000830907 -0.000656802 0 -0.000977399 0 0 -0.00709361 0 -0.00612926 -0.0053488 -0.0211212 -0.0143588 0 0 0 -0.00374203 -0.0051483 0 0 0 0 -0.0141868 -0.000766416 0 0 0 0 0 -0.009128 -0.015192 0 0 -0.0119496 0 0 -0.00187291 0 -0.00319191 0.0067258 0 -0.00194276 0 -0.0119141 -0.000324825 -0.00542954 -8.49872e-05 0 0 0 0.0106405 0 0 -0.00469106 0 0 0 0 0 0 -0.000492395 0 -0.00607383 0 0 0 0 -0.000484481 -0.00805077 -0.00398365 0 0 0 -5.99621e-06 0 -0.00152204 -0.00202276 0 0 0 -0.00588537 0 0 -0.000170538 0 -0.00194465 -0.000643919 0.00097425 0.00103584 -0.000867269 0 -0.00566034 0 0 0 0.00015307 0 0 0.00116038 0 -0.00618837 0 0 0 0 -0.000282482 -0.000145641 0 -0.000129594 0.000738782 0 -0.0012801 -0.00117303 0 0.0041577 -0.000107555 0 0 0 0
0 0 -0.0143583 -0.00377098 0 -0.00464646 -0.0134198 -0.0200444 0 0 0 0 0 -0.00201893 0 0 -0.00106341 0 -0.0011597 0 -0.0116177 0 -0.0161158 0 0.892338 0.020274 0 0 0 -0.0123473 0.00060414 -0.00202481 -0.00571593 -0.0191191 -0.000728673 0 0 -0.0442793 0 -0.00248424 -0.00977656 0.0139266 -0.0100379 0.019793 -0.00843206 0 -0.0296838 -0.0022374 -0.00663407 -0.00356164 -0.00949471 0 -0.0193036 -0.00418006 0.00604458 -0.010012 -0.00358937 0 2.31173e-05 0 0 -0.000529343 0 0 -0.00845358 -0.00372443 -0.000694942 -0.0274334 0 -0.00560525 0.000792405 0 -0.00390374 -0.028482 -0.00138449 -0.0341624 -0.000408504 -0.00345167 -0.000831079 0 -0.00981013 0.00132798 0 -0.0123933 -0.00341396 -0.00608554 0 -0.0173298 0 0 0 -0.00771247 -0.00585316 0 -0.0563992 -0.00159253 0.00293812 -0.00319384 -0.00240614 -0.00208249 -0.00215407 -2.62436e-05 0 0 0 -0.00605803 0 0 -0.00648627 0 0.0221107 0 -0.018143 -0.0293458 0.0154296 -0.000568631 0 0.000243696 0 -0.00398515 0 0.000247892 -0.000932942 -0.000304949 -0.00408162 -0.00176059 0 -0.00476993 0.00369752 -0.0118059 -0.00151697 0 -0.0407578 -0.000880838 -0.0270501 0.0104212 0 0 0 -0.00179257 -0.00859782 -0.00362407 -0.00556594 -0.00966032 0 -0.033269 0.00711701 -0.0170959 -0.0105667 -0.000768613 0 -0.00416021 -0.00981753 -0.0064974 0.00310067 9.01009e-05 0 0.000388464 -0.00135494 -0.00196005 0 -0.0014154 0 -6.6848e-05 -0.0157642 -9.75747e-05 0.00165931 -0.0204307 -0.00327504 -0.00179861 -0.00282546 -0.00965573 -0.0216381 0 0 0 -0.00558883 -0.0459401 0 -0.00204761 0.000906455 0 0 2.49625e-05 0.0051583 0 0 -0.0234183 -2.73283e-05 0 0.00091347 0.000736198 -0.00184596 0.00680694 0.0069519 -0.00299409 -0.00444354 0 -0.00553171 0 0 0 0 -0.00248018 -3.2632e-05 0.000664751 0 0 0 0.00132436 0.00568331 0 0 0 0 0
0 0 -0.00246588 -0.0359964 0 -0.00440636 0.00203334 -0.00322273 0 0 -0.0111515 0.000889185 0 0 0 0 -0.00507364 -0.0255262 0 0 -0.000484886 0.0187194 0 -0.0112498 0.020274 0.836922 -0.017952 -0.0483318 0 0 -0.0207507 -0.0126528 0.00143583 0 0.00969639 0.0132776 -0.00458745 -0.00332492 -0.0220845 0 -0.00208252 0.00888693 -0.00243234 0 -0.00578515 -0.0166025 -0.00235298 -0.0214352 0 -0.019064 0 0 0 -0.0100147 0 0 -4.59762e-06 -0.00265268 -0.0533583 0 0 0 0 -0.0194883 -0.000850013 0 0.0034531 -0.00197443 0 -0.0017865 -0.0835296 -0.00408923 -0.00850848 -0.00145008 0.00151853 0.00930385 0 0.000464592 0 0 -0.00193884 -0.00184186 0 -0.000700418 0 -0.000218592 -0.0191799 0.00140243 0.00126487 0 0 -0.0138749 -0.00331802 0 0 -0.0145359 0 0 0 0 0 0 0 -0.0424505 0 -0.0243926 0 -0.0409976 -0.000352974 -0.00611113 0 0 -0.000201522 -0.00659047 -0.000200915 0.00316845 0 0 -0.0195738 0.000146435 0 0.000908829 -0.00876502 0 0 -0.00222032 -0.00566147 0.00500494 0 -0.000842358 0 0 0 0 0 0.00596969 0.00975159 -0.00604362 0 0 0.000677917 -0.00564729 -0.00126467 0 -0.000886025 0.0161091 0.00887151 0 0 0 0.00779598 0 0 0.00593617 0 0 0 0 -0.0108835 0.00931088 0 0 0 -0.00381715 0 -0.0416479 0.000254287 0.00879633 0.0123104 5.54567e-05 0.0163644 0 0 0 0 0 0 0 0 0 0 -0.00500336 -0.00730664 0 0.011764 -0.0142875 0 -0.00453825 0 0 0.00158109 0 0 0.00269558 0.00272984 0 -0.00717091 -0.00179864 0.000274196 -0.000705272 0 -0.00283504 -0.000698819 0 0 0 0 -0.0044329 -0.00373609 0 0.00445264 -0.0137527 0 0 0 0
