0 0.063565 0.00322425 0.00199214 0.0447371 0.000903159 -0.0173943 0.00494656 -0.00226256 0.0341472 0.0368224 0.0372489 0.030749 0.0207652 0.00288235 0.023712 0.00188937 0.00150574 0 0.0241958 0.000978807 0.0130531 -0.00304529 0 0.00771217 0 0 0 0.030193 -0.00999607 0.00256856 0.00371047 -0.0037847 0.00266255 0 0.00874475 0 0.0191648 0 0 0 -0.0162485 0 0.0074789 0.00343111 0 0.00913957 0.000964271 0.00655535 0.00864345 -0.000980539 0.00523849 0.0220728 0 0.00595861 0 0 0 -1.79133e-05 0.0327033 0.00481006 0.0125831 0.00137756 -0.00302647 0.00133874 0.00251818 0.0021428 0.00265675 0.0266357 0 0.00315076 0 0.000805525 0.000698411 -0.000794386 0.00642984 0 0 0 0 0.000621475 0.00489684 0.0345743 0.00175424 -0.0012698 -0.00106027 0 0 -0.00142335 0.0192729 -0.0029167 0.0295952 0 0 0.00540593 0.00112167 0.00262585 -0.00444224 -0.00324605 -0.0230582 -0.00810813 0.0221907 -0.015448 0.00122686 0 0.00172521 0 0 0.00879803 0.00809424 -0.0349414 0 0.00106778 0.0100717 0.00308984 0.0173166 0 0.0189238 0 -0.0164862 0.00835205 -0.00412898 0.000390971 -0.00974112 0 0 0.000653647 -0.00180405 -0.00498861 0.00211733 0.0234302 -0.0107286 0.00921275 0.000286795 0.000803371 -0.00677191 0 0 0 0 -0.00275586 0 0.000141856 0 0.0215819 0.0142564 -0.00849158 0.00426381 0.00287345 -0.00206646 0 0 -0.00979386 0.000497329 -0.000657119 -0.00721937 0 0.00630996 0 0.00266605 -0.0158409 -0.00543218 0 0 0 0 -0.00218747 0.00358896 -0.00257464 -0.000207237 -0.00223047 0.00964049 0.00517614 -0.00153829 0 0 -0.00126603 0.00204474 0 -0.00303494 0.010938 -3.82764e-05 0 0.000551586 -0.00316524 0 0.000251428 0.00774677 0.00461825 -0.000139913 -0.00972704 0.00475305 0 -0.00163968 -0.00547989 0 0 0 -0.000893087 0 0 0 0 -0.00236712 0 2.10717e-06 0 0 0 -0.00505138 -0.00397833 0 0 0 0 0
0.063565 0 0.00130279 0.000227917 0.0347532 0 -0.0259017 0.000938584 0 0.0154305 0.00987536 0.0459501 0.00637543 0.0239039 0.0100629 0.0341679 0.00324867 0.00591779 0.00172906 0.0117117 0.0012893 0.0445897 -0.0097166 0 0.00679153 0 0 0.00174261 0.0237547 -0.0214026 0 0 0 0.00297503 0.00252751 0.0120573 -3.17098e-06 0.000730063 0 0 0 -0.00831771 0 0.00418977 0.00113153 0 0.000192792 0 0.0129902 0.00219756 0 0.00117162 0.0316482 0.00125404 0.00164575 -0.00938234 0 0 0 0.0137673 0.00112715 0.0250486 0.000502096 -0.00688233 0.000988816 0.00743806 0.0194906 0.0095396 0.0184449 0 0 -0.00622273 0 0.000800392 0 0.00339107 0 0 -0.000910105 0 0 0.000175679 0.00413859 0.00297337 0 0 0 0 0 0.00867736 0 0.0171725 0 0.00387979 0.00143585 0.00263305 0.00286127 -0.00278449 0 -0.000665497 -0.0100532 0.00848185 -0.020718 0.000116958 0 0.000629576 0 0 0.00535138 0.0141843 -0.0115333 0 0.00174593 0.00169011 0 0.015312 0 0.00139528 0 -0.000460051 0.0107633 -0.00383073 0 -0.00131463 0 0 0 0 -0.00808477 0.00138334 0.0301123 -0.00968476 0.000533609 0 -1.18709e-05 -0.00191919 0.00326747 -2.20746e-05 0.0048327 0 0 0 -2.87976e-05 0 0.00629598 0.00758398 -0.00659042 0 0.00570775 0 0 0 -0.0127632 0 -8.99877e-05 -0.00113998 0 0.00246934 0 0.0031383 -0.0204008 -0.00523873 0 -0.00227325 0 0 0 0.00226576 -2.79569e-05 0 0 0.0177798 0.000796287 -0.00145841 0 0.0137875 0 0.000762363 0 -0.000237333 0.011375 -0.00454687 -0.0056927 0 -0.000440283 0 0.00190711 0.00641416 0 0 -0.00399957 0 0 0 -0.00356707 0 0 0 0 0 0.00323904 0 -0.00355819 0 0 0 0 -2.4384e-05 -0.00404791 0 -0.00392719 0 0 0 0 0
0.00322425 0.00130279 0 0.0198679 0.00273338 0.0443848 0 0.0363287 -0.000176257 0 0.00121897 0.000212352 0 0.00107482 0 0.00434968 0.00406836 0.0189146 0.00182731 0 0.00833279 0 0 0.00267312 0.00617647 0.00886281 0.00521205 0.00392763 0.00219646 0 0.00568265 0.0175042 0 0.00598509 0 0 0.00650242 0.0142269 0.0112437 0.0122896 0.000193917 -0.0126772 0.0206238 0 0.0127675 0.00506871 0.0220159 0.0130144 0 0.0139617 0.000187234 0.00509129 0.0050259 0.00406699 0 0 0.0124706 0 0.000637246 0.000960165 0 0.00129032 0 0 0.023964 0.00256741 0 0.026848 0 0.00779176 0.00406114 0.00461222 0.00853185 0.00713597 0 0.00399166 0.000424821 0 0 -0.00122376 0.0190802 0 0.000601856 0.0111054 0 0.00499615 3.28477e-05 0.000719453 0 0 0 0.0186954 0.0138368 0 0.00689488 0.00178585 0 0 0 0 0 0 0 0.0040503 0 0.014809 0.00191557 0.0046301 0.0392942 0 -0.00163743 0 0.00750694 0.0088408 0 0.0017568 0 0 0.00276941 0 0 -0.00119442 0.00324855 0 0 0.00993675 0.0171827 0 0 0.0126289 0.000606283 0 0.0102007 0 0.032329 -0.0149536 0 0.0011555 0 0.00341553 0 0.00779207 0.00782601 0.00169408 0.00224806 0.00777376 -0.0134072 0.0027781 0.000627007 0.00199247 0 0 0 0 -0.000414747 -0.00308659 0 -0.000313647 0.00367431 0.000205779 0 0 0 0.00126973 0.000858658 0.00133569 0 0.00260125 0 0 0 0.00642657 0.0107937 0 0 0 0.00369081 0.00117343 0 0 0 0.000991092 0 0 -0.0052548 0 0 0.00527507 0 0 -0.00468332 0 0 0 -0.00576628 0.000114026 0.000448279 0 0 0 0 0.00520858 0 0 0.000685919 -9.0858e-06 0 0.00233816 0.000784797 -0.00615388 -0.0079907 0 0 -0.00185376 0 0
0.00199214 0.000227917 0.0198679 0 0.00970936 0.0199946 -0.0118463 0.0116523 -0.0207324 0 0.00449869 5.52295e-05 0 0.00394207 0 0.00199063 0.0111856 0.0105711 0 0 0.0112883 0.000252649 -0.00304022 1.05369e-05 0.0032401 0.0126791 0.0117614 0.0190976 -3.73134e-05 -0.00120214 0.013953 0.0253998 -0.00664718 0.0053176 0 0 0.0225347 0.0170845 0.0183762 0.0117099 0.000185392 -0.0251384 0.00889833 0.00440368 0.0236871 0.00390318 0.0244305 0.0238514 0 0.0151656 0 0.00448689 0.00127357 0.00843195 0.00155524 8.17612e-06 0.0116516 0 0.00321209 0.00309757 0 0.00155118 -1.91461e-05 0 0.0203784 0.00141156 0 0.00695122 0.0011882 0.0024056 0.0264959 0.00836074 0.0130029 0.0124464 0 0.00447595 0 -0.0100818 0 -0.000619411 0.0158878 0.00213329 0.000462628 0.0219828 -0.000301341 0.0160998 0.00460179 0 -0.0022052 0 -0.00162508 0.0166243 0.0109074 0 0.00834314 0.0144884 -2.0166e-05 0 -0.000962529 0 -0.00118009 0 0 0.0100078 0 0.0972573 0.00567527 0.006427 0.0235493 0 -0.00220875 0 0.00586826 0.0258142 0.000551039 0.00306582 0 9.11452e-05 0.00859071 0 0 -0.00455294 0.00529814 -0.00684636 0 0.01369 0.025698 0 -0.00111395 0.017436 0.000501999 0 0.0235572 0 0.0226696 -0.00976855 0 0.00505458 0 0.00342801 -0.00157995 0.00441907 0.00755342 0 0.00194225 0.00403673 -0.0182101 0.000907798 0.00117829 0 -0.0024252 0 -0.00155682 0 -0.00167529 -0.00828751 0 0 0.0279441 0 0.00104196 -0.000201626 0 0.00370951 0.00114339 0.00596362 -0.00246766 -1.17766e-06 -0.00360401 0 -0.00444814 0.00818718 0.0218941 -0.000905852 0.00506343 0 0.00351666 0 0 0 0.00380745 0.00467329 0.0010788 0 -0.00699747 0.00796757 0.000337401 0.0105116 0.00112344 -0.000746641 -0.00846286 0 0 -0.00917713 -0.00823904 0 0.00421725 0.00303515 -0.00059853 0 0 0.00580055 0.00188741 6.7023e-08 0.00378271 0 0 0.00726324 0.00280195 -0.0128223 -0.00907459 0 0 -0.0120276 0 0
0.0447371 0.0347532 0.00273338 0.00970936 0 0 -0.0166385 0.00370825 -0.00403947 0.0440697 0.000581076 0.0362322 0.00481671 0.0232906 0.0476165 0.0143295 0.00512228 0.00362714 -0.00309989 0 0.00151045 0.00899579 -0.0081657 -0.00217489 0.000618976 0.00189609 0.00263342 0 0.0129707 -0.00626317 0.0170537 0.00826556 -0.00975343 -0.000674905 0 0.00887665 0.000309686 0.0085952 0.00121394 0.000250221 -0.000634189 -0.00665629 -0.00244933 0.00843447 0.00908552 0 0.00684214 0 0 0.00682921 -0.00309965 0 0.0195738 0 0 -0.00037242 0 -0.00088758 0 0.019935 0.00202468 0.00930709 0.000238215 -0.00368251 0.00506993 -0.000955437 0 0.00529358 0.0212569 0 0.00535148 0.000730054 0.00121779 0.00192529 -0.00848064 0 -0.00285129 -0.00691605 -0.00854336 -0.00189406 0.00382996 0.0131601 0.00635796 0.00272991 -0.00933604 -0.000203602 0.000615811 -0.00529922 -0.00756982 0.00277402 -0.00403053 0.0180996 0 0 0.00952567 0 0.00151522 -0.0124905 -0.015328 -0.00718441 -0.00815148 0.00504403 -0.00245811 0.00552482 -0.0023048 0.00556868 0 0 0.00784546 0 -0.0137083 -0.000212788 0 0.00802776 0.00670021 0.0087709 -0.00287645 0.00733361 0 -0.0109685 0 -0.00036314 0.00530187 -0.0188186 -0.00450532 0.000118217 0.000575702 -0.00662743 -0.0202828 0 0.00647687 0 0.00756549 0 0 -0.00455241 0 0.00113401 0 0 -0.0108013 0 0.000118126 -0.00166016 0.00249219 0.0146054 -0.0090248 0 0.00312248 -0.00260484 0 -0.000757763 -0.00767833 0 0 -0.00330852 0 0.00957852 0 0 -0.00157954 -0.0109136 0 0 -0.00160832 0 -0.0161187 0 -0.0121114 -0.00457204 -0.00747 0.0132038 0.00251635 -0.0225004 0.000893815 0.000775836 -0.00735794 0 0.00482347 -0.0103104 0.00806298 0.000775054 0 0.00164269 -0.00299673 6.82166e-05 0 0.00184878 0.0078342 -0.00613975 -0.00417487 0.00684132 -0.00158691 -0.0106361 -0.0040282 -0.00272116 -0.000790555 0.00222624 -0.00562385 0 0 0.00237551 0 -0.00314237 0 0.00325476 0 0.00254772 0.000738988 -0.020758 -0.0018089 0 0 -0.000646054 0 0
0.000903159 0 0.0443848 0.0199946 0 0 0 0.0193934 0 0 0.000360722 0 0 0.0033339 0 0.0122148 0.00114285 0.0352254 0.00914544 0 0.0119602 0 0.000558608 0.0173053 0.00653412 0.00546972 0.00252102 0.000731013 0.000264194 0 0.00513415 0.0067975 0.00230019 0.0292616 0.000218139 0 0.0221433 0.0268701 0.0103754 0.00366117 0.00201511 -0.00518288 0.0460732 0 0.0110873 0.000987624 0.00787527 0.0150124 0 0.0255355 0.00376059 0.00483372 0 0.00873127 0.00147615 0 0.0105354 0.00111862 0.000472052 0 -0.00146936 0.00465576 -0.00937615 0 0.0349196 0.0187119 0 0.0228981 -2.37933e-05 0.0719996 0.00158282 0 0.00762436 0.0120033 0 0.0138869 0.00155431 -0.0105604 0 0 0.0121746 -0.00307192 0 0.0104796 0.005173 0.0191579 0 0.00325156 0.00254671 0 0.000586379 0.0104761 0.00711696 0 0.00414807 0.00619688 -0.00457692 0.00255797 0.00350956 0.00574526 0.00360139 -0.00116869 0 0.00667833 0 0.0233319 0.00766811 0.0041774 0.0214562 -0.00449854 -0.00303241 0 0.00758691 0.00708658 -0.000387572 0.00472698 0.000895525 -0.00215316 0.0115981 0.00221183 0 -0.00126743 0.00567029 -9.12657e-05 0 0.0100531 0.0124591 0.00108586 0.00199868 0.0254124 0.000807086 0 0.0129466 0 0.0119564 -0.0032754 0 0 0 0.0212387 0.00429518 0.00687702 0.0079536 0.00328628 0.000686355 0.0121998 -0.0083298 0.00314592 0.00872151 0.0153645 0 0 0 0 -0.000912639 -0.0032401 0 -0.013716 0.00471405 0 0 0 0 0 0.01017 0.00716367 0.00278227 0.000966634 0.00271185 0.00321706 0.00318649 0.0120392 0.0147005 0.00119833 0 0 0.014475 0.00235236 0 0.00333653 -0.00233823 0 0 -0.000839424 -0.00269664 0.000733548 0.000594385 0.0160192 -0.00578908 -0.011318 -0.00373016 -0.01368 0.00211294 0.00203279 -0.00376556 0.0032145 0.00162185 0.00227507 0.00227418 0 0 0 0 0 0.00428813 -0.0111284 0 0 0 0 -0.00213012 0 0 -0.00865494 0 0
-0.0173943 -0.0259017 0 -0.0118463 -0.0166385 0 0 -0.00153177 -0.0249426 -0.00413109 -0.00083122 -0.0155228 -0.00461772 -0.00122378 -0.0278958 -0.0133647 -0.00176836 -0.0266692 -5.99912e-05 0.0308566 0 -0.0284235 0.22261 0.0110997 0 -0.00365192 -0.00198778 -0.0143831 -0.0373401 0.174232 -0.0143113 -0.0035616 0.0111138 0.00389879 -0.0234597 -0.0253174 -0.00826242 -0.00088312 0 -0.00328184 0.0368796 -3.34294e-05 0.00894306 -0.0216587 0 0 -0.00848533 0.00788153 0 -0.0121848 0.0104513 0 -0.0124749 0.000377188 -0.0197968 0.00333833 -0.00328182 0.00603354 0.00531813 -0.0149505 -0.00544532 -0.00987661 -0.0180887 0.0429017 -0.00437409 -0.00781268 0 -0.0013473 -0.0178296 0.000720181 -0.0139699 4.75969e-05 1.7011e-05 0 0.0166624 0.000421597 0.0332376 -0.0232199 0.028608 0 -0.00179066 -0.0233737 -0.0214348 0 0.0127309 0.00161845 -0.000342212 0.00205472 -0.00240683 -0.0126647 0.00160959 0.0284047 0.00822873 -0.0131259 -0.00146374 0.000934204 -0.0119379 0.0126476 0.0283771 0.00530319 0.0146547 -0.0115253 0.0105735 -0.00530649 0.00398327 -0.0100026 0 0.0131575 -0.000185428 -0.0101947 0.00952381 0.0013845 -0.0172635 -0.00606818 -0.00962017 -0.0304258 0.00408177 -0.0110767 0 0.00600462 0 0 0 0.0157274 0.010934 0 0 0.0176922 0.0132711 0 -0.00463844 0 -0.00108745 -0.0202534 0.00548868 0 -0.001318 5.92987e-05 0 0 0.0240503 0.000995805 0.0227428 0.00105843 -0.0071038 -0.0110823 0.00354731 0.0430975 -0.0425013 0.00814467 0 0.000214628 0.168909 -0.00954425 0 0.00229759 -0.00625168 -0.0190103 0 0.00628984 0.0215607 0.0487753 -0.00884147 0.0171032 0.00305024 3.58067e-05 0.015435 -0.00453021 0.0228444 0.00739702 0.000508249 -0.0910843 0 0.0329947 -0.000888899 -0.0097948 0.00959325 0 -0.00811632 0.00935446 -0.0128199 5.21223e-05 0.0254276 -0.00231816 0 -0.0003052 -0.00503677 0 0.00441476 0 0.00151349 -0.0135257 -0.00283835 -0.00807036 0.000721891 0.00262545 0.00830575 0 0.00835828 0 0 5.59706e-05 0 0.00887756 0 -0.00482619 -0.000300143 5.76682e-05 0.0281583 0.00706549 0 -0.0047697 0 -0.0180716 0 0
0.00494656 0.000938584 0.0363287 0.0116523 0.00370825 0.0193934 -0.00153177 0 -0.000110959 0.000631069 0.00323594 0.00352858 0.00168034 0.0121188 0.00735273 0.00747668 0.00577638 0.0092259 0.00424221 0 0.0269933 0.000823513 0 0.015388 0.008347 0.00816665 0.00871539 0.00186806 0.0047344 0 0.00767733 0.00820571 0 0.00578108 0.00164465 4.46636e-06 0.0271591 0.00836059 0.00668876 0.00211041 0.00207995 -0.0133948 0.00736652 0.00491134 0.0221921 0.00511609 0.0288083 0.00202264 0 0.00808045 0 0.00846627 0.00417725 0.0121553 -0.0131886 0 0.0132081 0 0.00230567 0.000282613 0 0.00822132 0 -0.000238149 0.019408 0.00335063 0 0.03244 0.00298511 0.00822389 0.0075219 0.00222466 0.00585335 0.00275186 0 0.013536 0 0 0 -0.00203 0.0254799 0 0.0028921 0.0140869 0 0.00818873 0.00158458 0.000841599 0 0 0 0.0166441 0.00159685 0 0.0216219 0.00709555 0 0 0 0.000182324 0 0.000176191 0 0.00714191 0 0.0131042 0.00666519 0.000255002 0.0303616 0 -0.00863411 0 0.00675812 0.0227566 0 0.00614848 0 0 0.00874016 0 0 -0.000953925 0.0071833 -0.002458 0 0.00412957 0.01668 0 -0.00555691 0.0167059 0.00130902 0 0.0241588 0.000314272 0.00986675 -0.0139964 0 0 0 0.0145977 0 0.00616146 0.00567932 0.00477661 0.00251663 0.0145987 -0.0210632 0.00166754 0.00632181 0.000364227 0 0 0 0.00883116 0 -0.00297369 0.000320596 0 0.00375527 0.000646609 0 -0.000530861 0 0.000240592 0.0081693 0.00816681 0 0.00455435 0 0 0 0.0111726 0.0139361 0 0 0 4.7281e-05 0.00256924 0 0 0 0 0 0 -0.00450558 0.00569975 0.000767738 0.0202724 0 -0.000158913 -0.00435893 0 0 0 -0.00569172 0 0.0019175 0.00500396 0 0 0 0.0010908 0 0 0.00633818 0 0 -7.32891e-06 0 -0.0207449 -0.00801631 0 0 -0.00934833 0 0
-0.00226256 0 -0.000176257 -0.0207324 -0.00403947 0 -0.0249426 -0.000110959 0 0 -0.000503358 0 0 -0.0111958 0 0 -0.0153615 0 -0.00672391 0 0 0 0.00979781 0.00331943 0 -0.00113368 -0.00549143 0 3.09054e-05 -0.0176532 -0.00936457 -0.00740445 0.0242902 0 0 -0.0046546 -0.00347489 -0.00871883 -0.0125677 -0.00163796 0 0.00193804 -0.00012755 -0.0851305 -0.00849409 -0.000182653 -0.014277 -0.0204066 0 0 0.0110975 0 2.79628e-05 0.000410267 -2.02703e-05 0.0150632 -0.00440904 0.00118251 0 0 -0.00425196 0 -0.0461851 0.000395234 -0.00772679 0.00500437 0.00380789 0 0 0 -0.00680232 -0.00910807 -0.000477902 0 0 0 0.00156536 0.0120216 0.000381898 0.000247277 -0.00087404 -0.00896029 0 -0.00253903 0.0206178 0.000256791 -0.0061502 0.00820516 0.0146784 0 0.00127085 -0.017908 0 0.00671712 0 0.000478947 0 0.0057752 0.00607471 0.00142295 0.00728033 0.001035 -0.000716912 -0.0122143 0.0180265 -0.0107026 0 0 -0.0039311 0.00331814 0 0 0 -0.00464859 -0.00143933 -7.66661e-06 0.0169457 -0.00399155 -0.00519883 0.00769738 7.49841e-05 0 -0.00514782 0.0159286 0 -0.0125508 -0.00609873 0.00649143 0.00880976 0 0 -0.000144782 -0.0125461 0 0 0 0.00342464 -0.00650114 0.00029113 -3.13134e-05 0.0213622 -0.000326271 -0.00600311 0.00340162 -0.00230603 -0.00424399 0.000139058 0 0 0 0.00319881 0.0114958 -0.00929413 0 0.000870363 0.000511555 0 -0.00411692 0 0.00305105 -0.000404315 -0.0275046 0 -0.0051117 0 0 0.0102781 0.012866 0.00827908 0.0108166 0.00973706 0 -0.000425156 0.00537341 -0.0177489 0 -7.51876e-05 0.00143678 0 0.00563335 -0.0157154 -0.00829148 -0.00482875 -0.00192475 0.00091546 -0.00211843 0.00631721 -0.00481768 -0.0124725 0.00386903 0.000751023 -0.00494193 0.00599424 0.0414985 0 0.00297208 0.000385182 -0.00622797 0.0082731 0 0 -0.0076163 -0.0050736 0.00399918 0 -0.00345356 0 -0.0095555 -0.0043701 0.0296162 0 0 0 0.0108633 0 0
0.0341472 0.0154305 0 0 0.0440697 0 -0.00413109 0.000631069 0 0 0.0186089 0.00447204 0.0197025 0.0191312 0.00239802 0.0256359 0 0 0 0.00568816 0 0.00773197 -0.000961826 -0.000671661 0 0 0 0 0.0298616 -0.00504254 0.0012642 0 -0.000983934 0 0 0.00212319 0 0.000770161 0 0 0 -0.00619971 0 0.00579425 0 0 0.000900666 0 0.00879138 0.00152999 -0.00062966 0 0.00212443 0 0.00163003 -0.00585142 0 0 0 0.0220123 0.0122414 0.00350893 0.00775846 -0.000709193 0 0 0.0179384 0.000685291 0.00528741 0 0.00248289 0 0 0.0012938 -9.94946e-05 0 0 0 0 0 0 0.00227089 0.00403529 0 -0.000500878 0 0 0 -0.000153439 0.00624868 0 0.0228491 0 0.00593302 0.000445381 0 0.00953042 -0.00465989 -0.000750876 -0.00918542 -0.00327135 0.00888977 -0.00616158 0 0 0 0 0 0.000291524 0.0180471 -0.0202505 0 0 0.000822629 0.00147035 0.00206795 0 0.00289429 0 -0.00331164 0.00410703 -0.000319622 0 -0.00212828 -1.89569e-05 0 0 -0.00141624 -0.00203452 0 0.00688802 0 0.00115843 0 0 -0.00403744 0 0 0 0 -0.00521628 0 0.000256527 0 0.00555903 0.00676741 -0.00434904 0.00757853 0 -0.000135213 0 0 -0.00183724 0 0 -0.00287943 0 0.00949078 0 0.00255262 -0.00622826 -0.00215642 0 0 -0.00755318 0 0 -4.84371e-06 -0.00176675 0 -0.00125156 0 0 -0.000497718 0 0 -0.00784718 0 0 -0.0050123 0.00316284 0 0 0 -0.000470905 0 0 0.000335985 0.00129932 -6.69219e-05 -0.00727641 0.00255411 0 -0.000103433 -0.00240861 -0.000650646 -1.38184e-05 0 0 0 0.0057591 0.000231824 0 -0.00184413 0 0 0 0 0 -0.00131781 -0.00162418 0 0 0 0 0
0.0368224 0.00987536 0.00121897 0.00449869 0.000581076 0.000360722 -0.00083122 0.00323594 -0.000503358 0.0186089 0 0.0223512 0.0316195 0.0771787 -0.0333476 0.0129254 0.00409319 0.000560792 0 0.0550662 0.000208469 -0.0330696 0 0.0140008 0.0046803 0.00438063 0.000110588 0 0.00227783 1.96883e-05 -3.9178e-05 0.00103226 0 0.00574735 -0.0291701 0.00168019 0 0.00764207 0.000876177 0 0 -0.011381 0.0212639 -3.57221e-05 0.00421755 0 0.0160678 0.00129088 0.0158678 0.00493483 -0.00806241 0.0111741 0.0110675 -2.27958e-05 0.00187846 0 0.000230187 0 0 0.0240629 0 0.0103368 0.000254427 -0.00141095 0.00114064 -1.13806e-05 0.0129836 -0.000913224 0 0.00524133 0.00464671 0.00458331 0.00225576 0.00641006 1.54059e-05 0.00238374 0 0 0.00665504 -0.000483042 0.000184761 0 0.0454299 0.00535571 0 0 0 0 -0.00332437 0.00115338 0 0.0472769 0.00596914 0 0.00464829 0 0 -0.00259824 0 -0.00142251 0 0.00124749 0 0 0.00657695 0.00551983 0 0.000493588 0.00903769 0.023323 -0.0165389 0 0.000288588 0.00484757 0.00431654 -3.64532e-05 0 7.45717e-05 0 -0.00275955 0.0139632 -0.002254 0 -0.0177094 0.0182029 2.00306e-05 0.000510567 -0.000434437 -0.00334014 0.00199379 0.00463383 0 0.00285965 0.00111151 0.00441748 -0.0146855 0.0110769 0.00375001 0 0.000169613 0 0.0224272 0.0107817 0 0.193648 0.0062586 -0.0081796 0.0450102 -3.01969e-05 0 0.00261467 0 0 0 -0.00286035 -0.00378541 0 0 0 0.0305484 0 0 0.0122152 0.00194903 0 0 -0.00249446 0.00775951 -0.0196604 0 -0.00404557 -3.66627e-05 0.0030789 0 0 0 0 0.00600975 0 -0.0109786 0.000636976 0.00295323 3.01328e-05 0 -0.0015123 0 -0.0292711 0.00595923 0.00293813 -0.00353048 -0.00784216 0 0 -0.00257263 -0.00754346 0 0 0 -0.0107061 0 0.00468891 0.0104133 0.00233778 -0.00862795 0 0 0 0.00681296 0.00054177 -0.00184562 -0.00732797 0 0 -0.000171061 0 0
0.0372489 0.0459501 0.000212352 5.52295e-05 0.0362322 0 -0.0155228 0.00352858 0 0.00447204 0.0223512 0 0.0269057 0.051539 0.0117507 0.0172601 0.00163195 0 0.00181631 0.0236119 0.000779991 0.0332014 -0.00354119 -0.00409358 0.0075418 0 1.83301e-05 0 0.0211075 -0.00890292 0.00050532 0.00111388 -0.00131245 0 0.00199003 0.0174398 0.000270343 0.00854164 0 0 0 -0.00991938 -0.000370242 0.00817215 0.00116917 0 0.00217474 0 0.00591528 0.00636565 -0.00207645 0.00501129 0.011845 0.00102501 0.00613662 0 0 0 -0.00678465 0.00989056 7.47787e-06 0.0304051 0.00115082 -0.0109094 0.000896064 0.0037354 0.0291711 0.00153004 0.0206508 0 0.000154124 -3.2656e-05 0 0.0013453 -0.002158 0.00402786 0 0 0 -0.000792214 0 0.00212775 0.00488857 0.000497436 -0.000437655 -0.0119794 0 0 -0.00232395 0.0111169 0 0.0206726 0 0 0.00399608 0 0.000593133 -0.00652415 -0.00225244 -0.0149345 -0.00979447 0.00390422 -0.00908275 0 0 5.37139e-05 0.00189057 0 0.00175809 0.00127727 -0.0157279 0 0.000285243 0.011831 0.0052826 0.0281336 0 0.00685918 0 -0.00447932 0 -0.00192684 0.00051646 -0.00679483 0 0 0 -0.000941072 -0.0029364 0 0.0259749 0 0.003875 0 0 -0.00287983 0.000741574 0 0.0023523 0 -0.00119158 0 0 0 0.0147722 0.00947311 -0.00222086 0.00019748 0.00872833 -6.76399e-05 0 0 -0.00761007 0 0 -0.00173597 0 0.00531711 0 0.00410831 -0.00404539 -0.00411191 0 0 0 0 -0.0019568 0.00129552 -0.00560714 0 -0.00128082 0.0109865 0.00182441 -0.00116698 0.000277125 0 -0.000800976 0.000600658 0 -0.00237924 0.0107416 0 -0.00408411 0 -0.000242046 0 0.00283267 0.00348545 0.00537235 -0.00190887 -0.00206106 0.0043735 0 -0.0022953 -0.00193214 0 -0.00113737 4.51111e-05 0 0 0 0 0 -0.000112698 0 0 0 0 0 -0.00231939 -0.00100372 0 0 0 0 0
0.030749 0.00637543 0 0 0.00481671 0 -0.00461772 0.00168034 0 0.0197025 0.0316195 0.0269057 0 0.0265682 0 0.0236094 0 0 0.000878852 0.0215292 0 0.0165868 -1.08515e-05 -0.0016039 0.00261345 0 0 0 0.0287339 -0.00325215 -2.09781e-05 0 0 0.000345803 0.00360462 0.0134302 0 0.00422792 0 0 0 -0.00251958 0 0.00435978 0 0 0.000429146 0 0.00639433 0.000894975 0 0.00519002 0.00367155 0 0.00222192 0 0 0 -1.35466e-05 0.00744008 0.00399921 0.033217 0.00023218 -0.0015162 0.000465799 0.00198752 0.0214245 0 0.0247673 0 0 -0.0106311 0 0.00162902 0 0.00217144 0 0 0 0 0 0 0.0135365 0.00228017 0 -0.00673118 0 0.000333906 0 0.0300728 0 0.0218346 0 0 0.000613473 0.000191898 0 -0.00079443 0 -0.000902419 0 0.00729489 -0.00303115 -0.0211504 0 0 0 0 0.00255165 0.0154181 -0.00879644 0 0 0.00418989 0.000100803 0.0177379 0 0 -0.00816628 0 0.00105211 -0.000748206 0 0 0 0 0 0 0 0 0.0210765 -2.06302e-05 0.00048689 0.0103863 0 -0.0027143 0 0 0 0 0 0 0 0 0.0176287 0.00615159 -0.00157202 0.00131435 0.000909903 -0.00602765 0.00836137 0 -0.00315723 0.0010614 -7.48903e-06 -0.0011218 0 0.00110881 0 0.0163641 -0.00108799 -2.59181e-05 0 -1.12429e-05 -7.73751e-06 0 0 0.00511411 0 0 0 0.00604557 0.00170864 0 0 0 0 0 0 0 0.00759015 -1.1323e-05 -0.000537901 0 0 0 0.00068092 0.000619719 0 0 -0.00101545 0 0 0 -0.00303742 0 -0.00524654 0 0 0 0.000859581 0 0 0 0 0 0 0 -0.000190155 0 -0.000807512 0 0 0 0 0
0.0207652 0.0239039 0.00107482 0.00394207 0.0232906 0.0033339 -0.00122378 0.0121188 -0.0111958 0.0191312 0.0771787 0.051539 0.0265682 0 -0.0734958 0.0399494 0.00214679 0.00286688 0.0135934 0.00270835 0.00500426 0.00794371 0.00556729 -0.0145845 -0.00792104 0.00348862 0.000287082 0.0104491 0.00638562 -0.00223076 0.00621429 0.00420589 -0.0010311 0.0283379 0.0103825 0.0263073 -0.00239434 0.0137289 0 0 0 0.000741424 0.00156281 0.0172749 0.00950754 0 0.00651218 0.00141073 0.0374039 0.00801994 -0.0028271 0.0335958 0.00816049 0.00638255 0.0411889 -0.0009988 0 0 0 0.0187109 0.024956 0.0431558 0.00741614 -0.0221158 0.00389619 0.0333443 0.0125607 0.0130974 0.0105233 0 0.0128929 0.000345916 0.00457356 0.000383338 -4.99498e-05 0.0156356 0 0 1.38319e-05 0 0.00103184 0.0226235 0.0240236 0.0077667 0 -0.0125848 0 0 -0.0320645 0.0014183 -0.0199156 0.0466466 0 0 0.00917311 0.0045867 0.0150192 -0.00480917 -0.00272637 -0.0289099 -0.0288221 0.00634104 -0.00592638 0.00893596 0 0.00215788 0.00377426 0.000714373 0.00453402 0.00143565 -0.0291184 0.0144609 0 0.00563373 0.0380002 0.0201591 -0.000837673 0.0123186 0.00767334 -0.0121504 0 -0.00547851 0.00750022 -0.00562478 0 0.00250009 0.000242079 -0.00800944 -0.0136367 0.00235997 0.0259694 -0.00206513 0.0136709 0 0 -0.00397053 0 0 0 0.00326063 -0.000428807 -2.92881e-05 -0.00167351 -8.14011e-06 0.0479214 0.0131544 -0.00525089 0.0368747 0.0125594 0 0 -1.46056e-05 -0.00336275 0 0 -0.00613285 0 0.00945252 0 0.0099111 -0.00405018 -0.00308141 0 0.000382065 0 0.00563931 -0.000533535 0.0075476 -0.00141427 0 -0.00614914 0.0260831 0.000197682 0 0 0 0 0 0 -0.0026203 0.00220673 0 0 0 -0.00209796 0 0.0247295 0.0173858 0.00698319 -0.0134164 -0.00709441 0.0352206 0 -0.00125295 -0.00849646 0 -0.0213473 0.0143338 -0.000144264 0 0.000305009 0.00214605 0 -0.00321376 -0.0110514 0 0 0.000897438 0 -0.00637648 -0.00960695 0 0 0 0 0
0.00288235 0.0100629 0 0 0.0476165 0 -0.0278958 0.00735273 0 0.00239802 -0.0333476 0.0117507 0 -0.0734958 0 0 0.00319999 0 -0.0045194 -0.00425518 0 0.0138695 -0.0163007 -0.0203635 0 0 0.00255404 0 0.0202432 -0.0152757 0.00265559 0.00232003 -0.00841901 -0.00454688 0 0.00169006 0 0 0 0 -5.26168e-05 -0.0193968 -0.0110368 0.00452705 0 0 0 -3.33686e-06 -0.000344086 0 -0.00315923 0 0.0155383 -0.00473596 -0.000487323 -0.0147367 0 -0.0104151 -0.000726293 0.00124021 0.00586612 0 0.00192341 -0.00668559 0 -0.00362756 0.00786491 0 0.0153057 -0.000716842 0.00150926 0 0 0 -0.00948279 0 -0.00243695 -0.0047043 -0.0365817 -0.00608115 0 0.0112125 0 0 -0.00762945 0 0 -0.00377856 0.0019791 0.00859778 0 0 0 0.00957287 0 -0.00177818 0.00181814 -0.0145421 -0.0210594 -0.00456202 -0.00532673 0.00376993 -0.00823364 0 -0.00242561 0 0 -0.00195118 4.50211e-05 -0.00218724 -0.0122149 -0.000199489 0 0.00217734 0.00148711 0.0332032 -0.00339919 0.0127495 0 -0.00544898 0 0 0 -0.00672449 -0.0181104 0 0 -0.00332087 -0.0216564 0 0 0 0.00267536 0 0 -0.00806558 0 0.000195106 -0.000758342 -0.00217315 -0.00895725 0 0 -0.000785637 0 0.00982235 -0.0013908 -0.000751527 0.00645053 -0.0107221 0 0 -0.00868118 0 0 -0.0052662 0 0.00814787 0 0 -0.0157174 -0.00880544 0 0 -0.000183198 -0.000996784 -0.00504908 0 -0.00872119 -0.00603726 -0.00840728 0 0 -0.0244311 0 0.00147315 -0.00661847 0 0.000450677 -0.00441299 0.00899192 0 0 0.00197907 0 0 0 0 0.00477001 0 -0.000302965 0.00998626 -0.00252885 -0.00677354 -0.00254027 -0.00417228 -0.000199987 0 -0.00401711 0 0 0.000348645 0 -0.00148663 0 0.00303266 0.011814 0 6.19419e-05 -0.00570742 0 0 0 0 0 0
0.023712 0.0341679 0.00434968 0.00199063 0.0143295 0.0122148 -0.0133647 0.00747668 0 0.0256359 0.0129254 0.0172601 0.0236094 0.0399494 0 0 0.00311075 0.0143511 0.0109301 0.00965448 0.00712628 0.0373972 -0.00234562 0 0.0149821 0.00103375 0.00014694 0.0153649 0.0449716 -0.015058 0.00165458 0.00131794 -0.00167584 0.012557 0.0129621 0.0268779 0.00263612 0.00651263 6.7675e-05 0 0.00116741 -0.00815637 0.00156739 0.0201234 0.00857267 0 0.000318221 -5.92417e-06 0.00404469 0.0164611 0 0.00393755 0.0256969 0.00950844 0.0211313 0 0 0 0 0.0306648 0 0.06291 0.0114503 -0.00756069 0.00428777 0.0314442 0.0391527 0.0167363 0.0415225 0.000900732 5.83815e-05 0 0 0.00290331 0 0.0143864 0.000990183 0.0120261 0 -8.9716e-05 0.000555191 0 0.01783 0.00541185 0.00595085 0 0 0.00514444 0.00226648 0.00566408 0.000400968 0.0321379 0 0 0.00910575 0.00662103 0.0139597 0 0 0 0 0.0174114 -0.00492843 0.00182026 2.11056e-05 0.00235237 0.00222049 0.000540896 0.00605725 0.0214932 -0.0146285 0.00053965 0.00395887 0.00347187 0 0.029512 0 0 0 0 0.0072596 -0.00583914 0.000266232 0 -0.000460977 1.08949e-05 0.00202611 0 0 0.00569121 0.0418328 -0.000539004 0.00245311 0.00549422 0.000190435 -0.0101773 0.0150667 -0.000200948 0 0.00410761 -0.00023032 0 0 0 0.0159369 0.0123715 -0.00827673 0.0032536 0.0096847 0 0 0 -0.00521592 0.00547937 -0.0016938 -0.00655854 0.023177 0 -2.85125e-05 0.0141925 -0.00853075 -0.00995451 0 0 0 0.000422832 0.00110414 0.0130684 0 0.0020263 0.000503189 0.0187379 0.00918752 0 0 0 0 0.00531017 0 0 0 0 -0.000648742 0 -0.00104993 0 0.00546892 0.0164963 0 0 -0.00607614 0 0 0.00250791 -0.00591539 0 0 0 0.00111661 0 0.00758562 0 0 0 0 -0.00029259 0 0 -0.00169898 0 -0.0119729 0 0 0 0 0
0.00188937 0.00324867 0.00406836 0.0111856 0.00512228 0.00114285 -0.00176836 0.00577638 -0.0153615 0 0.00409319 0.00163195 0 0.00214679 0.00319999 0.00311075 0 0.00616279 -0.00074751 0 0.00229342 0 -0.00063048 0 0.00383457 0.00480104 0.0319259 0 0.000364571 -0.000486428 0.0160682 0.0339617 -0.00614026 0 0 0 0.00944927 0.00415563 0.0242359 0.0169215 0 -0.0370753 0 0.00278043 0.00897826 0.0282613 0.0155046 0.0220897 0 0.00490878 -0.000990764 0.00226096 0.000770807 0 0 0 0.0207787 0 0.000839238 0.00267397 1.91617e-06 0 0 -0.00143364 0.00699303 0 0 0.0116005 0.000885886 0 0.0150528 0.01113 0.0157537 0.00144399 -0.000231714 0 0 -0.00985168 -0.000416104 -0.00237398 0.00993895 0.00668239 0.000691808 0.00334038 -0.00661015 0 0.00588323 -0.00204643 -0.00412392 0 0 0.00919657 0.0089367 0 0.00569681 0 0 -0.00935087 -0.00267493 -0.00270913 -0.00324114 0.00445882 0 0.0101711 -0.00458976 0.00835318 0.00238962 0.0031575 0.021824 -0.000721911 -0.00433681 0 0.000854341 0.0151672 0.00133022 0.00253119 -0.00187743 0.00250429 0.00313397 -0.00335053 -0.000246618 -0.00247437 0.00465278 -0.0100983 -9.66291e-05 0.0167604 0.00879365 -0.00192805 -0.00760283 0.000775415 0 0 0.0138722 0 0.00317384 -0.00807965 0 0.00617249 0 0 -0.0190698 0.0179876 0.00669134 0 0.00370607 0.00447292 -0.0166721 0.00058558 0 0 -0.000541967 -0.00113875 -0.000640525 0 -0.00198506 -0.00660863 0 0.0021455 0.000155038 0 0 -0.00136107 0 0.00117966 0 0.00129266 -0.00829157 0 -0.0071728 -0.00137677 -0.00529215 0.00272298 0.00519653 -0.00341665 0.0098669 0 -3.38517e-05 0 0 -0.00657979 0.00417255 0.00690467 0.00143054 0.000296841 -0.0158123 0.00288117 0 0.00350916 0.0124823 -0.000613534 -0.00749734 0.00407686 -0.00156453 -0.0115429 -0.0147633 -0.000241389 0 0.00341888 -0.0070076 0 0 0.00792717 0.000841512 -0.00123975 0 0.00163989 0 0.00692339 0.00508379 -0.0122512 -0.0112371 0 5.87309e-05 -0.00253831 0 0
0.00150574 0.00591779 0.0189146 0.0105711 0.00362714 0.0352254 -0.0266692 0.0092259 0 0 0.000560792 0 0 0.00286688 0 0.0143511 0.00616279 0 0.0158812 0 0.0048975 0 -0.0091034 0.0153774 0.00374246 0.0302614 0.00403065 0.0356954 0.00757726 -0.0101475 0.01354 0.0122423 0 0.0220001 0.00366005 0 0.0139658 0.00854443 0.0232932 0.00847155 0 -0.0104831 0.0210479 0.00129729 0.00601352 0.00903311 0.00774802 0.00572757 0 0.0325544 0.000377494 0.00899278 0.00363537 0.0129388 0.0120782 0 0.00808979 0 0.0139117 0.000807725 0 0.00381205 0 0 0.0192956 0.0122708 0 0.0362244 0.00503836 0.0186966 0.0161352 0.0111614 0.00957599 0.00566369 0 0.00438193 0 0.00183495 -0.00924892 0 0.00574097 -0.00292144 0.00155224 0.000986463 0.00309234 0.00216792 0.00514362 0.00142785 0.00183654 0 0.00865628 0.00650007 0.00145512 0 0.00425589 0.0181723 0 0 0.000900497 0 0.00056098 0 0 0.0250663 0 0.0100319 0.0010377 0.00873283 0.00678218 0.00410411 -0.00363459 0 0.00481108 0.00303353 0 0.00165598 0 0 0.0227559 0 0 -0.00293767 0.00230008 0 -0.0037667 0.00694594 0.00834179 0 0 0.0237588 0.0016 0 0.00387896 0 0.00164934 -0.00770155 0 0.00298726 0 0.0177922 0.000567922 0.00523368 0.00828423 0.00201265 0.00534949 0.0145758 -0.00724166 0 0.010966 0.021027 0 0 -0.00702384 0 -0.00147591 -0.00605104 0 -0.000447188 0.00201154 0 0 0 0 0.0045803 0.000835315 0.00840558 0 0.00114431 0 0.00112275 0.000687699 0.013288 0.00985078 0 -0.00633 0 0.00090449 0.00340771 0 0.000830573 -0.000568099 0.00559815 0.000486215 -0.00492497 -0.00212918 0.0016815 0.00195355 0.0167448 -0.000407317 -0.00095338 -0.00755873 -0.00314269 0.000825907 0.00116303 -0.00734448 0.0015224 0.000650041 0.000536741 0 0 0 0.0146706 0 0 0.000238326 -0.00165804 0 0.00577169 0.00200578 0 -0.00679535 0 0 0 0 0
0 0.00172906 0.00182731 0 -0.00309989 0.00914544 -5.99912e-05 0.00424221 -0.00672391 0 0 0.00181631 0.000878852 0.0135934 -0.0045194 0.0109301 -0.00074751 0.0158812 0 0 0.0116981 0.037658 -0.0237191 0 0.00771 0 -8.45041e-05 0.0273748 0.0196857 -0.0258038 0 0 0.0352907 0.0341424 0.0211145 0 0.00559169 0.00289127 0 0 0.00304636 0.00324089 0.0173626 3.67863e-05 0.00204107 0 -0.00649233 0.000733904 0 0.0118133 0.0109052 0.0160627 0 0.0322208 0.0319093 0 0 0.00737683 0.00595774 0 -0.00765457 0.0140369 0.00329896 0 0.00814991 0.0363494 0.00171119 0.00810853 0.00452506 0.00148119 0 -0.00362282 0.00141504 0.00748908 0.00460586 0.0155375 0.0112427 0.0237301 0.00259692 0.000580511 0 -0.0127997 0 0.00162454 0.0259306 0.00838734 0 0.0218404 0.0234132 0 0.00754776 0.00977808 0 0 0.00178668 0.0129965 -0.00147635 0.0158518 -0.00550792 0.0130878 0.00971908 -0.00610338 -0.00182358 0.00604189 0.00752604 0 0.0209196 0.000579566 0.000922769 0.0225785 -0.00379554 0.0115674 0.00488215 0 -0.00510765 0.0206806 0.00752622 -0.0129568 0.0180309 0.0253349 0.00954984 -0.00704328 0.000462601 0.0238147 0.00214702 0.000347046 0 0.0121287 0.0222038 0.00932641 0.0116975 -0.000159535 0 0.0197177 -0.00257573 -0.00206387 0 -0.0101313 0.00353873 0.0287577 0.0516217 0 -0.00171123 0.00948807 0 0.0332938 0.00105429 -0.00813673 0.0471797 0.0103453 0.000207069 0.0197106 -0.0179426 0.010825 -0.000148829 0 0.00149939 -0.011913 0.0020644 0.00644858 -0.00409149 0.00152987 0 -0.00159869 0.00703652 0.02641 0.0219843 0.00966599 0.0401657 0.0407315 0.0223456 0.0563857 0.0037748 0.0114964 -0.00132973 0 0.00841914 0.0163014 0 0.0157692 -0.0180887 -0.0069938 -0.0104555 -0.0191014 0 -0.000117993 0.0480982 0.024175 -0.0367005 0 -0.00110357 -0.0097408 0.0157016 0.0234885 -0.000590849 0.0102856 0.000252293 0 0.0179855 0 0.00319969 -0.00571289 -0.0043049 0.00834449 0.00709575 -0.0162691 -0.0115474 -0.00746689 -0.019155 0.0116233 -5.98551e-05 -8.11892e-05 -0.00352123 0.000530308 0 0
0.0241958 0.0117117 0 0 0 0 0.0308566 0 0 0.00568816 0.0550662 0.0236119 0.0215292 0.00270835 -0.00425518 0.00965448 0 0 0 0 0 0 0.0416001 0 0.00138811 0 0 0 0 0.00482771 -0.00693712 -2.39579e-06 0.00369336 0.00495834 0 0 0 0.00735491 0 0 0.023966 -0.00329487 0.00696428 0 0 0 0 0 0.0334359 0 0.000182362 0.00204127 0 -0.00187805 0.00249689 0.0140442 0 0.000159152 0 0.0191591 0 0.0277812 0 0 0 -0.00362007 0.0229853 0 0 0 -0.00160411 0 0 0 0.00262405 0.000711307 0.0239639 0.00548606 0.00765623 0 0 -0.00147063 0.010151 0 0.00369545 0 0 0.00790663 -0.00211 0 0 0.0117419 0 0 0 0.000158045 0 0.000631482 0.00769825 0 0 0 -0.000370277 0 0.00442491 0 0 0 0 0.0254277 -0.0274663 0.014399 0 0 0 3.97514e-05 0.00320091 0 0 0.000723692 0.0176221 -0.00763283 0 4.52913e-05 0.00659179 0 -9.59982e-06 0.000108068 1.04905e-05 0 0.0178314 -0.0201556 0 0 0 -0.00360458 0 0 0.000929581 0 0.0042182 0 0.00143144 0 0.0129902 0 -0.00038485 0.0230099 -3.42051e-05 0.00135501 0.0102666 0 0.00180475 0 0 -0.000191799 0 0 0 0.0152021 0 0.00217061 -0.0266085 0 0.000358933 0 0.00129891 0.0154713 0.00162107 0.00155029 0.00136008 -3.50391e-05 0.00211054 0.0244626 0 0 0 0.00132366 0 0.00106672 -0.000738876 0 0 0 0 0 0 0 -0.0011058 0 -0.00205249 -0.00101705 0 -0.00292857 0 0.000573169 0.000891303 0 0.00353277 0 0.0155375 0 0 0 0 -0.00075883 0 0 0 0.000781921 0 0 0 0 0 0
0.000978807 0.0012893 0.00833279 0.0112883 0.00151045 0.0119602 0 0.0269933 0 0 0.000208469 0.000779991 0 0.00500426 0 0.00712628 0.00229342 0.0048975 0.0116981 0 0 0.0129198 0.000113296 0 0.0126457 0.000395387 0.00361669 0.00839037 0.00263686 0 0.0062832 0.00889783 0.00129421 0.0134057 0.00698253 0 0.014977 0.00778593 0.00242738 0.00548875 0.00252951 -0.0103833 0.00382738 0.00330308 0.0344475 0.00160089 0.00889335 0.00457194 0 0.0186714 0.00328203 0.0122278 0.0032524 0.0331004 0.00548593 0 0.00683515 0.000314634 0.00245443 0.000726108 0 0.0119427 0 0 0.0306677 0.00844748 0 0.0257706 0.004286 0.00283572 0.00114328 0 0.00524671 0.00570299 0.000145627 0.0198233 0.00756463 0.00360027 0 0 0.0110007 -0.000139209 3.88068e-05 0.00819593 0.00398323 0.0304645 2.41915e-05 0.0131351 0.00471532 0 1.13781e-05 0.010399 0.00112267 0 0.00820105 0.00330375 0 0.00151636 0.00163628 0.00275697 0.00225731 0 0 0.00272448 0 0.00871921 0.00614889 0.000606244 0.0139097 0.00179136 -0.00697536 0 0.0225547 0.00501298 0 0.00722433 0 -0.000316565 0.00369503 0.00590245 0 -0.00303377 0.00934574 0 0 0.00500147 0.00813456 0.00141994 0.00029555 0.0151635 0.00220143 0 0.0201927 0.000372703 0.0137486 -0.00706377 0 0 0 0.0132071 0.00360846 0.000769027 0.00140244 0.0150501 0.000879171 0.0247761 -0.00775911 0.000514205 0.0126503 0.00231267 0 0 0 0.00133667 0 -0.00286752 0.00884608 -0.00184047 0.00765835 0.00111354 0 0 0 0 0.00325887 0.00801107 0.00227917 0.00569693 0.00181444 0.00378975 0.00255297 0.0239194 0.0132253 0 0 0 0.00119906 0.00715807 0 0.00070113 -0.00086332 0 0 -0.000973071 -0.0031483 9.81709e-05 0.0218724 0.011424 -0.00149534 0 -0.00508215 -0.000510903 0.00156113 0.00255474 -0.008359 0.002625 0.00338324 0.00132334 0.00163292 0 0 0 0 0 0.0170221 -0.00224288 0 0 0 0 -0.00668608 -0.01659 0 0 0 0
0.0130531 0.0445897 0 0.000252649 0.00899579 0 -0.0284235 0.000823513 0 0.00773197 -0.0330696 0.0332014 0.0165868 0.00794371 0.0138695 0.0373972 0 0 0.037658 0 0.0129198 0 -0.0306462 -0.0256766 0.0160449 -0.0191808 0 0.0156615 0.0303086 -0.0306502 0 0 -9.09779e-07 0.00463092 0.00947701 0.0389643 0.00323363 0.00330272 0 0 0 -0.00230143 -0.0246606 0.0368824 0.00137773 0 0.000423729 0 0 0.00921147 0 0.00168351 0.0154575 0.0110437 0.0128879 0 0 0 -0.0247955 0.00694704 0.00129602 0.0288386 0.00715778 -0.0117054 0.00384876 0.0165798 0.0356907 0.00462623 0.00818366 0 0 -0.0109584 0 0.000273796 0 0.0120396 0 0.0017302 -0.00322952 0 0 0 0.00181604 0.0020278 0 0.000139507 0 0.00790487 0.000612581 0.0113258 0.00916514 0.00302819 -1.68895e-05 0 0.00829911 0.000608303 0.00159787 -0.0129643 0 0 -0.0166644 0.0100277 -0.0126301 -3.22264e-05 0 0.00036078 0.00459035 -0.0121036 0.00547245 0.00507612 -0.0241567 0 0.00628082 0.00435535 0 0.0558425 0 0.00151682 -0.0153766 0 0.00158591 -0.00316361 0 0 -0.002421 0 0 0 -0.00904831 0 0.0143756 -0.00448638 0.000776286 0.0021141 0 -0.00442203 0.00960403 -0.00753782 0.00391488 0 0 -0.0223155 -0.000877833 0.00178587 0 0.0216815 -0.00184778 0 0.0298243 -0.0146868 0.000179571 0 -0.033849 0.0122165 -0.000170814 -0.00200258 0.00758562 0.00587914 0.000317764 0.00567215 -0.0240678 -0.0109424 0.00670515 -0.0112367 0 0 0 0.00674549 0 4.20062e-05 0.00753162 0.0272471 0.000889224 -0.00212193 0.000978842 0 0 0.00139093 0 -0.00367426 0.0129351 -0.00552171 -0.0176921 0 0 0 0.0246743 0.0131387 0 0 -0.00542756 0.0023336 0 0.00324633 -0.00394303 0 -0.00147698 0 0.00338684 0 0.000346809 -0.000384431 -0.00912148 0 0.000948737 0 0 -0.00394813 -0.00619503 0 -0.00157558 0 -0.000637117 0.000826103 0 0
-0.00304529 -0.0097166 0 -0.00304022 -0.0081657 0.000558608 0.22261 0 0.00979781 -0.000961826 0 -0.00354119 -1.08515e-05 0.00556729 -0.0163007 -0.00234562 -0.00063048 -0.0091034 -0.0237191 0.0416001 0.000113296 -0.0306462 0 0.0103393 0.0141608 -0.000879306 -0.000810419 -0.0177805 -0.0217717 0.132859 0.0109273 -0.00095203 0.0128531 0.0152193 -0.0106969 -0.0146944 -0.00324235 1.42573e-05 0 -0.000153751 0.0339067 -0.0368239 0.0147504 -0.0263334 0 0 -0.00242668 0.000351165 0 -0.00469421 0.0147652 0.00238563 -0.00558139 0.00474602 0 0.00376977 0 0.00466371 0.000583159 -0.0035925 -0.0132604 0 -0.0169196 0.0257188 0 -0.00778177 0 0 -0.00526578 0.00178517 -0.00858358 4.8717e-05 9.50695e-06 0 0.00946867 0.00393835 0.0242035 -0.0324369 0.0121397 0 -0.000789818 -0.0184837 -0.00394117 0 0.0150751 0.00301003 -0.000194783 0.010145 0.00434927 -0.00779086 0.00299112 2.42457e-05 0.0059749 -0.0101258 0 0.00312297 -0.0180477 0.01172 0.0142291 0.000162695 0.0178847 -0.00649767 0.00236581 -0.00160362 0.00426851 -0.00189521 0 0.000795269 0 0.00283774 0.000375003 0.00127015 0 -0.00478701 -0.0159138 -0.00929326 0.0128666 -0.0206115 0 0.0200488 3.35904e-05 0 2.26772e-05 0.0126842 0.00481593 0 0 0.00915557 0.0118435 0.00180067 0 0 2.81872e-05 -0.0102231 0.0116408 -1.84028e-05 0 6.45915e-05 0 0 0.0160061 0.00335655 0.013842 0.00216321 -0.00231615 0 0 0.0575864 -0.0355094 0.00512142 0 0.00129078 0.150893 0 0 0 0 -0.00945369 0 0.00286261 0.00727874 0.0159058 -0.00194282 0.00986947 0.0042384 0.000300718 0.0116252 0 0.0257215 0.00889778 0.00745548 -0.0555815 0.00105521 0.0307336 -0.000937205 -0.00424287 0.00745317 0.0031001 -0.00510808 0.00934279 -0.012526 5.56217e-05 0.018427 -0.00317856 0 -5.59103e-06 0 -1.9955e-05 -0.0160488 0 0 -0.0109222 0.00294031 0.00206838 0 0.00445232 0.00971737 0 0.00972985 0 0.00124698 5.88471e-05 0 0.00618181 0.000117799 -0.00589791 -0.00110832 6.18092e-05 6.2068e-05 0.00725025 0 -0.000843377 0 -0.0177721 0 0
