0 0.073733 0.0108845 0.00186323 0.049625 0.014185 -0.0142756 0.000938443 0 0.0423834 0.0558615 0.0579102 0.0468306 0.00893012 0.017858 0.0197472 0 2.0584e-05 0 0.039498 0.000404959 0.0383727 -0.00400779 0.0012179 0.0206788 0 0 0.0035995 0.0143666 -0.0130467 0 0.000140742 0 0.000901738 0 0.0111619 0 0.0200378 0 0 0 -0.00849432 4.52372e-05 0 0.00288859 0 0.0143977 0 0.0101025 0.0254455 0 -0.00574312 0.0381158 0 0 0 0.00173435 0 0 0.0383367 0.0214508 0.0232485 0 0 0.00255174 0 0.0251466 0.00147044 0.0210633 0.00392328 0 0 0 0.00287582 0 0.00830848 0 0 0 0 0.00364519 0 0.0533013 0.0116457 0 0.000773967 0 0.000680571 -0.00770564 0.0228366 0 0.0340297 0 0.0133409 0.0138524 0.000467672 0 0 -0.0263479 0 0 0.0300061 -0.0196448 0 0.00148597 0.00239822 0.0059106 0 0.0111259 0.00587626 -0.0165635 0 0.00519362 0.00107155 -0.00078357 0 0.0102747 0.00403067 0 0 0 0 0.000551736 -0.00807198 0 8.17089e-05 0.00121195 0 -3.16946e-05 0.00433489 0.0347404 -0.00836259 0.0137815 0 0.003684 -0.00358189 0 -0.00654518 0.00314362 0.000234597 -0.00497415 0.000832788 0 0 0.0163264 0 -0.000496178 0 0 0 0.00491485 0 -0.0124826 0 0 0 0.000366177 0 0.00122907 0.0218442 -0.000481518 0 0.0233377 0 0 0 0 0.000373722 0 0 0 0 0 0 0 0.011786 0.00103142 0.00301412 0 -3.35727e-05 0.0323304 0 -2.86282e-06 3.05007e-05 -0.00177738 0 0 0.000253033 0.0141743 0 0 -0.00257256 0 0 -0.00214915 0 0.00165337 0 0 0 0.00273852 0 -0.00797528 0 0 0 0 5.95762e-07 -0.0145985 0 -0.000226425 0.00417915 0 0 0 0
0.073733 0 0.0060333 0.0041802 0.0524985 0.00122849 -0.035968 0.000638331 0 0.0416173 0.0178299 0.0704105 0.0408626 0.00852748 0.0448546 0.0381518 0 0 0 0.0349344 2.14765e-05 0.0331219 -0.0239202 0 0.0231887 0.000200068 0 0.00440651 0.0480024 -0.0314523 -0.0029937 0 0.000884823 0.000780685 0 0.0260773 0 0.00351565 0 0 0 -0.00931243 0 0.0135074 0 0 0.00704374 -2.11195e-05 0.0263279 0.0146487 0 0 0.0342298 0 0 3.39102e-05 0.00138344 0 0 0.0251682 0 0.0509922 0 -0.000647143 0.000717153 0 0.0504323 0.00110672 0.00852083 0.0018095 0 0 0 0.0033252 0 0.0127966 0 0 -0.00190928 -0.000181011 0.000756797 -0.0018207 0.0160932 0.00753158 0 0.001111 0 0.00174038 0 0.0243305 0.00669455 0.0200251 0 0.0231881 0.0172461 0.00340368 0 0 -0.0154184 0 0 0.0197076 -0.0211055 0 0.00618177 0.0021263 0.000725257 0 0.00544472 0.0114967 -0.0156456 0 0.00916279 0.000239025 -0.00297297 0 0.00418467 0 0 0 0.0068957 0 0 0 0 0 -2.13291e-05 0 0 0.000736157 0.0380165 -0.00175465 0.00355025 0 0.00294167 -0.00458008 0 -0.00896541 0.0213027 0.00102865 0 0 0 0.000659945 0.00411713 0 0 0 0 0.00017989 0.00533896 0 -0.0198486 0 0 -0.00522168 0.00643385 0 0.00020219 0.0173763 -0.0123312 -0.0195859 0.0194552 0 0 0 0 0.000178571 0 0 0 0.000503274 0 0 -0.00276248 0.0376922 0 0.00216577 0 0 0.0365092 0 1.83325e-06 0.0099538 -0.00189146 0 0 0 0 0.00541323 0 -0.00138794 0 0 -0.00181068 0 0.00515738 0 0 0 0.0234572 0 -0.00967595 0 0 0 0 -0.00267911 -0.00670974 0 0 0.014552 0 0 0 0
0.0108845 0.0060333 0 0.00970861 0.00322193 0.0496526 -0.0042458 0.0248838 -4.49642e-05 0 0 0 -1.70899e-05 0 0 0.00383568 0.00686221 0.00702821 -0.000956826 0 0.0168028 0.00301586 0.00244141 0.0120238 0.0120489 0.025449 0.0055199 0.00172695 0.00836996 0.000584584 5.84325e-05 0.015219 0.00586728 0.010812 0.00163182 0 0.00738492 0.0226794 0.0118765 0.00881805 0 -0.0115824 0.035813 0 0.0240965 0.00662696 0.0132739 0.0123478 0.00182702 0.0135533 0.00404729 9.58208e-05 0.0159985 0.00457214 0.00116866 0.00195041 0.00388415 0 0.0136723 0 0 0.00155841 0 0.00624496 0.00818405 0.00230933 0.00265272 0.018926 0.000510159 0.0154122 0.0044048 0 0.0060796 0.00622306 0 0.0155951 0.00157333 0 0 -0.00291521 0.0266683 -0.00225663 0.00450168 0.0173052 -0.000320236 0.0118569 0.00285474 0.00725952 -0.0108552 0 0 0.003724 0.0199884 0 0.0158825 0.00611236 -0.00119469 0.00161 0.000233222 0.00275115 0.0039422 0 0 0 0 0.00922008 0.0151236 0.0045726 0.0264844 0.00429253 -0.00532314 0 0.0154875 0.00733661 -0.00446425 0 0 -0.00235844 0.000341877 0.00485425 0.000127328 0 0.00750139 0 0 0.00429135 0.0198654 0.00159805 -0.00130824 0.00955782 0.00304822 0 0.0239475 0 0.0245508 -0.00851693 0 0.00161368 0.000467883 0.006708 -0.00483983 0.0120093 0.00747493 0.00287259 0 0.0027466 -0.0168077 0 0 0.00918865 0 0 0.00175 0.000636224 -0.000473411 0 0.00256498 -0.00402036 0.0132714 0.000948206 0 0.00240174 0 0 0.00707186 0.00382199 -7.60295e-05 0.000671904 0.00283335 0.00402776 -6.78604e-05 0.00122697 0.00569994 -4.31036e-05 0 0 0.0129253 0.0101328 0 0.003008 0 0.000564911 0 -0.0019173 -0.0104762 0.000958145 0.00350992 0.00598698 -0.000937988 0 -0.00176204 -0.00605084 0.000761899 0 -0.0120691 0.00410763 0.0054175 0.00373845 0.0037721 0 0.00106003 0.00101966 0 0.000620178 0.00268882 -0.00550308 0 0.0008937 0 0 -0.00992113 0.00505552 0 0 0 0
0.00186323 0.0041802 0.00970861 0 0.00440454 0.0150604 0.000717248 0.0213289 -0.0286874 0 0.00936721 0 -2.50525e-05 0.0203405 0 0.00178446 0.0168889 0.0169434 0 0.000627334 0.00628191 -1.883e-05 0.00116253 0.015234 0.00561049 0.0074087 0.00951825 0.00561433 0 0.000833749 0.00864937 0.0293149 0 0.00450564 0 0 0.0116826 0.0203376 0.0261689 0.0176215 0 -0.0158919 0.013523 0 0.0171467 0.01793 0.0536583 0.019085 0.00212825 0.0187431 0.0025261 0 0.0010619 0.00136728 0 0.000590102 0.0181692 0.000313477 0.00626818 0 0 0 0 0.00711671 0.0302616 0 0.000683216 0.0273913 0 0.00927214 0.0108388 -0.00837831 0.0121866 0.0314223 0.000227394 0.0107306 0.00218471 -0.018904 0 -0.00437382 0.0248997 0 0 0.0242177 0 0.0112055 0.00904023 0.00278539 -0.013189 0 -0.000708176 0.00252602 0.0204793 0 0.0118274 0.00833441 -0.00186082 -3.82418e-05 0 0 0.00239683 0 0 0.0030664 0 0.0994085 0.0032568 0.00766003 0.0100821 0 -0.00946574 0 0.0114588 0.0138292 -0.0024676 -0.00556084 -0.00574923 -0.000172833 0.00748185 0.000790288 0 0 0.0153703 -0.00313436 0.00034447 0.0136241 0.0169393 0 0 0.019624 0 0 0.0270348 0 0.0161377 -0.0163352 0 0.00667664 0 0.00501334 -0.00739045 0.0209671 0.0107148 0.00101376 0 0 -0.023456 0.00303523 0 0.0113878 0 0 0.00125956 0 -0.000765496 0 0.00109066 -0.00114819 0.0216141 0 0 0.000572429 0 0.00515221 0.00560473 0.00577182 0 0 0 0.00116811 0 0.00105278 0.00434206 -0.00303727 0.00094885 0 0.0093625 0.00686315 0 0.000217605 0 0.00923893 0.00705302 0 -0.00581968 0.00649375 0.00042892 0.00715768 0 0 -0.00435269 -0.00404102 0 -0.014177 -0.00550183 0.00221582 0.0110148 0.0079375 -0.000298745 0.00218164 0 0.0123405 0 0 0.00152507 -0.00382712 0 0.00448873 0.00625358 -0.00978883 -0.0109035 0.0137324 0.00234724 -0.00165662 0 0.000471325
0.049625 0.0524985 0.00322193 0.00440454 0 0 -0.00629139 0.0202673 -0.000618048 0.0614346 0.0198025 0.0491133 0.0184207 0.0257581 0.0206227 0 0.00146712 -0.00448741 -0.0073685 0.0304501 0.00282591 0.0256896 -0.00317574 0 0 0.000986495 0.00332618 0 0.00579947 -0.00629935 0.00817505 0.00350421 -0.0208004 -0.000958646 -0.00306393 0.000813356 0.00115059 0.00661959 0.00111734 0 0 -0.0076019 -0.000426879 0 0.00474489 0 0.00679924 0 0 0.017359 -0.0232878 -0.000393125 0.00529745 -0.00407064 -0.00179577 -0.0010797 0 -0.000754621 0 0.0178524 0.000255531 0.0102146 0 -0.00103393 0 -0.00509938 0.000191429 0 0 0 0 0 0 0 -0.00173605 0 -0.000617164 -0.00526149 -0.00204006 -0.00144225 0.00660774 0.00442752 0.0197885 0.00283912 -0.0115817 0 0.000291404 -0.00260262 -0.00670843 0.0054817 0 0.0220657 0.000189759 0 0 -0.00199491 0 -0.00268407 -0.012228 -0.00274544 -0.0190332 0.00317227 0 0.000742334 0 0.00230707 0 0 0.0173787 0 -0.0101361 0 0 0.0298931 0.00217584 -0.00100583 0 0.0143935 0 -0.00153527 0 0 0.0116772 -0.00421444 -0.000694614 0 0 -0.00225893 -0.00342272 0 0.0097738 0 0.0339171 0 0.0160765 -0.00749447 0 0.000913443 0 -0.00102334 -0.0188801 0 0.0019505 -0.0019951 0.00198508 0 -0.00303283 0.00876261 -5.59225e-05 -0.000238755 0 0 -0.0032304 0 0 0 0 0.0039291 0 0 -2.70278e-05 -0.00794942 0 0.000615161 0 0 -0.00350293 0 -0.00403644 -0.00235202 -0.00307895 0 0 -0.00137259 0 0.0080025 -0.000253003 0 0 -0.00325897 0.0174297 0.00160249 0.00121596 0.00598994 -0.00149208 0.000359442 0 0 0.0192545 -0.00381563 -3.09789e-05 0.00175469 -0.000712789 -0.00681847 -0.00429224 -0.00163414 0 0.00659614 -0.0145431 0.000982913 0 0.00171592 0 -0.00243773 0 0.00177237 0 0.00140098 0.00110978 -0.00320536 -0.00297412 0.0024902 0.00159623 -0.000717304 0 0
0.014185 0.00122849 0.0496526 0.0150604 0 0 0.00554101 0.0190347 0 0 0.00194419 0 0 0.00161886 -0.00139586 0.00876696 0.00257052 0.0411477 0.00626072 0.00313255 0.012221 0.000316654 0.00836554 0.0221545 0.0191253 0.00117415 0.000901137 0.00293889 0.00202688 0.00593398 0.00672214 0.0147911 0.00644168 0.0200608 0.00471393 0 0.00878271 0.0326787 0.010503 0.0153135 0 -0.0094111 0.0420983 0 0.0178451 0.0118239 0.0198143 0.00761638 0.00467856 0.0136528 0.00762565 0.00340874 0.0152049 0.0109716 0.00436192 0.00513586 0.009768 0.00164108 0.00218303 0.000824229 0 0.00353605 0 0.00965878 0.0271335 0.00877692 0.00424273 0.0155418 0.00105072 0.0829229 0 0 0.00680311 0.00943136 0.00353781 0.014615 0.00472662 0.00130185 0.00204481 -0.00187817 0.0118729 -0.011385 0.00454864 0.0236825 0.00828312 0.0140319 0 0.0135528 0 0 0 0.00286675 0.0114476 0 0.0152075 0.0112868 -0.00384994 0.00499761 -0.0105905 0.0153801 0.00941001 -0.000606569 -0.00096766 0 0.000637169 0.00895207 0.0109298 0.00180986 0.00948686 0.00186627 -0.00255115 0.00127773 0.0126188 0.00213444 -0.0136975 0 0 -0.00696183 0.000465195 0.0089295 0.00263492 0 0.00623485 -0.00144097 0.00409735 0.00633516 0.0290015 0.00466978 0.00447336 0.0340009 0.00480356 -0.00137339 0.00756886 0 0.0158985 -0.0093585 0 -0.000212273 0.00229932 0.0109967 -0.000387722 0.024678 0 0.0063084 0 0.00610338 -0.00730707 0 0 0.010768 0 0 0.00663674 0.000778093 0 -4.65915e-05 0.00511677 -0.00850238 0.00915001 0.00364475 0 0.00728322 0 0 0.0112151 0.00340196 0.00331708 0.00294502 0.00882936 0.00945399 0.00628348 0.00436775 0.00714755 0 -0.00115703 0 0.0150486 0.00947036 0 0.00756019 -0.00267007 0 0 -0.00558134 -0.00290455 0 0.0112411 0.0155313 -0.00762436 0 -0.00116036 -0.0143821 0.00462767 9.62864e-07 -0.0107032 0.00845637 0.00845051 0 0.00822073 0 0.00244687 0 -0.0011108 0.00588361 0.0134007 -0.0278109 0 0 -0.000761863 -0.000325038 -0.0052372 0.00110897 0 0 0 0
-0.0142756 -0.035968 -0.0042458 0.000717248 -0.00629139 0.00554101 0 0 0.0104909 -0.00230708 -0.0151119 -0.00951611 0 0 -0.0131715 -0.0176543 0 -0.0308018 -0.0148565 0.0298039 0.00364775 -0.0219625 0.208512 0.00620859 0.00602994 0.00165479 -0.00145691 -8.1868e-05 -0.0122045 0.199601 -0.00921024 0 -0.00371406 0.0179298 -0.0256777 -0.00108021 -0.0203234 0.00548908 0.00247933 0 0.0104871 -0.000700503 0.0185074 -0.0403245 0.0048867 0.000650672 0 0.00654559 -0.0748902 -8.77856e-05 0.0147831 0.0362757 -0.037239 0.0178712 0.0136189 0.00357912 0.0012914 0.0180339 0 -0.0112681 -0.005947 0 0 0.0776325 0.00573665 0.0145078 0 -7.90551e-05 0 0.00383778 0 -0.000948939 0.00397279 0.0038306 0.061865 -0.00990143 0.0283055 0.00621523 0.0229501 0.00217284 -0.012394 -0.0131274 0 0.00240389 0.0137458 -0.0234155 -0.000577085 0.00825099 0.00838391 -0.000885385 0 0.055752 0.00282109 -0.0214302 -0.00150931 0.00966914 -0.00639852 0.0156833 0.0294499 -0.0211524 0.0129829 -0.00457471 0 0 0.00197725 0 0 0.0276063 0 0.00351905 -0.00142778 0.0052203 -0.0402213 0 -0.00753563 0 0 -0.0301273 -0.00347998 0.00329965 0.00643091 0 0 0.00897263 0.0543514 0.00105961 0 0.0100223 0.01194 0.00666836 0.00347134 -0.00118957 0 0 0.00322687 -0.000404752 0 0.0124237 0 0.0088025 0.021947 0.00421284 4.04938e-05 0.00266529 -0.0234692 0.00213679 -0.00234307 0.0592008 0.00116493 0.000114164 0 0.000290151 0.160707 -3.02125e-05 0 0 0.00120729 -0.0111642 0.00352349 0.00469383 3.74064e-05 0.0312978 -0.0150346 4.37806e-05 0.00453816 0.000632432 0.00217175 0.00371047 0.0147235 0.0150064 -0.00395389 0 0.0048516 0.0243114 -0.00745624 -0.00295642 0.00813453 -0.0200589 0 0.0121724 -0.0155975 -0.00233991 5.58886e-05 -0.0107367 0 3.85536e-05 -0.00378364 0.025637 -0.00343509 -0.0147112 -0.000171804 -0.00986686 -0.0137095 -0.00575716 -0.00107349 0.0117398 -0.0019915 -0.000772711 0.0107142 -0.0020303 0.000916567 -0.000471743 0 0.00906953 -0.0179969 -0.0100824 -0.0182031 0.00789774 0.00914392 -0.00743132 -0.000389477 -0.0312768 0 -0.0124364 -0.000531164 0
0.000938443 0.000638331 0.0248838 0.0213289 0.0202673 0.0190347 0 0 -0.0156382 0 0 0 -2.06783e-05 0.00572936 0.00365148 0 0.00846775 0.003491 0 0 0.036405 0 0 0.00450266 0.0140676 0.00762958 0.00417555 0 0 0 0.00264488 0.0174862 0 0.00523563 0 -0.00665099 0.0277608 0.0159572 0.00346638 0.00097881 0 -0.0180393 0.00694388 -0.00045548 0.0292483 0.000987246 0.0215176 0.00349891 0.00107193 0.0058921 0 0 0.00727045 0.00127727 0 0.00104889 0.00207082 0 0.0017786 0 0 0.00372168 0 0.00565141 0.0100561 0.000700418 0 0.0124411 0 0.0105223 0.027593 0.00128609 0.0104929 0.0091342 0 0.0100243 0.00192651 0 0 -0.00641304 0.0162075 0 0.00127663 0.00911686 0 0.0194494 0.00492679 0.00294403 -0.0144 0 0 0.0106606 0.0106786 0 0.027464 0.00153451 0 0 0 9.32945e-05 0.000883265 0 0 0.0031793 0 0.0100551 0.00258041 0 0.00669803 0.00062324 -0.00873406 0 0.00308406 0.00873374 0 0 0 0 7.44938e-05 0.00157925 0.00174614 -0.000774956 0.0152146 -0.00898812 0 0.00323443 0.00652805 3.94728e-05 0 0.010551 0.00131107 0 0.0519014 0 0.0398337 -0.00780127 0 0.00174661 0 0.0033111 -4.08224e-05 0.0134103 0.00977103 0.00292132 0 0.000850443 -0.0138937 0.00975425 0 0.00260001 0 0 0 0 -0.000133635 0 0 0 0.00425102 4.6836e-05 0 0 0 0.00715608 0.00611169 0.00297727 0 0 0 0.00139346 0 0.00171537 0.0216951 -0.00587073 0 0 0.0113429 0.00410836 0 0.000162714 0 0.0050884 0.00478789 0 -0.00885333 0.00259871 0.00162229 0.00326799 0 0 -0.00407198 -0.00420854 0 0 -0.00789263 0.00259498 0.00319988 0.00519366 0 0.00248752 0.000234634 0.0081148 0 0 0.00187111 -0.00819221 0 0.00535532 0.00600456 0 -0.00831229 0.00239176 0.00199582 0 0 0
0 0 -4.49642e-05 -0.0286874 -0.000618048 0 0.0104909 -0.0156382 0 0 -0.0155066 -0.000941372 0 -0.0243079 0 0 -0.00977243 0.00107018 0.0086963 0.0133032 0 0.00374725 0.00589948 0 0.000747612 0 -0.010802 0 0 0.003798 -0.0110729 -0.00258994 0.0132893 0.00587995 0.00296648 0 -0.00681994 -3.67577e-05 0 0 0 0.00235982 -0.000199914 -0.0688763 0 0 -0.0160792 -0.00183503 -0.0451992 0 0.00174272 0.0198998 0 0.00884265 0.00504581 0.00171987 0 0 -0.0108109 0 -0.000330535 0 0 0.00122838 0 0.0140005 0 0 0.00369722 0 -0.000825019 -0.000608045 0 0 0.00224105 -0.00085159 0 0.0184342 0 0 -0.00726619 -0.00656978 -0.000273234 -0.00483021 0.00790748 0 -0.00100072 0.00629868 0.00519049 0 0.0197417 0.00720023 -0.0195254 0 0 0.00322139 3.99442e-05 0.00508221 0.0293755 0.00261584 0.00426435 3.39392e-05 -0.00129817 -0.000115004 0 -0.0171126 0 0.00246419 -0.00563263 0.00399372 -0.0209071 0.0017842 0 -0.000169785 -0.00284713 0.0343452 0.0025154 -0.00229963 -0.000750614 0.00245215 0.0013158 0 -0.00406723 0.00368198 0 0 -0.00136702 0.00313109 0.00427967 0 0 -0.00144967 -0.0229012 0.0162289 -0.0104151 0 0 0.00454974 0 0.00194017 0.00907019 -0.00355147 0 0.00221151 -0.00165266 0 0.00222398 0.0235198 6.99446e-06 -5.39508e-05 0.0246096 0.000601384 0.00307143 0.00105012 0 0 0 -0.00200504 0 0 0 0 0 0 0.00127107 0 0.00417922 0.0204994 0.00954129 0.0036755 0.023926 0.00032294 0 0.0403693 -0.0042408 0 -7.45311e-05 0.00111408 0 0.0051675 -0.00445348 -0.00204443 0 -0.00107928 0 -0.00136755 0 0.00148136 -0.00501588 0.00133386 0 -0.00320739 0.00105113 0.0123693 0 0.00188078 0 -0.00391525 0.00690292 -0.00126371 0 -0.00102255 -0.000719355 0.00353157 0.000751415 -0.00235338 0 -0.00154816 -0.000424132 0.0167582 0.000125761 -0.00896984 0 0.00143019 0 -0.000184873
0.0423834 0.0416173 0 0 0.0614346 0 -0.00230708 0 0 0 0.0331518 0.0200135 0.0160509 0.0159584 0.0298616 0.00943678 0 -0.00221922 0 0.0712397 0 0.0417938 0 0 0 0 0 0 0.0305774 -0.00468097 0 0 -0.000737032 0 -0.0128009 0.00353385 0 0.00282587 0 0 0 -0.000338777 0 0 0 0 0.000735132 0 0.000433866 0.000933256 -0.0277809 -0.000192751 0.000130314 0 0 -0.00860392 0 0 0 0.0174746 0.0100032 0.00521655 0 0 0 0 0.00314154 0 0 0 0 0 0 0 0 0 0 0 0 0 0 0.000544426 0.0514933 0 0 0 0 0 -0.000250879 0.0222177 -0.000786185 0.0395611 0 0.021998 0 0 0.013028 -0.000440299 0 0 -0.0109538 0.00740365 -0.0125625 0 0.010756 0 0 0 0.014296 0 -0.017531 0 0 0.000470201 1.43162e-05 0 0.0356513 0.0170407 0 -8.16524e-05 0 0 0 0 0 0 0 -7.00658e-05 0 0.00296669 0.0159275 -0.000645278 0.00218029 0 0 0 0 0 0 0 -0.000604745 0 0 -5.76863e-05 0.000914175 0 0 0.013196 0 -0.0131533 0.0217984 0 -0.00123534 0 0 0 0 0.00631487 0 0.0250167 -0.013455 -0.00282639 0 0 0 0 0 0 0 0 0 0 0 0 -0.0195718 0.00612844 -0.00613687 0 0 0 0.0230352 0 0 0.000888467 0 0 0 0 0.00892016 0 0 0 0 0 0 0 0 0 -0.00461643 0 0 0 0 0 0 0 0 0 0 0 0 0 0 0 0 0
0.0558615 0.0178299 0 0.00936721 0.0198025 0.00194419 -0.0151119 0 -0.0155066 0.0331518 0 0.0393944 0.0168805 0.146841 0.00194664 0.0492226 0.00241227 0 0 0.0794412 0 0.000324097 0 0.000699657 0.00409976 0 0 0.0136563 0 0 0 0.00306211 0 0.0101885 0 0 0 0.027422 0 0 0 -0.000953527 0 -0.00628861 0.000900859 0.00082236 0.00552798 0 0.0332348 0.00838616 -0.0103108 -0.00755668 0 0 0.00125664 0 0.00253087 0.0178972 0 0.0339992 0.0261076 0.0213462 0 0.000492716 0.000734375 0 0.0259118 0.000503639 0 0.00189651 -2.87752e-06 -8.04997e-05 0 0 0.0332872 0.00265282 0.0362946 -3.09215e-05 0.0141225 0 0 0 0.0176672 0.00557552 0 0.00521835 0 0.00173952 -0.00116856 0.0558454 -0.0343044 0.00320286 0.0144025 0 0.00150069 0.000469322 0 0 -0.0135398 0 0 0.0104071 -0.0317835 0 0 0.00431158 0.000391824 0 0.00454338 0 -0.00652901 0.0170042 0 0.0024474 0 0 0 0.0182998 0.00194606 -0.0167464 0 0 0.00694524 -0.0159921 0.0418695 0 0.00132056 0 0 0.00470467 0.00580473 -0.00753046 0.00145087 0 0 0 0 -0.0152562 0 0.00479652 -0.0136772 0.000291335 -0.0514277 0 0.210639 0.000361182 0 0.0214645 0 -0.016673 0.00171496 0 -0.0044988 0 0 -0.00127492 0.00150855 0.024846 0 0.00823459 -0.000205032 0.000303738 0 -0.000883674 0 -0.00429331 -3.31177e-05 0 0 0 0 0 0 0 0 0 0 0.0231672 0 -0.0238854 0.00957057 0 0 0.0498561 0 0 0 0.000553286 3.27001e-05 0 0 0 0 -0.0215407 0 0 0.00470223 0 -0.0156408 0 0 0.00230628 -0.00473965 0 0 0 0 -0.00298676 -0.0182913 -0.00583216 0 0.0280062 0 0 0 0
0.0579102 0.0704105 0 0 0.0491133 0 -0.00951611 0 -0.000941372 0.0200135 0.0393944 0 0.0550056 0.0231806 0.038834 0.0136323 0 0 -0.00700669 0.00534407 0 0.0362216 -0.00593232 0 0.00351372 0 0 0.00173301 0.00999393 -0.012723 -0.00801491 0 0 0 0 0.00775534 0 0.000161697 -0.00745167 0 0 0 0 0 0 0 0 -0.00668686 0.0136726 0.000315563 -0.00713056 -0.00499294 0.0225541 -0.00246478 0 0 0 0 -0.00359585 0.0191124 0.00357703 0.0331285 0 -0.000176258 0 0 0.0716302 0 0.0146527 0 0 0 0 0 0 0.00173418 0 0 0 0 0 0 0.0150225 0.002631 0 0 -0.00105276 0 0 0.0201562 0 0.00968472 -0.00279978 0.00629793 0.00195806 0 0 -0.00969527 -0.0244889 0 0 0.0155115 -0.00829058 -0.0029366 0 0 0 -0.000516916 0.00269361 0.00571303 -0.00426368 0 0 0 0 0 0.000480553 0.00545553 -0.000306206 0 0.00124706 0 0 0 0 0 0 -0.00391887 -0.00294621 0 0.0476034 -0.0168459 0.000932046 0 0 0 0 -0.028307 0.00380268 0 -0.00485925 0 -0.00217709 0 0.0172034 0 0 0 0 -0.0049993 0.00329683 0 -0.00786622 0 0 0 0.000660998 0.00407012 0 0.00680797 -0.000405876 -0.00166277 0.0250615 -0.00193264 0 -0.0100109 0 0.000397458 0 0 0 0 0 0 0 0.00319346 0 0 0 -0.00615265 0.0169305 0 -0.0011584 0.0220783 0 -1.70985e-05 0 0 0 0.000188118 0 0 0 0 0 0 0.000144497 0 0 0 0.00557908 0 -0.0153381 0 0 0 0 -0.0100087 -0.0145063 0 0 0.0055659 -9.63918e-05 0 0 0
0.0468306 0.0408626 -1.70899e-05 -2.50525e-05 0.0184207 0 0 -2.06783e-05 0 0.0160509 0.0168805 0.0550056 0 0.0290159 0.021918 0.0167633 0 -4.26006e-05 0 0.00808277 0 0.0421427 0 0 0.00314425 0 0 0.000520083 0.0313159 -0.0025872 -0.00296985 0 0.00657171 0.00107248 4.19364e-05 0.0193021 0 0.000331959 -0.0211965 -0.00890463 0 -0.00241406 0 0 0 0 0 -0.0074727 0.0125481 0.00129302 0 0 0.00948603 0 0.000559701 0 -2.79453e-05 0 0 0.0111962 0.0168097 0.0427113 0 0 0 0.00120808 0.0439558 -3.64112e-05 0.00307975 0 0 0 0 0 0 0.00265822 0 0.000687711 0 0 0 0 0.0192315 0.00267267 0.00103458 0 -0.0074393 0.00449131 0 0.0564549 0 0.024125 0 0.000824882 0.000793432 7.84124e-05 0 0 0 0 0 0.0170306 -0.0153242 0 0.000444948 0 0 0 0.00525195 0.0236984 -0.0266745 0 0.000252457 0 0 0 0.0235025 0.0117886 0 0 0.00660282 0 0 0 0 0 0 0 0 0 0.0380145 -0.002487 0.000943494 0 0 -0.000995748 0 -0.00514984 0.0128188 0.00024427 0 0 0 0 0.0042136 0 0 0 0 0 0.000587771 0 0 0.00797503 0 0 0 4.49644e-05 0 0.0251522 -0.00158783 0 0.0110639 0 0 0 0 0.0157305 0 0 0 0 0 0 0 0.0019977 0 0.00059495 0 0 0.0115515 0 0 0.0159954 -0.00101769 -9.36343e-05 0 0 0.0161969 0.000533753 0 -0.00111273 0 0 0 0 0.00138747 0 0.00116053 0 0.0171079 0 -0.00277803 0 0 0 0 -0.000837591 -0.000981247 0 0 0.00622268 0 0 0 0
0.00893012 0.00852748 0 0.0203405 0.0257581 0.00161886 0 0.00572936 -0.0243079 0.0159584 0.146841 0.0231806 0.0290159 0 -0.0244066 0.00827516 0 0.000502874 0 0.0514326 0 0 0.00273517 0.00155349 0 0 0 0.0145486 0 0 0 0 0 0.00460989 0.000304488 0 0.00150303 0.00535347 0 0 0.00129429 -0.00104976 0 0 0.0020975 0 0.0248176 0.00158711 0.0328882 0 -0.0434315 0 0 0.00101287 0.00237721 -0.030067 0 0.0516227 0 0.0256092 0.036121 0.024918 0 0.00223085 0.00123849 0.00265559 0.0228133 0.000793011 0 0.00111651 -0.00181388 -0.000770202 0.000153162 0.000809344 0.0105416 0.00243911 0.0445292 0 0.0201355 0 0.000491972 0 0 0.00448168 0.0022111 0.00646154 0 0.00674333 0 0.0115464 -0.0217409 0.00213883 0.0156964 0.00721281 0.000898309 0 0 0 -6.56716e-05 0.000985724 0 0 -0.0394999 0 0 0.00534161 0 0 0.0213217 0 -0.00416777 0.00550869 0 0.00271094 0 0 0.00245595 6.6013e-05 0 -6.87278e-05 0.00639073 0 0 0 0.0112307 0 0 0 -3.07447e-05 0.00686855 0.00885616 -0.0266238 0.000261655 0.00698199 0.00101568 0 0 -0.0130401 0.021763 0.0022035 0 0.00168129 -0.017474 0 0.0503671 0 0 0.0226149 0 0 0.00033809 0 0 0 0 0 0 0 0 0.033331 -0.0209296 0.00260216 0 0 0 0 4.93537e-05 0.00118712 0.00015367 0.00120804 6.2914e-05 0.00159204 0 0 0 0.0116118 0 0.00311578 0 0 0 -0.000532867 0 0.0445258 -0.000141388 0 0 0 0 0 0 -0.00113994 0 0 0 0.00224258 0.00205726 0 0 0 4.48464e-05 0 -0.0192181 0 0 -0.00201413 0 -0.00327334 -0.00617198 0 0 0.00487701 -0.00109349 0 0 0
0.017858 0.0448546 0 0 0.0206227 -0.00139586 -0.0131715 0.00365148 0 0.0298616 0.00194664 0.038834 0.021918 -0.0244066 0 0.00801271 0 -0.00466015 -0.00943006 -0.0299964 0 0.0254081 -0.0101165 0 0.0222406 0 0.000696108 0 0.0407632 -0.0284203 0.000106332 0 -0.00459076 -0.00193314 0 0.00128909 0 0 0 0 -0.000112104 0 -0.00387654 0.00964259 -0.000326551 0 0 -0.0146573 0 0.0226316 -0.00291071 -0.00152797 0.0211753 -0.00487584 -0.00393859 0 0 -0.0308964 0 0.0186926 0.0180485 0.0211098 0 -0.00293564 0 -0.00404971 0.0174167 0 0.00761721 0 0.0162222 0.00642766 0 0 -0.0205331 6.95707e-05 -0.0125505 -0.00242352 -0.0234179 -8.54781e-05 0 0.00470239 0.00569296 0.0108086 -0.00472038 0.0182223 -3.04585e-05 0.000339512 -0.00342755 0.0362901 0 0 0 0 0 -0.000458468 0.0174258 -0.00308746 -0.00874365 -0.00227831 -0.00310854 0.0146391 -0.01479 0 0 0 -0.00215191 -0.0204246 0 0 -0.025777 0 0 0 0.00746123 0 0 0.0111221 0 -0.00284694 0 0 0 -0.00297457 -0.01182 0 0 -0.0129009 -0.00305389 0 0.0126761 0 0.00761597 0 0 -0.00902022 0 0.0010183 0 -0.00263968 -0.0208435 0 0.00365989 0 0.00132767 -0.00118893 0 0 0 -0.00133965 0 0 -0.012447 0 0 0 0 0.0184537 0 0 -2.80475e-05 -0.0410224 0.00327665 0.00611445 -0.000364439 0 -0.00217079 0 -0.00452336 -0.0039258 -0.00212846 0 -0.000682099 -0.00381958 0 0.00898913 -0.0018272 0 0 -0.00399529 0.00683585 0.00741026 0.00223537 0.00391916 0 0 -0.000792778 -0.000952451 0.00343426 0 -0.0006084 0.00199701 -0.000787062 -0.00359548 -0.00134117 -0.00297993 0 0 -0.00410339 0 0 0.00961925 0 -0.00180647 0 0.00130185 0 0.00174136 0.00220139 -0.00197264 0 0.0257458 0.00176147 0 0 0
0.0197472 0.0381518 0.00383568 0.00178446 0 0.00876696 -0.0176543 0 0 0.00943678 0.0492226 0.0136323 0.0167633 0.00827516 0.00801271 0 0 0.00726054 0.0110491 0.00707388 0.00215735 0.022327 -0.00426329 0.00272111 0.0186008 0 0 0.0142913 0.0504531 -0.0354795 0.00590377 0.000530775 0.0113269 0.0136355 0.00735486 0 0 0.00411363 0 0 0 -0.00507982 0.0112732 0 -0.000572784 0.00288393 0.00153454 0 0.0302937 0.0143896 0.0153113 0.00098475 0.0304297 0.00806344 0.0058634 0.00272518 0.00195734 0.000576874 0 0.0239449 0 0.0521538 0 -0.0141379 0.0101672 0.00903447 0.0283402 0.00356478 0.0269405 0.0066594 0 0.0180272 0 0.00415573 0.00133348 0.0125562 0 0.0106092 0 0 0 -0.0140517 0.0137299 0.00669946 0.00862959 0.00713492 -0.00053271 0.0101842 -0.000401566 0.0102756 0 -4.31596e-05 0.00100547 0.000969484 0.00477002 0.0265505 -0.000684429 0.00877231 -0.000531759 0.00737826 0.00783124 6.24061e-05 -0.00248531 0 0.00249115 0.00098058 0.0172725 0 0 0.0269674 -0.0076033 0.0225501 0.0203812 0.000261409 -0.00668199 0.00119077 0.00141196 -0.0046525 0 0.00772745 0.00802771 0 0 0.00105031 0.00223948 0 0.00112622 0.00210648 0.00404122 0.00610901 0.0183141 -0.00173604 0 0 0.00146324 -0.00183238 0 -0.00222668 0.00672613 0.017389 0.00364859 0.00175063 0 0.00389043 0.0161748 0.00255121 0 -2.40125e-05 0.00145822 0.00496338 0.000698917 0 0 0.00661348 0 0 0.00497372 -0.00406957 0.00117303 0.0144122 0 -0.00850002 0.00890904 0 0.00420152 0 0.00428503 0.00343097 0.00633083 0.00593905 0.00618274 0.00373549 0.00238042 0 -0.00295437 0.00182461 0.00546603 0.0109811 0 0.00543861 -0.00127166 5.26294e-05 0 -0.00340832 0 -0.000298417 0.00311342 0.00429059 -0.00609095 0.00120683 -0.000333941 -0.0100493 0.00363776 0.00539107 -0.0011397 0.00286776 0.0199542 -0.000579507 0.00803311 -0.00065509 0.0242203 0 -0.00208101 0.00493673 0.00729528 -0.00813773 0 -0.00066665 -0.00215646 0.0035636 0 0 -0.000228459 -1.88257e-05 0 0
0 0 0.00686221 0.0168889 0.00146712 0.00257052 0 0.00846775 -0.00977243 0 0.00241227 0 0 0 0 0 0 0.0045631 -0.00796427 0 0.00170558 -0.00447217 0 0.0128533 0.000221843 0.0167877 0.0455238 0 0 0 0.0134783 0.0459083 -0.00548463 0 -0.00156313 0 0.0185974 0.00517319 0.0252658 0.00620287 0 -0.0114717 0.00645281 0 0.0120979 0.0208962 0.00864765 0.0154659 0 0.00241752 -0.00021981 0 0 -0.00267588 -0.00216208 0 0.00762061 0 0.00752467 0 0 -0.000148639 0 0.000511228 0.0224751 -0.0157774 0 0.00916661 0 0.00235371 0.0134787 0.0033944 0.0191284 0.00288652 0 0 0 -0.0147367 0 -0.00319713 0.00693919 0.0221866 0 0.0116342 -0.00818172 0.00191398 0.0158758 -0.00104146 -0.00761891 0 -0.00041688 0 0.018508 0 0.00204322 0 0 -0.000521267 -0.00240842 -0.006307 -0.000275068 0 0 0.0055227 -0.00786168 0.0188974 0.000189692 0.00967471 0.0209436 0 -0.00475385 0 0 0.00377974 5.06833e-05 -0.00347954 -0.0100712 0 0.001613 0 0 0 0.0115245 -0.00475713 0 0.0198302 0.00625193 -4.43935e-05 -0.00551413 0.00422056 -0.000269683 0 0.00670074 0 0.0100672 -0.0226992 0 0.0090515 -0.00255488 0 -0.0102499 0.0358258 0.00339946 0 0 0 -0.01943 0.00180469 -2.80976e-05 0.00291527 -0.00223293 0 0 0 -0.00296587 0 0 0 0.00747989 0 0 0 -0.00284407 0.004117 0.0018396 0.0021891 -0.00185403 -0.000202421 -0.00470695 0 -0.002305 0 0 -0.0040198 0.0106796 0 0.000660874 0 0 -0.000873806 0.00142815 0.00575494 0.00317157 0 -0.0043652 0.0126307 0 0 0.0101344 -0.0001731 -0.00111926 0 -0.000323857 -0.00588868 -0.00725545 0 0.000720502 0.00470631 -0.00235669 0.00408981 0 0.00560581 0.00295706 -0.0016185 0 7.56027e-05 0 0.00814561 0.00616869 -0.00946685 -0.0103876 0.00120702 0.00257589 -0.00117905 0 0.000406948
2.0584e-05 0 0.00702821 0.0169434 -0.00448741 0.0411477 -0.0308018 0.003491 0.00107018 -0.00221922 0 0 -4.26006e-05 0.000502874 -0.00466015 0.00726054 0.0045631 0 -0.000923345 0 0.00536963 0 -0.0156563 0.0416953 0.00447271 0.00899857 0.0057612 0.0242236 0.00398664 -9.66579e-05 8.42785e-05 0.0155214 0.00803312 0.0142443 0.00489209 0 0.0185916 0.00923949 0.0208045 0.0257094 -3.93461e-05 -0.00915152 0.012602 0 0.0072169 0.0324993 0.0129071 0.0213617 0.0106141 0.0300804 0.00634653 0.000324712 0.00901077 0.00831272 0.0027273 0.0134917 0.0320337 0.000800964 0.0104105 0 0 0.00319714 0 0.0124011 0.0127704 0.00784889 0.00196738 0.0316041 0.00048987 0.0427986 0.00296401 0.0180498 0.0113532 0.00638758 -0.0111162 0.0288005 0.00205739 0.00416393 0 -0.00169084 0.00807085 -0.00841553 0 0.00627605 0.00440584 0.0150261 0.00200316 0.00986847 -0.00122683 0 0 -0.0367223 0.0144087 0 0.0102751 0.0198091 2.47792e-05 0.00536145 0.00533899 0.0065946 0.0086685 -0.00099737 0 0.000249338 0 0.00851129 0.00349149 0.0107916 0.00261639 0.0026883 -0.000206238 0.00125798 0.0166764 0.0010581 -0.0180501 0 -0.00916577 -0.0130243 0.00361239 0.00707826 0.000497146 0 0 0.00107671 0.00105786 0.0184352 0.0158461 0.00332858 0.00464937 0.00875256 0.00241751 0 0.000786502 0 0.00440334 -0.00914671 0.00033364 0 0.00150796 0.0250166 0.000860417 0.0326986 0.00193739 0.00489586 0 0.00116792 -0.00793395 -0.0302933 0 0.0199146 0 0 -0.00989361 0 0 0 0.0192777 -0.00761356 0.0168961 -0.000939936 0 0.00354017 0.000421305 0 0.00700825 0.00147807 0.00322193 0.00113784 0.000239826 0.0072232 0.00473262 0.0025024 0.00420094 -6.03352e-05 0 0 0.00822072 0.00627241 0 0.0057255 -0.00744724 0.00421875 0 -0.00519905 -0.00102458 0 0.0207484 0.00749939 -0.00709575 0 -0.00074365 -0.0193489 0.00329985 0.0049445 -0.00493358 0.0061457 0.0176889 0 0.00802572 0 0.00257034 0.0039652 0 0.0035094 0.00255259 -0.00962888 0 4.37984e-05 0 0.00287259 -0.00524999 0.00525497 0 0 0 0
0 0 -0.000956826 0 -0.0073685 0.00626072 -0.0148565 0 0.0086963 0 0 -0.00700669 0 0 -0.00943006 0.0110491 -0.00796427 -0.000923345 0 -0.00514283 0.00267425 0.00227693 0.00394979 0.00634988 -0.00150045 0 -0.00775286 0.00677083 7.20395e-05 -0.0183761 -0.0223683 -0.00941243 0.0288948 0.0262241 0.0125074 -0.00161532 -0.00359378 -0.00945951 0 0 0.0012481 0.00699537 0.0147827 -0.000204398 -0.00123089 0 -0.0145504 -0.00114998 0.00336549 0.00589972 0.0149942 -0.00251869 0 0.0339975 0.0199296 0.00807587 0.000420638 0.00374545 0 -0.0108821 -0.0142629 0.00772449 0 0.00485302 0.00280905 0.0259453 -0.00994764 0.00298835 0.00754208 -0.0226246 -0.00638505 -0.00605281 0 0.00461475 0.0116241 0.00469948 0.00621369 0.0240005 0.00519674 0.00984458 -0.00376456 -0.0255363 -0.000481284 0 0.0292821 0.0141331 -0.00324239 0.0242064 0.0151179 0 0.0030676 0 0 0.000551212 -0.0133481 0.0159552 -0.00304366 0.0238325 0.022022 0.0310453 0.0175258 -0.00995993 -0.00384279 0 0.00781742 0 0.00434682 0 -0.00768349 0.00828901 0 0.00797463 0.0128398 0 -0.0135727 0.00960441 0.0082052 -0.0190986 0 0.0205352 0.00536901 0 -0.00203313 0.0134848 0.00782562 0 0 0.0356225 0.0311282 0.00774849 0.00378974 -0.00493151 -0.0101937 0.00821337 0 0.00518627 0 -0.022391 0.00730323 0.0148087 0.0267184 0 -0.0151206 0.00949876 0 0.0239661 0.017325 -0.00386493 0.00488415 0.0102389 0.00245029 0.0208242 -0.00942478 0.00715979 0 0 0.00256806 -0.0160983 0 0.0063489 0 0.0118654 0 0.000335193 0.00848283 0.0231044 0.0159633 0.00611122 0.0214946 0.0169998 0.0202553 0.0273742 0.00396876 0.0134471 -0.0265609 0 0.00852602 0.0193361 0 0.0407505 -0.0457621 -0.00853451 -0.00985801 -0.0361576 0 -0.00331417 0.00926467 0.00769871 -0.0323229 0.00166362 0 -0.0379721 0.0289211 0.0226567 0.00343697 0.0143068 0.00757438 -0.00398104 0.0223444 -0.00527012 0.00511084 -0.00658033 -0.00589852 0.0142942 0.00959106 -0.0197229 0 -0.0112789 -0.0134162 0.0134553 0.00869181 -0.00530143 -0.00756505 0.000584477 -0.000398021 -0.000933684
0.039498 0.0349344 0 0.000627334 0.0304501 0.00313255 0.0298039 0 0.0133032 0.0712397 0.0794412 0.00534407 0.00808277 0.0514326 -0.0299964 0.00707388 0 0 -0.00514283 0 0 0.00558783 0.0116986 0.000125049 -0.00564655 0 -0.000575897 0.0459769 0.000976091 0.00718956 -0.0033902 0 0.00170665 0.0070062 0 0.0119699 -0.0244722 0.00240678 0 0 0.00157565 -0.00234045 0 -0.00830317 0 0 0 0 0.00295452 0.000605798 0 0.000829335 -0.00874274 0.00408695 0.0193453 0 0.000367769 0.0341423 0 0.0155239 4.88054e-05 0.00791663 0 0.00604799 8.5112e-05 0.00605821 0.0070032 0.0014578 0 1.18716e-06 -0.0154261 -0.000655187 0 0 0.0192011 0.0041764 0.0144788 0.00460613 0.023954 0 0 0.00218229 0.0184391 0.00124741 0.00482526 0 0 0.0129336 0 0.0371652 0 0.0520083 0.000459834 0.000330274 2.87649e-06 0.00260918 0 0.00392974 0.00460939 0.0024506 -0.00652326 0.0222924 -0.027758 0 0.0169844 0 0 0.00551099 0.0160063 0.00143195 -0.0076613 0.0165136 0 0.000356408 -0.00282701 0.00127396 0.0583547 0 0 0 0.00289856 0 0 7.84629e-05 0.0311544 0 0 0.00127581 0.00476039 0.00191379 0.0307812 -0.0239761 0 0 0 1.58578e-06 0 -0.0021292 0.000288832 0.00316753 0.00485904 0.000185221 -8.57368e-05 5.40451e-05 0.0127843 0 0 0.0275652 0 0 0.0381901 0 0.0053637 0.000535154 0 0 0.00105522 0.000267057 0.000375411 0.0372537 -0.000687973 0.00457255 -0.0353621 0 0 0 0.000515596 0.00535535 0.00307381 0.00484528 0.00253746 0.000617815 0.000282829 0.0131048 -0.0059057 0 0 0.0037694 0 0.0014811 0 -0.000229188 0 0 -0.000179822 0 0 0.00390897 0.00955978 0 0 -0.0040058 -7.37121e-05 -0.00233587 0 0.00262434 0.000568481 0 0.00321075 0 0.000777338 0 -0.00255396 0.00274241 0 0.00305459 0 -0.00104665 -0.00237387 0.0010808 0 0 0 0 0 0
0.000404959 2.14765e-05 0.0168028 0.00628191 0.00282591 0.012221 0.00364775 0.036405 0 0 0 0 0 0 0 0.00215735 0.00170558 0.00536963 0.00267425 0 0 0 0.00325858 0.0120075 0.0235818 0 0.00421509 0.00103104 0 0.00165142 0 0.0169446 0.00569546 0.00681021 0.0216629 0.0161186 0.0162091 0.00603262 0.00986259 0.0042006 0.000227777 -0.0173041 0.018178 0 0.0443083 0.000909209 0.0176038 0.00802656 0 0.0155989 0.00327975 0.000281737 0.0168719 0.00465016 0.00218437 0.00267216 0.00385581 0 0 0 -0.000665569 0.00139721 0 -0.0110478 0.0257014 0.00444169 0.00392509 0.0166246 0.000870969 0.00383126 0 0 0.00359154 0.0110986 0.00250315 0.015051 0 -0.000677689 0 -0.00209918 0.0145775 -0.00382824 0.00195213 0.0069001 -0.00571138 0.00750841 0.000815948 0.00490747 0 0 0 0.00797164 0.0048267 0 0.0183746 0.00355022 -0.00127538 0.00318423 -0.000676063 0.00302905 0.00501941 0 0 0 0 0.00654768 0.018631 0.00110235 0.0068491 0.00141627 -0.0103423 0 0.00737814 0.00428861 -0.00247794 0 -0.00179381 -0.00331278 0 0.00412595 0.00111571 -0.000117588 0.0017909 0 0.00196398 0.00490847 0.00891906 0.00223227 0.00292263 0.00811834 0.00350099 0 0.0261133 0 0.0357219 -0.0142464 0.00508348 0 0.0015699 0.00521916 -0.000202034 0.00484898 0.0103403 0.00305974 0 0.00254406 -0.0159514 0.00124407 0.000389187 0.0156162 -0.00807379 -0.0097603 0.00227614 6.88569e-05 -9.14882e-06 0 0.00212758 -0.00317339 0.0161988 0.000489799 0 0.00147332 0 0.000132557 0.00578221 0.000694752 0.000599526 0.00215091 0.00341021 0.00436524 0.00208782 0.00624488 0.0173033 0 0 0 0.00915803 0.00449345 0 0.00236922 0 0 0 -0.0020366 -0.00456618 0 0.00288194 0.00729777 -0.00274229 0 -0.00238364 -0.00582557 0.000784436 -0.000588909 -0.00870203 0.00378668 0.00366083 0.000850381 0.00424351 0 0.00185849 0.000178088 0 0.00141699 0.0162901 -0.00526686 0 0 0 0 -0.00640693 0 0 0 0 0
0.0383727 0.0331219 0.00301586 -1.883e-05 0.0256896 0.000316654 -0.0219625 0 0.00374725 0.0417938 0.000324097 0.0362216 0.0421427 0 0.0254081 0.022327 -0.00447217 0 0.00227693 0.00558783 0 0 -0.0163403 0 0.00365 -0.00110808 0 2.6364e-05 0.0518567 -0.0347954 -0.00341764 0 0.00488141 0.00288601 0 0.0297798 0 0 -0.0182484 0 0 0 0 0.0017254 0 0 0 -0.0172503 0.00241509 0.00460243 0 0 0.0176514 0.00165894 0.000509094 0 0 0 0 0.00666629 0 0.0354369 0 0 3.34381e-05 0.00279129 0.0245759 0 0.00302297 0 -0.0209817 0 0 0 -0.0121694 0.00455181 -3.23296e-05 0.00202638 0 0 0 -0.0145458 0.0529157 9.22716e-06 0.00107352 0.00285804 -0.00141154 0.00514279 0 0.00304845 0 0 -0.00739214 0 0 0 0 0 0 0.00139755 0 0.00213399 -0.00237572 -0.00161909 0.00104456 0 0 -0.00876108 0.00155922 0.00619494 -0.00290122 0 0.0185221 0 -0.00103702 0.000929256 0.00274272 0 0 0.000498086 0.024344 0 0 0 0 -0.0109383 0 0 0 0.00125484 0.0241519 -0.000138146 0 0 0 0 0 -0.00111911 0.0131978 0 0.000152347 0 0 0.00350437 0 0 0 0 0.000258272 0 0.0275704 0.00496608 -0.0100067 0.0112405 0 0 0.00112934 0 0 0.0219621 0 -0.00502743 0.00613803 0 0 0 0.000186818 0.023837 0.00156127 0.000727888 0.00426539 0.00496608 9.46611e-05 0 -0.0157621 0.010037 0 0.0162809 0 0 0.0197055 0 5.71209e-06 3.54547e-05 0 -4.73514e-05 0 0 0 0.0126374 0 -0.000940844 4.20099e-05 0.000491944 0 0 0 0 5.72379e-05 0 0.00676562 0 -0.000328758 0.0073729 0.0047648 0 0 0 -0.00222789 0.000863443 0 0 0 0 0 0
-0.00400779 -0.0239202 0.00244141 0.00116253 -0.00317574 0.00836554 0.208512 0 0.00589948 0 0 -0.00593232 0 0.00273517 -0.0101165 -0.00426329 0 -0.0156563 0.00394979 0.0116986 0.00325858 -0.0163403 0 0.00556597 0.0050856 0.000994936 -0.00111543 0 -0.00595183 0.160181 -0.00715853 0 -0.000607498 0.0162118 -0.0143647 -0.00142275 -0.00635169 0.00370938 0.00117679 0 0.01365 -0.000350296 0.0148945 -0.0392013 0.00490572 0 0 0.00399852 -0.0758178 0 0.0109619 0.0344742 -0.0253024 0.0151998 0.0116839 -0.0144381 0.000493419 0.0171941 0 -0.00405986 -0.00405362 0 0 0.0399642 0.00402955 0.014702 -8.71023e-05 0.00243453 0 0.00290246 0 -0.00143811 0.00442862 0.00257242 0.0372265 0.00397624 0.0145774 0.00999845 0.0260655 0.00033306 -0.00841668 -0.00819222 0 0.0013901 0.00996817 -0.0119831 -1.28799e-05 -0.00617097 0.00675082 -0.00126905 0 0.0498639 0.00308548 -0.011466 -0.00239697 -0.00830273 -0.00348734 0.0110411 0.0166549 -0.00437046 0.00905554 -0.00437691 0 9.9648e-06 0.00245009 0 0 0.0225157 0.000326681 0.00209952 -0.00190753 0.00683941 -0.000121322 0 -0.00264031 0 0.0011032 -0.0104286 -0.00148176 0.00548945 0.00439196 0 0 0.00712964 0.0334815 0.000400835 0 0.00844986 0.0110518 0.00592814 0.00304184 -0.00147843 0 0 0.00271108 -0.00028331 0 0.00317251 0 0.00452024 0.0174645 0.00276493 4.20997e-05 -0.00767702 -0.0159566 0.00296224 0 0.0652191 0.000240134 -4.09534e-05 0 0 0.102655 0.000316135 0 0 0.000356249 -0.00890404 0.00160221 0.00405313 0 0.027783 -0.01495 0 0.00362077 0.001229 0.00458701 0.00378581 0.0104423 0.0119665 0.00226875 -0.0143215 0.00398963 0.0170069 -0.0050301 -0.000102464 0.00850395 -0.00714428 0 0.0108972 -0.0131429 -0.0026746 0 -0.00827219 0 0 -0.0073616 0.00933193 -0.0071086 -0.0162441 0 -0.010822 -0.00153142 -0.00583157 -0.000560848 0.0105462 -0.00334423 0 0.00893927 -0.0011096 -0.00154184 -0.000881213 0 0.0105099 -0.00271144 -0.00643242 -0.00332182 -0.00127681 -0.00134999 -0.00269669 0 -0.0206928 0 -0.0088459 0 0
0.0012179 0 0.0120238 0.015234 0 0.0221545 0.00620859 0.00450266 0 0 0.000699657 0 0 0.00155349 0 0.00272111 0.0128533 0.0416953 0.00634988 0.000125049 0.0120075 0 0.00556597 0 0.00770037 0.0048834 0.0150991 0.00407622 0.000929064 0.00450671 -0.0015759 0.0135533 0.00217226 0.0110725 -0.00267497 0 0.0476617 0.00749843 0.0188352 0.0140717 0 -0.00880878 0.0162999 0 0.0105377 0.0408218 0.0073158 0.0157244 0.0105335 0.0105333 0.00501289 0.00112179 0.000819236 0.00690289 -0.00108434 0.00393175 0.0271208 0.000550018 0.0037483 0 0 0.000911339 0 0.00608597 0.0273671 -0.000131808 0.0032958 0.010158 0.000233839 0.0162771 0.00404213 0 0.0251545 0.00478839 0.00183403 0.0138209 0.00699032 -0.000190712 0.000317464 -0.000308429 0.010654 -0.00382679 0 0.00906303 0.00601973 0.0089245 0.00166254 0.00777749 0 0 0 0 0.00655247 0 0.0150302 0.00695485 0 0.00427252 0.00426415 0.00418779 0.00561246 -0.000245184 0 0 0 0.0110705 0.00753244 0.0209697 0.0208094 0.000116924 -0.00127611 0.000805329 0.0056934 0 -0.012557 0 0 -0.00499682 -1.25823e-05 0.00550963 0.000230938 0 0 0 0.00206853 0.0277143 0.0207297 0.00207356 0.00266446 0.0159314 0.00313763 0 0.00264112 0 0.00681172 -0.00623368 0 0 0.00113238 0.0200345 -0.0139318 0.0500272 0 0.00218853 0 0.00154087 -0.0176562 -0.0209791 0 0.0397538 0 0 0.00446702 0 -0.001151 -0.000133126 0.00623023 -0.00663377 0.0252246 0.00166147 0 0.00467427 0 0 0.0176174 0.0019189 0.00182472 0.000252306 0.00171155 0.00607499 0.00320038 0.00240546 0.00205848 0 0 0 0.0244019 0.00528909 0 0.00467783 -0.00335834 0 0 -0.00409354 -0.00154102 0 0.00257626 0.0100222 -0.00507345 0 -0.00117867 -0.0147155 0.0018569 0.00264801 -0.00477253 0.00597969 0.00722089 0 0.00554907 0 0.00150935 0.000651905 0 0.00322231 0.00331789 -0.0074233 0 0 0 -0.000761438 -0.00583778 0.00736347 0 0 0 0
