0.904347 0.0196232 0.0210423 0.0887885 0.00232646 0.0284699 1.76142e-06 -0.0028768 0.143781 -0.0927549 0.167451 -0.0269519 -0.0887143 0.0282834 0.112756 0.0757696 1.17331e-06 0.00720216 -0.00537508 -0.0205379 0.0674317 -0.0339073
0.0196232 0.782761 0.0996137 0.00237051 0.10723 0.0114015 -3.87428e-06 -0.0230247 -0.00678395 0.0182983 0.048532 -0.0337728 0.18042 0.0113318 -0.103404 0.0795189 -9.22483e-07 0.082583 0.0968702 0.0545496 0.00274766 -0.00375913
0.0210423 0.0996137 0.963322 -0.130037 -0.00779685 0.0177278 1.28901e-06 0.0561312 -0.0982154 0.074181 -0.0151529 -0.0829653 0.256268 0.0176162 -0.14183 0.078847 -6.78478e-08 0.0604386 0.0728696 0.00233933 -0.135348 0.154218
0.0887885 0.00237051 -0.130037 0.476875 0.105391 0.059419 6.47944e-07 0.056152 0.218402 -0.0197113 0.00170159 0.113041 -0.193508 0.0590308 0.204533 0.0207297 1.02087e-06 -0.0209303 -0.105065 0.00579277 0.180446 -0.0202109
0.00232646 0.10723 -0.00779685 0.105391 0.798759 -0.0267279 2.40341e-07 4.6711e-05 0.207223 0.0777418 0.0726168 0.0464541 -0.0928477 -0.0265583 0.046253 0.0520326 -1.54113e-06 0.0929775 -0.0289234 0.0291162 0.346695 -0.0404336
0.0284699 0.0114015 0.0177278 0.059419 -0.0267279 0.475297 1.0112e-06 0.239976 -0.00649493 -0.0806163 -0.0607111 0.121629 0.0306399 0.472191 0.0729522 -0.0307362 4.04662e-06 0.010854 -0.0547875 -0.0040254 -0.130436 0.139914
1.76142e-06 -3.87428e-06 1.28901e-06 6.47944e-07 2.40341e-07 1.0112e-06 3.44537e-09 -1.56193e-06 3.55606e-07 2.96033e-06 -1.73625e-06 4.25598e-07 -8.55356e-09 1.00455e-06 2.11241e-07 2.6441e-06 -3.04639e-10 -4.60711e-08 -2.10019e-06 -3.32469e-07 -3.46487e-06 -1.0912e-06
-0.0028768 -0.0230247 0.0561312 0.056152 4.6711e-05 0.239976 -1.56193e-06 0.423631 0.0516774 -0.0435102 -0.0244228 0.223614 0.0200278 0.238407 0.0335075 -0.000522619 3.05372e-06 0.0189155 0.0352521 0.0541151 -0.0739169 0.256773
0.143781 -0.00678395 -0.0982154 0.218402 0.207223 -0.00649493 3.55606e-07 0.0516774 1.12507 -0.233943 0.136341 0.0651779 -0.129932 -0.00645056 0.0344269 0.0803818 -1.45096e-06 -0.00514981 -0.139478 -0.0145829 0.285529 0.136422
-0.0927549 0.0182983 0.074181 -0.0197113 0.0777418 -0.0806163 2.96033e-06 -0.0435102 -0.233943 1.02968 0.0370423 0.0022707 0.0342932 -0.080088 0.00582675 0.0112687 -1.64202e-06 0.0192068 0.0587772 0.0256197 0.180406 -0.0712713
0.167451 0.048532 -0.0151529 0.00170159 0.0726168 -0.0607111 -1.73625e-06 -0.0244228 0.136341 0.0370423 0.770334 0.0214268 0.100136 -0.0603124 0.0235715 0.0511578 -2.73015e-07 0.0133113 0.0766393 -0.00115425 0.0913626 -0.00777243
-0.0269519 -0.0337728 -0.0829653 0.113041 0.0464541 0.121629 4.25598e-07 0.223614 0.0651779 0.0022707 0.0214268 0.56451 0.000951239 0.120835 0.0695368 -0.0328265 1.29863e-06 0.0139401 0.0138317 0.0112614 0.0215986 0.0249764
-0.0887143 0.18042 0.256268 -0.193508 -0.0928477 0.0306399 -8.55356e-09 0.0200278 -0.129932 0.0342932 0.100136 0.000951239 1.03997 0.0304449 -0.203043 0.0444464 5.59124e-07 0.0233759 0.33635 0.131221 -0.317395 0.118433
0.0282834 0.0113318 0.0176162 0.0590308 -0.0265583 0.472191 1.00455e-06 0.238407 -0.00645056 -0.080088 -0.0603124 0.120835 0.0304449 0.469105 0.072474 -0.0305356 4.01989e-06 0.0107834 -0.0544276 -0.00400069 -0.129588 0.139001
0.112756 -0.103404 -0.14183 0.204533 0.046253 0.0729522 2.11241e-07 0.0335075 0.0344269 0.00582675 0.0235715 0.0695368 -0.203043 0.072474 0.678693 -0.0660688 -1.57636e-06 -0.0672681 -0.11399 -0.0464433 0.241412 -0.0341249
0.0757696 0.0795189 0.078847 0.0207297 0.0520326 -0.0307362 2.6441e-06 -0.000522619 0.0803818 0.0112687 0.0511578 -0.0328265 0.0444464 -0.0305356 -0.0660688 0.568134 1.11913e-06 0.0243641 0.0395938 0.0125573 -0.0240522 0.0381963
1.17331e-06 -9.22483e-07 -6.78478e-08 1.02087e-06 -1.54113e-06 4.04662e-06 -3.04639e-10 3.05372e-06 -1.45096e-06 -1.64202e-06 -2.73015e-07 1.29863e-06 5.59124e-07 4.01989e-06 -1.57636e-06 1.11913e-06 3.27442e-09 3.08329e-07 8.18065e-07 8.79136e-07 -3.99082e-06 3.54613e-06
0.00720216 0.082583 0.0604386 -0.0209303 0.0929775 0.010854 -4.60711e-08 0.0189155 -0.00514981 0.0192068 0.0133113 0.0139401 0.0233759 0.0107834 -0.0672681 0.0243641 3.08329e-07 0.165267 0.0381636 0.0374234 0.0371309 0.0430253
-0.00537508 0.0968702 0.0728696 -0.105065 -0.0289234 -0.0547875 -2.10019e-06 0.0352521 -0.139478 0.0587772 0.0766393 0.0138317 0.33635 -0.0544276 -0.11399 0.0395938 8.18065e-07 0.0381636 0.923337 0.320232 -0.143937 0.0440797
-0.0205379 0.0545496 0.00233933 0.00579277 0.0291162 -0.0040254 -3.32469e-07 0.0541151 -0.0145829 0.0256197 -0.00115425 0.0112614 0.131221 -0.00400069 -0.0464433 0.0125573 8.79136e-07 0.0374234 0.320232 0.579082 -0.0250394 0.0280458
0.0674317 0.00274766 -0.135348 0.180446 0.346695 -0.130436 -3.46487e-06 -0.0739169 0.285529 0.180406 0.0913626 0.0215986 -0.317395 -0.129588 0.241412 -0.0240522 -3.99082e-06 0.0371309 -0.143937 -0.0250394 1.12786 -0.131728
-0.0339073 -0.00375913 0.154218 -0.0202109 -0.0404336 0.139914 -1.0912e-06 0.256773 0.136422 -0.0712713 -0.00777243 0.0249764 0.118433 0.139001 -0.0341249 0.0381963 3.54613e-06 0.0430253 0.0440797 0.0280458 -0.131728 0.789566