0.91359 -0.00811818 -0.0456099 -0.00432606 -0.0276418 -0.00355729 -0.000714152 -0.0178397 -0.0117426 -0.0191005 0.0168801 0.000429536 -0.00316582 -0.00914432 -0.0444432 -0.010958 -0.000362313 -0.0146276 0.00673075 -0.00764252 0.00394259 0 -0.000608701 -0.0128411 0 0.00339779 -0.00177379 0 0 0.00836093 -0.00111318 -0.0172318 -0.00148113 0 0.00342909 -0.00964578 0.00305255 -0.000446112 0 -0.0024196 0 0 0 0 -0.00766337 0 0.00811608 -0.00174851 0 0 -0.00563519 0 -0.00805439 0.00182671 0 0 -0.00157222 -0.00620041 0 0 0 0.00558285 -0.00383208 0 -0.00254915 0 0 -0.0129156 -0.0102307 -0.0177581 0.0198572 0.000176452 -0.00517918 0 0 0.00139268 0 0 0 0 0 -0.00187413 0.00166577 -0.00890298 -0.00197669 0.00963025 0 -0.000424903 0 -0.000533995 0 0 0 0 0.00397741 0 -0.00109403 0 -0.02098 0 0 0 0.000142069 0 0 -0.00455586 0 0 -0.000788443 -0.00358115 0 0.00187561 0.00629493 0 0 -0.0055397 -0.00670964 -0.00550377 -0.00361385 -0.0273813 0 0 -0.00110563 -0.00142076 -0.00231148 -0.0203191 0.00194958 -0.00088556 0 0 -0.00472761 0 0 0 0.00183441 -0.00393453 0 0 0.00853091 -0.00455973 0.0094588 0 0.00055416 0 -0.000985262 0 0 -0.00128911 0.00747656 0 0 0 -0.00400517 -0.00298159 0 0.00314223 -0.0120597 -0.00138795 0 0 0 0 0 -0.00550287 -0.00510374 -0.000231477 -0.000324438 0.00177242 -0.00497172 0 -0.00141167 0 -0.0228005 0.00918153 0 -0.00270415 0 0 0 0 0 0 0 -0.00147623 0.000901078 -0.00567816 0 0 0 0 0 -0.00014578 -0.00069888 0 0 0.0019918 0 -0.000503093 0.00142941 0 0 -0.0077712 0 0 0 -0.000739644 0 -0.000776509 -0.00083042 0 0 0 0 0 0.00135756 5.95849e-06
-0.00811818 0.805996 -0.0109721 0.00224417 -0.00630394 0.00537004 0.0148915 -0.0220342 -0.0359111 0.00263136 0.0284108 0.0379102 0 -0.0453058 -0.00599397 -0.012251 -0.00128628 -0.0113819 0.0170559 -0.0270495 0.0260894 -0.0164987 -0.0158827 -0.000843897 -0.00342164 0.0123925 -0.0150244 0.000350059 0.0157727 0.0157351 0 -0.0048113 -0.0056113 0.000637123 0.00764963 -0.0307589 0 0.0102646 0 -0.00820697 0 0.00420396 0.0077042 -0.00540057 0 0 0.0195987 0.000384428 0.0144526 0.00664895 -0.0311889 0.0232066 -0.0336685 -0.0116657 0 0.0171348 -0.0105088 0 0.00198289 -0.00263473 -0.0162098 0 -0.00634102 0.00458909 -0.00841862 0.00637528 0.000429479 -0.0203634 -0.0350151 -0.00192733 0.0334086 0.00869341 -0.0269279 0.0369362 -0.00385659 0.00403883 0.00231339 0 -0.00056919 0.000601543 -0.00129288 0.000294221 0.0287781 -0.026882 -0.0368922 0.00105442 -0.00170039 -0.00151952 0 0 0 0.00198734 0.00177895 0.00151714 0.0133942 0 0.00282758 -0.0295233 -0.0165759 0 -0.00180309 0.0210113 0.0115208 8.35932e-06 -0.00502058 -0.0477678 0.0230478 0.000721015 -0.000557492 -0.0297785 0.00437081 0.0164602 0.0201646 0.00225571 0.01047 -0.0340251 -0.0413342 -0.0113463 -0.0329845 -0.0170864 0 0.00618017 -0.0322477 -0.00850814 -0.00817647 -0.0180832 0 -0.0211305 -0.00287774 0 -0.0157635 0.00246893 0 0 0.0152593 -0.00730754 0.000617345 0.00845769 0.00112224 0 0.0100798 -0.00366688 0.00514044 0 -0.00208632 0 -0.00241309 0.00195662 0.0220545 0.00999218 0.0105525 -0.0186934 -0.00468907 -0.0318149 0.0114069 0.0111612 -0.0121443 -0.0047233 0.000150724 0 0 0.0232208 0.00386223 -0.0175217 -0.00550147 -0.00292468 -0.00455285 0.00137117 -0.0210668 -0.00443321 -0.00707979 0 -0.018159 0.0176882 0.00493468 -0.00580115 0.00932134 -0.00218525 -0.00775949 0.018622 0.000113326 -0.00133001 0 -0.00612167 0.00428269 3.56563e-05 0 0 0.00288185 -0.00641987 -0.00720583 0.00900193 -0.00151901 -0.000659785 0.0062589 0.0130033 0 0.0234157 0 0 0 -0.0101012 0.00255591 -0.000808486 0 -0.010224 -0.00951761 -0.0128738 -0.00949944 0.00119232 0 0.000253914 -0.0567474 -0.0036905 0.00441247 0
-0.0456099 -0.0109721 0.881794 -0.000377979 -0.040729 0 0 -0.0113167 -0.0149717 -0.0203219 0.00835338 0 -0.000984703 -0.00432321 -0.0499236 -0.0267303 -0.000947465 -0.0201232 0.00843273 -0.0116971 0.00443889 0 -0.000581902 -0.0192515 -2.65728e-05 0.00305346 -0.00234032 0 0.000581536 0.00239849 -0.000127984 -0.0141531 -0.00205954 0 0.000182919 -0.022503 0.000890624 0 0 -0.00465312 0 0 0 0 -0.0227974 0 0.016566 -0.00023442 0 0 -0.00394153 0 -0.00377355 0.00364309 0 0 -0.00112374 0 -9.93844e-05 0 0 0.000587099 -0.00076149 0 -0.00556256 0 -0.00110168 -0.0054009 -0.00753391 -0.00551861 0.00935909 0 -0.0101252 0 0 0 -0.0151617 0 4.93353e-06 0 0 0 0.0021985 -0.00428381 -0.00269551 0.00464526 0 -0.00068165 0 0 0 -0.00977299 0 0 0.0023032 0 2.52667e-05 0 -0.00075863 0 0 0 0 0 0 -0.00953867 0 0 -0.000149017 -0.0126562 0 0 0.00267709 0 0 -0.00444498 -0.00601 -0.00297528 -0.00260444 -0.0166035 0 0 -0.000827344 -0.000518075 -0.00020886 -0.00614001 0.00143618 0 2.67832e-05 0 -0.00013936 0.00051116 0 -0.000332983 0.00308452 -0.00220464 0 0 0.018765 -0.00197356 0.0189049 0 0 0 -0.00116534 0 0 0 0.00450841 0 0 0 -0.00142125 -0.000202162 0 0.00178995 -0.00259168 -0.000196919 -0.00619416 0 0 0 0.00686976 -0.00254315 -0.00138792 -0.000777953 0 0.00261163 -0.00014625 0 0 0 -0.0268197 0.0094382 0 -0.0062504 1.91679e-05 0 0 0 0 0 0.0179823 -0.0012965 0 -0.000363437 0 0 -9.38596e-05 0 0 -0.000267873 -0.00405983 0 0 0.00309334 0 0 0 0 -0.0176054 -0.00131452 0 0 0 -0.000664554 0 0 0 0 0 0 0 0 0.000106034 0
-0.00432606 0.00224417 -0.000377979 0.928663 -0.00554073 -0.0275554 -0.0339646 -0.000683421 -0.00389069 0 0.00166009 0 -0.0397615 0.000201431 -0.00130274 0 -0.000273846 0.000366695 0 -0.00125763 0.00871752 0 -0.00701102 0 0 0 -0.00366285 0 -0.000296473 0.00709578 -0.0143866 0 -0.017052 0 0 -0.000295255 -0.0140477 -0.0175406 -0.000142297 0 0 -0.000770082 0 -0.0155434 0 0 0 -0.0228499 1.42064e-05 -0.00260063 -0.00338742 -0.00336264 -0.00091759 0.0136837 0 -0.020248 -0.00925835 -0.00940604 0 -0.0130627 0 -0.00120016 -0.00623831 0 -0.0056634 0 0 -0.00895796 -0.00086776 0 0.0135288 0 -0.00145294 -0.0180976 0 0 0 0 0 0 -0.00226703 -0.0201641 -0.000906112 -0.0019102 -0.00322101 0 -0.00101092 -0.00736865 0 -0.00194503 0 0 -0.000564953 0 0.00672064 -0.00334011 -0.0164665 0.000275181 0 0 0 -0.00809723 -6.30012e-05 -0.00664051 0.00043102 -0.00360149 -0.00211299 -0.000576049 -0.00323555 -0.00626256 -0.00168041 0 0 -0.00170925 0 -2.56486e-05 -0.00936952 0 -0.00487721 -0.000124273 -0.00190037 0 0 -0.0198386 -0.00401275 -0.000581635 0 -0.00946264 0 0 -0.00233548 0.000118189 0 0.0157734 0 -0.00846602 0 0 0 -0.00399681 0.00567129 -0.0013599 0.00420388 6.10024e-06 -0.00219797 0 -0.0123844 -0.024031 0.0137762 -0.00354873 -0.000123667 -0.00515404 -0.0092876 0 -0.000109889 0 0 -0.00535241 0 0 0 -0.0030927 -0.0018771 0 -0.00829752 -0.0148595 -0.00170004 0.00212114 0 0 -0.00313293 0 -0.00234245 0.00991349 0 -0.0097531 -0.00808916 -0.000781455 0 -0.00233259 -0.00059832 0 -0.00397281 -3.06961e-05 0 -0.0261538 0 0 0 0 -0.000575233 -0.01193 -0.0103455 0 -0.00353514 0.0107503 -0.000328358 -0.0270841 0 0 0 -0.00617588 -0.000714518 -0.00415396 0 -0.00238599 0.00100457 0 -0.00232137 0 0 0 4.36844e-06 0 0 0
-0.0276418 -0.00630394 -0.040729 -0.00554073 0.915302 -0.00860135 0 -0.0102952 -0.0038603 -0.0165794 0.00877195 0.000475077 -0.0128898 -0.0011449 -0.0295603 -0.0154873 8.17683e-05 -0.00323583 0.00785764 -0.00517754 0.00459754 -0.0273058 0 -0.0414461 0 0.00218694 -0.000738727 0.000773739 0.000874618 0.00381063 -0.00123991 -0.000649966 -0.00298062 0 0.0106193 -0.00672565 -0.00929537 0 0 -0.000430885 0 0.0144802 0 0 0 0 0.00203758 -0.000546433 0 0.00142045 -0.00101853 0.00099857 -0.00130408 0.00270864 0 0.000127538 0 -0.00216864 0.000210639 0 0.000304087 0 0 0 -0.000452475 0.00252861 0 -0.00429997 -0.012411 0 0.00901772 0.00903745 -0.00130196 0 0 0.00950141 0 0.00515828 0 0 0 -0.00698067 0.00192546 -0.00401141 0.0065258 3.28135e-05 0 0 0 0 0.0100525 0.000284851 0.00250626 0.00499836 0.00479919 0 -0.000642367 -0.000222646 -0.0226276 0 0.00925891 0 0.00367479 0 -0.00127841 0 0 0.000612659 -0.00779311 0 0.00234081 0.00240414 0.00320056 0.00818824 0.00304753 -0.00978044 -0.00128659 -0.00209031 0 -0.0129977 0 0.000284855 -0.00570347 0 0 -0.00394934 0 -0.00342014 0 0 -0.00451989 0 0 0 0.00174998 -0.00165099 0 0.0010212 0.00081203 0 0.00380054 0 0 0 0 0 0 -0.000539651 0.00405691 0 0.00306541 -0.00210764 0 -0.000103149 0.00038785 0 -0.00199754 0 0 0.00523352 0 0 0 -0.00655488 -0.000486535 0 0 0.000445198 -0.00318642 0 0 0 -0.0120035 0.00224779 0.00325714 -0.00693883 0 0 0.00548936 0 0.000747126 0.00355582 0 -0.000185946 0.00231819 -0.00659404 0 0 0 0 0 0 -4.10159e-05 0 0 0.00146306 0.00025942 -0.0018825 0 0 -0.00117113 -0.00434749 0.00187241 0 0 0 0 -0.00211374 -0.00191898 0 0 0 0 0 0 0
-0.00355729 0.00537004 0 -0.0275554 -0.00860135 0.901171 -0.0301507 -0.00112315 0.00842548 -0.00176538 0.0026975 0.0053993 -0.00936602 0.00416635 0 0 -0.01532 0.00192146 0.00193467 0.00871 0.00611633 0 -0.0255035 0 3.35372e-06 0 -0.013461 0 -0.00944527 0.00240736 -0.0186387 0 -0.0177956 0 0 -0.000685593 -0.0267116 -0.00103483 0 0 0 0 0 -0.00751367 0 0 -0.00993361 -0.0405043 0 -0.00281588 -0.00483904 -0.00401515 -0.00429334 0.0132994 0 -0.0112557 -0.00958673 -0.0452666 0 -0.00946074 0.0159637 -0.0232985 -0.00546903 0 -0.0172026 4.94256e-05 3.96235e-05 -0.0113056 -0.000687771 3.80512e-05 0.0164064 0 0 -0.0263078 0 0 0.00815771 0 -0.0133229 0.0135194 -0.024082 -0.0533832 -0.00252336 -0.00131986 0.000727078 0 -0.00748054 -0.012 0 0 0 0.0105915 0 0 0.00248544 -0.0238515 -0.0274032 0.000359909 0 0 5.49432e-05 -0.0150045 -0.00137915 -0.00957086 0.00159745 0.00321871 -0.00444222 0 -0.00171789 0.00903354 0.00404682 0 0 0 0.012117 0 -0.00709105 -0.00266382 -0.0057805 0 -0.00300558 0 0 -0.0175082 -0.0191927 -0.00106006 0 -0.0130918 -0.0028757 0 -0.00308583 0 0 0.0214615 0 -0.0157713 0 0 0 -0.0087242 -0.000621224 -0.00306116 0.00598262 0 -0.00544543 0 -0.00715389 -0.00453801 0.00942812 -0.00426597 -0.00138399 -0.0119751 -0.0127327 0 -0.000311691 -0.0107839 0 -0.00930429 4.19052e-05 0.00981659 0 -0.000265059 -0.00433497 -0.00278428 -0.00725031 -0.0110894 -9.57612e-05 0.000634009 0 0 -0.00423597 0 -0.000578897 0.00722379 0 -0.0238174 -0.00803296 -0.00796802 0 -0.00503645 -0.00117495 0 -0.00302317 -0.00736381 0 -0.1106 0 -0.00069588 0.00580496 0 -0.00226764 -0.00937666 -0.0220938 0 -0.00343941 0.00421847 -0.0016272 -0.0221658 0 0 0 -0.0208129 0.000486163 -0.00459055 0 -0.00350447 0.00472379 0 -0.00224468 0 0 -0.00224519 0.0206906 -0.000527507 0 0
-0.000714152 0.0148915 0 -0.0339646 0 -0.0301507 0.907477 0 0 0 -0.00172961 0 -0.0313458 0 0 4.16625e-05 -0.00720365 0.00608229 -0.00207384 0 0 0 -0.0368439 0 0.000690747 -0.00207161 0.00394763 -0.000116586 -0.0241255 9.21215e-05 -0.00841587 0 -0.00097602 0 0 0 -0.0181313 -0.00552237 0 0.00115445 -0.00233051 -0.0085332 0 -0.00086827 0 0 -0.0124979 -0.0130862 -0.000336958 -0.00704734 0.00174202 -0.0196988 0 0.00654142 -0.002091 -0.0379491 -0.00213422 -0.017403 -0.000331756 -0.0051356 0.00475052 -0.000142541 -0.00790214 -0.0027072 -0.00523592 -0.00564653 0 -0.00341833 0 0 0.00685553 -0.00814395 0.000524841 -0.00890127 0 0.00477323 -0.000120215 -0.00212075 -1.88222e-05 -0.000297042 -0.00847101 -0.0194716 -0.00707914 0 -0.0113602 0.000487184 -0.000759146 -0.0102652 0 -0.00164828 0 -0.00182149 -0.00713828 -0.00390028 0.00298231 -0.00868048 -0.023401 0.00314656 0 0 0.00109744 -0.0859929 -0.0055428 -0.0111188 0.00756902 0.00880571 -0.0171579 -0.00482326 -0.00387414 -0.00784052 -0.00988732 -0.00511808 -0.00497507 -0.00881733 -0.00192631 0.0114991 -0.0063318 0 -0.00742144 0 -0.00384294 -0.00063924 0.0155633 -0.0233671 -0.0042426 -4.09821e-05 0 -0.000179437 -0.00306269 0 0.00379008 0 0 0.00753034 -0.0017248 -0.00347168 0 -0.00320924 0 -0.00784198 0 0 0.00068674 0 -0.00719575 0 -0.00276745 -0.00170137 0.00434191 -0.00432827 -0.0167434 -0.00239108 -0.00843585 0.00225415 -0.00368178 0 0.00110722 -0.0105754 -0.00211302 0.00689952 0 -0.00519429 -0.0126689 0.00543527 -0.0026892 -0.00979208 -0.00235908 0.000748885 0.00353127 0.000173709 -0.0169633 0 0 0.00359113 -0.00411934 -0.00444628 -0.0236903 -0.00208942 -0.00552945 -0.0202148 -0.00390786 -0.00421835 -0.00789743 -0.00204122 -0.00253688 -0.0201492 -0.000205332 0 0 0 -0.00150921 -0.00417701 -0.00761499 0 -0.0173693 0.00504964 -0.0135376 -0.0194292 0 -0.000106998 0 -0.00358546 -0.00678046 -0.0150334 0 -0.00330447 0.0119464 0.00423216 0 0 0 0 0.0134905 0 0 0
-0.0178397 -0.0220342 -0.0113167 -0.000683421 -0.0102952 -0.00112315 0 0.730516 -0.0375969 -0.0765156 0.0165349 0.0116608 0 -0.0435388 -0.0116171 -0.0147634 -0.00481683 -0.016651 -0.013647 -0.016857 0.00329049 0.0595457 -0.00280812 -0.000870442 -8.99876e-05 0.00122562 -0.00495257 0.00305912 0.015173 0.00703348 0 -0.010618 -0.00166517 0 0.0314589 -0.0145863 0.0256052 0 0 -0.0123706 0 0 0 0 -0.0191327 0.000275322 0.0029917 -0.00145177 -0.0350261 0.00972255 -0.0137736 0 -0.006782 -0.00887654 0 0.0175643 -0.00133412 -0.00419256 -0.0250419 0 0 0.0154818 -0.00818902 0 -0.00747465 0.00248422 -0.0172736 -0.0343631 -0.0145451 -0.0404393 -0.00803514 6.42223e-05 -0.0178394 0 0 0.0201268 0 0 0 0.00202932 0 -0.004774 0.0089829 -0.00779353 -0.00650743 0.0158048 0 -0.000881924 0.00257983 -0.00994039 0 0 0 0 0.0070109 0 -0.00218925 -0.00186623 -0.00782891 0 0 0 0.00641529 0 0 -0.0206764 0.0096759 0 -0.00781076 -0.00903268 0 0.0152328 0.00417321 0 0 -0.0106746 -0.0310409 -0.0319002 -0.0110843 -0.020409 0 -0.010781 -0.0109043 -0.00417809 -0.00494862 -0.0129223 0.0020163 -0.00408133 -0.000614359 0 -0.00577256 0.000710585 -0.00718781 0 0.00184544 -0.00989204 0.00590196 0 0.0153919 -0.00434572 0.0127856 0 0.00184194 0 -0.00177377 0 0 0 -0.00524304 0 0.00642609 -0.00224467 -0.00853573 -0.0030403 0.00575368 0.0200868 -0.0065015 0.00680273 0 0 -0.00316894 0 0 -0.00292792 -0.000117128 -0.000799113 0 0.00209937 -0.00225067 0 -0.00606593 0 -0.0107836 -0.00603537 0.00195346 -0.00904042 0 -0.000501967 0 0 -0.000543733 1.55264e-05 0 0 0.00138469 -0.00532875 0.00407671 0 0 0 -0.0061541 -0.00129179 0 -0.000869905 0 0.00240237 0 0 0.0035411 0 -0.000929762 -0.00807639 0 0 0 -0.00526176 0 0 -0.00497686 0.000129456 0 0.000359936 -0.000401047 0 0.00470349 0.00740291
-0.0117426 -0.0359111 -0.0149717 -0.00389069 -0.0038603 0.00842548 0 -0.0375969 0.875687 -0.0282895 0.0319385 0.000346313 -0.00582864 -0.0590735 -0.00954709 -0.0232208 -0.0327318 -0.0392501 0.0326487 -0.0441277 0.00393235 0 -0.0121366 -0.00504171 -0.0079256 0.0131362 -0.0104 0.0013282 0.0247918 0.0128237 -0.00363534 -0.0191989 -0.00529627 0 0.00425857 -0.0210089 0.0379072 0 0 -0.0413826 0 0 0.00553707 -0.00452875 -0.00480815 0 0.00136164 -0.00536157 0 0 -0.022613 0 -0.0193525 0.0166589 0 0 -0.00542066 -0.00303833 -0.000424796 -0.00871868 0 0 -0.0162299 0.0106923 -0.00894595 0 -0.00752079 -0.0873309 -0.0224099 -0.007557 0.0139691 0 -0.0342258 0 0 0 0 -0.00178853 0 0 -0.00261237 0.00890682 0.00558136 -0.03454 -0.0189871 0.00581246 -0.00303898 -0.00567434 0 -0.0110971 0 0 -0.00275924 0 0.0248683 -0.00246038 -0.00698168 0 -0.00236456 0 0.00140982 0.0206349 0 -6.04516e-05 0 -0.0348848 0 -0.000145258 -0.00696233 -0.0161383 0.00549636 0.00157885 0.00269133 -0.00346236 0 -0.022808 -0.0315926 -0.0168212 -0.0191779 -0.0117069 -0.00614421 0 -0.0149844 -0.018242 -0.0184176 -0.0165795 0.00292391 -0.0191996 -0.0037129 -0.0162079 -0.0161875 0.00346853 0 -0.00357458 0.00895264 -0.015502 0.000690735 0.0036083 0.00682552 -0.0062599 0.0222109 -0.00235557 0.00846351 0 -0.00382048 0 -0.0038615 -0.00441463 0.0085166 -0.00138239 0.00789481 -0.00739456 -0.0206371 -0.016398 0 0.00950243 -0.0136829 -0.00597141 -0.000231159 0 0 -0.000813038 0 -0.0158857 -0.0037603 -0.00433032 -0.00355774 0.00802404 -0.00276836 -0.00348879 -0.0153015 0 -0.0283426 0.0174191 0 -0.0125518 3.63185e-05 -0.00852285 -7.47355e-05 0 -0.00214508 0 -0.00104431 -0.00497187 0 -0.00201331 1.18069e-05 0 0 -0.000509893 -0.00626664 -0.0107354 -0.00657255 -0.00226155 0 0.00807228 0 0.00234227 0.00651112 -0.0169628 0 -0.00955331 0.00648451 0.000564974 0 -0.00709659 0 -0.00225378 -0.00952436 0 0 0.00499323 -0.0101297 -0.00129081 0.00643012 0
-0.0191005 0.00263136 -0.0203219 0 -0.0165794 -0.00176538 0 -0.0765156 -0.0282895 0.765755 0.0208083 0.00222016 0 -0.0139612 -0.015981 -0.0178215 0 -0.0334837 0.00666689 -0.00761132 0.0106471 0.00648514 -0.00234697 -0.0251388 -0.00139781 0.0044649 -0.00469579 0.0207095 0.00546016 0.0104943 1.90778e-05 -0.0465113 -0.00281236 -0.007204 0.0200083 -0.00689516 0.0244978 0 0 -0.0162725 0 0.00917122 0 0 -0.00194389 0.0125808 0.00441778 -0.00158678 -0.032513 0.00428085 -0.0112958 0.00183789 -0.00889165 0.000863144 0 0.0128607 0 -0.00234549 -0.0146593 0 0 0.00239236 -0.025543 0.00108956 0.000825269 0.0262192 0 -0.0301663 -0.0135814 -0.0363193 0.00261414 0.00797701 -0.0124 0 0 0.0269181 0 0.0014505 -0.00480331 0.00626337 0 0.00164984 0.00617997 -0.0178611 0 0.0120914 -0.00115323 0 0 -0.0379711 0 0.000878628 0.00532679 0.0031489 0.00958169 -0.000166003 -0.00406303 -0.000604255 -0.0149189 0 0.00354299 0 0.00509314 0 -0.00221531 -0.00595678 0 0 -0.000814786 -0.00683805 0.00404739 0.0141684 0.00549188 0.00596038 0.000934764 -0.012728 -0.0134122 -0.134615 -0.00781211 -0.0233717 0 -0.0160629 -0.0115058 -0.00339593 -0.00159493 -0.0300699 0 -0.0116655 0 -0.00155109 -0.0178342 0.000957617 0 0 0.011898 -0.0150669 0.00151176 0.00109215 0.016302 -0.00406282 0.0151028 -0.000427447 0.00440199 0 0 0 0 -0.00337348 0.0055534 0 0.0033555 -6.14225e-05 0 -0.00332371 0.00473863 0.017011 -0.00506239 0 0.00104727 0.000630981 0 0.00210017 0.0015579 -0.0094375 -0.00133825 0 0 0.00734392 -0.00798066 0 -0.00162326 0 -0.00806743 -0.00047399 0.00575173 -0.00575531 0 0 0.0124874 0.0102583 0 0.00523945 0.0184487 0 0.00233944 0.00184484 0.00534672 0 -0.00643626 0 -0.00262453 -0.00282015 0 -0.000723798 0.00776438 0.00696741 0.00110461 0 0.00766229 0 -2.9286e-05 -0.00763889 0.00977309 0 0 -0.00206869 0 -0.002232 -0.00426045 0 0 0 -0.00019103 -0.000103111 8.4716e-05 0.00425526
0.0168801 0.0284108 0.00835338 0.00166009 0.00877195 0.0026975 -0.00172961 0.0165349 0.0319385 0.0208083 0.855238 0.00836392 0 0.0188419 0.0105894 0.00269034 0.0110341 0.004336 -0.180325 0.0329212 -0.00827009 0.00424633 0.0103893 0.00378268 0.0182306 -0.125967 0.0218071 0.00872118 -0.0037977 -0.0115641 0.00346877 0 0.00657182 -0.0187712 -0.00362469 0.0270118 0 -0.000955417 0 0.0239689 -0.00234367 -0.00431647 -0.0286645 0.00662864 0 0 -0.0176744 0.00937353 -0.0177008 -0.0104787 0.0166059 -0.00996852 0.0248611 0.00613927 -0.00821606 -0.0175217 0.0120913 0 -0.0132629 0.00973847 0 -0.00591321 -0.0300819 -0.0377682 0.00791669 -0.00981894 -0.000406762 -0.0111957 0.0274504 0.00128389 -0.0175592 -0.00645259 0.0278686 -0.00195543 0 -0.008151 -0.00177268 0 0.00061954 0.00809252 0.000905575 0.00352186 -0.0238394 0.0171777 2.99291e-05 0.00304436 0.00362892 0 0.00179035 -0.0355805 0 -0.00355258 -0.00815748 -0.00460135 -0.00738374 0 0.00129836 0.00444976 0.00470992 -0.000578525 -0.00699886 -0.00514682 -0.00244417 0 0.00767882 0.00495337 -0.000886677 -0.00604319 0 2.71669e-05 -0.00553546 -0.0172063 -0.0106114 0.00865877 -0.0167268 0.0101208 0.00858887 0.0092369 0 0.0126382 0 -0.0157398 0.0255919 0.00263269 0.00795251 0.0142153 0 0.00658512 0 0.00449026 0.0154925 -0.0031183 0 0 -0.103643 0.00521505 -0.00132832 -0.029149 0 -0.000601895 -0.00482026 0.0119672 -0.00515316 0 0 0 0.000847128 0.00656448 -0.0119751 0 -0.00504113 0.00459397 0 0.0214705 0.00531736 0 0.00887219 0.0024302 -0.00337469 7.42448e-06 0 -0.00422538 -0.00219065 0.029894 0.000964506 0.00745603 0.0110706 -0.00228842 0.0128655 0.0154481 0.0060798 0.0107695 0.00439397 -0.0175778 -0.011821 0.00875541 -0.000831267 0 -0.00486857 -0.00226037 -0.000127468 -0.00663526 -0.00739968 0.00788964 -0.00278897 0.00519035 0 0 -0.00344292 0.00644081 0 0 0.00150376 0.00741772 -0.000369306 -0.00448796 -0.00287806 0 0 0 0 0.00629838 -0.00222649 0 0 0 0.0101967 0.00884647 0.0171511 -0.0193269 0 0 0.0107578 0.00807766 -0.00997752 0
0.000429536 0.0379102 0 0 0.000475077 0.0053993 0 0.0116608 0.000346313 0.00222016 0.00836392 0.728785 0 0.00190243 5.34567e-05 0 -0.0027006 0 0.00495432 0 0 0 0.01609 0 0.0875255 0 0 0 0 0 0 0 0.000219406 0 -0.0190572 0 -0.00404324 0 0 0.000311731 -0.00052534 -0.005987 0 0.000560602 0 0 0 0.00439079 0 -0.00279979 0.0135062 -0.00391757 0.0023111 0 -1.63515e-05 -0.00660891 0 0 0 0 0 0 0 0 0 -0.0139451 -0.0115524 0 0.00286332 0 -0.00321654 -0.0027842 0 0 -0.000698704 -0.00877638 -0.00330411 -0.000536475 0.00282453 -0.000801183 0.000863596 0.0131317 -0.00813301 0 -0.00659429 0.000260678 0 0 0 0 0 -0.00445063 -0.0201249 -0.00181171 0 0 0 0.00125199 0 0 -0.0115764 0 -0.00291261 0 0.00217997 -0.00119341 0 -0.00124146 0 -0.00157479 -0.00400204 -0.0017306 -0.00365885 -0.0152496 -7.97464e-05 0.00837409 0.0110271 0.00693406 0 0.00196402 -0.00369247 0 0.00675457 0 0.00656711 0 0 0.000819318 0.00538077 -1.34516e-05 0.00354625 0 0 0 -0.000619369 0.000653363 0 0 0 -0.000363362 0 0.00046074 0 0 -4.52149e-05 -0.00988073 0 0.000222991 0 -0.0134896 0 0 0 0 -0.00823564 0.00134448 0.000303885 0 -0.000966021 -0.000420496 0 -0.00505799 0 0.0136735 0 0 -0.0139315 0 0.00189206 0 0 0 0 -0.00116111 -0.00458898 0 -0.00068404 0 -0.00637679 -0.000962544 -0.00215885 -0.00264516 0 0 -0.00037126 0.00156364 0 0 -7.72682e-05 0 0.0111769 0 0.00603633 0 0 0 -0.000511476 0 0 -0.000522381 0 0 -0.00364264 0 0 0 6.54154e-05 0.000448021 0.00206502 0 0 0 0 0.000184604 0 0
-0.00316582 0 -0.000984703 -0.0397615 -0.0128898 -0.00936602 -0.0313458 0 -0.00582864 0 0 0 0.889944 -0.00300678 -0.000149807 0 -0.00528714 -0.00253596 0.0011957 -0.00141063 0.001371 -0.010946 -0.00670658 0 0 0 -0.00225225 -0.000160525 -0.000833383 0.00384557 -0.0372272 0 -0.0133194 0 0 -0.000833054 -0.00818777 -0.016986 0 0 0 -0.00273693 0 -0.00458242 0 0 -0.000267399 -0.0122294 0.0103733 -0.00268541 -0.0035712 -0.0104834 -0.000722775 0.00815837 0 -0.0198027 -0.00360509 -0.00557428 3.81711e-05 -0.00273318 0.000245451 -0.00010505 -0.00466219 0 -0.00734624 -0.000953252 0 -0.00378598 -0.00138775 0 0.0100144 -0.00180947 -0.00218812 -0.011298 0 -0.000172899 0 -0.000505931 -0.00239569 3.96918e-06 -0.00376989 -0.00536731 -0.00170258 -0.00122515 -0.00406389 0 -0.00285723 -0.00489808 0 0 0 0 -0.0019991 0 0.00496442 -0.000149003 -0.0263928 9.72642e-05 0 0 -0.00114868 -0.00183027 -0.00110165 -0.00401734 0.00131294 -0.00412369 -0.00307112 -0.000532605 -0.0105512 -0.0122305 -0.00327424 -3.15425e-05 -0.00156184 -0.00310735 0 0 -0.00515094 0 -0.00420653 0 -0.00288427 2.64071e-05 0.00199412 -0.00843393 -0.00123115 0 0 -0.00512644 -0.000599603 0 0 0.000312696 0 0 0 -0.0204786 0.00707297 0 0 -0.0102591 0.00437379 0 0.00163438 0 -0.00244981 0 -0.00478032 -0.017139 0.0100197 -0.00601554 -0.00150764 -0.00525723 -0.0174197 0 -0.000165885 -2.33091e-05 0 -0.00317665 0 0.00369863 0 -0.00231067 -0.00170411 0 -0.0198411 -0.0102442 -0.00350102 0.000897581 0 0 -0.00498675 0 -0.00132234 0.0125596 0 -0.00464372 -0.00413642 -0.00144976 -0.00153433 -0.0061916 -0.000521216 0 -0.00189157 -0.00175488 -0.000312028 -0.00982219 0 0 0 0 -0.000829171 -0.0131428 -0.0106413 0 -0.00091628 0.00366358 -0.000307156 -0.0257059 0 -1.54678e-05 0 -0.00974311 -0.00141746 -0.00262639 0 -0.0032876 0.00177373 0 -0.000252566 0 0 0 0 0 0 0
-0.00914432 -0.0453058 -0.00432321 0.000201431 -0.0011449 0.00416635 0 -0.0435388 -0.0590735 -0.0139612 0.0188419 0.00190243 -0.00300678 0.87727 -0.00803074 -0.0163012 -0.0105409 -0.0287195 0.0193884 -0.0363786 0.00410442 0 -0.0089102 0 -0.0238889 0.00542915 -0.0083349 0 0.016896 0.0134145 -0.00344187 -0.00543435 -0.00344862 0 0.00374081 -0.0183732 0.0296105 -0.000370229 0 -0.0144063 0 -0.00133469 0.00111366 -0.00375809 -0.000216474 0.00846391 0.000584792 -0.00396055 0 0.00166987 -0.0212704 0 -0.0236542 -0.00760724 0 0 -0.0084971 -0.00347484 -0.000378635 -0.00459233 0 0.0219302 -0.0144073 0.00289936 -0.0130935 -0.00140335 -0.00823882 -0.0351328 -0.012071 -0.0128314 0.0164106 -0.00121808 -0.0164056 0 0 0 0 -0.00264596 0.0139806 0 -0.000985871 0.00617142 0 -0.0369343 -0.0164571 0.00693956 -0.0013394 0.00174564 8.18963e-06 -0.00592146 0 -0.000286962 -0.0038336 0 0.00776962 -0.00158834 -0.0104518 0 -0.00333772 0 -0.00279478 0.0177322 -0.000108111 -0.00103776 0.000111631 -0.0432775 0 -0.0016185 -0.020131 -0.0199837 -0.00472076 0.00769761 0 -0.00437249 0 -0.0145387 -0.0280798 -0.00596752 -0.0387636 -0.0198737 -0.0121991 0 -0.0195969 -0.00605209 -0.0106805 -0.0128262 0.00254391 -0.005704 -0.00142682 -0.00456753 -0.00993416 0.00325898 0 -0.0167791 0.0054876 -0.0139464 0 0.000747311 0.00456938 -0.00595995 0.02023 -7.15948e-05 0.00557214 0 -0.00531901 0 -0.00366457 -0.000397367 0.0165911 -0.00101988 0 0.00458227 -0.00585076 -0.00816822 0 0.0181383 -0.00606919 -0.00157043 -0.000992719 0 -0.0146109 -0.000828581 0 -0.00847315 -0.00589036 -0.0041334 -0.00423857 0.00834845 -0.00186431 -0.000446844 -0.0158482 -0.000420017 -0.0232539 0.00789274 0 -0.00924345 0 -0.00209323 -0.00433449 0 -0.0025809 -0.00133331 -0.000894465 -0.00145423 0 -0.00437399 0.00702821 0 0 0 -0.00253971 -0.00365629 -0.00263538 -0.000159883 0.020267 0.0149421 0 0 0.00686579 -0.00754739 0 -0.00816911 -0.00351164 -0.00087978 0 -0.00530245 -3.74535e-05 0 -0.00722999 0.00333294 0 0.00996026 -0.0114202 0 0.0102073 0.00644392
-0.0444432 -0.00599397 -0.0499236 -0.00130274 -0.0295603 0 0 -0.0116171 -0.00954709 -0.015981 0.0105894 5.34567e-05 -0.000149807 -0.00803074 0.893629 -0.0278589 -0.00192644 -0.00798732 0.00476735 -0.0153255 0.00265118 -0.0126727 0 -0.0134065 0 0 0.00384684 0 0.0012917 0.00436247 -9.30758e-05 -0.00436959 -0.000655023 0 0.0222109 -0.0130124 0.00211186 -0.00156339 0 -0.00131911 0 0 0 0 -0.0138457 0 0.00821017 0 0 0 -0.00450255 0 -0.00233254 0.0022147 0 0 -9.76494e-06 -0.000452916 0 0 0 0.0150444 -0.000742914 0 -0.000549813 0 0 -0.00855951 -0.00398564 -0.0200366 0.00607061 0 -0.0142551 0 0 0 0 0 0.0010819 0 0 0 0 -0.00679913 -0.00139967 0.00159297 0 0 0 -0.000711691 0 0 0 0 0.00498776 0 -0.00069923 0 -0.0349018 0 0 0 0 0 0 -0.00384354 0 0 -0.00275982 -0.00767491 0 0.00502312 0 0 0 -0.00652612 -0.00593167 -0.00501159 -0.0035968 -0.0114996 0 0 -0.000283348 -0.00158478 -0.00220213 -0.0143136 0 -0.000213012 2.33074e-05 -0.000876251 -0.00259747 0 -0.000121714 0 0.000473675 -0.00506673 0 0 0.00278263 -0.00390831 0.0103968 0 0.000872933 0 -6.25635e-06 0 0 0 0.00246041 0 0 0 -0.0012594 -0.000336654 0 0.00594533 -0.003088 0 -4.95368e-05 0 0 0 0 -0.000944182 -0.000834953 0 0 0.00378109 -0.00138299 0 -0.000357126 0 -0.0124079 0.00311834 0 -0.00572996 0 0 0 0 0 0 0 -0.000371494 0 0 0 0.00541552 0 0 0 -0.000130377 -0.000910448 0 0 0.00381842 0 -0.00029951 0 0 -0.00490673 -0.00422392 0 0 0 -0.000708565 0 0 -1.77479e-05 0 0 0 0 0 0 0
-0.010958 -0.012251 -0.0267303 0 -0.0154873 0 4.16625e-05 -0.0147634 -0.0232208 -0.0178215 0.00269034 0 0 -0.0163012 -0.0278589 0.874509 -0.00248724 -0.0250094 0.00127616 -0.0273912 0.00175229 -0.0156979 0.000496499 -0.00730054 -0.00246766 0 -0.00515032 0 0 0.00764986 0 -0.0150282 -0.000216983 0 0.00396028 -0.0182449 0.00426167 0 0 -0.00229674 0 0 0 0 -0.0210563 0 0.0254391 0 0 0 -0.0105788 0 -0.00630864 0.0021001 0 0 -0.000115808 0 -0.00304994 0 0 0 -0.00274133 0 0.00518564 -0.00040234 -0.00459524 -0.0157526 -0.0110292 -0.0188258 0.0101644 0 -0.0195986 0.0124873 -0.00184289 0 0 0 0.0143651 -0.00541218 0 3.43211e-05 0 -0.0237306 -0.00769288 0.0110892 0 0 0.00731154 -0.00162089 0.00700553 -0.000437852 -0.00120185 0 0.00280122 0 0.000416359 0 -0.00120977 -4.76881e-05 -0.000705562 0.00558701 0 0 0 -0.00753599 0 0 -0.00102481 -0.0134168 -0.00239016 0.000102784 0 -0.00155164 0 -0.00193574 -0.0110795 -0.00142635 -0.00897381 -0.00589538 2.94158e-05 0 0 0 0 -0.0367184 0.0123369 0 0 -0.00240652 -0.000265244 0 0 -0.0189315 0 -0.0102459 0 0 0.0166058 -0.00227974 0.0128523 0.011738 0.000294162 0 -0.000134486 0 0 0 0.00375213 0 0 0 -0.00134626 -0.00343064 0 0.00947807 -0.00173615 0 -0.000885016 0 0 0 0 -0.00258794 -7.44195e-06 0 0 0.000403079 0 0 -0.00168481 0 -0.021549 0.00890678 0 -0.00171755 2.96353e-05 0 -0.000331611 0 -0.000792295 -0.000341846 0 0 0 0 0 0 -0.0126201 0 -0.00291778 0 0 0 0.0209775 0.000894654 0 0 0.00109182 0 -0.0082544 -0.00102822 -0.000768644 0 0 -0.000605886 0 0 0 0 0 1.33692e-05 -0.000598875 0 0.000903955 0
-0.000362313 -0.00128628 -0.000947465 -0.000273846 8.17683e-05 -0.01532 -0.00720365 -0.00481683 -0.0327318 0 0.0110341 -0.0027006 -0.00528714 -0.0105409 -0.00192644 -0.00248724 0.817057 -0.0117521 0.0112552 -0.0243869 0 0 -0.00940692 0 0.00398839 -0.00213637 -0.0162106 0.000205812 0.00589123 0 -0.00616213 -0.00254345 -0.000652763 0 -0.000792421 -0.00622397 0.00240587 0.0106085 0 -0.00313288 -0.0198055 -0.0165005 0 -4.38289e-05 -0.00191854 0 -0.00346466 -0.00256138 -0.0015456 -0.0152632 -0.0172284 -0.0132856 0 -0.0112024 -0.0029374 -0.0242693 -0.00301818 0.00289188 -0.0165115 -0.00235688 0 0 -0.0256799 -0.00190661 -0.0210882 -0.0183757 -0.00561771 -0.0351223 -0.00216893 -0.00220715 0.00620559 -0.0189389 -0.0100355 -0.000951638 -0.00596724 -0.0379089 -0.00309882 -0.00889284 0.000786775 -0.0052531 -0.00451927 0 -0.0285633 -0.00619855 -0.0390797 0 -0.00133515 -0.00996763 0 -0.00547589 0 -0.00805939 -0.0205329 -0.00717013 0.00229328 -0.00303661 -0.00999289 0.00698085 0 -0.00147723 -0.0243145 0.0114969 -0.0120273 -0.00552647 0.0248264 -0.0327266 -0.00967537 -0.0120546 -0.0130546 -0.0249184 -0.0228278 -0.0204212 -0.0150933 -0.0234399 -0.00841749 0.0139627 -0.0155421 0 -0.0238092 -0.000653367 -0.0182931 -0.00312965 0.0146465 -0.0089613 -0.0058923 -0.00201411 0 -0.0031727 -0.00585758 -0.0139544 0.00508403 0.00118163 0 0 -0.00305432 -0.00575107 -0.000831846 -0.00539914 0 -0.0379008 0.00316924 0 0.00377504 -0.000519466 -0.0161185 -0.00276503 -0.0114031 0 0.00762644 -0.0122693 -0.0153584 -0.00646355 -0.012581 0.000839368 -0.0216727 0.000474778 0.00537441 -0.00572817 -0.00704218 0.00389822 0 -0.0340664 -0.00973602 0.0152309 -0.00104253 -0.00805397 -0.00873119 0.00401072 0.0193473 0.00182651 -0.0234951 0 -0.00759215 -0.00114998 -0.0156489 -0.00673517 -0.00617493 -0.0100548 -0.0142057 -0.0104068 -0.0116931 -0.0145206 -0.014771 -0.00214116 -0.018056 -0.00600447 -0.002737 3.73919e-05 -0.00390685 0 -0.00332715 -0.00489313 -0.00460785 0 -0.00097834 0.00789418 -0.011336 -0.00290894 0 -0.0114195 0 -0.00883514 -0.0105417 -0.00317369 0 -0.0235663 0.0212649 0.0210343 0 0 0 0.00101941 0 0 0.00367599 0
-0.0146276 -0.0113819 -0.0201232 0.000366695 -0.00323583 0.00192146 0.00608229 -0.016651 -0.0392501 -0.0334837 0.004336 0 -0.00253596 -0.0287195 -0.00798732 -0.0250094 -0.0117521 0.848524 0.00422132 -0.0232636 0.00390903 0 -0.00420007 -0.0029085 0 0 -0.013011 -0.00129855 3.12974e-05 0.005406 -0.00256887 -0.0080329 -0.000807586 -0.000450226 0 -0.0452368 0.0180876 -0.00135186 0.00620416 -0.00873688 -6.9917e-05 0.000683823 0 0 -0.00859985 0.00331835 0 -0.000876547 -0.000396938 -0.00317158 -0.0176508 -0.00486842 -0.00403191 0.00320103 0 -0.00184028 -0.00281031 -0.00181241 -0.0119216 -0.0012816 0 0.00964432 -0.0194536 0 -0.00455405 -0.00326212 -0.0100407 -0.0274128 -0.0272101 -0.0101961 0.00334448 -0.00344647 -0.0443713 0 -0.0017111 -0.00206723 -0.00346329 -0.00137712 0.00347777 0.0382466 0 0 -0.0015356 -0.0124651 -0.0109846 0.00584824 -0.000802196 -0.00148562 0.00395588 -0.00299366 0 -0.00244491 -0.00552121 6.07273e-06 0.00444312 -0.00117561 -0.00396876 0.0121789 -0.0158417 -0.0220573 -0.00998664 0 6.10405e-06 -0.000424247 0.00981297 -0.0125494 -0.00119358 -0.00311496 -0.00590883 -0.0115112 -0.0137659 0 -0.000481507 -0.005733 -0.000855909 0 -0.0212437 -0.0109188 -0.0246397 -0.00533699 -0.0012441 -0.00165214 0 -0.00242125 0.00115982 -0.0142249 0.00854677 -0.00181425 -0.00289283 -0.000394509 0 0.00620358 -0.000683886 -0.0155429 0 -0.0122226 0 0 0.00598618 -0.00547021 0.00820243 0 0.00166163 0.00695462 -0.00449374 -0.000484445 -0.000403353 0 0.00310673 -0.000219188 -0.00149595 0.000287202 -0.00454097 -0.00335966 -0.000551484 0.00985807 -0.0018446 -0.00105457 -0.0184029 0 -0.00685339 -0.00101979 0 0 -0.00117143 -0.00315468 -0.00663487 0.00649945 0.000558589 0 -0.00836894 0 -0.0312372 0.00170875 -0.00239129 -0.003431 -0.00120011 -0.0014814 -0.00441449 -0.000759291 -0.00204627 -0.00278347 0.0036066 -0.00229949 -0.000397607 -0.00197088 0.0107263 0 -0.0123731 0.00717355 -0.00462768 -0.00136325 -0.00143851 0 0 0.00351042 -0.00164513 0 0.0183615 -0.00320853 0 -0.00333531 -0.00432921 0 0 -0.00365702 0.00244577 0.000452733 0 0 0 0 -0.00132922 0.00403768 0.00324758 0.0092754
0.00673075 0.0170559 0.00843273 0 0.00785764 0.00193467 -0.00207384 -0.013647 0.0326487 0.00666689 -0.180325 0.00495432 0.0011957 0.0193884 0.00476735 0.00127616 0.0112552 0.00422132 0.871173 0.0319735 -0.00495496 0.00503445 0.00765031 0.00123063 0.00834754 -0.0979678 0.0137321 -0.000871387 -0.00623455 -0.0111817 0.0019703 0 0.00560319 -0.0125746 -0.0026405 0.0125534 0 -0.00286003 0 0.0171176 -0.00393578 -0.00891687 -0.0256562 0.00141028 0 0 -0.0151083 0.00231999 -0.0189897 -0.00620116 0.00389757 -0.0110667 0.0163798 0.0129823 -0.00475212 -0.00617824 0.00400329 0 -0.0178892 0.00581706 0 -3.73665e-06 -0.0079884 -0.0287164 0.00439356 -0.00817727 -0.000681375 -0.00736431 0.0152303 0 -0.0266205 -0.00780721 0.0104316 -3.11587e-05 0 -0.00722491 -0.00088678 0 0.00104709 0 0 0.00205047 -0.0113856 0.0206426 0 0.0114741 0.000883728 0 2.67396e-05 -0.0431029 0 -0.00346564 -0.00746843 -0.00369706 -0.00681589 -0.00464313 0.00058958 0.00359485 0.00380988 -0.00328532 0.00358009 -0.00448795 0.00404386 0 0.0107289 0 1.42949e-05 -0.0059448 0 0 -0.00878483 -0.0122823 -0.0116379 0.00473932 -0.0111809 0.0122762 0.0101888 0.00724364 0 0.00682701 0 -0.0200688 0.0169282 0.00164562 0.00231572 0.00877131 0 -0.00213204 0 0 0.0118772 -0.000515855 0 0 -0.0736336 0.00296075 -1.24636e-05 -0.028308 0 -0.00183791 -0.00400228 0.00360013 -0.00228268 0 0 0 0 0.00132595 -0.0035866 0 -0.00439261 0.00297358 0 0.0137427 -0.00522718 0 0.00769331 0.00392288 -0.00935039 0 0 -0.00387978 -0.00223128 0.0192204 0.000702344 0.0040875 3.22219e-05 -0.00113676 0.01149 0.0156563 0 0.00489175 0.00205843 -0.00323877 -0.0165696 0.00148391 -0.00131769 0 -0.00755489 -0.00245488 -0.00206036 -0.00616875 -0.0063962 0.0064699 -0.00406437 0.00281166 0 0 -0.00366402 0.00183876 0 0 0.00146243 0.00608225 -0.00266512 -0.00495338 -0.0017692 0 0 0 0 0.00765356 -0.00537223 0 0 0 0.00667051 0.0212113 0.00452442 -0.00746013 0 0 0.00739951 0.00860648 -0.00321046 0
-0.00764252 -0.0270495 -0.0116971 -0.00125763 -0.00517754 0.00871 0 -0.016857 -0.0441277 -0.00761132 0.0329212 0 -0.00141063 -0.0363786 -0.0153255 -0.0273912 -0.0243869 -0.0232636 0.0319735 0.798568 0.00221503 -0.000813831 -0.00382545 -0.0151876 0 0.00375869 -0.0113841 -0.00831234 0.00696407 0.00353983 -0.00335042 -0.0125984 0.00145271 0 0.000759415 -0.020811 0.0247167 -0.000939139 0.0159064 -0.030702 0 -0.00355841 0.00392943 -0.000254787 -0.00143583 0 0.00735989 0.00389081 0 0.00604712 -0.015561 0.00037467 -0.0129807 -0.0111579 0 -0.00180903 -0.00248209 -0.000834827 -0.000945774 -0.00159103 -0.021565 0.0273527 0.00486516 0.00870083 0.00125344 -0.0036477 -0.0174626 -0.0154553 -0.00822079 -0.0213649 0.00762128 -0.00944321 -0.0383853 3.38068e-05 0 -0.00184993 0 -0.000511291 0.0318191 1.7137e-05 0 4.12377e-05 0 -0.0058554 -0.0141289 0.00389223 -0.000424254 0.00440534 0.00648806 -0.00226348 0.00187309 -0.00126211 -0.00447342 0 0.0035919 0 -0.00266265 0.00552132 -0.00477878 0 -0.00446969 0.0130423 0 -0.000523248 0.0024008 -0.0225967 0 -0.00144977 -0.0119678 -0.0125775 -0.00719694 0 0.014167 -0.0114013 -0.00199005 0 -0.00803149 -0.00140466 -0.0199599 -0.00810513 -0.00308862 0 -0.00482921 -0.00401247 -0.00309561 -0.0169474 0.00386759 -0.00239751 0 -0.00268624 -0.00272976 0.000491826 0 -0.0137727 0.00782027 -0.00666103 0 0 0.00438379 -0.00562827 0.0123419 0 0.00211805 0 -0.00210903 0 -0.000739234 0 -0.00312827 -0.00152694 0 0.00792945 -0.00384734 -0.00642419 -0.000987212 0.00322526 -0.0119018 -0.0044669 -0.001971 -2.70966e-05 0 -0.000993353 0 -0.00413085 -0.00404626 -0.00491734 -0.00392141 0.00170793 0 0 -0.0133106 0 -0.02029 0.01482 -0.0014543 -0.00631933 0 -0.0023849 -0.0048505 -0.0014979 -0.00500268 -0.00212962 0 -0.00183945 0 -0.00031838 0.00484583 0 -0.00848079 0 -7.43054e-05 -0.0019789 -0.000805752 0 3.06296e-05 0.00986183 -0.00179956 0 0.0218499 -0.00108658 0 -0.00694193 -0.00970196 0 0 -0.00447646 0.0002 0 -9.86306e-05 0 0 0 -0.00514122 0 0.0169799 0.00332887
0.00394259 0.0260894 0.00443889 0.00871752 0.00459754 0.00611633 0 0.00329049 0.00393235 0.0106471 -0.00827009 0 0.001371 0.00410442 0.00265118 0.00175229 0 0.00390903 -0.00495496 0.00221503 0.910241 0 0.00904389 0.000508798 0.000110794 -0.00244035 0.012474 -0.0014336 0 -0.00955333 0.00506678 0.000997746 0.00715874 0 -0.0020356 0.00795011 0.00177921 0 0.00042694 0.00633402 -8.7203e-06 -0.00232921 -0.000253965 0.00346308 0 0 -0.00321279 0.00430089 -0.00668506 0 0.00717357 -0.000728544 0.00923213 -0.0344108 0 0 0.00724424 0.0036586 -0.00886052 0.00549273 0 0.000891062 0.00821267 0 0.0136533 -0.0118868 -0.0122366 0.0209739 0.00757193 0 -0.0212595 -0.014385 0.00351821 0 0 -0.00808375 -0.0130106 -0.000271138 0.00524375 -0.00079907 0.00300598 0.00892986 -0.000618574 0.00836272 0.00140106 0 0.00885709 0.00547274 0.000526286 0 0 -0.0038749 -0.00132044 -0.00362625 -0.00539176 0 0.00531682 0.00354899 0.000485302 0 -0.00392617 0 -0.00495138 0.0025801 0.00194581 0.00205948 0 0 0.0010423 0.00561096 -0.0014572 -0.0091467 -0.00574788 -0.002193 -0.00310723 0.0195967 0.00820235 0.012 0.00333825 0.00916123 0 -0.00171997 0.0189632 0.0135783 0.00489629 0.00653754 0 0.0237204 0.00657312 0 0.0137189 -0.0114507 0 0 -0.00281933 0.0174056 0 -0.00242658 0 0.00109905 -0.00393708 0.010304 -0.00485971 0 0.00885199 0 0.00111568 0.0116013 -0.0198708 0 -0.000714507 0.0174484 0.00225748 0.00771425 -0.0045205 0 0.0105874 0.00448464 -0.000255441 -0.000971754 0 -0.000633399 0 0.0169598 0.0028075 0.0058091 0.00213349 -0.000951343 0.0111439 0.00014765 0.0030856 0 0.00703387 -0.0354033 -0.00265829 0.00906786 0 0.00513674 -0.00611646 0 0 -0.00203165 0 0.00278649 -0.00113373 0.0126412 0 0.00533171 0 0.00145548 0.00287126 0.0086187 0.00555436 0.00169187 0 -0.0237709 0 0.00315503 0.00109874 0 0 0.00886845 -0.00145244 0.00126741 0 0.00780335 0.00145067 0.0115082 0.00833813 0 0 0 0 0.00504229 0 0
0 -0.0164987 0 0 -0.0273058 0 0 0.0595457 0 0.00648514 0.00424633 0 -0.010946 0 -0.0126727 -0.0156979 0 0 0.00503445 -0.000813831 0 0.782233 4.2008e-05 0 0 0.000858869 0.00846733 0.00021922 0 0.000446909 0 0 0 0 0 -0.0266196 0 0 0 0 0 0 0 0 0 0 0.00433437 0 0.0296288 0 0 0.000199343 -0.00204433 0 0.00217885 0 0 0 0.00881232 0 0 0 0.0134313 0 0 0.000203748 0 0 -0.0204694 0 0.000345687 0.000387624 0 0.000128398 0 0.00244254 0 0 0 -0.01099 0 0 0.0014051 -0.0165906 0.000251533 0 0 5.60918e-05 0 0 0.00439789 0 0.000333457 0.000674089 0.000328583 0 0 -0.00321266 0 0 0.000568956 0.0212005 0 0 -0.00159283 0.000756895 0 0.000204326 0 0 0 4.35953e-05 0.00068537 0.000602069 0 0 0 0.00441817 0.00309081 0 0 0.0163804 6.38912e-06 0 0 0 0 0 0 0 -0.00112496 0 0 0 0.00213258 0 0 0.00675264 0 0 0.0102137 0 0 0 0.00486482 0 0 0 0.00758625 0 0.000275689 0 0 -0.00611629 0 0 -0.000252217 0 0 0 0 0 0 -0.00192257 0 0 0 0 -0.00538541 0 0 0 0 0 0.00424205 0 0 0 0.000748912 0 0 0.000809845 0.000113527 0 0 0 0 0 0 -0.00896402 0.00400852 0 0 0 0 0 0 0 -4.38976e-05 0 0 0 0 0 0 0 -0.0011072 -0.00185997 0 0 0 0 0 0 0 0
