0 0.0962405 0.00472298 0.000220257 0.0805951 0.00112734 -0.0209486 0.00969183 0 0.0724583 0.0338733 0.0547643 0.0265981 0.0186314 0.0257469 0.0166933 0 1.86401e-06 -0.0102924 0.0344258 0 0.0244909 -0.00191002 0 0.00537876 0 0 -0.00650859 0.0195765 -0.0207176 0 0.000183033 -0.00825025 0 0 0.0258645 0 0.00387436 0 0 0 0 2.56419e-06 0 0.00015945 0 0.00875302 0 0.00450178 0.0021051 2.59392e-06 0 0.0414224 2.77761e-06 2.62451e-06 0 0 0 -0.00472762 0.0816167 0.0181765 0.0232281 0 0 0 -0.00968616 0.0151309 0 0.0131432 0 0 0 0 0.000151419 0 0 0 0 0 0 0.0109957 0.00481842 0.106267 0.00273899 -0.0047288 0 0 2.46669e-06 2.58755e-06 0.0113899 0 0.00440584 0 0.00329407 0.00355676 0 0.00461779 2.31315e-06 -0.000797391 -0.00286361 -0.000968438 0.0182584 0 6.43122e-07 0.00275015 0.000153603 0 0 0.010588 0.000756007 -0.00915041 0 0 0.00252347 0 0 0.00494304 0.020292 1.5542e-06 2.54435e-06 0 0 3.16404e-05 0 0 0 0.00164281 1.60636e-06 -0.00203723 0 0.0319977 0 0.0228657 0 0.0126116 0 0 0 0 2.45352e-06 -0.00180406 1.42484e-06 0 0 0.0102425 0 0 0 0 0 0 0 -0.00223166 0 0 0 0 0.00782561 0 0.00110577 0 -0.00445449 0 0 0 -0.00129143 0 0 -0.00750781 2.6281e-06 2.55825e-06 0 0.000950974 0 0 0.00776464 0 0 0.00404524 -0.00486318 0.0177542 0 0 0.00770411 0 0 0 0 0.00519505 0 0 0 0 2.68216e-06 0 0 0 0 0 0 0 0 0 0 0 0 0 0 0 0 0 0 0 0 0 0
0.0962405 0 0.00585607 1.99894e-06 0.0887948 0.000945719 -0.0516393 0.000378618 0.000204376 0.0483451 0.0126962 0.0958862 0.036611 0.0385595 0.0175991 0.0426745 0 0 2.38433e-06 0.0314546 0.00081615 0.037116 -0.0180936 2.34595e-06 0.0107869 1.81659e-06 0 0 0.0371996 -0.0257378 0 0 0 0 0 0.0221964 0 0 0 0 0 0 2.70745e-06 0 2.03816e-06 0 0.00056682 2.27353e-06 0.0102972 2.17416e-06 0 0 0.0268952 0 0.000136786 0 0 0 2.38564e-06 0.015429 0.017349 0.0522685 0 0 0 0 0.0247519 0.00126754 0.0151378 0 0 1.14623e-06 1.98928e-06 0 0 0.00355932 0 0 0 0 0.00215224 0 0.0395105 0.00355625 2.40787e-06 0 0 0.00174275 0 0.0341761 0 0.00262021 0.000956191 0.0288759 0.00392153 0 0.00498503 0 0 0 2.51921e-06 0.0328399 0 1.65766e-06 0.00863327 0 0 2.30456e-06 0.000553119 0.00826304 -0.00143702 0.00210235 0.00236445 0.000928278 0 0 0.0056516 0.00791617 2.25983e-06 0 0.000709099 0 0 0 0 0 0 0 0 0 0.0391642 -0.00232558 0.00372765 0 0.00120699 0 0.00507832 -0.0157325 0.00356585 0 0 2.16281e-06 0 0.000357259 0.00264076 0 0 0 0 0 0.00414887 0 -0.00872934 0.00104727 0 0 0.00301143 0.00283943 0.000983253 0.0143549 0 -0.0038193 0.0184761 1.09815e-06 0 2.23532e-06 0 0 0 0 0 0 0 0 0 0.0750351 0 0 0.0145 2.17201e-06 0.00736395 0 7.97527e-07 0.00026497 0 0 0 0 0.00246221 0 0 0 0 0 0 0 0 0 0 0 0.00094796 0 0 0 0 0 0 7.80825e-07 -0.00491669 0 0 0 0 0 0 0
0.00472298 0.00585607 0 0.0317903 0.00903048 0.0761033 0.00144852 0.0610725 3.96917e-06 0.00137491 0.00426234 0 0.00100525 0.000209813 0 0.00680196 0.0141998 0.0164043 -0.00977266 0.00286299 0.0148114 0 0.0015255 0.0130124 0.0158343 0.00929433 0.0144094 0.00845787 0.000701293 0.000612209 0.00324027 0.0186671 -0.022604 0.0116063 0.00298009 0 0.038391 0.0165467 0.0148118 0.0209019 0 -0.0162341 0.0187464 0 0.0125009 0.0147745 0.0197143 0.0152065 0 0.011569 0.00350589 0.000103021 0.00641517 0.00693157 -0.0207153 0.00172702 0.0132726 0.000669585 0.00691995 0.000715116 0 0.00542881 0 0.00216056 0.0354501 -0.00814905 3.96941e-06 0.0222 4.21675e-05 0.0142788 0.00223357 0.00238518 0.0109067 0.0118448 0 0.0114433 0.00148024 6.23933e-06 0 0 0.0356276 -0.00217803 0.00335093 0.0171154 6.4123e-06 0.00985515 0.00334537 0.0021242 6.14082e-06 0.00136371 0.00243141 0.0032244 0.0153885 0 0.0107408 0.00790596 0 0.00217692 6.19275e-06 0.00277132 -0.00175865 0.00511108 0.000754664 0.000967976 0.00125776 0.0213286 0.00973215 0.00807501 0.0139049 0.00335654 -0.000455161 0 0.0107835 0.012464 -0.00131877 0 0.00108764 0 0.00251159 0.00381075 0 0 0.00454085 0 0 0.0150861 0.0333625 0 6.00693e-06 0.0134473 0.00406119 0.00053573 0.0273305 0 0.0278477 -0.00678843 0 0.00232621 0 0.0118294 6.53651e-06 0.0101066 0.00188914 0.00341632 0.00151158 0.00359498 -0.00568169 0.00180391 0 0.00574621 0 0 0.00019311 0.000231479 0 0 0.00626697 -0.00152012 0.0128682 5.79557e-06 0.000834948 0.000835521 0 0.00354479 0.00605114 0.00182159 5.73712e-06 0.00231419 6.20811e-06 -0.00444039 6.14781e-06 0.0023413 0.00957512 0 0 0.000579285 0.00421344 0.00490084 0 -0.00301547 -4.55888e-06 0.00126163 0.00128616 0 -0.000967903 0.00604088 0.000328564 0.00452069 0 0 0 -0.00444225 0.000595391 6.39518e-06 -0.00093054 0.000712655 0.00309143 0.000619235 6.41031e-06 0.000850324 0 0.000933826 0.000614838 0.00147262 0.00187616 -0.00264208 0 0.000949856 0.000263896 5.55952e-06 -0.00570992 0.00467768 0 0 0 0
0.000220257 1.99894e-06 0.0317903 0 0.00818639 0.0215258 4.90115e-06 0.0311943 -0.0194958 1.48353e-06 0.00160792 3.98613e-07 3.79542e-06 4.13277e-06 0 6.02536e-06 0.0175003 0.0474639 -0.0272604 4.13595e-06 0.01117 -0.0165895 5.25012e-06 0.0142427 0.00556318 0.0449944 0.021897 0.0229281 3.98344e-06 4.71526e-06 0.0274189 0.0362444 -0.046756 -0.0141059 6.01416e-06 0 0.0128856 0.0377122 0.0174016 0.0137948 0 -0.0268574 0.0117948 -0.00900716 0.0307074 0.0100138 0.0530391 0.0339539 0 0.0240308 -0.00380779 0 0.00093312 0.00306227 6.87839e-06 0.00323159 0.0129027 0 0.0113456 0 0 6.25223e-06 1.15454e-06 0.00430241 0.0190547 6.67593e-06 -0.0231645 0.0238089 3.64138e-06 0.0142931 0.0284666 -0.00103984 0.0121983 0.0302813 0 -0.00255649 0.00080578 -0.0312061 0 0 0.0334538 -6.05919e-06 0 0.0174256 6.93697e-06 0.0123212 0.0132572 6.61959e-06 6.57977e-06 0 0 0.00237678 0.0167586 3.43574e-06 0.0124401 0.00996926 0 0.00397986 6.38757e-06 0.00226118 -0.00493603 0 0.00227204 0.0201285 5.44696e-06 0.24557 0.0112844 0.0109876 0.0172591 6.57087e-06 -0.000562134 0 0.0133407 0.013397 0 0 5.31372e-06 -5.98584e-06 0.00651305 6.3518e-06 0 0 0.0108826 4.49824e-06 0 0.0152712 0.0299668 0 6.23322e-06 0.0155458 5.64407e-06 0.00224934 0.0264211 0 0.0160181 -0.0111341 0 0.0049282 0 0.00552023 6.98231e-06 0.0136292 0.00186312 -0.00721278 0 0.00132941 -0.0117443 5.52927e-05 0 0.000333517 -0.0233068 0 4.80758e-06 0 0 0 0.00574702 0 0.0572499 6.12799e-06 0.0045677 0 1.48816e-06 0.00404324 0.00494784 0.00414798 6.08535e-06 4.38393e-06 6.55386e-06 6.70025e-06 6.49233e-06 0.00299213 0.0112758 4.58505e-06 0 0 0.00673283 0.00395438 0 6.34149e-06 0.00520895 0.0020864 0.00242491 0 -0.0039806 0.00742784 0 0.00726779 0 -0.0131076 -0.00058763 -0.00781317 0 6.85327e-06 -0.00200118 0.000284886 0.00269557 0.00543006 6.76067e-06 0.00641399 0 0.000178724 0.0041288 4.8028e-06 0.000119441 -0.000121791 0 0.00267608 0.00203563 5.87136e-06 -0.0104787 0.00418146 0 -0.0162088 0 0
0.0805951 0.0887948 0.00903048 0.00818639 0 0 -0.0100816 0.00411012 -0.000285615 0.13348 0.0128265 0.0597036 0.0389924 0.0441024 0.0815264 0.00755577 0.00937428 0 -0.00859897 0.0147181 0 0.0103747 -0.00589959 0 0.00619674 0 0.000888181 -0.0038604 0.00840188 -0.0107567 0.0123659 0.00248036 -0.0315128 -0.0112418 0 0.00820235 0.00150805 0.00702221 0.000131888 0.00169683 0 0 0 0 0.00104748 0 0.0253275 0 0 0 -0.00196189 0 0.017654 -0.00264729 -0.00337312 0 0 0 0 0.0482402 0.00537701 0.00450961 0 0 0 -0.0219673 0.00763019 0 0.00498383 0 0.00111821 0 0 0 -0.000296126 0 -0.000842653 -0.0215638 0 0 0.0128974 0.0110095 0.027709 0.0088869 -0.0229782 0 0 -0.00560017 -0.00872178 0.0133132 0 0 0 0.00606421 0.00198573 0 0.000666476 -0.000829333 -0.00856762 -0.00177934 -0.00336454 0.0174507 0 0 0 0.00822597 0 0 0.0136462 0 0 0 0 6.13223e-05 0 0 0 0.0255888 0 -0.0047344 0 0 0.0154215 -0.00198866 0 0 0.00823233 -0.00100731 -0.00216173 0 0.0147172 0 0.0367909 0 0.021786 0 0 0 0 -0.000701384 -0.0142761 0 0 -0.000892975 0.00182987 0 0 0 0 -0.000949921 0 0 -0.0035624 0 0 0 0 0.00989775 0 0 0 -0.00280021 0 0 0 -9.90414e-05 -0.00207322 0 -0.00449331 -0.00328381 -0.00633782 0 0 0 0 0.00618957 0 0 0.00316335 -0.00330083 0.0159741 0 0 0.00622634 0 0 -0.000187429 0 0.022474 0 0 0 0 -0.00969538 0 0 0 0 -0.0031497 0 0 0 0 -0.000753383 0 0.00123129 0 0 0 -0.00177727 0 0 0 0 0 0
0.00112734 0.000945719 0.0761033 0.0215258 0 0 0.00639285 0.0607031 3.49989e-06 0 0.00251274 0 3.67994e-06 0.00388062 -0.0024405 0.00168329 0.00458808 0.0509062 0.0212393 0.000894835 0.0206057 2.43058e-06 0.0059681 0.0201659 0.0195764 0.00762892 0.00477237 0.00314667 3.91871e-06 0.00422838 0 0.0199456 -0.00159309 0.0326713 0.00476103 0 0.0261278 0.0364485 0.0129367 0.00978369 0.00458994 -0.0144497 0.0477784 -0.000641442 0.0186286 0.0081413 0.0200962 0.0195444 0.00259359 0.0172949 0.00233007 0 0.00316195 0.0119993 -0.00953427 0.00488241 0.0164105 0.00290155 0.0108151 0 -0.00213285 0.00237299 0 0.00375092 0.0396106 -0.00745271 0.00082414 0.0237995 3.62361e-06 0.145027 0 0.00399181 0.0133815 0.0138938 0.00206311 0.0219555 0.0034588 -0.0133079 0.00144007 0 0.0157916 -0.0100783 0 0.0218644 0.0183356 0.0202839 0.0013054 -0.000751292 -0.00993091 2.0278e-06 0.00319242 0.00588294 0.018242 3.05915e-06 0.0125873 0.0149035 -0.00913109 0.00825685 -0.00692973 0.00902585 0.00885831 -0.00143968 0.00112488 0.00243343 0.00260398 0.0176159 0.012986 0.0105026 0.0142586 0.00228425 -0.00236308 0.00208023 0.0163915 0.00728183 -0.00431433 0.000308993 0.00291643 -0.00786835 0.00824735 0.00539578 0.00157314 -0.000278737 0.00586674 0.00108784 0.000165345 0.0133623 0.0164025 0.00286532 0.00375324 0.0215687 0.00588916 0 0.0159749 0.00185512 0.0191208 -0.00656653 0 0.000627139 0.000702745 0.0184219 0.0048904 0.033714 0.00292455 -0.00138095 0.000583981 0.0069569 0.00350272 0.00356325 0 0.0163523 2.78871e-06 0.00126006 0.00336731 0.00118946 0 0 0.00775763 -0.00972918 0.0125366 -0.00278352 0.00122407 0.00471614 0 0.00358475 0.0125997 0.00645077 -0.00054689 0.00234369 -0.0067116 0.00622683 0.000316696 0.00725722 0.013306 0.00140632 0 0 0.0107627 0.00955057 0 0.00652254 -0.00308323 0.00142668 0.000110814 -0.0046822 -0.000145836 0.00244015 0.00290191 0.00815058 -0.01277 0 0 -0.0109953 0.005271 -0.00378726 -0.000924929 0.00624893 0.00537763 0.00114131 0.000424832 0.000586504 0.00107374 0.00064707 0.000281147 0.00471904 0.00539824 -0.0191883 0 0.000248875 2.50416e-06 -0.00418661 -0.0027284 0.00148856 0 2.20248e-06 0 0
-0.0209486 -0.0516393 0.00144852 4.90115e-06 -0.0100816 0.00639285 0 4.90889e-06 1.57946e-06 0 3.11082e-06 -0.0088523 3.25523e-06 0.00100792 -0.0298024 3.66147e-06 0 4.42125e-06 -0.0330166 0.0136017 -0.00453115 -0.0483358 0.327887 0.00587903 0.00606793 0.000109032 4.34963e-06 3.7038e-06 -0.0342134 0.234571 -0.000880203 5.05619e-06 0.0221449 0.0148871 2.15316e-06 -0.0029156 4.69895e-06 0.00228454 0.00187411 4.56433e-06 0.032021 -0.00552503 0.0183785 0 -0.00163145 0.000127179 5.22891e-06 0.00864841 1.71755e-06 4.56882e-06 0.019196 0.0173234 -0.0250721 0.0129944 0.00783341 0 4.7129e-06 0.025865 0.00664948 -0.00218612 -0.0182138 -0.0189351 0 0.0647825 0.000999072 0.00546824 2.33819e-06 -0.0172113 -0.00934221 0.00655429 0 0 0.00679028 0.00352493 0.0112602 0.00511917 0.00968698 -0.0154404 0.0114419 0 -0.0450057 0.00158743 0 0.00516248 0.0147688 3.93985e-06 0 0.00700792 0.00418134 0 0 0.00965358 0.00685936 2.00287e-06 -0.0016436 0.00796108 -0.00463882 0.00754103 0.0321657 -0.00874515 0.0153161 -0.00755392 0 0 0.00173788 4.93772e-06 3.93552e-06 0.0202101 0.0035801 -0.00603203 0 0.000623055 -0.0645025 4.18795e-06 0 1.22109e-06 0.000631286 -0.00933641 0.00200338 0.00571941 0 0 0.00820988 0.00688063 0.0123932 0.00648334 0.0018311 0.00696915 0.00918023 0.00472649 0.000286993 0 0.00191855 0 0.00376873 -0.000295862 0 0 0 0.00631463 0.0175514 0.00690281 0.00416972 -0.0127861 0 2.96269e-06 0 0.063642 0 0.00571598 0 1.28774e-06 0.185901 1.67922e-06 0 0 0 -0.00810799 0.000558165 0.0077275 0 0.0612465 0 0.00055844 -0.0018135 0.00248918 0.00432199 2.20557e-06 0.00532235 0.0141484 0.00309703 2.64356e-06 -0.0047974 0.0143824 0 -0.0114544 0.00789342 -0.00448239 0 0.00934468 -0.00804903 0 0 -0.004112 0 0.000240373 0 0.00401237 -0.0021825 0 0 -0.00416161 2.30221e-06 0.00492063 0 0.010334 0.00443804 0.00105694 0.00817886 0 0.000277267 0 0 0.0025715 1.91447e-06 -0.00180106 -0.00015446 0 0 0.00198403 0 0 0 0 0 0
0.00969183 0.000378618 0.0610725 0.0311943 0.00411012 0.0607031 4.90889e-06 0 4.14738e-06 0.000779421 0.00216684 0 0 0.00146921 -3.07956e-06 0.000236514 0.00787784 0.00542174 0.0121673 4.12793e-06 0.0247851 0 -0.00639768 0.0240995 0.0325169 0.0125588 0.00674023 0.00751133 3.98214e-06 4.78946e-06 0.0358653 0.0148619 -0.0215708 0.0158377 0.0037986 0 0.0136903 0.0210453 0.0138195 0.01171 0.00276529 -0.0167063 0.0222183 0 0.0178446 0.00757291 0.0227377 0.000698286 0 0.0329629 -0.00237838 3.17275e-06 0.0108961 0.0121125 6.57016e-06 0.00230799 0.0120328 0.00329539 0.00829319 0 -1.44447e-06 -0.00205278 0 0.00106242 0.0205317 -0.0299155 0 0.0200018 3.66917e-06 0.0193064 0.00990088 0.00177419 -0.000762691 0.0154288 0.000529089 0.0180599 0.000459871 -0.000456244 0 0 0.0337194 0.00157908 0.00141368 0.0178507 -0.013541 0.030294 0.0044386 -0.00792629 6.25721e-06 1.71646e-06 0 0.00424837 0.011718 3.29177e-06 0.0141456 0.00871099 -0.00104472 0.0117565 6.20203e-06 0.00610492 0.00867403 0 1.39384e-06 0.00876065 5.30749e-06 0.0196371 0.0112955 0.00602124 0.0342384 -0.00846064 -0.00191893 0.00032214 0.0171977 0.0131901 0 0 0.0015621 -5.37802e-06 0.00580903 0.00332392 0.00127406 0 0.0172088 0 0 0.0109064 0.0309763 0.000838189 0.000430863 0.0176866 0.00330299 0 0.0290767 0 0.0510748 -0.00728348 -0.0174376 -0.00401706 0 0.0116367 -0.0122113 0.026269 0.00278478 0.00559671 0 0.00805815 -0.00542702 0.00136678 0 0.00574696 -0.0179301 0 4.81447e-06 9.83419e-05 0 0 0.00621751 -0.00220976 0.0115598 5.86182e-06 0 0 0 0.00345366 0.0095997 0.00553765 5.88316e-06 0 -0.00129414 -0.00201505 6.25467e-06 0.00602513 0.0136402 4.44967e-06 0 0 0.00596758 0.00733448 0 0.000287358 0 0.000400889 0.00109444 0 -0.0015467 0.0068386 0.00156365 0.0106761 -0.000932086 0 0 -0.00402912 0.00222971 6.48925e-06 -0.00124739 0.000947763 0.00455057 0.00709445 6.46619e-06 0.00164516 0.000224239 2.21277e-05 0.000408808 0.00270446 0.0075277 -0.00449785 0 0.000488426 1.88347e-06 5.58242e-06 -0.00424133 0.00191818 0 -0.0185205 0 0
0 0.000204376 3.96917e-06 -0.0194958 -0.000285615 3.49989e-06 1.57946e-06 4.14738e-06 0 0 1.14872e-06 0 0.0151957 0.000478958 0.0179313 0.0193816 0 0.00669669 0.0123752 0.00272298 0.000759803 0.0293572 1.69771e-06 3.36097e-06 0.00603663 0 0 0.00239774 0.0118016 -0.0409287 0 4.52422e-06 0.0159511 -0.0120172 0.00879737 0 3.92391e-06 -0.0400862 4.33488e-06 0 0.000594921 0 -0.0245427 -0.14083 3.88227e-06 0 4.47585e-06 4.1668e-06 0 0.000623276 0.00836471 0.00204667 0.00196939 0.00806228 0.0241793 0.0249378 0 0 0 0 -0.000337526 0.0182354 -0.107033 0 3.74155e-06 0.0322479 0.01136 0 0.0196878 -0.0444928 -0.00374479 0 0 0 0 0.000883191 0.00198411 0.0350828 0 0 4.10639e-06 -0.00333461 0 3.84073e-06 0.0110142 -9.81868e-05 0 0.034139 0.00933009 0.0258603 0.000531302 0.000812021 3.80688e-06 0.0126541 0.00548 0.0200148 0.0380706 0.00205465 0.0071493 0.00304772 0.00356107 8.16225e-07 2.14922e-06 0 0.0241712 -0.0272392 0.00352009 0 4.16786e-06 0.0259786 -0.00140071 0.0322331 0.0074262 0 0 0.00885775 0.00522922 0.00949316 0 0.00212841 0.00284723 0 -0.0138228 0.00350066 0 4.02961e-06 4.02934e-06 0 0.00335484 3.23688e-06 0.00753319 -0.000619631 3.96147e-06 0.00457115 3.84565e-06 -0.00286813 0.0126423 -0.0113356 0 -0.00177575 0.00898906 4.01706e-06 0 0.0584189 0 0.000106403 0 0 0.00985939 0 0.0115864 0.00942601 1.45257e-06 0.000415254 0 0 0.00414186 -2.4668e-08 0 0.0104565 0 0 0 0 0 0 0.0104218 0.00576838 0.0062336 0.00583962 0.00621097 0 0.000188994 0.00330173 0 0 0 0.00416884 0.00557321 0.00555161 -0.00353933 0 0 0 0 2.88749e-06 0.00179233 0.00311369 -0.000316779 0.00171707 0 0 0.00435821 0.0313062 0 0.00196728 0.000871661 0 0.00636931 0 0 0 0 0.000273023 0 0 0 0 0 0.00801079 0 0 0 0.0185276 0 0
0.0724583 0.0483451 0.00137491 1.48353e-06 0.13348 0 0 0.000779421 0 0 0.0545633 0.0253338 0.0656393 0.0230833 0.0113057 0.0201273 0 0 0 0.0565818 0 0.0142503 0 0 0.000785999 0 0 2.10504e-06 0.0243493 -0.00219322 0 0 0 2.28879e-06 0 0.0326273 0 0 0 0 0 -1.34884e-06 2.41964e-06 0 0 0 0 0 0.00405769 0 0 0 0.0141347 0 0 8.02075e-07 0 0 0 0.0479227 0.0363626 0.0199687 0 0 0 0 0.0154087 0 0.00638459 0 0 0 0 0 0 0 0 0 0 0 0 0.00260483 0.0391232 3.96209e-05 0 0 0 0 0 0.0158629 0 0.000983864 0 0.0428502 0 0 0.00942151 2.04752e-06 0 2.27615e-06 0 0.0200702 0 0 0.00512438 1.50953e-06 0 0 0 0.00256752 -0.000210745 0.00379503 0 0 0 0 0.00568912 0.0278202 0 0 0 0 0 0 0 0 0 0 0 0 0.0152148 0 0.00159899 0 0.000516151 0 0 0 0 0 0 1.72123e-06 0 0 0.00667882 0 0 0 0 0 0.00109089 0 0 0 0 0 0 0.00667963 0 0.0160018 0 1.83171e-06 0.00137354 0 0 1.86756e-06 0 0 0 0 0 0 0 0 0 0.00597738 0 0 0.0222402 0 0.00358776 0 0 0 0 0 0 0 0.00253002 0 0 0 0 0 0 0 0 0 0 0 0.000142257 0 0 0 0 0 0 0 0 0 0 0 0 0 0 0
0.0338733 0.0126962 0.00426234 0.00160792 0.0128265 0.00251274 3.11082e-06 0.00216684 1.14872e-06 0.0545633 0 0.0211755 0.0454928 0.204341 -0.00489664 0.0286437 0 3.76634e-06 3.03166e-06 0.108182 3.49646e-06 -4.08706e-07 0 0.00194165 -0.0108101 0 6.11268e-06 3.4811e-06 4.56158e-07 3.09201e-06 -0.0111943 3.49116e-06 2.71649e-06 3.32016e-06 2.16772e-06 0.0220203 0.000362649 0.00335803 0 2.88223e-06 0.00529212 -0.0017376 0.00076543 0 3.50035e-06 0 0.00413113 0.000632185 0.0217593 3.58284e-06 3.3367e-06 1.45348e-06 0.00270772 3.59257e-06 3.12474e-06 0 3.52284e-06 0 0 0.0617756 0.000555616 0.0206526 0 0 0.000338127 2.9013e-06 0.0129962 0.00275658 6.22827e-07 0.00172355 0 0 3.42807e-06 0.000341407 0.0114593 0.000171983 0 2.64925e-06 0.0303938 0 3.25697e-06 -2.34699e-06 0.0157386 0.0199835 3.11335e-06 3.58512e-06 2.06011e-06 2.99179e-06 2.77585e-06 0.00949734 0 0.00552272 0.00420424 0 3.24336e-06 3.52043e-06 0 0 3.09535e-06 3.288e-06 3.47006e-06 0.00287495 0 -0.00118499 0.0129657 0.00113041 3.09424e-06 0.00321644 0.0181419 0.00451778 -0.00207101 0 -0.0456482 0 0 0 0.043562 -2.94746e-06 3.1862e-06 3.19312e-06 0.00544368 0 0 1.92325e-06 0.0076855 0.000180747 0.00189342 0 2.97588e-06 0.00209196 0.0110399 7.42258e-07 0.00284297 0 0.00433214 0 2.55057e-07 0 0 3.59411e-06 3.09262e-06 0 5.90149e-05 3.07078e-06 0.333214 0 0 0.00974403 1.29497e-06 0.00185092 0 0 2.84153e-06 0.00371468 0 0 2.32298e-06 0 0.00257024 0.0140733 0 0 0 0.000266242 0 3.07465e-06 2.59591e-06 0 2.90674e-06 3.19763e-06 -0.0264248 0 0 0 0 0.00132182 0.00125731 0 0.000529803 3.05298e-06 0.0168288 0.000193423 0 0 0 0 0 0 0.0217432 0 0 0 2.50031e-06 2.87945e-06 0 0 0.00107024 0 2.99547e-06 0 0.00178476 0 0 0 0 0 0 0 0 2.41978e-06 0 0 0 0 0 0
0.0547643 0.0958862 0 3.98613e-07 0.0597036 0 -0.0088523 0 0 0.0253338 0.0211755 0 0.0673625 0.046387 0.0582083 0.0286143 0 0 0 0.0233241 0 0.0487689 -0.00160022 7.57197e-07 0.000941308 -0.00645919 0 -0.0157981 0.0458145 -0.0041983 0 0 -0.0085768 -0.00726963 0 0.0225088 0 0 0 0 0 0.0052219 -0.0192673 0 0 0 0 5.9302e-07 0.00253655 0 1.03484e-06 0 0.0177384 0 0 0 0 0 -0.0152078 0.0242053 0.0191098 0.0107623 0 0 0 -0.00926458 0.0582404 0 0.0151545 0 0 -0.00571541 4.10675e-07 0 0 0 0 8.52969e-07 0 0 0 0.00171369 0.0524877 0 -0.0149998 0 0 0 0 0.0149238 0 0 0 0.00891862 0 8.01379e-07 0.00135752 0 -0.000691081 0 -0.00370852 0.0148503 0 -0.00159909 0 0 0 7.61577e-07 0.000133384 0.00123497 0 0 0 0 0 0 0 0.0134418 -0.00517008 0 0 0 0 0 0 0 0 0 0 0 0.0213236 0 0.0018925 0 0.000280381 0 0 -0.00237263 7.34619e-05 0 -0.00187053 5.67875e-07 0 0 0.00479581 0 1.34362e-07 0 0 0 0.00287921 0 -0.00173997 0.000241909 0 0 0 0.0138813 0 0.00784672 0 -0.00319864 0.000501538 7.29193e-08 0 -0.0158618 0 0 0 9.97647e-07 0 0 0 0 0 0.0166194 0 0 0.0134724 0 0.00687539 0 0 0.0111898 0 0 0 0 0.00298706 0 0 0 0 0 0 0 0 0 0 0 0 0 0 0 0 0 0 0 0 0 0 0 0 0 0 0
0.0265981 0.036611 0.00100525 3.79542e-06 0.0389924 3.67994e-06 3.25523e-06 0 0.0151957 0.0656393 0.0454928 0.0673625 0 0.0260212 0.0297815 0.0458492 0 3.68183e-06 2.45475e-06 0.0348482 3.42735e-06 0.0674488 0 0 0.00241806 0 0 3.54479e-06 0.0286919 0 -0.00507403 3.84085e-06 0.00706943 0.000249759 0.00334116 0.0322838 0 3.69567e-06 3.80864e-06 0 0.000365235 -3.43247e-06 3.56051e-06 0 3.63307e-06 3.34771e-06 3.23808e-06 0 0.00364675 3.72189e-06 0 0 0.0132091 3.17617e-06 0.00245461 0 0 0 3.84621e-06 0.0107809 0.00793604 0.0415751 0.00823869 0 3.7192e-06 0.00332053 0.0702736 3.55931e-06 0.0161853 0 0 2.3828e-06 0 0 0.00105309 0.00446946 0 0.00336544 0.000123025 0 0 0 0.0156703 0.00371147 2.47616e-06 3.38297e-06 0 0.00865578 0 0.0637047 0 0.00649205 0 0.0132732 0.00128324 3.26584e-06 0.00386582 2.81512e-06 0 2.88433e-06 0 0.0294026 0 -0.0286792 0.00999736 3.76357e-06 0 0 0.00130972 0.0162067 -0.00458458 0.0124311 3.27045e-06 0 0 0.00166979 0.0180135 0.0091599 -0.0131913 2.70535e-06 0.00440831 0 0 0 0.000873053 0 0 0 0 3.57155e-06 0.0713759 -0.00284869 0.00058198 0.00318 0.00104081 0 0.000223329 2.31207e-06 0.00146749 0.00173162 0 3.77249e-06 0 2.60976e-06 0.0129603 0 0 0.00280637 0.000345222 0 0.0246497 0.000904583 0 0.00667462 0 0 0.00155916 -2.42734e-06 8.80304e-05 0.034026 0 0 0.00370407 0 2.94093e-06 -0.0145007 0 0.00297924 0 0.000165233 0 0 0 0.00205037 0 0.00541171 0 0.00113447 0.00243507 0.000807704 0.0016577 0 0 0 0 0 0 2.97011e-06 -1.68345e-06 0.00155945 0 0 0 0.000928413 0 0 0 0 0.000470699 0 0.00650127 0 0 0 0 0 0 1.86808e-06 0 0.00150063 0 0 0 8.39232e-05 0 0
0.0186314 0.0385595 0.000209813 4.13277e-06 0.0441024 0.00388062 0.00100792 0.00146921 0.000478958 0.0230833 0.204341 0.046387 0.0260212 0 -0.210658 0.0279484 0 4.09727e-06 2.64646e-06 0.039242 3.91379e-06 0.00368698 0.00924812 0.00238217 0.00617452 0 0 3.67797e-06 1.08483e-06 2.65775e-06 -0.0168711 4.24454e-06 -0.00459594 -0.00854025 2.00558e-06 0.0100686 4.07448e-06 0.00747222 4.14052e-06 3.53865e-06 0.00545262 -3.89137e-06 0.00402503 0 0.00442527 3.66298e-06 0.00309963 0.000779976 0.0457787 4.0655e-06 3.22689e-06 0 0.00228828 3.42656e-06 -0.0102984 0.00226544 4.06972e-06 8.46573e-05 3.82709e-06 0.0160156 0 0.0131787 0 0 0.00254833 2.61075e-06 0.0259822 0.00181509 0 0.0032905 -0.000424351 2.60699e-06 3.99312e-06 0.000315006 0.0129644 -0.00603754 0.0048823 2.30594e-06 0.0375371 0 0 -1.47465e-06 0.0208317 0.00729411 0.00353499 3.79031e-06 0 2.76129e-06 0 0.00047244 0 0.00261398 0.00358314 0.000527541 0 3.6344e-06 0 6.84291e-05 0.00235373 3.13634e-06 0.000921847 0 0 -0.00248917 0.0071704 4.16013e-06 0 0.00193407 0.00766545 0.00783902 -0.000430203 0.000799345 3.79412e-06 3.36519e-06 0 0 0.0364783 -2.00072e-06 3.58903e-06 2.95658e-06 0.0038929 0 0 0 0.0117003 0 0.000759048 0 2.73033e-06 0.0054709 0.0177878 9.83592e-07 0.00102158 0 0.00328381 -3.19099e-06 0 0 0.0207906 3.5623e-06 2.75204e-06 0 0.000718332 3.11409e-06 0.0436049 0.0005981 -2.8844e-06 0.00340746 0 0.00650942 0 0 2.48234e-06 0.00562097 0 0 0 0 0.00585418 0.017357 0 0.0077255 0 0 0.00294861 0 2.34667e-06 0 2.58271e-06 3.01552e-06 2.56405e-06 0.000493897 0.00215147 0 0.00429465 0.00294716 0.00787302 0.00177429 0.00144952 0 -1.42082e-06 0 0 -2.07049e-06 0 0 0 3.29883e-06 -1.25812e-06 0 0 0 0 2.55553e-06 0 0.000872748 0.00322919 0 2.7055e-06 0 0.00333744 0 0 0 0.000302382 0 0 0 0 0 -2.74883e-06 0 0 0 0 0
0.0257469 0.0175991 0 0 0.0815264 -0.0024405 -0.0298024 -3.07956e-06 0.0179313 0.0113057 -0.00489664 0.0582083 0.0297815 -0.210658 0 -1.53118e-06 0 -0.00376854 -0.00978055 -0.0534036 -2.06109e-06 0.0571637 -0.0243353 -0.00291838 0 0 0.00242769 -0.0027917 0.057042 -0.0110166 0.0662798 0 -0.0124042 -0.0113411 0 0 0 0 0 0.0292947 -0.00888838 0 -0.00638628 0.000850815 -2.84625e-06 0 0.00802586 0 0 0 -0.00282056 0 0.0489759 -0.00549496 -0.0064938 0 0 -0.00152922 0 0.0328128 0.0395137 -1.1672e-06 0 0 0 -0.00480284 0.00359166 0 0.0701015 -0.000655729 0.00858764 0 -2.9582e-06 0 -0.0130892 -0.00193547 -0.00566462 6.58896e-07 -0.00562831 0 0 0.0285072 0.0035462 0 -0.00945513 0 0 -0.000958772 -0.00122702 0.0657509 0 0 -0.000693297 -7.9382e-07 -2.75046e-06 -0.000162852 0.0211 -0.002962 -0.0130555 -0.00312213 -0.00543969 0.0154429 0 0 0 0 0 -0.00586889 0 0 0 0 0 0.0270168 0.0339809 0 0 0.0462259 0 -0.0040865 0 0 0 -0.00152871 -0.0197745 0 0 -0.000754615 -0.0031367 0 0.0210038 0 0.0379699 0 0 0 0 0 0 -0.00608632 -0.0112712 -0.000598001 0 0 0 0 0 0 0 -0.00504413 0 0 -0.00739227 0 0 0 0 0.0250974 0 0 -0.000330804 -0.0312913 0 0 -0.00155731 -0.00137416 0 0 -0.00257142 -0.00524535 -0.00105806 0 0 -0.00220731 0 0.00330681 -0.00243726 0 0.00292418 -0.00435808 0.0207568 0 0 0.0084958 0 0 -0.000278161 0 0.011402 0 0 0.00735282 0 -0.00223686 0 -0.00255569 -0.000483882 0 -0.00433301 0 0 0 0 -3.48641e-05 0 0.00340753 0.0182361 0 0 -0.0021338 0 0 0.00741098 0 0 0
0.0166933 0.0426745 0.00680196 6.02536e-06 0.00755577 0.00168329 3.66147e-06 0.000236514 0.0193816 0.0201273 0.0286437 0.0286143 0.0458492 0.0279484 -1.53118e-06 0 4.9573e-06 0.00584127 0.00325643 0.0454888 -0.0209865 0.0317767 -0.000743093 0.00743527 0.00785207 -0.00866279 5.19391e-06 0.00555344 0.0980295 3.70736e-06 -0.00840331 6.1753e-06 -0.00946433 0.0211694 0.0266534 0.0279603 0.00387523 -0.00678769 6.01949e-06 0.00180788 0.00720514 -0.00280004 0.00617197 0 -0.0173887 5.45969e-06 5.77239e-06 -0.00781032 0.0269615 5.72452e-06 0.0104354 0 0.0269193 0.00401601 0.022743 0.0182161 0.00399846 0 5.61008e-06 0.00933416 0.0182043 0.117313 0.00187508 2.65351e-06 -0.00461228 0.01476 0.0414431 0.00807295 0.0541754 0.00177243 -0.00421974 0.000665181 0.00376923 -0.000591168 0.00506662 0.0198598 0.00197313 0.0144465 0.00414225 0 5.75223e-06 -0.00918186 0.00395324 0.0147613 -0.00149775 -0.0276501 -0.00578311 0.0013087 0.00867838 0.0334937 0.00251452 0.00735316 -0.00043166 0.0106509 0.0039444 0.0221351 0 -0.00388875 -3.55626e-05 0.00514407 0.00952999 0.00722639 0 -0.0116801 0.0309455 5.98831e-06 0.00463211 0.00290925 -0.00940998 0.0477408 -0.0111935 0.0530888 0.00331012 8.02159e-05 -0.000174468 0.0272969 0.0270774 -0.005215 5.20474e-06 0.0076715 0.0308463 0 4.46614e-06 0.00325091 0.0035349 -0.00135981 0.0020762 0.00157223 0.00460633 0.00717776 0.0629816 1.75127e-06 0.00292264 0.00624165 0.00147511 -0.00211264 0.00949369 4.03139e-06 0.0278712 0.0148825 0.00267814 5.82009e-06 0.000365223 0.00192645 0.0291794 0.00463152 -4.49363e-06 0.00129234 0.00373356 0.00903071 0.0121991 1.32061e-06 3.43665e-06 0.0184606 0 0 0.0127517 -0.00436211 0.00499642 0.0184508 0 2.84249e-06 0.0168296 0 0.00364565 4.62746e-06 0.00579831 0.00896002 0.00542757 0.00064754 0.0105344 0.00158823 0.00600177 0.005018 0 0.0165719 0.00153501 0.0104631 0.00682898 0.00942252 -0.000944593 0.00162046 3.37698e-06 -2.57463e-06 0 3.89485e-06 0.00112497 4.54411e-06 0 0.00172078 0 -0.00691232 0.00507037 0.00915622 0 0.00316729 0.00261465 2.66724e-06 0.00889402 0 0.0319718 2.54942e-05 2.47908e-06 0.00399409 0.00101557 -0.00102505 0 3.30663e-06 3.41413e-06 0.00532518 -4.24015e-06 0 0 0.00663076 0 0
0 0 0.0141998 0.0175003 0.00937428 0.00458808 0 0.00787784 0 0 0 0 0 0 0 4.9573e-06 0 0.00568077 -0.0206341 0 0.00359738 0 0 0.00511215 0.00215659 0.012245 0.0560258 0.000755982 2.72548e-06 0 0.0180132 0.0647948 -0.0126194 5.4448e-06 0 0 0.0201066 0.00642344 0.0587588 0.0480331 0 -0.0271 4.84367e-06 0 0.00487723 0.0706786 0.016489 0.022104 2.50575e-06 0.00447094 5.69692e-06 0 0 5.6066e-06 -0.0147161 0 0.0327113 0 0.00856523 0.000911966 0.0029221 5.29869e-06 0 0 0.00784579 -0.0201816 0 0.00742187 0 0.00164396 0.0169699 0.00597272 0.0276193 0.00892508 0 5.21115e-06 0 -0.0285961 0 0 0.0244198 0.0426497 0.000823059 0.00980625 -0.0307845 0 0.0429212 -0.00404142 -0.0144601 0 0 0.000532525 0.012626 0 0.00371853 0 0.00174269 0 -0.00410647 5.24283e-06 5.75781e-06 0.00298531 0 0.00213563 0 0.0245487 0.0036318 0.00992794 0.0149356 5.65013e-06 0 0 0 0.00867203 0 0 0 0.0206573 0.00055018 5.55271e-06 3.25231e-06 0 0.00290613 0 0 0.019022 0.0159535 0 5.50552e-06 0.00336997 4.45445e-06 0.00087616 0.00959367 0 0.0074668 -0.010475 0 0.00943019 0 0 -0.0141976 0.0268022 0.00104644 0 0 0 -0.00869995 0 0 0 0 0 0 0 0 0 0.000809029 0.0146526 0.0041192 -0.00227893 0 0 0 0.00132677 0 0 -0.00615198 0 -0.00576994 5.97058e-06 -0.00201216 0 0.00135535 0 0.0301054 0 0 4.80517e-06 0 0 0.00829901 0.00144215 0.00256558 0.00259677 -0.0030451 0.0145655 0 0 0.0356384 0 0 0.0041864 0 -0.00717116 -0.000353198 0 0 0.00101214 -0.00420452 0.00381194 0 0 0.00133989 3.98243e-06 0 0.021222 0 0.00369459 0.00649145 -0.00111634 -0.00621981 0.000465248 0 -0.000904909 0 0
1.86401e-06 0 0.0164043 0.0474639 0 0.0509062 4.42125e-06 0.00542174 0.00669669 0 3.76634e-06 0 3.68183e-06 4.09727e-06 -0.00376854 0.00584127 0.00568077 0 -0.00649091 4.05695e-06 0.00990341 0 -0.0269272 0.0322811 -0.00590731 0.0296171 0.0054819 0.0520379 0.00251671 4.36142e-06 0.0148835 0.0263871 0.0111444 0.0241865 0.0058849 0 0.0136247 -0.00926175 0.0395055 0.0110598 0 -0.00695439 0.013849 0 0.00216699 0.0111168 0.00849875 0.018496 0 0.0234909 -0.00336874 0.00261179 0 0.0124215 0.0116133 0.00485014 0.0414883 0.00124984 0.0123424 0 0 0.0084153 0 0.00281756 0.0165815 0.015069 3.64536e-06 0.0266585 0.00111634 0.0158404 0.00209242 -0.0068856 0.0128247 0.00969892 0 0.0119207 0.000111941 0.0030681 0 0 0.0110201 -0.0110353 0 0.020771 0.000819221 0.0109632 0.00350742 0.0112514 0.00448985 0 0.00401729 4.84306e-06 0.0377001 0 0.00942294 0.0247695 0 0.00690838 0.00478125 0.0102822 0.0110723 0 0.00132068 0.00544059 -0.000747003 0.017968 0.0074705 0.0117307 0.00282943 0.0083683 0 0.000479917 0.0158749 0.00567016 -0.0039547 0 4.8534e-06 -0.00738758 0.00795357 0.00734842 0.00209859 0 3.91074e-06 0.00133928 3.00721e-06 0.0110096 0.0130248 4.38866e-05 0.00141305 0.0153132 -0.00339511 0 -0.0088125 0.00109434 0.00405072 -0.00549377 0 2.90895e-06 0 0.0154419 0.000881742 0.0127296 3.12344e-06 0.00998254 0 4.96688e-06 -0.00618607 3.73697e-06 0 0.0113061 0 0.000723107 4.41607e-06 0 0 0 0.0446699 -0.00568238 0.0195403 5.29959e-06 0.000753582 0.000926441 0 3.2205e-06 0.00321505 0.00461518 0.00126956 0.000896046 -0.0136991 0.00693736 7.1004e-05 0.0027545 0.0105858 0 -0.00433849 0 0.00617731 -0.000384477 0 0.00751122 -0.00381941 0.00235707 2.60337e-06 -0.00539829 0 0.00218471 0.00284248 0.00913729 -0.00485537 0 0 -0.00912174 0.00399399 0.00371662 0 0.00615997 0.00405033 0 0.00195159 0.000167842 0.00119814 0 0 0.00373734 0.00117374 -0.0145538 0 0 2.58148e-06 0.00309174 -0.00381139 0 0 0 0 0
-0.0102924 2.38433e-06 -0.00977266 -0.0272604 -0.00859897 0.0212393 -0.0330166 0.0121673 0.0123752 0 3.03166e-06 0 2.45475e-06 2.64646e-06 -0.00978055 0.00325643 -0.0206341 -0.00649091 0 2.55147e-06 0.0162809 -0.00318771 -0.0229413 0.00369531 -0.00338769 0.00176658 -0.0137579 0.0183533 0.000887281 -0.0424798 -0.00474866 -0.0256242 0.041683 0.0432529 0.0180499 2.5752e-07 0.00772473 -0.0426792 6.46898e-06 -0.00153691 0.00955681 0.00374188 0.0380795 0 0.00418502 5.93042e-06 6.94847e-06 -0.0229103 0.00279491 0.0134212 0.0253512 -0.00810222 0 0.0706233 0.0286707 0.00722247 0.00240019 0.000931668 0.0173431 -0.0173453 -0.0141167 0.00579285 0 0.00364943 0.0160508 0.0397867 0.00759758 0.00865425 0.00404399 -0.0150454 0 0.00189925 -0.00944001 -0.00165587 0.00773632 0.0193725 0.00639169 0.0320784 0.00373082 0.00726799 -0.00630466 -0.0334984 1.83134e-06 -0.0177062 0.040555 0.0192529 0 0.033285 0.0232838 2.23386e-06 0.0265523 0.00326144 0.00818407 0.00366022 -0.00155994 0.0210236 -0.00885836 0.0374656 0.0168804 0.0323729 0.034691 -0.025731 0.000606217 0.00574639 0.00944845 -0.0112787 0.00889893 0.00707208 6.61966e-06 0.022535 0 0.00484966 0.0202533 5.23241e-06 -0.00707845 0.0079119 0.011466 -0.0476485 0.0187404 0.027574 0.0153663 0 0.00401066 0.0140554 0.0037271 -0.0102679 -0.0228474 0.0273369 0.0317521 0.0183878 -0.00196287 0 -0.0361616 0.00814979 0.004292 -5.2541e-06 7.53107e-08 4.75233e-06 0.00960239 0.0393992 0.0282001 0.00711067 0.00147618 0.000976096 0 0.0123468 -5.32232e-06 0.00402583 0.00578713 0.036643 0.00346675 0.0127734 -0.00223871 0.00799123 0 0.00246508 0.00472671 -0.0191964 0.00319756 0.00492785 0.0011797 0.00218599 7.70685e-05 0.00103433 0.0158498 0.0213711 0.0200385 0.00655044 0.0220604 0.0219268 0.0222813 0.0435539 0.0104026 0.00696977 -0.00377881 0 0.0141272 0.0445347 0.0013462 0.0324984 -0.0218398 1.43747e-05 3.93178e-06 -0.0220912 0 0 0.0145517 0.0109795 -0.0195176 0 0 -0.0142259 0.0158059 0.0344382 0 0.0126119 0.0111984 0.000452374 0.0197238 0 0.0100074 0 0 0.0131439 0.0105031 -0.0109914 0 3.8512e-06 3.94564e-06 0.0111167 -4.99319e-06 0 0 0 0 0
0.0344258 0.0314546 0.00286299 4.13595e-06 0.0147181 0.000894835 0.0136017 4.12793e-06 0.00272298 0.0565818 0.108182 0.0233241 0.0348482 0.039242 -0.0534036 0.0454888 0 4.05695e-06 2.55147e-06 0 3.79784e-06 0.00453359 0.0142031 3.8766e-06 0.00187427 0 0 3.73555e-06 0.00953989 0.00201506 -0.0122983 4.17668e-06 -0.00810607 -0.0229652 1.75691e-06 0.00921781 0 5.96813e-05 0 0 0.0271992 -3.82393e-06 3.75119e-06 0 0 0 3.74394e-06 0.00343887 0.0154428 3.98226e-06 0.00406371 0 0.013891 3.39046e-06 0.0046967 0 0.000187271 0.00792525 0 0.0126176 0.00759943 0.0221926 0 0.00111776 4.05036e-06 -0.009007 0.0396436 3.92014e-06 0.00218612 0.000887445 0 0.00109673 0.000670097 3.77042e-06 0.00794079 -0.0124064 0.00989868 0.00245335 0.0207599 0 3.89621e-06 0 0.0103709 0.00330689 2.59565e-06 3.66841e-06 0 -0.0102131 0 0.0168782 0 0.0464087 0.00125973 0.0122151 3.57206e-06 0.00111986 0.00115231 3.0484e-06 0.00279679 3.08264e-06 0.0010816 0.0165896 0 -0.00707056 0.0290849 4.13122e-06 0.000435269 0.00548139 0 0.01822 -0.00223857 0.0145425 3.6918e-06 0 0 0 0.0281001 -2.25155e-06 3.60866e-06 0.000513373 0.0115184 0 0 0 0.0144688 0.00298475 4.04561e-06 0 2.62087e-06 3.89058e-06 0.0283292 -0.00205531 0.000824301 0 3.84625e-06 0 0 0 0.000910623 0.000720517 2.65126e-06 0 0.00124933 2.96258e-06 0.0242162 0 0 0.0440669 0 0.00232296 0.0465912 0 0.000285863 0.00207979 0 0 0.00204244 0 0 0.0418996 0 0 8.28207e-08 0.00031562 0 0 0 0.00324207 2.49072e-06 2.908e-06 2.45204e-06 0 0 0.0400137 0 0.000595013 0 0.00168775 0.00322743 2.72842e-06 -1.59724e-06 0 0 0 0 0 0 0 -1.41293e-06 0 0 -0.00069356 0 0.000241333 0 0 0 0 0.00369434 0 0.006987 0 0 0 0 0 0 0 0 0.00262672 0 0 0 0.00079764 0 0
0 0.00081615 0.0148114 0.01117 0 0.0206057 -0.00453115 0.0247851 0.000759803 0 3.49646e-06 0 3.42735e-06 3.91379e-06 -2.06109e-06 -0.0209865 0.00359738 0.00990341 0.0162809 3.79784e-06 0 0.000887575 0.00267612 0.0100003 0.034412 3.39291e-06 0.00550382 0.00321763 0.00130384 -0.00444481 0 0.0111831 0.0104356 -0.000378958 0.00763943 0.000740479 0.0155825 0.0123908 -0.00545742 0.0176343 0 -0.0111959 0.0173152 0 0.0692699 0.00336412 0.0116222 0.00946341 0 0.0287955 0.0101045 0.00121995 0.00279143 0.0145016 0.00472027 0.00395728 0.0102059 0 0.00439025 0 0 0.00739938 0 0.000873867 0.0254915 0.0101598 0.00226399 0.0140195 0.000412886 0.0112368 1.64655e-06 3.3459e-06 0.00807463 0.01438 0 0.0158436 0.0018915 0.0107791 0 0 0.0212213 -0.00515153 0.00225089 0.0185319 -0.0095087 0.0265356 0.00173969 0.0121095 0.00400727 0 0.00147692 0.00403243 0.00589937 0.00158039 0.0123691 0.0107059 -0.00156017 0.00636011 0.00207315 0.00710536 0.00845548 0 2.14212e-06 0 0.00390499 0.0102894 0.020913 0.00279664 0.00834609 0.00556371 0 0.00129419 0.018241 0.0103918 0 0.000257027 0.00170583 -0.00322936 0.0039607 0.0101438 0.00186713 0 0.00562354 0.000239613 2.85429e-06 0.00906293 0.00993484 0.00235252 0.00256214 0.0152406 0.00480249 0 0.0253306 0.00256347 0.0178139 -0.00324436 0.000816671 3.08202e-06 0 0.0104967 0.00423995 -0.00511912 0 0.011674 0 0.0137167 -0.000874078 0.00309195 0.00292951 0.00980622 0 0.0016143 0 0.000933475 0 0 0.0111705 -0.00341258 0.00819031 0.00255133 0 0 0 3.32662e-06 0.0122519 0.00358201 0.00163139 0.0106073 0.00203891 0.00525251 0.00461133 0.0065246 0.0183823 0.000801125 0 1.60292e-05 0.00588342 0.00749545 0.000124238 0.00422596 0.000769854 3.03262e-06 2.66134e-06 0.00202116 0 0.0017145 0.00309533 0.00594138 -0.0034571 0.000828647 0 -0.00171957 0.00471445 0.00291797 0 0.00305055 0.00337029 0.0019692 0.00397597 0 0.00104684 0 0 0.00337078 0.0179794 -0.00413041 0.00638266 2.64789e-06 2.71066e-06 0.000732544 -0.00050817 1.20836e-06 0 0 0 0
0.0244909 0.037116 0 -0.0165895 0.0103747 2.43058e-06 -0.0483358 0 0.0293572 0.0142503 -4.08706e-07 0.0487689 0.0674488 0.00368698 0.0571637 0.0317767 0 0 -0.00318771 0.00453359 0.000887575 0 -0.0195513 2.36547e-06 0.0141749 -0.0382473 0 -0.0235409 0.0544708 -0.0251277 -0.0117422 3.00056e-06 0.010143 0.00158114 0.0143401 0.0266194 0 2.74243e-06 2.96077e-06 0.00159277 0 -2.58444e-06 0 0 0 0 0 -0.024512 2.77896e-05 0 0.00212407 0 0.0349534 1.58899e-06 0.00175995 0 0 0 -0.0285084 0.0152743 0.00478294 0.0490066 0.000896939 0 0 0.00708744 0.065027 0 0.0279954 2.45895e-06 -0.00492148 -0.00455318 2.68381e-06 0 0 0.0125397 0 0.00614912 0 0 0.00169829 -0.000965772 0.00950135 0.00280149 7.62954e-07 0 0 0.0121391 0.00125249 0.0231856 0 0.00522882 2.57296e-06 0.00227332 0.00479735 0.00206297 0.00149075 0 0 0 1.35541e-06 0.0212161 0 -0.0213544 0.00375188 2.92388e-06 0.000359555 -0.0241498 0 0.0342408 -0.000474379 0.00469468 0.00389513 0 0 0.0182182 0.00247515 0 -0.0137323 0 0.0059047 0 0 0.000857619 0 0 0 0 0 0 0.0396205 -0.0007898 0.00261364 0.0185469 0.00143164 0 0.0165046 2.20075e-06 0 0 0.00238646 -0.0115949 0 0.00564163 0 0.00188221 0 0 0.0303461 0.00016563 0.0579384 0.0030363 -0.00437741 0.0060712 0 0 0.00121535 -9.40229e-07 0 0.0141668 0 -0.00376747 0.00160109 0 0.00180234 -0.0136852 0 0.032952 0.00414208 0.00220665 0.00431292 0.00151666 0.00134733 0.00149918 0 0.00447032 0 0.00362272 0.00164459 0.000646561 0 0 1.71969e-06 -1.05719e-06 0 0 0 0 0 0.0159192 0 0 0.000110552 0.00220427 0 0 0 0 0.003103 0 0.00194419 0 0 0 0.00245899 0 0.00392734 0 0 0.00309827 0 0 0 0.00848917 0 0
-0.00191002 -0.0180936 0.0015255 5.25012e-06 -0.00589959 0.0059681 0.327887 -0.00639768 1.69771e-06 0 0 -0.00160022 0 0.00924812 -0.0243353 -0.000743093 0 -0.0269272 -0.0229413 0.0142031 0.00267612 -0.0195513 0 0.00457754 0.00914816 0 4.57336e-06 4.0759e-06 -0.0201177 0.159224 -0.000967649 5.43133e-06 0.0153159 0.0140912 0.0013933 0 5.09494e-06 0.00241085 0.000255218 4.88635e-06 0.0241385 -0.00497985 0.012887 0 0.00176948 0 5.52395e-06 0.00568308 0 4.95749e-06 0.0104327 0.0046983 -0.00244676 0.0111984 0.0063621 0 5.07771e-06 0.0280177 0.00217997 0 -0.00152163 0.00106569 0 0.00874997 0.00124271 -0.00126824 2.35437e-06 -0.00087914 0 0.00369847 0 0 0.00475037 0.00850832 0.00959262 0.00717504 0.0141109 0.00078033 0.00192366 0 5.49121e-06 -0.00293858 0 0.00469487 0.0113496 4.33847e-06 0 0.0149292 0.00461697 0 0 0.00463724 0.00377366 2.06638e-06 0.00217747 0.00544347 -0.0041407 0.00419021 0.0298561 9.13063e-05 0.00864363 -0.00302309 0 0 0.00611582 5.2907e-06 4.29435e-06 0.00624538 0.00252063 0.00352599 0 8.89309e-06 4.58599e-06 0 0 0 0.00185113 -0.00644711 0.000500671 0.00395807 0.000338845 0 0.00229218 0.00283507 0.00639753 0.00428847 0.000795994 0.0039855 0.00556568 0.00283439 0.0019548 0 0.00226614 0 0.0035082 0 0 0 0 0.00545713 0.00888214 0.00356717 0.002517 4.51029e-05 0 0.00174382 0 0.0684693 0 0.00717351 0 1.47152e-06 0.108003 0 0 0 0 -0.00412596 4.58014e-06 0.00397522 0 0.016055 0 0.000554361 0.00127984 0 0.0034477 0 0.00377365 0.00865336 0.00284196 3.01067e-06 0.0018062 0.00467091 0 0 0.00415382 0.00274185 0 0.0076915 -0.00401952 0 0 -0.00201117 0 0 0 0.00287487 -0.000550649 0 0 -0.00323494 2.60461e-06 0.0039415 0 0.00542486 0.00293298 0 0.00649415 0 0.000221528 0 0 0.00170367 2.18397e-06 -0.00066249 0 0 0 0.00109088 0 0 0 0 0 0
