0.86646 0.0374958 0.157731 0.0187626 -0.0181066 0.17141 0.0495006 0.0661024 0.0597743 0.0117731 0.180671 -0.0911004 0.0426559 0.170285 0.0751592 0.0315625 1.20647e-06 0.0378746 9.57955e-07 -1.12708e-05 0.125375 -0.0631667
0.0374958 1.05927 0.158841 0.00788448 0.108927 0.0845991 0.169394 0.0596655 0.205258 0.0351391 -0.02045 -0.0646747 0.295369 0.0840405 -0.0519549 -0.0546605 -2.09067e-06 0.0617196 2.7296e-06 1.28931e-06 0.135906 -0.034935
0.157731 0.158841 0.628404 0.000869214 0.0233392 0.0807047 0.116421 0.0309069 0.0256034 -0.0100849 0.0871994 -0.000640257 0.189763 0.0801726 -0.0531567 0.053299 7.7843e-06 0.0670576 5.71176e-06 4.29193e-06 -0.00340533 0.0796247
0.0187626 0.00788448 0.000869214 0.419553 0.0390537 -0.0297403 -0.0340485 -0.0117863 0.086132 0.0169259 -0.00432905 -0.0153851 -0.0521382 -0.0295465 0.165557 -0.0524399 -7.88504e-06 -0.0716006 9.83087e-07 -1.9553e-07 0.18489 -0.0928671
-0.0181066 0.108927 0.0233392 0.0390537 0.61995 -0.130981 0.0364999 -0.0240966 0.0919168 0.045821 0.0890897 -0.0429759 -0.014363 -0.130119 -0.023584 0.042039 -9.15428e-06 0.0837198 -8.84455e-06 -3.40622e-06 0.100003 -0.063111
0.17141 0.0845991 0.0807047 -0.0297403 -0.130981 0.567715 0.0705532 0.252464 0.0689129 -0.0698619 0.0135412 0.0086341 0.074693 0.564 -0.0162855 -0.0312024 -3.32147e-07 0.0618518 1.20376e-05 -3.97204e-06 -0.219354 0.103706
0.0495006 0.169394 0.116421 -0.0340485 0.0364999 0.0705532 0.222283 0.0675049 0.0436245 0.024105 0.074342 -0.03465 0.077738 0.0700902 -0.0451629 0.00889271 -1.88465e-06 0.0774196 1.91863e-06 8.20538e-07 0.0449063 0.0420219
0.0661024 0.0596655 0.0309069 -0.0117863 -0.0240966 0.252464 0.0675049 0.394448 0.0643407 -0.0347332 0.0753149 0.137028 -0.00363078 0.250805 -0.0197904 0.0390056 -8.0724e-07 0.0588168 4.66152e-06 -1.91773e-06 -0.119479 0.225706
0.0597743 0.205258 0.0256034 0.086132 0.0919168 0.0689129 0.0436245 0.0643407 0.788017 -0.232479 0.0230844 -0.0144621 -0.0715219 0.0684621 0.0228053 -0.0359177 -3.87816e-06 -0.00758417 1.84023e-06 -4.1755e-07 0.0895591 0.086673
0.0117731 0.0351391 -0.0100849 0.0169259 0.045821 -0.0698619 0.024105 -0.0347332 -0.232479 0.877696 0.0446651 0.0661167 0.186277 -0.0694029 0.0586263 0.0412523 6.9264e-07 0.0153417 9.22696e-07 3.61762e-07 0.147125 -0.0753873
0.180671 -0.02045 0.0871994 -0.00432905 0.0890897 0.0135412 0.074342 0.0753149 0.0230844 0.0446651 0.746144 0.0242281 -0.0161373 0.013452 -0.108598 0.181752 7.59825e-06 0.1258 3.04216e-06 -9.24437e-07 0.0255608 0.0470994
-0.0911004 -0.0646747 -0.000640257 -0.0153851 -0.0429759 0.0086341 -0.03465 0.137028 -0.0144621 0.0661167 0.0242281 0.439866 0.0647829 0.00856995 -0.0655507 0.12467 3.49108e-06 -0.00147598 -3.97586e-07 2.83886e-06 -0.0655356 0.0744339
0.0426559 0.295369 0.189763 -0.0521382 -0.014363 0.074693 0.077738 -0.00363078 -0.0715219 0.186277 -0.0161373 0.0647829 0.80749 0.0742045 -0.0908026 -0.0101756 4.3508e-06 0.0929283 -3.95377e-07 6.81943e-06 -0.0192794 -0.02873
0.170285 0.0840405 0.0801726 -0.0295465 -0.130119 0.564 0.0700902 0.250805 0.0684621 -0.0694029 0.013452 0.00856995 0.0742045 0.56031 -0.0161831 -0.0310028 -3.30484e-07 0.0614486 1.19586e-05 -3.9457e-06 -0.217913 0.10302
0.0751592 -0.0519549 -0.0531567 0.165557 -0.023584 -0.0162855 -0.0451629 -0.0197904 0.0228053 0.0586263 -0.108598 -0.0655507 -0.0908026 -0.0161831 0.672621 -0.0939356 -7.82339e-06 -0.0999997 9.19278e-06 -6.00018e-06 0.216585 -0.0579443
0.0315625 -0.0546605 0.053299 -0.0524399 0.042039 -0.0312024 0.00889271 0.0390056 -0.0359177 0.0412523 0.181752 0.12467 -0.0101756 -0.0310028 -0.0939356 0.549313 5.72746e-06 0.0949589 -5.73853e-06 3.61769e-06 -0.0801653 0.0470811
1.20647e-06 -2.09067e-06 7.7843e-06 -7.88504e-06 -9.15428e-06 -3.32147e-07 -1.88465e-06 -8.0724e-07 -3.87816e-06 6.9264e-07 7.59825e-06 3.49108e-06 4.3508e-06 -3.30484e-07 -7.82339e-06 5.72746e-06 3.0899e-09 -6.6069e-07 2.1784e-10 4.99401e-10 -2.04172e-06 -1.54843e-06
0.0378746 0.0617196 0.0670576 -0.0716006 0.0837198 0.0618518 0.0774196 0.0588168 -0.00758417 0.0153417 0.1258 -0.00147598 0.0929283 0.0614486 -0.0999997 0.0949589 -6.6069e-07 0.280174 -3.01464e-06 6.87033e-09 -0.0381748 0.040403
9.57955e-07 2.7296e-06 5.71176e-06 9.83087e-07 -8.84455e-06 1.20376e-05 1.91863e-06 4.66152e-06 1.84023e-06 9.22696e-07 3.04216e-06 -3.97586e-07 -3.95377e-07 1.19586e-05 9.19278e-06 -5.73853e-06 2.1784e-10 -3.01464e-06 3.63818e-09 1.35038e-10 -5.61775e-06 6.56617e-06
-1.12708e-05 1.28931e-06 4.29193e-06 -1.9553e-07 -3.40622e-06 -3.97204e-06 8.20538e-07 -1.91773e-06 -4.1755e-07 3.61762e-07 -9.24437e-07 2.83886e-06 6.81943e-06 -3.9457e-06 -6.00018e-06 3.61769e-06 4.99401e-10 6.87033e-09 1.35038e-10 3.50888e-09 3.65182e-06 -5.01638e-08
0.125375 0.135906 -0.00340533 0.18489 0.100003 -0.219354 0.0449063 -0.119479 0.0895591 0.147125 0.0255608 -0.0655356 -0.0192794 -0.217913 0.216585 -0.0801653 -2.04172e-06 -0.0381748 -5.61775e-06 3.65182e-06 0.778861 -0.122852
-0.0631667 -0.034935 0.0796247 -0.0928671 -0.063111 0.103706 0.0420219 0.225706 0.086673 -0.0753873 0.0470994 0.0744339 -0.02873 0.10302 -0.0579443 0.0470811 -1.54843e-06 0.040403 6.56617e-06 -5.01638e-08 -0.122852 0.659315