0 0.0624737 -0 -0.00308184 -0.0128888 0.00964769 -0.00289182 0.00333536 -0.043553 0.0132817 -0 -0.0101071 -0 -0.0237384 -0 0.00245039 0.012782 0.00544208 -0.00665915 -0.00421921 -0 -0 -0 -0.00793844 -0 -0.0139706 -0.00162389 -0 -0.0109012 -0.00572669 0.00274178 -0.00578207 0.000120262 0.003476 -0 -0.00565108 -0.00687553 -0 0.00259054 -0.00587739 -0.00717671 -0.027658 -0.00698103 -0 0.00704376 -0.00751584 -0.00492148 -0 -0.00941007 -0 -0.00566988 -0 -0.00572058 -0.00484017 0.00150632 -0 -0 -0 -0.0046716 0.000495247 -0.00887176 -0 -0.018753 -0 -0 -0.000476778 -0.00567602 0.00603569 -0 -0.0268094 -0.0502178 -0 -0.00841306 -0 -0.0117596 -0.00855054 -0 -0.00679838
0.0624737 0 -0 -0 -0.0238759 0.0426229 -0.00203174 0.00531726 -0 0.0084891 -0.0239487 -0.0126917 -0 -0.0645272 -0 -0.00682444 0.0079278 0.00204146 -0.00261666 -0.0264993 -0.0121184 0.00898792 -0 0.0175348 -0 -0.0065393 -0.000394912 -0 -0.0107572 -0.00540775 0.00227588 -0.0125616 -0 -0.00168314 -0 -0.00935574 -0.00490892 -0.00585832 0.00357637 -0.00805486 -0.0158611 -0.0124549 -0.013721 -0.00677382 0.0123891 -0.00016292 -0.00952187 -0 -0.0122593 -0 -0.0162453 -0 -0.00477981 -0 -0 -0 -0 -0 -0.009668 -0 -0.00447254 0.000739104 -0.00864711 -0 -0 -0 -0.00857162 0.00598721 -0.00111375 -0.0276411 -0.0730801 0.00207461 -0.00726194 -0 -0.00300893 0.00705141 -0 -0.0208497
-0 -0 0 0.0360405 -0.003472 -0 0.0701333 -0 -0 -0 0.0875551 -0 -0 -0.0399638 -0 -0 -0 -0.0430614 -0 -0 0.00294258 -0 -0.0158054 -0 -0 -0.0218372 -0 -0 -0 -0 -0 -0 -0 -0 -0 -0 -0 -0 -0.00359809 -0 -0 -0.0194707 -0 -0.000261943 -0 -0 0.0423407 -0.0133632 -0 -0 -0.0343535 -0 -0.00944706 -0.0229461 0.00160358 -0 -0 -0 0.00613757 -0 -0 -0.0247045 -0 0.00444983 0.00592534 -0 -0 -0 0.0215212 -0 -0 -0.00238183 -0 -0 -0 -0 -0 -0
-0.00308184 -0 0.0360405 0 -3.84509e-06 -0 0.00562298 -0.02996 -0.0153676 -0.0931048 0.0256569 -0 -0.0726841 -3.94209e-06 -0.00699321 0.0265666 -0 -0.029079 0.0196048 -0.00059205 -0 0.0304796 -0.0386963 -0.00177237 -0.000561779 0.0144692 -0 -0 -0.114861 -0.00327846 -0.0151832 -0.0282006 -0 -0 0.00464791 -0 -0 -0 -0.0840515 -0.00968306 -0 -0.0261532 0.0316841 0.000165424 -0 0.00120086 -0 -0.0179161 0.00151346 -0.0409264 -0.00566429 -0 0.0497912 -0.0316893 -0.000871786 0.00728583 0.0516182 -0 0.00704282 -0 0.0777028 -0.0126703 -0 0.00413417 -0 -0.0307092 0.014587 -0.0186231 0.0461821 0.00153234 -0 -0.00920908 0.00989623 0.00770848 0.030077 0.00847724 -0 0.00510957
-0.0128888 -0.0238759 -0.003472 -3.84509e-06 0 -0.00816147 0.0100819 -0.00842999 -0.0384287 -0.0420233 -0 -0.0213113 0.0215458 0.259898 -0 -0.0160547 -0.0326427 -0.00785779 -0.051834 0.0443009 -0 -0.12391 -0 -0.0505004 0.000121346 0.088228 -0.0359969 -0 -0.00236923 0.00833585 -0 0.0262367 0.00202364 -0.0188493 -0.00201925 0.0389056 0.0204372 -0 0.0218587 0.0196166 0.259777 0.0196751 0.157846 0.00565222 -0.0279669 0.0432643 0.0408924 0.0699402 0.103018 -0.0156292 0.0445116 -0.0575961 -0.0304194 -0.0338394 -0.0265755 -0 -0.011874 -0.0123408 -0.00505544 -0.0134632 0.0158138 -0.0279859 -0.0612499 -0.00112076 -0.0350843 -0.0267846 -0.0282626 -0.0306879 0.0107678 0.00477737 0.0357021 -0.0508118 0.0811958 0.0163836 0.0291348 0.045468 -0.0327036 0.0183919
0.00964769 0.0426229 -0 -0 -0.00816147 0 -0.00088674 0.000642676 -0.122643 0.00340257 -0.0133385 -0.0108905 -0 -0.00657866 0.0642235 0.00199853 0.00692441 0.0317243 -0.00165815 -0.0754177 -0.0251612 -0.012449 0.0632424 -0.0207629 -0.00929179 0.0168131 -0.0119996 -0 -0.021366 -0.00872545 0.000982713 -0.0429217 -0 -0 -0 -0.0222481 -0.006415 -0 -0.0246528 -0.0193851 -0.00572452 -0.00362317 -0.00283159 -0 0.00541573 -0.00635888 -0.00509416 -0 -0.0225919 -0 -0.00349238 -0 -0 -0 -0 -0 -0 -0 -0.0114976 -0 -0 0.0118156 -0.0193266 -0 -0 -0.00751765 -0.00184805 -0 -0 -0.0303501 -0.0411265 0.00153701 -0.00233718 -0 -0 -0.00146226 0.00250247 -0.00190211
-0.00289182 -0.00203174 0.0701333 0.00562298 0.0100819 -0.00088674 0 -0.0152795 -0.0454335 -0.0127932 0.0107913 0.064608 -0.00228154 -0.0278838 -0 -0.0146324 -0.0191581 -0.00573087 0.0890018 0.00464613 0.028197 -0 0.00179938 0.0175453 -0 0.00896982 -0.00606675 0.0336694 0.0172062 0.0162382 3.15006e-06 0.0210305 -0 -0.0439951 -0.000799951 0.0220664 0.0699519 -0 -0.0326759 0.0042844 0.00507025 -0.0224585 0.00536568 -0.0126882 -0.0111144 0.00969596 0.034873 -0.0378052 0.0311583 -0 -0.0180822 -0 0.00295211 -0.0306582 -0.0163925 -0 -0 -0.00151633 0.0298857 -0 0.0279677 -0.014173 0.00792365 -0 0.0628316 0.00271962 0.00412376 -0.0162971 0.0169037 -0 0.009453 -0.0257919 0.012335 0.0163235 0.00577378 0.062384 -0.00220465 -0.0017024
0.00333536 0.00531726 -0 -0.02996 -0.00842999 0.000642676 -0.0152795 0 0.0228763 0.0352369 -0 -0.0547596 0.0266297 -0.0117711 -0 0.0152559 0.0445979 0.00850363 -0.0169029 -0.0109699 -0 -0.0553446 0.0139305 -0.00132745 -0 -0.0264195 -0.0166933 -0.0579665 0.0184953 -0.021342 -0 -0.0205303 -0 0.0206496 -0 0.002841 -0.0113212 -0 0.049269 -0.0119644 -0.0120864 -0.0178562 -0.018451 -0.006347 0.0412457 0.00734623 -0.00940862 -0.0320135 -0.0326997 -0 -0.0203182 -0.0536113 -0.0190905 -0.0121973 0.0234625 -0 -0 -0 -0.029041 0.00247695 -0.0442182 9.03578e-05 -0.0210792 -0 -0 -0.00172512 -0.019243 -0.0157601 -0.0492212 -0 -0.0142859 0.0160641 -0.0144445 -0.031394 -0.00490472 -0.0594443 -0 -0.0203993
-0.043553 -0 -0 -0.0153676 -0.0384287 -0.122643 -0.0454335 0.0228763 0 -0 0.0042692 -0.0169706 0.00757539 -0.0253902 -0 0.0631204 0.0221435 -0.0509647 -0.0199879 0.0624131 -0 -0.125438 -0.0831909 -0 0.0204764 0.00270565 0.126042 -0.00449255 0.0539994 -0 -0.0735427 0.0226488 -0 0.0416973 -0 -0.00673839 -0.0135489 -0.0177305 0.108237 -0 -0 0.0854995 -0.0118252 -0.0363068 0.00898452 -0 -0.0743103 -0.00107959 -0.0239115 -0 -0.0163114 -0.0666781 -0.0250501 -0.00829676 0.0319636 -0 -0 -0 0.0054017 0.000649631 -0.0387866 -0.0163839 0.0363093 -0 0.0240172 -0 -0.00591716 0.057346 -0.0734716 0.0601399 -0.00278572 -0.0631982 -0 -0.0355019 -0.000808146 -0.0667212 -0.0111911 -0.018466
0.0132817 0.0084891 -0 -0.0931048 -0.0420233 0.00340257 -0.0127932 0.0352369 -0 0 -0 -0.00991328 -0.00315738 -0.0322511 -0.00266001 0.00211894 -0.0252679 0.0367745 -0.0202967 -0.0315586 -0 -0.0694411 0.0626577 -0.0127562 -0.0461596 -0.0841649 -0.00995577 0.0197921 -0 -0.0153887 -0 0.0487123 0.0288809 0.0244624 -0 0.00960258 -0.0186658 -0.0117928 -0.00658271 -0.0427552 -0.0191408 -0.0160458 -0.045535 -0 -0.0396527 -0.0441298 0.00983042 -0 -0.0345228 0.0536529 -0.0213359 -0.00409173 -0.0540383 -0 0.0777799 -0.00424033 -0 -0 -0.026073 0.0288113 0.00973136 0.013499 -0.0248379 -0 -0 0.000676452 -0.0222182 0.0345146 -0.048784 -0.0729665 -0.0349747 -0 -0.0295017 -0.013309 -0.0117852 -0.0191603 -0 -0.0212651
-0 -0.0239487 0.0875551 0.0256569 -0 -0.0133385 0.0107913 -0 0.0042692 -0 0 -0.00444716 -0.00528544 -0.00221084 -0.0268438 0.0154808 0.000391782 -0.00844322 -0 -0 0.0330094 -0.00873372 -0.0471062 -0.0115886 -0 -0.0120991 -0 -0 -0.0538039 -0 -0.0233003 -0.00360834 0.0374394 0.00375761 -0 -0.00191608 0.0776948 -0 -0 -0.00727069 -0 -0.0867828 -0 -0.00290202 -0 -0 -0 -0.045851 -0 -0.0374223 -0.0285538 -0.0250422 -0.0247135 -0.0284243 0.0514609 -0 0.00282487 -0 0.062034 0.000147872 -0 -0.030161 -0.0159627 0.0225291 0.0428443 -0.0336699 -0.00164503 -0 0.0172434 -0.00133252 -0.00463191 -0.0157177 0.044545 -0.00331662 -0 -0 -0.0146552 -0.00145555
-0.0101071 -0.0126917 -0 -0 -0.0213113 -0.0108905 0.064608 -0.0547596 -0.0169706 -0.00991328 -0.00444716 0 -0 -0.0115307 -0.00403615 0.00274682 -0.0382467 -0.0245028 0.0632733 -0.0568072 -0 -0 -0 -0.0384704 -0.0407789 0.116784 0.0145499 -0 0.143793 0.18782 -0 0.141698 0.0196294 -0.0252783 -0.0104309 -0 0.0988466 -0.0436507 -0.0166989 0.0385773 -0.00570855 0.0516587 -0.0658027 -0.0222126 -0.026414 -0.0275646 0.0536876 -0.0248994 -0.0227773 0.105696 0.00638403 0.0096955 0.0267673 0.0248724 -0.0441342 -0 -0.0064552 -0.0303171 0.10763 -0.00139553 0.00562507 -0.000390023 0.0407998 -0 0.0779243 0.0849521 -0.0283313 -0.0280802 0.0205093 -0.0458559 0.0718789 0.0344615 -0.0528093 0.0204982 0.0073574 0.0989872 -0.0176021 -0.0264751
-0 -0 -0 -0.0726841 0.0215458 -0 -0.00228154 0.0266297 0.00757539 -0.00315738 -0.00528544 -0 0 -0.0050196 0.0045774 0.00407874 0.0039032 0.0107488 -0.0149004 -0.0512616 -0 -0.00385328 -0 -0.00946639 -0 -0.00422722 -0.00864303 -0 0.0573765 -0.0056843 0.104568 0.00547993 -0.0125103 0.00767511 -0.0180439 -0.00631826 -0 -0 0.0377917 -0.0152895 -0.00168638 -0 -0.00900219 -0 0.00748135 -0.0211814 -0.00144182 0.0133809 -0.0121967 0.00455498 -7.86528e-05 -0 -0.0464523 -0 -0 -0 -0.0487666 -0 -0.0154999 -0 -0.0671765 -0 -0.00286744 -0 0.0142614 -0 -0.00857842 0.0132507 -0.0239988 -0 -0 0.00680967 -0.0270327 -0.096605 -0.00149398 -0.00431568 -0 -0.00809835
-0.0237384 -0.0645272 -0.0399638 -3.94209e-06 0.259898 -0.00657866 -0.0278838 -0.0117711 -0.0253902 -0.0322511 -0.00221084 -0.0115307 -0.0050196 0 -0 0.0371437 -0.00943595 -0.0211717 -0.0206353 0.0457474 -0.00684731 -0.154051 -0 -0.00249188 -0 0.0537893 -0.0389801 -0 0.00512808 0.00670952 -0 0.0124276 -0 -0.0395034 -0.002313 0.0519738 -0.0576919 0.00374805 0.0464078 -0.00410604 0.156027 0.0483579 0.0983428 0.0229802 -0.0651573 0.0393051 0.0367631 0.010351 0.126658 -0.0671828 0.0449169 -0.0279181 0.0187174 -0.0453711 -0.0187366 -0 -0.00351776 -0.0267373 -0.00173817 -0.00616635 0.0217768 -0.0523095 -0.0236241 -0.00909088 -0.0228452 -0.0014004 -0.0364967 -0.025228 0.00559407 0.00522272 0.030752 -0.00973134 0.0357767 0.00745972 0.0127692 0.021909 -0.0106963 2.88883e-07
-0 -0 -0 -0.00699321 -0 0.0642235 -0 -0 -0 -0.00266001 -0.0268438 -0.00403615 0.0045774 -0 0 0.00358538 -0 -0 -0 -0.000642182 -0.0161135 -0.0233593 0.0277353 -0 -0.00493002 -0 -0.0209047 -0 -0.000421076 -0.0141782 -0 -0.0383383 -0.00212859 -0 -0 -0 -0 -0 -0 -0 -0 0.0349547 -0 -0 -0.0190739 -0 -0 -0 -0.00495661 -0.0189454 -0 -0 -0 -0 -0.0557372 -0 -0 0.0374495 -0.0138762 -0 -0 0.00527331 -0 -0 -0 -0 -0 0.0031201 -0 -0 -6.97269e-05 -0 -0 0.0104888 -0 -0 -0 -0
0.00245039 -0.00682444 -0 0.0265666 -0.0160547 0.00199853 -0.0146324 0.0152559 0.0631204 0.00211894 0.0154808 0.00274682 0.00407874 0.0371437 0.00358538 0 0.0198092 -0.0385082 -0.00612661 0.0131652 -0 -0.0859646 -0.241015 -0.129033 -0 0.0286982 0.0114988 -0 -0.00548244 -0.0224281 -0.0393926 -0.0271782 -0 -0.0126027 0.0022995 -0.0334867 -0.0591088 0.0173892 0.0409854 -0.0304514 0.0114969 0.121617 -0.102385 -0.0638774 0.00737358 -0.0503545 0.0493039 -0.114334 -0.0878094 -0.221686 -0.0358557 -0.100198 0.0431184 -0.128042 0.0573626 -0 0.0157066 -0.0579353 -0.0278535 0.00114267 -0.00607715 -0.114529 -0.0143187 0.000883005 0.00938647 -0.00834808 -0.0230184 0.0178796 -0.0119738 -0.0038305 -0.0400463 0.0283653 -0 -0.0157639 -0 -0.00866505 -0 -0.0490811
0.012782 0.0079278 -0 -0 -0.0326427 0.00692441 -0.0191581 0.0445979 0.0221435 -0.0252679 0.000391782 -0.0382467 0.0039032 -0.00943595 -0 0.0198092 0 0.00412503 -0.00358622 -0.0132191 -0 -0 -0 -0.0444064 -0.0482411 -0.0183984 -0.0152356 -0.00352256 -0.0387524 -0.0613589 -0 -0.0223038 -0 -0.0156008 -0 -0.0645874 -0.0227595 -0.0234082 0.0495532 0.0189341 -0.00553965 -0.0254423 0.0191144 -0.170671 0.0217528 -0.0569781 0.00226106 0.00513867 -0.0476379 -0.0027638 0.000480706 -0.0277041 -0.0175319 -0.0125856 0.0212591 -0 -0 0.00891201 -0.0253753 0.00159532 -0.043138 0.00689081 -0.0186398 -0 -0 -0.00484937 -0.0168397 0.0102873 -0.00448876 -0.000464372 -0.0185944 0.00588539 -0.0126801 -0.0166124 -0.00883877 -0.0148995 0.00286424 -0.0302359
0.00544208 0.00204146 -0.0430614 -0.029079 -0.00785779 0.0317243 -0.00573087 0.00850363 -0.0509647 0.0367745 -0.00844322 -0.0245028 0.0107488 -0.0211717 -0 -0.0385082 0.00412503 0 -0.00764803 -0.00661256 -0 0.00815761 0.0150297 -0.0137799 -0 -0 -0.0531776 -0 -0.025026 -0.00316761 0.00868099 -0.00543554 -0 0.00543303 -0 -0.00921243 -0.00824949 -0 -0 -0.00797847 -0.00352232 -0.00719419 -0.00395329 -0 0.00028271 -0.00405713 -0.0320955 0.0193488 -0.0102003 0.00823162 0.00995906 -0 -0.00834004 -0 -0 -0 -0 -0 -0.0132098 -0 -0 0.00878327 -0.0302761 -0 -0.0269714 -0.00127502 -0.0167014 0.00330675 -0 -0.0316922 -0.00673535 9.06265e-05 -0.00612479 -0.00236849 -0.0024161 -0.00724012 0.00139196 -0.00721581
-0.00665915 -0.00261666 -0 0.0196048 -0.051834 -0.00165815 0.0890018 -0.0169029 -0.0199879 -0.0202967 -0 0.0632733 -0.0149004 -0.0206353 -0 -0.00612661 -0.00358622 -0.00764803 0 0.00631659 0.00708468 -0 0.00863023 0.066076 -0.000979901 0.0327349 0.0291657 -0 0.00453796 0.0246772 -0 0.0268054 -0.00496097 -0.0509221 -0 0.00800222 0.038306 0.00290337 -0.0585414 0.0157724 -0 0.0215194 0.00849989 -0.0884779 -0.0145022 -0.0281715 0.0358131 -0.0976782 0.0103533 -0.0174422 0.0136723 -0 0.0244741 0.00617603 -0.0331137 -0 -0 -0.00166572 0.0211011 -0.00196973 0.0380879 -0.0206209 0.0235136 -0 0.0191742 0.0106413 0.0236654 -0.0506914 0.0529451 -0 0.00652216 -0 0.0137817 0.0597892 0.00824699 0.027886 -0.00538497 0.0139707
-0.00421921 -0.0264993 -0 -0.00059205 0.0443009 -0.0754177 0.00464613 -0.0109699 0.0624131 -0.0315586 -0 -0.0568072 -0.0512616 0.0457474 -0.000642182 0.0131652 -0.0132191 -0.00661256 0.00631659 0 5.24833e-05 0.00413649 -0.130702 0.112339 0.0833966 -0.0766523 0.0526462 -0.005955 0.0644904 0.0169759 -0.0258655 0.0499497 -0 -0.0140213 -0.00315953 0.112372 0.0076387 0.0118004 0.0363178 0.0211573 0.0369698 0.0105364 0.00922076 -0.0344709 -0.0171534 -0.016131 0.018548 -0 0.029476 -0 0.054843 -0.0435722 0.00557671 0.000906421 0.083834 -0 -0 -0.0224843 0.0195116 -0.00192443 -0 -0.0409677 0.0859553 -0 -0.0326501 0.00519459 -0.0432058 -0.012735 -0 0.00312255 0.0276946 -0.025517 0.0675436 -0.00464245 0.00124839 -0.000642559 -0.0065933 0.00896059
-0 -0.0121184 0.00294258 -0 -0 -0.0251612 0.028197 -0 -0 -0 0.0330094 -0 -0 -0.00684731 -0.0161135 -0 -0 -0 0.00708468 5.24833e-05 0 -0 -0.000463892 -0 0.00649213 -0.00987094 0.0116703 -0 -0.000114242 -0 -0 -0 -0 -0 -0 -0 -0 -0 -0 -0 -0 -0 -0 -0 -0 -0 -0 -0 -0 -0 -0.00837195 -0.0107385 -0 -0.02967 -0 -0 -0 -0 -0 -0 -0 -0.00517314 -0.00339312 -0 0.000475036 -0 -0 -0 -0 0.00229403 -0 -0.0019586 -0 -0 -0 -0 -0 -0
-0 0.00898792 -0 0.0304796 -0.12391 -0.012449 -0 -0.0553446 -0.125438 -0.0694411 -0.00873372 -0 -0.00385328 -0.154051 -0.0233593 -0.0859646 -0 0.00815761 -0 0.00413649 -0 0 -0.0384622 -0.0110012 0.0400126 0.0445975 -0 -0.0106224 -0.0454518 -0 0.00223902 -0.00613992 -0.0230819 -0 -0 -0.0455006 -0 -0 -0.162925 -0.0158886 -0.113732 -0 -0.0134787 0.0653629 -0 -0.0374899 -0.045352 0.0729966 -0.0209387 0.00458559 -0 0.0615895 0.0101495 0.00326525 -0.0295985 -0 -0 0.038498 0.0451987 -0.0232614 0.000258175 0.0338544 -0 -0 -0 -0.00644913 0.0609502 -0 0.0107047 -0.0118882 -0 -0 -0.0110125 0.000636141 -0.000663942 -0 0.0605678 0.0504178
-0 -0 -0.0158054 -0.0386963 -0 0.0632424 0.00179938 0.0139305 -0.0831909 0.0626577 -0.0471062 -0 -0 -0 0.0277353 -0.241015 -0 0.0150297 0.00863023 -0.130702 -0.000463892 -0.0384622 0 0.000309494 -0.000624915 -0.00544487 0.000594769 -0.0212675 0.0213559 -0.128811 0.0414791 -0 -0.0184768 -0.0813878 -0 0.00871638 -0.000744538 -0 -0.0421501 -0.00530482 -0 0.110242 -0.0700786 -0 -0 0.0422242 0.0172476 0.0630628 -0.0282758 -8.55231e-07 0.0234771 0.052595 -0 0.0271592 -0.0650394 -0 -0.0205593 0.0672794 -0 -0 -0 0.0715804 -0.000482292 -0.0179149 -0.0191546 -0.0962653 0.0444075 -0 -0.0540364 -0 -0 -0 -0 0.0195991 -0.0706937 -0.00664464 0.0164533 0.0717919
-0.00793844 0.0175348 -0 -0.00177237 -0.0505004 -0.0207629 0.0175453 -0.00132745 -0 -0.0127562 -0.0115886 -0.0384704 -0.00946639 -0.00249188 -0 -0.129033 -0.0444064 -0.0137799 0.066076 0.112339 -0 -0.0110012 0.000309494 0 0.0266941 -0.240421 0.0270071 -0.0039055 0.137253 0.0799179 -0.00645554 0.0379316 -0 -0.00501698 -0 0.269045 0.0226176 0.097638 -0.000812951 0.0572211 -0.0283587 0.0416533 -0.0408088 -0.0113961 -0.0256134 0.0428129 0.0102548 -0.0076857 0.0463696 -0 0.0259503 0.000743323 0.0196983 -0.00704839 0.0312454 -0 -0 -0.0293562 0.0191945 -0.00253346 -0 -0.00675548 0.025614 -0.0242146 -0.0374687 0.00646851 0.0831081 -0.0223909 -0.011217 -0.00117827 0.026935 -0.0479923 0.0249678 0.0124646 -0 -0.059876 -0.0070839 0.059334
-0 -0 -0 -0.000561779 0.000121346 -0.00929179 -0 -0 0.0204764 -0.0461596 -0 -0.0407789 -0 -0 -0.00493002 -0 -0.0482411 -0 -0.000979901 0.0833966 0.00649213 0.0400126 -0.000624915 0.0266941 0 -0.087841 0.0294429 -0.00433749 -0 -0.000860919 -0 -0 -0 -0 -0 0.068336 -0.00249903 0.00198936 0.00376244 -0 -0 -0 -0 -0.0307183 0.00281034 0.00119278 -0.00420186 -0 0.0187111 -0 -0 -0 -0.0490889 -0.0467129 0.0237815 -0 -0 -0 -0 -0 -0.0154609 -0 -0.067433 -0 -0.0125815 -0 -0.0309106 -0 -0 -0 -0 -0.00109338 0.0251508 -0.00662715 -0.000562676 -0.0471491 -0 -0.00532301
-0.0139706 -0.0065393 -0.0218372 0.0144692 0.088228 0.0168131 0.00896982 -0.0264195 0.00270565 -0.0841649 -0.0120991 0.116784 -0.00422722 0.0537893 -0 0.0286982 -0.0183984 -0 0.0327349 -0.0766523 -0.00987094 0.0445975 -0.00544487 -0.240421 -0.087841 0 -0 -0 -0.00065651 0.118805 -0 0.0285477 -0.0836283 -0.0840814 -0.00768824 -0.283072 0.0549635 -0.0490436 -0.0407548 -0.010419 0.0396106 0.165139 0.0327317 -0.0122874 -0.0429963 -0 0.021875 -0 -0.037262 0.00630018 0.0249348 -0 0.0739788 0.0271571 -0.134175 -0 -0.00767487 -0 0.05017 -0.00580231 0.0337689 -0.00312781 0.0276482 0.0488499 0.0284871 0.0363591 -0 -0.0469494 0.02202 -0.0267788 0.0126017 0.103959 0.0119295 0.017659 0.0221505 0.0998864 -0.00543173 -0.0295002
-0.00162389 -0.000394912 -0 -0 -0.0359969 -0.0119996 -0.00606675 -0.0166933 0.126042 -0.00995577 -0 0.0145499 -0.00864303 -0.0389801 -0.0209047 0.0114988 -0.0152356 -0.0531776 0.0291657 0.0526462 0.0116703 -0 0.000594769 0.0270071 0.0294429 -0 0 -0 0.0152479 -0.00849881 -0.0416911 0.0388349 -0.00153161 -0.0387035 -0 0.0197428 0.0146683 -0.0889053 -0.0254109 0.00862036 -0.0131205 -0.00815682 -0.00234381 -0.0264909 -0.0282033 0.0125825 0.030831 -0 0.006404 -0.0710518 0.0151029 0.0703921 0.0228031 0.0119873 -0.0125808 -0 -0 -0 0.0479218 -0 -0 -0.0149062 0.0645178 -0.000172192 -0 0.00803263 0.0391735 -0.0137878 -0 0.00249789 0.00106129 -0 0.057799 0.0189266 0.000924373 0.0370029 -0.033231 0.0405709
-0 -0 -0 -0 -0 -0 0.0336694 -0.0579665 -0.00449255 0.0197921 -0 -0 -0 -0 -0 -0 -0.00352256 -0 -0 -0.005955 -0 -0.0106224 -0.0212675 -0.0039055 -0.00433749 -0 -0 0 -0 0.00673476 -0 0.00282063 -0 -0 -0 -0.00358559 -0 -0.0280105 -0 -0.0192192 -0 -0 -0 -0 -0 -0 0.000323244 -0 -0 -0 -0.0135458 -0 -0 -0.00213704 -0 -0 -0 -0 0.000157947 -0 0.00829625 -0 -0 -0 0.055976 -0 -0 -0 0.00722483 -0.0140719 -0 -0.0114224 -0 -0 -0 0.0134456 -0 -0
-0.0109012 -0.0107572 -0 -0.114861 -0.00236923 -0.021366 0.0172062 0.0184953 0.0539994 -0 -0.0538039 0.143793 0.0573765 0.00512808 -0.000421076 -0.00548244 -0.0387524 -0.025026 0.00453796 0.0644904 -0.000114242 -0.0454518 0.0213559 0.137253 -0 -0.00065651 0.0152479 -0 0 0.0294218 -0 0.0770724 0.0052177 -0.0356311 -0.0106164 0.079284 0.0685828 -0 0.0482729 0.134992 0.0178684 0.147635 -0.124516 -0.0130564 -0.0189379 -0.0113947 0.0920851 0.0303337 0.0180751 0.11461 0.0510427 -0.0100258 -0.0281234 0.0659871 -0.00411 -0 -0.0617051 -0.0232894 0.0347758 -0.00266581 -0.0683248 -0 0.0733661 -0.0503525 -0.00822885 0.0764391 0.0149857 0.046545 -0.144373 -0 0.06009 -0 -0.0285526 -0.00723689 -0 0.0350572 -0.0134051 0.00122423
-0.00572669 -0.00540775 -0 -0.00327846 0.00833585 -0.00872545 0.0162382 -0.021342 -0 -0.0153887 -0 0.18782 -0.0056843 0.00670952 -0.0141782 -0.0224281 -0.0613589 -0.00316761 0.0246772 0.0169759 -0 -0 -0.128811 0.0799179 -0.000860919 0.118805 -0.00849881 0.00673476 0.0294218 0 -0.0689431 0.118537 -0.00376918 -0.0735468 -0.0132323 -0.0425661 0.0279485 0.0252539 0.00119768 0.0215175 0.00631873 0.0232595 -0 -0.00557131 -0.0131371 0.00395638 -0.124631 -0 -0.0239566 0.0449239 0.0181556 -0 0.0175056 0.0208931 -8.12301e-06 -0 -0 -0.0351783 0.0666329 -0 0.00578128 -0.00267052 0.0276455 -0 0.0404886 0.00559638 -0.0129257 -0.0280063 -0 -0 -0.0414216 0.0156115 0.00636227 0.0114187 0.00443606 0.0306308 -0.0145057 -0.0258015
0.00274178 0.00227588 -0 -0.0151832 -0 0.000982713 3.15006e-06 -0 -0.0735427 -0 -0.0233003 -0 0.104568 -0 -0 -0.0393926 -0 0.00868099 -0 -0.0258655 -0 0.00223902 0.0414791 -0.00645554 -0 -0 -0.0416911 -0 -0 -0.0689431 0 -0 -0 -0 -0 -0 -0 -0 -0 -0.00271201 -0 -0 -0 0.00357761 -0 -0.00115212 -0 0.0112348 -0 0.0313915 -0 0.0170062 -0.0341345 -0 -0.0695789 -0 -0 -0 -0 -0 -0 0.000850106 -0.0114427 -0.0398417 -0 -0 -0.00083234 -0 -0 -0.0283512 -0 -0 -0.0529438 -0 -0 -0 -0 -0
-0.00578207 -0.0125616 -0 -0.0282006 0.0262367 -0.0429217 0.0210305 -0.0205303 0.0226488 0.0487123 -0.00360834 0.141698 0.00547993 0.0124276 -0.0383383 -0.0271782 -0.0223038 -0.00543554 0.0268054 0.0499497 -0 -0.00613992 -0 0.0379316 -0 0.0285477 0.0388349 0.00282063 0.0770724 0.118537 -0 0 -0 -0.033281 -0.00851159 0.0304622 0.084804 -0 0.0352045 0.0392837 0.0207029 0.010423 -0.000696118 -0.0582307 -0.00849669 0.0108476 0.0394199 -0.0129305 -0.013766 0.0992554 0.0302265 -0 -0.0162349 0.0279765 0.0209484 -0.0149367 -0.00715476 -0.0108838 0.0517277 -0 -0 -0 0.0321073 -0.00402989 -0.00166917 0.0573155 -0 -0.00982229 -0 -0.0275697 0.0327145 -0 0.0181821 -0.00101121 0.00145666 0.0358428 -0.0108718 -0
0.000120262 -0 -0 -0 0.00202364 -0 -0 -0 -0 0.0288809 0.0374394 0.0196294 -0.0125103 -0 -0.00212859 -0 -0 -0 -0.00496097 -0 -0 -0.0230819 -0.0184768 -0 -0 -0.0836283 -0.00153161 -0 0.0052177 -0.00376918 -0 -0 0 0.00521012 -0 -0 -0 -0 0.0039048 -0.00137507 -0 -0.0786537 -0.00389625 -0.00697574 -0 -0 -0.00227514 -0 -0 -0 -0.00387934 -0.030457 -0.0438557 -0.000637098 0.0870997 -0 -0 -0.0137325 -0 0.00167718 0.0560673 -0 -0.00413768 -0 -0 -0.00292676 -0.00442681 0.00179499 0.043584 -0 -0.00297035 -0.0334066 -0 -0 -0 -0.00546943 -0 -0.00347362
0.003476 -0.00168314 -0 -0 -0.0188493 -0 -0.0439951 0.0206496 0.0416973 0.0244624 0.00375761 -0.0252783 0.00767511 -0.0395034 -0 -0.0126027 -0.0156008 0.00543303 -0.0509221 -0.0140213 -0 -0 -0.0813878 -0.00501698 -0 -0.0840814 -0.0387035 -0 -0.0356311 -0.0735468 -0 -0.033281 0.00521012 0 0.00034277 -0.00724643 -0.0318764 -0.00230041 0.038929 -0.0173752 0.0160063 -0.0217251 0.0439939 0.104129 -0.0349286 -0.0101517 -0.0618043 -0 -0.0208258 -0 -0.0217727 -0 -0.0335326 -0.016272 0.0367426 -0 0.00235943 0.00203078 -0.0388321 0.00253098 -0.00804356 0.00381165 -0.0315655 -0 -0 -0.0102444 -0.0487841 0.0206876 -0.0028233 -0 -0.0177281 0.00146192 -0.110645 -0.0376105 -0.00606622 -0.0373812 0.00293638 -0.0319443
-0 -0 -0 0.00464791 -0.00201925 -0 -0.000799951 -0 -0 -0 -0 -0.0104309 -0.0180439 -0.002313 -0 0.0022995 -0 -0 -0 -0.00315953 -0 -0 -0 -0 -0 -0.00768824 -0 -0 -0.0106164 -0.0132323 -0 -0.00851159 -0 0.00034277 0 -0 -0.0211031 -0.00700921 -0.0152383 -0.0109364 -0.00104317 -0 -0 -0 -0 -0 -0.0109604 -8.98252e-05 -0.000251138 -0.018279 -0.00347503 -0 -0 -0.0135785 0.000232534 0.0527953 0.0129253 -0 -0.0041091 0.000352402 -0 -0 -0.0390334 -0 -0 -0.014048 -0 0.0010271 -0 0.0050772 -0.00386793 -0 -0 0.0375964 -0 -0.013846 -0 -0
-0.00565108 -0.00935574 -0 -0 0.0389056 -0.0222481 0.0220664 0.002841 -0.00673839 0.00960258 -0.00191608 -0 -0.00631826 0.0519738 -0 -0.0334867 -0.0645874 -0.00921243 0.00800222 0.112372 -0 -0.0455006 0.00871638 0.269045 0.068336 -0.283072 0.0197428 -0.00358559 0.079284 -0.0425661 -0 0.0304622 -0 -0.00724643 -0 0 0.00238348 0.053545 -0.00656044 0.00079364 0.0506767 0.0482262 0.017842 0.00588082 -0.0295455 0.0564412 0.0397092 -0.00418674 0.107814 -0.028063 0.0252399 -0 0.00924976 -0.0218108 -0 -0 -0 -0.0393409 0.0176663 -0.00411473 -0 -0.00862263 0.00533963 -0.0114253 -0.0298758 -0 0.0371867 -0.0270423 -0 -0.00116454 0.0323639 -0.0871133 0.0197207 0.00892712 -0 -0 -0.00444336 0.0381637
-0.00687553 -0.00490892 -0 -0 0.0204372 -0.006415 0.0699519 -0.0113212 -0.0135489 -0.0186658 0.0776948 0.0988466 -0 -0.0576919 -0 -0.0591088 -0.0227595 -0.00824949 0.038306 0.0076387 -0 -0 -0.000744538 0.0226176 -0.00249903 0.0549635 0.0146683 -0 0.0685828 0.0279485 -0 0.084804 -0 -0.0318764 -0.0211031 0.00238348 0 0.0238319 -0.0409812 0.0218428 -0.0101949 -0.0866493 -0 -0.0552073 0.00264533 0.00941655 0.095696 -0.00270333 -0.0102523 0.048252 0.00249417 0.00312367 0.00508378 0.0218629 -0.0219589 -0.00359113 -0.00495245 -0.00132225 0.0519726 -0.00126669 0.000834181 -0.00183756 0.0405589 -0.000984006 0.0284952 0.035506 -0.0150628 -0.00779504 0.00365297 -0.0608251 0.0255708 -0.0031256 0.0506983 0.010496 0.0492671 0.0607889 -0.00555814 -0.0178179
-0 -0.00585832 -0 -0 -0 -0 -0 -0 -0.0177305 -0.0117928 -0 -0.0436507 -0 0.00374805 -0 0.0173892 -0.0234082 -0 0.00290337 0.0118004 -0 -0 -0 0.097638 0.00198936 -0.0490436 -0.0889053 -0.0280105 -0 0.0252539 -0 -0 -0 -0.00230041 -0.00700921 0.053545 0.0238319 0 -0.071495 0.0202825 -0 -0 -0 0.0373425 -0.00417656 0.0310176 -0 -0 0.00877078 -0.0168984 0.000846408 0.000594272 0.00241987 -0.0416817 -0 -0 -0 -0 -0 -0.00103027 0.0116829 -0 0.00213373 -0 -0 -0 0.00716962 -9.55564e-06 -0 -0 -0 -0.0266225 0.001418 -0 -0 -0.0092603 -0 0.00772635
0.00259054 0.00357637 -0.00359809 -0.0840515 0.0218587 -0.0246528 -0.0326759 0.049269 0.108237 -0.00658271 -0 -0.0166989 0.0377917 0.0464078 -0 0.0409854 0.0495532 -0 -0.0585414 0.0363178 -0 -0.162925 -0.0421501 -0.000812951 0.00376244 -0.0407548 -0.0254109 -0 0.0482729 0.00119768 -0 0.0352045 0.0039048 0.038929 -0.0152383 -0.00656044 -0.0409812 -0.071495 0 0.0594406 -0 -0.01021 0.002185 -0.021056 0.0698166 -0.0121933 -0.0340715 0.0119853 -0.0286205 0.099744 -0.0113523 -0.0872051 -0.0383578 -0.00174059 0.0308682 -0.0118586 -0 -0.0173316 -0.0823933 0.00563127 -0.0694525 0.00309579 0.00790674 -0 -0.0865056 0.0775005 -0.138722 0.0225573 -0.0644588 -0 0.039045 0.0153245 -0.0113028 -0.0703069 -0.0285166 -0.022669 -0.0265628 -0.164719
-0.00587739 -0.00805486 -0 -0.00968306 0.0196166 -0.0193851 0.0042844 -0.0119644 -0 -0.0427552 -0.00727069 0.0385773 -0.0152895 -0.00410604 -0 -0.0304514 0.0189341 -0.00797847 0.0157724 0.0211573 -0 -0.0158886 -0.00530482 0.0572211 -0 -0.010419 0.00862036 -0.0192192 0.134992 0.0215175 -0.00271201 0.0392837 -0.00137507 -0.0173752 -0.0109364 0.00079364 0.0218428 0.0202825 0.0594406 0 0.0122664 0.054011 0.00531997 -0 -0.00918953 0.00514284 -0.0858483 0.0358568 -0.0270414 0.137206 0.0407375 0.0118924 0.0017093 0.0119174 -0.0147429 -0 -0.059564 3.44697e-06 -0.000879684 -0 -0.0335453 0.060554 0.0436278 -0.00208581 -0.0487365 0.0295392 0.00639898 -0.00551706 -0 0.108652 0.0172522 -0 0.00816838 0.00710372 -0 0.0371736 -0.0118322 -0.0338581
-0.00717671 -0.0158611 -0 -0 0.259777 -0.00572452 0.00507025 -0.0120864 -0 -0.0191408 -0 -0.00570855 -0.00168638 0.156027 -0 0.0114969 -0.00553965 -0.00352232 -0 0.0369698 -0 -0.113732 -0 -0.0283587 -0 0.0396106 -0.0131205 -0 0.0178684 0.00631873 -0 0.0207029 -0 0.0160063 -0.00104317 0.0506767 -0.0101949 -0 -0 0.0122664 0 0.0269054 0.0873448 0.00488066 -0.00932194 0.00995282 0.019784 0.0292469 0.0498659 -0 0.02273 -0.0397041 -0.0422115 -0.00837627 -0.0134674 -0.00462648 -0.0032188 -0.0282545 0.0132534 -0.00398605 0.00154135 -0.00904089 -0.0079071 -0.000773071 -0.0357517 0.000996684 -0 -0.01546 0.00256495 -0 0.0128986 -0.0127823 0.023804 -0.00380893 0.00354649 -0.0103512 -0.00685523 -0.011709
-0.027658 -0.0124549 -0.0194707 -0.0261532 0.0196751 -0.00362317 -0.0224585 -0.0178562 0.0854995 -0.0160458 -0.0867828 0.0516587 -0 0.0483579 0.0349547 0.121617 -0.0254423 -0.00719419 0.0215194 0.0105364 -0 -0 0.110242 0.0416533 -0 0.165139 -0.00815682 -0 0.147635 0.0232595 -0 0.010423 -0.0786537 -0.0217251 -0 0.0482262 -0.0866493 -0 -0.01021 0.054011 0.0269054 0 -0.0106666 -0 -0.0745957 0.0137566 0.00148952 -0 -0.0424541 -0.133123 0.0268266 -0 0.0430764 0.0179428 -0.0259153 -0 -0.00285537 -0 -0.0077195 -0.036105 0.0198051 -0.00106023 0.0246672 -0.00349376 -0 0.0110152 0.0394217 -0.0100764 -0.0702086 0.00177276 0.0178837 0.0602541 -0.0399726 0.00872221 -0 -0.0523548 -0.00599476 0.0193657
-0.00698103 -0.013721 -0 0.0316841 0.157846 -0.00283159 0.00536568 -0.018451 -0.0118252 -0.045535 -0 -0.0658027 -0.00900219 0.0983428 -0 -0.102385 0.0191144 -0.00395329 0.00849989 0.00922076 -0 -0.0134787 -0.0700786 -0.0408088 -0 0.0327317 -0.00234381 -0 -0.124516 -0 -0 -0.000696118 -0.00389625 0.0439939 -0 0.017842 -0 -0 0.002185 0.00531997 0.0873448 -0.0106666 0 0.0798604 -0.0172264 0.0376505 -1.77505e-05 -0 0.0763071 0.0308846 0.00872148 -0 0.0441145 -0.0243715 -0.0560088 -0 -0 -0 0.00881369 -0.051514 0.0474152 -0 0.0134347 -0 -0.00229258 0.00104552 -0.00130753 -0.0624932 0.096758 0.0417862 0.0553985 -0.00761757 -0.024336 0.00663474 0.0143088 0.00889106 -0.000969386 0.0168986
-0 -0.00677382 -0.000261943 0.000165424 0.00565222 -0 -0.0126882 -0.006347 -0.0363068 -0 -0.00290202 -0.0222126 -0 0.0229802 -0 -0.0638774 -0.170671 -0 -0.0884779 -0.0344709 -0 0.0653629 -0 -0.0113961 -0.0307183 -0.0122874 -0.0264909 -0 -0.0130564 -0.00557131 0.00357761 -0.0582307 -0.00697574 0.104129 -0 0.00588082 -0.0552073 0.0373425 -0.021056 -0 0.00488066 -0 0.0798604 0 -0.065114 0.0247258 -0.0973258 0.0706986 0.0247926 0.0179036 0.0793819 0.0801131 -0 0.0123933 -0.020482 -0 -0 0.0163618 -0 -0.0257908 0.0235178 0.0101653 -0 -0 -0.0214013 -0.0175087 0.0662433 -0 -0 -0.00655559 0.0264814 -0.00496209 -0.0830626 -0 -0 -0.0144376 -0 0.0485279
0.00704376 0.0123891 -0 -0 -0.0279669 0.00541573 -0.0111144 0.0412457 0.00898452 -0.0396527 -0 -0.026414 0.00748135 -0.0651573 -0.0190739 0.00737358 0.0217528 0.00028271 -0.0145022 -0.0171534 -0 -0 -0 -0.0256134 0.00281034 -0.0429963 -0.0282033 -0 -0.0189379 -0.0131371 -0 -0.00849669 -0 -0.0349286 -0 -0.0295455 0.00264533 -0.00417656 0.0698166 -0.00918953 -0.00932194 -0.0745957 -0.0172264 -0.065114 0 -0.0170811 -0.00219263 -0.00190372 -0.0211555 0.0252804 -0.0221519 -0.00074159 -0.0159769 -0.0149546 0.0117472 -0 -0 -0 -0.020342 0.00580165 -0.0107628 0.00232408 -0.0345878 -0 -0 0.00691353 -0.0189431 0.00902844 -0.0168905 -0.00672055 -0.0158373 0.00264751 -0.0100079 -0.0379314 -0.00501891 -0.0141541 0.00178607 -0.0271232
-0.00751584 -0.00016292 -0 0.00120086 0.0432643 -0.00635888 0.00969596 0.00734623 -0 -0.0441298 -0 -0.0275646 -0.0211814 0.0393051 -0 -0.0503545 -0.0569781 -0.00405713 -0.0281715 -0.016131 -0 -0.0374899 0.0422242 0.0428129 0.00119278 -0 0.0125825 -0 -0.0113947 0.00395638 -0.00115212 0.0108476 -0 -0.0101517 -0 0.0564412 0.00941655 0.0310176 -0.0121933 0.00514284 0.00995282 0.0137566 0.0376505 0.0247258 -0.0170811 0 0.0122175 -0 0.167533 -0.0507991 0.00541616 0.00319738 0.0121773 -0.0234192 -0.0234963 -0 -0 -0 0.00805928 -0.0177015 0.0100937 -0.00159487 0.0161997 -0 -0.00928554 0.000843687 0.0228485 -0.00281733 0.00110352 0.00916378 0.0196323 -0.0232068 0.0174814 0.00704189 0.0011715 -0.0372263 -0.00081983 0.0433905
-0.00492148 -0.00952187 0.0423407 -0 0.0408924 -0.00509416 0.034873 -0.00940862 -0.0743103 0.00983042 -0 0.0536876 -0.00144182 0.0367631 -0 0.0493039 0.00226106 -0.0320955 0.0358131 0.018548 -0 -0.045352 0.0172476 0.0102548 -0.00420186 0.021875 0.030831 0.000323244 0.0920851 -0.124631 -0 0.0394199 -0.00227514 -0.0618043 -0.0109604 0.0397092 0.095696 -0 -0.0340715 -0.0858483 0.019784 0.00148952 -1.77505e-05 -0.0973258 -0.00219263 0.0122175 0 -0 0.037412 -0 0.0205834 -0 0.0182173 0.00611374 -0.0191565 -0 -0.00611954 -0.0184167 0.0332821 -0.000869276 -0 -0.0377449 0.0592733 -0 -0 0.0214691 0.000910132 -0.01901 -0 -0.120791 0.0287446 -0.00218775 0.0575565 0.0026765 0.0103056 0.10856 -0.0142037 0.0164843
-0 -0 -0.0133632 -0.0179161 0.0699402 -0 -0.0378052 -0.0320135 -0.00107959 -0 -0.045851 -0.0248994 0.0133809 0.010351 -0 -0.114334 0.00513867 0.0193488 -0.0976782 -0 -0 0.0729966 0.0630628 -0.0076857 -0 -0 -0 -0 0.0303337 -0 0.0112348 -0.0129305 -0 -0 -8.98252e-05 -0.00418674 -0.00270333 -0 0.0119853 0.0358568 0.0292469 -0 -0 0.0706986 -0.00190372 -0 -0 0 -0 0.165029 0.0615696 0.00345324 -0.0558558 0.0491585 -0.00518655 -0 -0.0258837 -0 0.00869979 -9.47327e-05 -0 0.0228129 -0.00395017 -0 -0.0691474 -0 -0 -0 -0.0474377 -0.0417699 0.00614657 -0.0782664 -0.0305505 -0 -0 0.00783386 -0 -0
-0.00941007 -0.0122593 -0 0.00151346 0.103018 -0.0225919 0.0311583 -0.0326997 -0.0239115 -0.0345228 -0 -0.0227773 -0.0121967 0.126658 -0.00495661 -0.0878094 -0.0476379 -0.0102003 0.0103533 0.029476 -0 -0.0209387 -0.0282758 0.0463696 0.0187111 -0.037262 0.006404 -0 0.0180751 -0.0239566 -0 -0.013766 -0 -0.0208258 -0.000251138 0.107814 -0.0102523 0.00877078 -0.0286205 -0.0270414 0.0498659 -0.0424541 0.0763071 0.0247926 -0.0211555 0.167533 0.037412 -0 0 -0.0270178 0.00786277 -0 0.0192878 -0.00780035 -0.0373599 -0 -0 -0.000272975 0.0315885 -0.00750702 0.014672 -0.0203782 0.017508 -0 -0.00436035 -0 0.0283724 -0.0252731 0.0195535 0.0213031 0.0351703 -0.042766 0.0288458 0.0239965 0.0103637 -0.0172476 -0.00689534 0.0555557
-0 -0 -0 -0.0409264 -0.0156292 -0 -0 -0 -0 0.0536529 -0.0374223 0.105696 0.00455498 -0.0671828 -0.0189454 -0.221686 -0.0027638 0.00823162 -0.0174422 -0 -0 0.00458559 -8.55231e-07 -0 -0 0.00630018 -0.0710518 -0 0.11461 0.0449239 0.0313915 0.0992554 -0 -0 -0.018279 -0.028063 0.048252 -0.0168984 0.099744 0.137206 -0 -0.133123 0.0308846 0.0179036 0.0252804 -0.0507991 -0 0.165029 -0.0270178 0 0.0111153 0.0206417 -0.0959911 0.0768181 -0 -0.0177054 -0.0288583 -0.0151409 0.0417181 -0 -0.00278323 0.0785027 -0.0042889 -0 -0.091879 0.0586835 -0.174909 -0 -0.0200076 -0.054223 0.00416031 -0 -0.0794965 -0.0198516 -0.00382021 0.0467044 -0.00292879 -0.148143
-0.00566988 -0.0162453 -0.0343535 -0.00566429 0.0445116 -0.00349238 -0.0180822 -0.0203182 -0.0163114 -0.0213359 -0.0285538 0.00638403 -7.86528e-05 0.0449169 -0 -0.0358557 0.000480706 0.00995906 0.0136723 0.054843 -0.00837195 -0 0.0234771 0.0259503 -0 0.0249348 0.0151029 -0.0135458 0.0510427 0.0181556 -0 0.0302265 -0.00387934 -0.0217727 -0.00347503 0.0252399 0.00249417 0.000846408 -0.0113523 0.0407375 0.02273 0.0268266 0.00872148 0.0793819 -0.0221519 0.00541616 0.0205834 0.0615696 0.00786277 0.0111153 0 0.00704608 0.0173381 0.151029 -0.0205448 -0 -0.00620922 -0.000357797 0.0214947 -0.0152367 -0 -0 0.0601342 -0 -0.102475 0.0110098 0.0240116 -0.0167742 -0 0.00107495 0.02375 -0 0.0169489 0.00950187 0.000149009 0.0261566 -0 0.0192755
-0 -0 -0 -0 -0.0575961 -0 -0 -0.0536113 -0.0666781 -0.00409173 -0.0250422 0.0096955 -0 -0.0279181 -0 -0.100198 -0.0277041 -0 -0 -0.0435722 -0.0107385 0.0615895 0.052595 0.000743323 -0 -0 0.0703921 -0 -0.0100258 -0 0.0170062 -0 -0.030457 -0 -0 -0 0.00312367 0.000594272 -0.0872051 0.0118924 -0.0397041 -0 -0 0.0801131 -0.00074159 0.00319738 -0 0.00345324 -0 0.0206417 0.00704608 0 -0 0.017703 -0.0120662 -0 -0.00172327 0.0440885 0.00708536 -0 0.0161049 0.0758395 -0.0048869 -0.00137461 -0 -0 0.0332166 -0.00216529 -0 -0 0.00167814 -0 -0.0485692 0.00710925 -0 0.00512238 -0 0.0303063
-0.00572058 -0.00477981 -0.00944706 0.0497912 -0.0304194 -0 0.00295211 -0.0190905 -0.0250501 -0.0540383 -0.0247135 0.0267673 -0.0464523 0.0187174 -0 0.0431184 -0.0175319 -0.00834004 0.0244741 0.00557671 -0 0.0101495 -0 0.0196983 -0.0490889 0.0739788 0.0228031 -0 -0.0281234 0.0175056 -0.0341345 -0.0162349 -0.0438557 -0.0335326 -0 0.00924976 0.00508378 0.00241987 -0.0383578 0.0017093 -0.0422115 0.0430764 0.0441145 -0 -0.0159769 0.0121773 0.0182173 -0.0558558 0.0192878 -0.0959911 0.0173381 -0 0 0.0280398 -0.0325354 0.0080577 -0 -0.00736906 0.00939504 -0.0050349 0.0208382 -0.00488804 0.0629355 -0 0.0271927 0.0110894 0.0453142 -0.0561078 0.00343957 0.0123162 0.00677295 -0 0.0139123 0.0401916 0.00579974 0.0222611 -0 0.0284607
-0.00484017 -0 -0.0229461 -0.0316893 -0.0338394 -0 -0.0306582 -0.0121973 -0.00829676 -0 -0.0284243 0.0248724 -0 -0.0453711 -0 -0.128042 -0.0125856 -0 0.00617603 0.000906421 -0.02967 0.00326525 0.0271592 -0.00704839 -0.0467129 0.0271571 0.0119873 -0.00213704 0.0659871 0.0208931 -0 0.0279765 -0.000637098 -0.016272 -0.0135785 -0.0218108 0.0218629 -0.0416817 -0.00174059 0.0119174 -0.00837627 0.0179428 -0.0243715 0.0123933 -0.0149546 -0.0234192 0.00611374 0.0491585 -0.00780035 0.0768181 0.151029 0.017703 0.0280398 0 -0.0220785 -0 -0.0143661 -0 0.00296009 -0.0192692 -0 0.0187348 0.0613487 -0 -0.108299 0.05617 0.0281501 -0.011593 -0.0132704 0.0196185 0.0188634 0.10159 -0 0.00961317 -0 0.0226151 -0 0.0430904
0.00150632 -0 0.00160358 -0.000871786 -0.0265755 -0 -0.0163925 0.0234625 0.0319636 0.0777799 0.0514609 -0.0441342 -0 -0.0187366 -0.0557372 0.0573626 0.0212591 -0 -0.0331137 0.083834 -0 -0.0295985 -0.0650394 0.0312454 0.0237815 -0.134175 -0.0125808 -0 -0.00411 -8.12301e-06 -0.0695789 0.0209484 0.0870997 0.0367426 0.000232534 -0 -0.0219589 -0 0.0308682 -0.0147429 -0.0134674 -0.0259153 -0.0560088 -0.020482 0.0117472 -0.0234963 -0.0191565 -0.00518655 -0.0373599 -0 -0.0205448 -0.0120662 -0.0325354 -0.0220785 0 -0 0.00469346 -0.00557862 -0.00435198 0.00584675 -0.00992306 -0 -0.0155727 -0 -0 -0.0314338 -0.0115945 0.0176302 -0.0144681 -0 -0.0147753 -0 0.0159608 -0.0193111 -0.00416926 -0.026435 0.0012124 -0.0181093
-0 -0 -0 0.00728583 -0 -0 -0 -0 -0 -0.00424033 -0 -0 -0 -0 -0 -0 -0 -0 -0 -0 -0 -0 -0 -0 -0 -0 -0 -0 -0 -0 -0 -0.0149367 -0 -0 0.0527953 -0 -0.00359113 -0 -0.0118586 -0 -0.00462648 -0 -0 -0 -0 -0 -0 -0 -0 -0.0177054 -0 -0 0.0080577 -0 -0 0 0.00541911 -0 -0 -0 -0 -0 -0 -0 -0 -0 0.000777746 -0 -0 0.00116678 -0 -0 -0 0.0558789 -0 -0 0.00141965 -0
-0 -0 -0 0.0516182 -0.011874 -0 -0 -0 -0 -0 0.00282487 -0.0064552 -0.0487666 -0.00351776 -0 0.0157066 -0 -0 -0 -0 -0 -0 -0.0205593 -0 -0 -0.00767487 -0 -0 -0.0617051 -0 -0 -0.00715476 -0 0.00235943 0.0129253 -0 -0.00495245 -0 -0 -0.059564 -0.0032188 -0.00285537 -0 -0 -0 -0 -0.00611954 -0.0258837 -0 -0.0288583 -0.00620922 -0.00172327 -0 -0.0143661 0.00469346 0.00541911 0 -0.0368657 -0 -0 0.0601256 -0.0294999 -0.0061012 -0 0.00392507 -0.00717412 -0.000698511 -0 0.0107595 -0 -0.00466589 -0 -0 -0 -0 -0.0130661 -0 4.12139e-06
-0 -0 -0 -0 -0.0123408 -0 -0.00151633 -0 -0 -0 -0 -0.0303171 -0 -0.0267373 0.0374495 -0.0579353 0.00891201 -0 -0.00166572 -0.0224843 -0 0.038498 0.0672794 -0.0293562 -0 -0 -0 -0 -0.0232894 -0.0351783 -0 -0.0108838 -0.0137325 0.00203078 -0 -0.0393409 -0.00132225 -0 -0.0173316 3.44697e-06 -0.0282545 -0 -0 0.0163618 -0 -0 -0.0184167 -0 -0.000272975 -0.0151409 -0.000357797 0.0440885 -0.00736906 -0 -0.00557862 -0 -0.0368657 0 -0.039771 -0 -0 0.0583543 -0 -0 0.0152081 -0.00232436 0.063865 -0 -0 0.0153226 0.0725758 -0 -0.00380584 -0 -0 -0.0077633 -0 0.0479926
-0.0046716 -0.009668 0.00613757 0.00704282 -0.00505544 -0.0114976 0.0298857 -0.029041 0.0054017 -0.026073 0.062034 0.10763 -0.0154999 -0.00173817 -0.0138762 -0.0278535 -0.0253753 -0.0132098 0.0211011 0.0195116 -0 0.0451987 -0 0.0191945 -0 0.05017 0.0479218 0.000157947 0.0347758 0.0666329 -0 0.0517277 -0 -0.0388321 -0.0041091 0.0176663 0.0519726 -0 -0.0823933 -0.000879684 0.0132534 -0.0077195 0.00881369 -0 -0.020342 0.00805928 0.0332821 0.00869979 0.0315885 0.0417181 0.0214947 0.00708536 0.00939504 0.00296009 -0.00435198 -0 -0 -0.039771 0 -0.00149666 0.00597024 -0.0416249 0.0310505 -0 -0 -0.00125972 0.0156257 -0.0147891 0.0315063 -0.0407002 0.0152667 -0.0204595 0.0168335 0.0153831 0.00540576 0.0459535 -0.000707636 0.00448221
0.000495247 -0 -0 -0 -0.0134632 -0 -0 0.00247695 0.000649631 0.0288113 0.000147872 -0.00139553 -0 -0.00616635 -0 0.00114267 0.00159532 -0 -0.00196973 -0.00192443 -0 -0.0232614 -0 -0.00253346 -0 -0.00580231 -0 -0 -0.00266581 -0 -0 -0 0.00167718 0.00253098 0.000352402 -0.00411473 -0.00126669 -0.00103027 0.00563127 -0 -0.00398605 -0.036105 -0.051514 -0.0257908 0.00580165 -0.0177015 -0.000869276 -9.47327e-05 -0.00750702 -0 -0.0152367 -0 -0.0050349 -0.0192692 0.00584675 -0 -0 -0 -0.00149666 0 -0 -0 -0.00672738 -0 -0 -0 -0.00249783 0.00225499 -0 -0 -0.00688171 -0 -0 -0 -0 -0.00385318 -0 -0.00540994
