0.876416 -0.0529238 0 0.0026201 0.0102018 -0.00834981 0.00242674 -0.002767 0.0305686 -0.0101261 0 0.00808638 0 0.0190439 0 -0.00185085 -0.0103275 -0.00461209 0.00545612 0.00333506 0 0 0 0.0061465 0 0.01079 0.00123106 0 0.00867596 0.00447815 -0.00229907 0.00470383 -0.000100192 -0.00294744 0 0.00475596 0.00566678 0 -0.00211426 0.0045102 0.00612269 0.0206343 0.00534673 0 -0.00586091 0.00612837 0.00390547 0 0.00782849 0 0.00490187 0 0.00466286 0.00374441 -0.00128942 0 0 0 0.00385341 -0.000447819 0.00728128 0 0.0153645 0 0 0.000388285 0.00489677 -0.00495786 0 0.0213312 0.0416024 0 0.0067269 0 0.00989277 0.00698454 0 0.00588953
-0.0529238 0.818838 0 0 0.018267 -0.0356566 0.00164803 -0.00426382 0 -0.00625595 0.0192938 0.00981504 0 0.0500371 0 0.00498249 -0.00619147 -0.00167232 0.00207232 0.0202465 0.00985403 -0.00631563 0 -0.0131231 0 0.00488181 0.00028938 0 0.00827532 0.00408748 -0.00184465 0.00987775 0 0.00137952 0 0.00761079 0.00391076 0.00438311 -0.00282133 0.00597465 0.0130796 0.00898161 0.0101578 0.00513238 -0.00996427 0.000128406 0.00730371 0 0.00985817 0 0.0135756 0 0.00376588 0 0 0 0 0 0.00770833 0 0.00354811 -0.000602324 0.00684799 0 0 0 0.00714781 -0.00475374 0.00090386 0.0212581 0.0585199 -0.00159551 0.00561251 0 0.00244671 -0.00556755 0 0.017459
0 0 0.859697 -0.030347 0.00272184 0 -0.0582901 0 0 0 -0.0722756 0 0 0.0317534 0 0 0 0.0361442 0 0 -0.00245172 0 0.0106424 0 0 0.016704 0 0 0 0 0 0 0 0 0 0 0 0 0.00290842 0 0 0.0143869 0 0.00020336 0 0 -0.0332777 0.0103545 0 0 0.0294155 0 0.00762652 0.0175813 -0.00135952 0 0 0 -0.00501411 0 0 0.0206288 0 -0.00380453 -0.0047232 0 0 0 -0.0178959 0 0 0.00187693 0 0 0 0 0 0
0.0026201 0 -0.030347 0.824719 2.95236e-06 0 -0.00457738 0.0241105 0.0104632 0.0688585 -0.0207441 0 0.0566422 3.06782e-06 0.00564514 -0.0194656 0 0.0239061 -0.0155821 0.000453971 0 -0.0214942 0.0255204 0.0013312 0.000426322 -0.0108405 0 0 0.088677 0.00248692 0.0123504 0.0222548 0 0 -0.00404915 0 0 0 0.0665442 0.0072081 0 0.0189275 -0.02354 -0.000125787 0 -0.000949857 0 0.0135969 -0.00122139 0.0311614 0.00475041 0 -0.0393697 0.0237811 0.000723907 -0.00632045 -0.0448669 0 -0.00563539 0 -0.0618632 0.0103626 0 -0.003462 0 0.0242606 -0.0122076 0.0148394 -0.0376133 -0.00118271 0 0.00710778 -0.00767589 -0.00634384 -0.0245447 -0.00671733 0 -0.00429396
0.0102018 0.018267 0.00272184 2.95236e-06 0.714858 0.00637935 -0.00764096 0.00631609 0.0243595 0.0289356 0 0.0153991 -0.0156322 -0.188306 0 0.010952 0.0238198 0.00601434 0.0383561 -0.0316256 0 0.0813531 0 0.0353136 -8.57344e-05 -0.0615414 0.0246458 0 0.00170296 -0.00588707 0 -0.0192767 -0.00152262 0.0144349 0.00163776 -0.0295716 -0.0152127 0 -0.0161119 -0.0135953 -0.200158 -0.0132568 -0.109183 -0.00400143 0.0210165 -0.0318605 -0.0293073 -0.0494174 -0.0774022 0.0110792 -0.0347548 0.0407513 0.0223932 0.0236429 0.0205452 0 0.00960898 0.00910783 0.00376611 0.0109947 -0.0117217 0.0213095 0.0453219 0.000873795 0.0255019 0.0197004 0.0220208 0.0227661 -0.0081649 -0.00343297 -0.0267122 0.0365123 -0.0586339 -0.012553 -0.0221357 -0.0335432 0.0249062 -0.0143898
-0.00834981 -0.0356566 0 0 0.00637935 0.854666 0.000734839 -0.000526504 0.0850045 -0.00256176 0.0109785 0.00860438 0 0.00521178 -0.0527762 -0.0014907 -0.00552488 -0.0265502 0.00134163 0.0588693 0.0209026 0.008937 -0.0424591 0.0158754 0.00717822 -0.0128232 0.00898323 0 0.0167923 0.00673792 -0.000813748 0.0344817 0 0 0 0.0184903 0.0052212 0 0.019869 0.01469 0.00482279 0.00266932 0.00214162 0 -0.00445001 0.00512025 0.00399203 0 0.0185601 0 0.00298162 0 0 0 0 0 0 0 0.00936549 0 0 -0.00983738 0.0156367 0 0 0.00604588 0.00157443 0 0 0.0238468 0.0336454 -0.00120765 0.00184542 0 0 0.00117954 -0.00208387 0.00162725
0.00242674 0.00164803 -0.0582901 -0.00457738 -0.00764096 0.000734839 0.803516 0.0121372 0.0305335 0.00933915 -0.00861211 -0.0494946 0.00175498 0.021419 0 0.0105826 0.0148215 0.00465046 -0.0698243 -0.00351646 -0.0227128 0 -0.00117134 -0.0130075 0 -0.00663334 0.00440375 -0.0271208 -0.013112 -0.0121583 -2.52919e-06 -0.0163817 0 0.03572 0.000687881 -0.017782 -0.0552042 0 0.0255351 -0.00314806 -0.00414179 0.0160433 -0.00393492 0.00952324 0.00885501 -0.00757008 -0.0264978 0.0283199 -0.02482 0 0.0149686 0 -0.00230402 0.0227097 0.0134357 0 0 0.00118646 -0.023604 0 -0.0219785 0.0114415 -0.00621607 0 -0.0484201 -0.00212073 -0.00340644 0.012818 -0.0135892 0 -0.00749847 0.0196492 -0.00944372 -0.0132599 -0.00465082 -0.0487932 0.00178008 0.00141215
-0.002767 -0.00426382 0 0.0241105 0.00631609 -0.000526504 0.0121372 0.785277 -0.0151984 -0.0254298 0 0.0414711 -0.02025 0.00893879 0 -0.0109076 -0.0341089 -0.00682172 0.0131094 0.00820789 0 0.0380843 -0.00896481 0.000972898 0 0.0193147 0.0119791 0.0461592 -0.0139334 0.0157975 0 0.0158095 0 -0.0165742 0 -0.00226326 0.0088324 0 -0.0380625 0.00869075 0.00976046 0.01261 0.0133766 0.00470941 -0.032486 -0.00567007 0.00706741 0.0237076 0.0257505 0 0.0166276 0.0397564 0.0147294 0.00893185 -0.019011 0 0 0 0.022675 -0.00212009 0.0343523 -7.21112e-05 0.0163478 0 0 0.00132987 0.0157143 0.0122541 0.0391182 0 0.0112028 -0.0120985 0.0109325 0.0252109 0.00390569 0.0459632 0 0.0167281
0.0305686 0 0 0.0104632 0.0243595 0.0850045 0.0305335 -0.0151984 0.562089 0 -0.00284961 0.0108736 -0.00487366 0.0163124 0 -0.0381815 -0.0143282 0.03459 0.0131154 -0.039509 0 0.0730282 0.0452942 0 -0.0128285 -0.0016735 -0.0765222 0.00302667 -0.0344174 0 0.0493864 -0.0147558 0 -0.0283152 0 0.00454162 0.008943 0.0109909 -0.070744 0 0 -0.0510834 0.00725312 0.0227917 -0.00598691 0 0.0472252 0.000676403 0.0159309 0 0.0112934 0.0418335 0.0163519 0.00514018 -0.0219118 0 0 0 -0.00356827 -0.00047043 0.0254934 0.0110623 -0.0238239 0 -0.0154802 0 0.00408815 -0.037724 0.0494012 -0.038321 0.00184819 0.0402691 0 0.0241204 0.000544457 0.0436471 0.00755751 0.0128114
-0.0101261 -0.00625595 0 0.0688585 0.0289356 -0.00256176 0.00933915 -0.0254298 0 0.663231 0 0.00689959 0.00220652 0.0225075 0.00192558 -0.00139229 0.01776 -0.0271118 0.0144666 0.0217004 0 0.0439145 -0.0370571 0.00859195 0.0314133 0.0565477 0.00656563 -0.0144842 0 0.0104683 0 -0.0344734 -0.020931 -0.0180444 0 -0.00703029 0.013383 0.00794075 0.00467358 0.0285415 0.0142054 0.0104138 0.0303383 0 0.0287019 0.0313023 -0.00678621 0 0.0249844 -0.0366341 0.0160464 0.00278855 0.038317 0 -0.0579188 0.00329875 0 0 0.0187089 -0.0226632 -0.00694783 -0.00990052 0.0177027 0 0 -0.000479235 0.0166745 -0.0246631 0.0356307 0.0505042 0.0252054 0 0.0205203 0.0098222 0.00862461 0.0136152 0 0.0160259
0 0.0192938 -0.0722756 -0.0207441 0 0.0109785 -0.00861211 0 -0.00284961 0 0.792638 0.00338371 0.004038 0.00168673 0.0212436 -0.0111202 -0.00030104 0.00680492 0 0 -0.0264086 0.00603803 0.0304565 0.00853306 0 0.00888674 0 0 0.0407228 0 0.0185808 0.00279163 -0.0296629 -0.00303011 0 0.00153357 -0.0608983 0 0 0.00530601 0 0.0615723 0 0.00216334 0 0 0 0.0341138 0 0.0279337 0.0234765 0.0186573 0.0191571 0.020912 -0.0418924 0 -0.00240717 0 -0.0486622 -0.00012716 0 0.0241829 0.0124376 -0.0184955 -0.032793 0.0260771 0.00134965 0 -0.0137682 0.00100828 0.00364925 0.011893 -0.0338721 0.00267586 0 0 0.0117525 0.00119918
0.00808638 0.00981504 0 0 0.0153991 0.00860438 -0.0494946 0.0414711 0.0108736 0.00689959 0.00338371 0.730377 0 0.00844464 0.0030661 -0.00189402 0.0282104 0.0189569 -0.0473264 0.0409915 0 0 0 0.0271918 0.0291225 -0.0823394 -0.0100694 0 -0.104471 -0.134077 0 -0.105233 -0.0149289 0.0195673 0.00855159 0 -0.0743722 0.0308443 0.0124415 -0.0270247 0.00444591 -0.0351828 0.0460077 0.0158949 0.0200638 0.0205181 -0.0388929 0.017783 0.0172984 -0.0757341 -0.00503849 -0.00693398 -0.0199175 -0.0175654 0.0344881 0 0.00528025 0.0226165 -0.0810461 0.00115196 -0.00421449 0.000300185 -0.0305158 0 -0.0572528 -0.0631578 0.0223126 0.0210565 -0.0157195 0.0333074 -0.0543602 -0.0250307 0.0385469 -0.0158752 -0.00565027 -0.0738144 0.01355 0.0209378
0 0 0 0.0566422 -0.0156322 0 0.00175498 -0.02025 -0.00487366 0.00220652 0.004038 0 0.736369 0.0036912 -0.0034915 -0.00282393 -0.00289075 -0.00834999 0.0111907 0.0371413 0 0.00256766 0 0.00671846 0 0.00299263 0.00600596 0 -0.041857 0.0040744 -0.0803733 -0.00408635 0.00955352 -0.00596543 0.0148536 0.00487414 0 0 -0.028272 0.0107547 0.00131875 0 0.00631988 0 -0.00570601 0.0158312 0.00104877 -0.0095957 0.0093008 -0.00327714 6.23296e-05 0 0.0347066 0 0 0 0.0400535 0 0.0117193 0 0.0505368 0 0.00215345 0 -0.0105211 0 0.00678368 -0.00997698 0.0184693 0 0 -0.00496636 0.0198127 0.0751239 0.00115203 0.00323137 0 0.0064308
0.0190439 0.0500371 0.0317534 3.06782e-06 -0.188306 0.00521178 0.021419 0.00893879 0.0163124 0.0225075 0.00168673 0.00844464 0.0036912 0.734346 0 -0.0256812 0.00697876 0.0164242 0.0154765 -0.0331004 0.00527278 0.102512 0 0.0017661 0 -0.0380275 0.0270497 0 -0.00373587 -0.00480266 0 -0.00925442 0 0.0306616 0.00190142 -0.0400393 0.0435252 -0.00265562 -0.03467 0.00288422 -0.121846 -0.0330242 -0.0689456 -0.0164889 0.0496271 -0.0293367 -0.0267045 -0.0074127 -0.0964523 0.048269 -0.0355462 0.0200205 -0.0139654 0.032129 0.0146812 0 0.00288528 0.02 0.0013124 0.00510392 -0.0163601 0.0403698 0.0177173 0.0071836 0.0168305 0.00104395 0.0288213 0.018969 -0.00429925 -0.0038038 -0.0233201 0.00708741 -0.0261853 -0.005793 -0.00983297 -0.0163818 0.00825635 -2.29083e-07
0 0 0 0.00564514 0 -0.0527762 0 0 0 0.00192558 0.0212436 0.0030661 -0.0034915 0 0.790116 -0.00257135 0 0 0 0.000481971 0.0128708 0.0161237 -0.0179037 0 0.00366195 0 0.0150473 0 0.000318195 0.010527 0 0.0296136 0.00168378 0 0 0 0 0 0 0 0 -0.0247608 0 0 0.0150692 0 0 0 0.00391526 0.0141192 0 0 0 0 0.0453013 0 0 -0.0290573 0.0108678 0 0 -0.00422138 0 0 0 0 0 -0.00243347 0 0 5.48469e-05 0 0 -0.00844891 0 0 0 0
-0.00185085 0.00498249 0 -0.0194656 0.010952 -0.0014907 0.0105826 -0.0109076 -0.0381815 -0.00139229 -0.0111202 -0.00189402 -0.00282393 -0.0256812 -0.00257135 0.650969 -0.0137939 0.0281262 0.00432624 -0.0089686 0 0.0538591 0.141217 0.0861031 0 -0.0191023 -0.0075128 0 0.00376046 0.0151151 0.0284682 0.0190552 0 0.00920988 -0.00177978 0.0242887 0.0419863 -0.0116003 -0.0288285 0.0201392 -0.00845321 -0.0781964 0.0675819 0.0431533 -0.00528766 0.0353859 -0.0337197 0.0770899 0.0629581 0.149961 0.0267159 0.0676518 -0.03029 0.0853687 -0.0423184 0 -0.0121292 0.0408025 0.0198009 -0.000890486 0.00429856 0.0832189 0.0101106 -0.000656945 -0.00651077 0.00585931 0.0171146 -0.0126575 0.00866416 0.00262668 0.0285923 -0.0194505 0 0.0115259 0 0.00610015 0 0.036645
-0.0103275 -0.00619147 0 0 0.0238198 -0.00552488 0.0148215 -0.0341089 -0.0143282 0.01776 -0.00030104 0.0282104 -0.00289075 0.00697876 0 -0.0137939 0.744877 -0.0032229 0.00270887 0.00963301 0 0 0 0.0316975 0.0347919 0.0131 0.0106481 0.00273193 0.0284333 0.0442343 0 0.0167276 0 0.0121955 0 0.050112 0.0172934 0.016704 -0.0372843 -0.013395 0.00435698 0.017499 -0.0134963 0.123336 -0.0166864 0.0428314 -0.00165416 -0.00370626 0.0365364 0.0019999 -0.000383137 0.020009 0.0131743 0.00897601 -0.0167767 0 0 -0.006714 0.0192965 -0.00132989 0.0326396 -0.00535597 0.0140792 0 0 0.00364088 0.0133933 -0.00779035 0.00347443 0.000340627 0.0142014 -0.004317 0.00934693 0.0129929 0.00685497 0.0112202 -0.00222666 0.0241483
-0.00461209 -0.00167232 0.0361442 0.0239061 0.00601434 -0.0265502 0.00465046 -0.00682172 0.03459 -0.0271118 0.00680492 0.0189569 -0.00834999 0.0164242 0 0.0281262 -0.0032229 0.819513 0.00605951 0.00505434 0 -0.00573456 -0.00988083 0.0103172 0 0 0.038983 0 0.01926 0.00239524 -0.00703902 0.00427596 0 -0.00445482 0 0.00749729 0.00657476 0 0 0.00592042 0.00290581 0.00519007 0.00292786 0 -0.00022747 0.00319896 0.0246289 -0.0146378 0.00820578 -0.00624775 -0.00832585 0 0.00657359 0 0 0 0 0 0.0105366 0 0 -0.00716077 0.0239867 0 0.0209909 0.00100409 0.0139329 -0.00262658 0 0.0243838 0.00539565 -6.97265e-05 0.00473559 0.00194303 0.00196546 0.0057189 -0.00113503 0.00604482
0.00545612 0.00207232 0 -0.0155821 0.0383561 0.00134163 -0.0698243 0.0131094 0.0131154 0.0144666 0 -0.0473264 0.0111907 0.0154765 0 0.00432624 0.00270887 0.00605951 0.765985 -0.00466777 -0.00557186 0 -0.00548525 -0.047829 0.000716657 -0.0236359 -0.0206705 0 -0.00337643 -0.0180404 0 -0.0203866 0.00386389 0.040367 0 -0.00629612 -0.0295156 -0.00210099 0.0446669 -0.0113152 0 -0.0150091 -0.00608607 0.0648382 0.0112811 0.021475 -0.026569 0.0714416 -0.00805229 0.0127989 -0.0110506 0 -0.0186498 -0.0044667 0.0264996 0 0 0.00127255 -0.016272 0.00166511 -0.029224 0.0162534 -0.0180104 0 -0.0144271 -0.00810183 -0.0190869 0.0389274 -0.0415576 0 -0.00505135 0 -0.0103019 -0.0474202 -0.006486 -0.0212954 0.00424519 -0.0113148
0.00333506 0.0202465 0 0.000453971 -0.0316256 0.0588693 -0.00351646 0.00820789 -0.039509 0.0217004 0 0.0409915 0.0371413 -0.0331004 0.000481971 -0.0089686 0.00963301 0.00505434 -0.00466777 0.712909 -3.98206e-05 -0.00271211 0.0801427 -0.0784483 -0.0588416 0.0533941 -0.0359959 0.00451823 -0.0462912 -0.0119727 0.0195615 -0.0366491 0 0.010723 0.00255913 -0.085296 -0.00567821 -0.00823804 -0.026733 -0.0146431 -0.0284463 -0.00708961 -0.00636938 0.02437 0.0128728 0.0118629 -0.013275 0 -0.0221165 0 -0.0427633 0.0307868 -0.0040997 -0.000632433 -0.0647228 0 0 0.0165714 -0.0145156 0.00156944 0 0.0311518 -0.063516 0 0.0237002 -0.00381547 0.0336178 0.0094347 0 -0.00224077 -0.0206927 0.018311 -0.0487087 0.00355218 -0.000947197 0.00047339 0.00501445 -0.00700123
0 0.00985403 -0.00245172 0 0 0.0209026 -0.0227128 0 0 0 -0.0264086 0 0 0.00527278 0.0128708 0 0 0 -0.00557186 -3.98206e-05 0.807495 0 0.000302727 0 -0.00487502 0.00731779 -0.00849219 0 8.72737e-05 0 0 0 0 0 0 0 0 0 0 0 0 0 0 0 0 0 0 0 0 0 0.0069475 0.00807519 0 0.022032 0 0 0 0 0 0 0 0.00418649 0.00266847 0 -0.000366983 0 0 0 0 -0.00175202 0 0.00149582 0 0 0 0 0 0
0 -0.00631563 0 -0.0214942 0.0813531 0.008937 0 0.0380843 0.0730282 0.0439145 0.00603803 0 0.00256766 0.102512 0.0161237 0.0538591 0 -0.00573456 0 -0.00271211 0 0.603 0.0216899 0.00706536 -0.0259642 -0.0285707 0 0.0074123 0.0300052 0 -0.00155733 0.00414319 0.0159506 0 0 0.0317635 0 0 0.110296 0.0101134 0.0804827 0 0.00856288 -0.0424988 0 0.0253563 0.0298523 -0.0473701 0.014449 -0.00298548 0 -0.0400225 -0.00686212 -0.00209528 0.0210159 0 0 -0.0260952 -0.0309249 0.017447 -0.000175758 -0.0236755 0 0 0 0.00435651 -0.0436159 0 -0.00745503 0.00784597 0 0 0.00730382 -0.000447654 0.000463298 0 -0.0423646 -0.0362296
0 0 0.0106424 0.0255204 0 -0.0424591 -0.00117134 -0.00896481 0.0452942 -0.0370571 0.0304565 0 0 0 -0.0179037 0.141217 0 -0.00988083 -0.00548525 0.0801427 0.000302727 0.0216899 0.527386 -0.000185889 0.000379231 0.00326214 -0.000349769 0.0138788 -0.0131847 0.0781372 -0.026981 0 0.011941 0.0535345 0 -0.00569053 0.000476022 0 0.0266855 0.00315784 0 -0.0638006 0.0416354 0 0 -0.0267078 -0.0106173 -0.038272 0.0182478 5.20724e-07 -0.0157449 -0.031963 0 -0.0162985 0.0431878 0 0.0142904 -0.0426491 0 0 0 -0.0468149 0.000306526 0.0119968 0.0119588 0.0608154 -0.0297188 0 0.0351938 0 0 0 0 -0.0128982 0.0461335 0.00421041 -0.0107627 -0.0482459
0.0061465 -0.0131231 0 0.0013312 0.0353136 0.0158754 -0.0130075 0.000972898 0 0.00859195 0.00853306 0.0271918 0.00671846 0.0017661 0 0.0861031 0.0316975 0.0103172 -0.047829 -0.0784483 0 0.00706536 -0.000185889 0.684029 -0.018449 0.164044 -0.0180877 0.00290258 -0.096504 -0.0552104 0.00478229 -0.0272616 0 0.00375828 0 -0.200039 -0.0164687 -0.0667678 0.000586157 -0.0387926 0.021374 -0.0274537 0.0276124 0.00789187 0.0188283 -0.0308407 -0.00718932 0.00531207 -0.0340801 0 -0.0198204 -0.000514462 -0.0141848 0.0048172 -0.0236289 0 0 0.0211934 -0.0139875 0.00202384 0 0.00503175 -0.01854 0.0184672 0.0266413 -0.00465395 -0.063342 0.0162488 0.00832013 0.000828233 -0.0197133 0.0337345 -0.017637 -0.00934215 0 0.0432095 0.00527731 -0.0454111
0 0 0 0.000426322 -8.57344e-05 0.00717822 0 0 -0.0128285 0.0314133 0 0.0291225 0 0 0.00366195 0 0.0347919 0 0.000716657 -0.0588416 -0.00487502 -0.0259642 0.000379231 -0.018449 0.698293 0.0605574 -0.0199236 0.00325707 0 0.000600926 0 0 0 0 0 -0.0513358 0.00183851 -0.00137449 -0.00274094 0 0 0 0 0.0214933 -0.00208729 -0.00086814 0.00297634 0 -0.0138947 0 0 0 0.0357157 0.0322569 -0.018171 0 0 0 0 0 0.0113266 0 0.0493156 0 0.00903859 0 0.0238033 0 0 0 0 0.000776525 -0.0179505 0.00501853 0.000422522 0.034378 0 0.0041162
0.01079 0.00488181 0.016704 -0.0108405 -0.0615414 -0.0128232 -0.00663334 0.0193147 -0.0016735 0.0565477 0.00888674 -0.0823394 0.00299263 -0.0380275 0 -0.0191023 0.0131 0 -0.0236359 0.0533941 0.00731779 -0.0285707 0.00326214 0.164044 0.0605574 0.680616 0 0 0.000460446 -0.08187 0 -0.0204661 0.0613976 0.0628291 0.00608458 0.209943 -0.0399209 0.0334537 0.0293118 0.00704586 -0.0297799 -0.108571 -0.0220919 0.00848786 0.0315274 0 -0.0152976 0 0.0273179 -0.00435777 -0.0189972 0 -0.0531392 -0.018514 0.101215 0 0.00606028 0 -0.0364686 0.00462357 -0.0244237 0.0023239 -0.0199623 -0.0371621 -0.0202045 -0.0260942 0 0.0339855 -0.0162924 0.0187765 -0.00919994 -0.0728919 -0.00840583 -0.0132022 -0.0164212 -0.0719029 0.00403638 0.0225214
0.00123106 0.00028938 0 0 0.0246458 0.00898323 0.00440375 0.0119791 -0.0765222 0.00656563 0 -0.0100694 0.00600596 0.0270497 0.0150473 -0.0075128 0.0106481 0.038983 -0.0206705 -0.0359959 -0.00849219 0 -0.000349769 -0.0180877 -0.0199236 0 0.65575 0 -0.010497 0.00574867 0.0302397 -0.0273278 0.00110374 0.0283876 0 -0.0143725 -0.0104574 0.0595261 0.0179391 -0.00572202 0.00968234 0.00526385 0.00155276 0.0179619 0.020299 -0.00887456 -0.0211631 0 -0.00460841 0.0482397 -0.0112944 -0.0477015 -0.0160775 -0.00802154 0.00931528 0 0 0 -0.0341922 0 0 0.0108708 -0.0457237 0.000128578 0 -0.00565856 -0.0292329 0.00979663 0 -0.00171915 -0.000760519 0 -0.0399756 -0.013889 -0.000672648 -0.0261453 0.024239 -0.0304022
0 0 0 0 0 0 -0.0271208 0.0461592 0.00302667 -0.0144842 0 0 0 0 0 0 0.00273193 0 0 0.00451823 0 0.0074123 0.0138788 0.00290258 0.00325707 0 0 0.807495 0 -0.00505512 0 -0.00220257 0 0 0 0.00289656 0 0.0208114 0 0.0141567 0 0 0 0 0 0 -0.00024622 0 0 0 0.011241 0 0 0.0015869 0 0 0 0 -0.000125056 0 -0.00653574 0 0 0 -0.0432436 0 0 0 -0.00582255 0.0107472 0 0.0087235 0 0 0 -0.0105424 0 0
0.00867596 0.00827532 0 0.088677 0.00170296 0.0167923 -0.013112 -0.0139334 -0.0344174 0 0.0407228 -0.104471 -0.041857 -0.00373587 0.000318195 0.00376046 0.0284333 0.01926 -0.00337643 -0.0462912 8.72737e-05 0.0300052 -0.0131847 -0.096504 0 0.000460446 -0.010497 0 0.722725 -0.0208928 0 -0.0569375 -0.00394742 0.0274363 0.00865796 -0.0605932 -0.0513306 0 -0.0357768 -0.0940695 -0.0138431 -0.100021 0.0866014 0.00929388 0.0143095 0.0084373 -0.0663588 -0.0215504 -0.0136552 -0.0816904 -0.0400731 0.00713252 0.0208167 -0.0463567 0.00319484 0 0.0502087 0.0172825 -0.0260488 0.00218897 0.0509223 0 -0.0545852 0.0394724 0.00601417 -0.0565304 -0.0117402 -0.0347193 0.110075 0 -0.0452059 0 0.0207319 0.00557531 0 -0.0260048 0.010265 -0.000963099
0.00447815 0.00408748 0 0.00248692 -0.00588707 0.00673792 -0.0121583 0.0157975 0 0.0104683 0 -0.134077 0.0040744 -0.00480266 0.010527 0.0151151 0.0442343 0.00239524 -0.0180404 -0.0119727 0 0 0.0781372 -0.0552104 0.000600926 -0.08187 0.00574867 -0.00505512 -0.0208928 0.697717 0.0515818 -0.0860415 0.00280178 0.0556434 0.010603 0.0319636 -0.0205529 -0.0174413 -0.000872154 -0.0147328 -0.00480984 -0.0154829 0 0.00389658 0.00975312 -0.00287839 0.0882449 0 0.0177826 -0.0314613 -0.014005 0 -0.0127313 -0.0144215 6.20407e-06 0 0 0.0256494 -0.0490403 0 -0.00423357 0.00200891 -0.0202096 0 -0.0290752 -0.00406655 0.00994959 0.0205261 0 0 0.0306177 -0.0110828 -0.00453897 -0.00864345 -0.00332972 -0.0223248 0.010914 0.0199437
-0.00229907 -0.00184465 0 0.0123504 0 -0.000813748 -2.52919e-06 0 0.0493864 0 0.0185808 0 -0.0803733 0 0 0.0284682 0 -0.00703902 0 0.0195615 0 -0.00155733 -0.026981 0.00478229 0 0 0.0302397 0 0 0.0515818 0.802288 0 0 0 0 0 0 0 0 0.00199119 0 0 0 -0.00268315 0 0.000898824 0 -0.00840959 0 -0.0235742 0 -0.0127471 0.0266204 0 0.0569853 0 0 0 0 0 0 -0.000685747 0.00896989 0.032907 0 0 0.000687032 0 0 0.0215828 0 0 0.0405029 0 0 0 0 0
0.00470383 0.00987775 0 0.0222548 -0.0192767 0.0344817 -0.0163817 0.0158095 -0.0147558 -0.0344734 0.00279163 -0.105233 -0.00408635 -0.00925442 0.0296136 0.0190552 0.0167276 0.00427596 -0.0203866 -0.0366491 0 0.00414319 0 -0.0272616 0 -0.0204661 -0.0273278 -0.00220257 -0.0569375 -0.0860415 0 0.755138 0 0.0261951 0.00709539 -0.0237973 -0.0648791 0 -0.02667 -0.0279821 -0.0163947 -0.00721803 0.000494891 0.0423693 0.00656249 -0.00821032 -0.029037 0.00939011 0.0106304 -0.0723148 -0.0242568 0 0.0122834 -0.0200897 -0.016645 0.0123989 0.00595085 0.00825574 -0.039606 0 0 0 -0.024418 0.00322918 0.00124699 -0.0433276 0 0.00748923 0 0.0203618 -0.025157 0 -0.0134947 0.000796314 -0.00113748 -0.0271772 0.00850976 0
-0.000100192 0 0 0 -0.00152262 0 0 0 0 -0.020931 -0.0296629 -0.0149289 0.00955352 0 0.00168378 0 0 0 0.00386389 0 0 0.0159506 0.011941 0 0 0.0613976 0.00110374 0 -0.00394742 0.00280178 0 0 0.791945 -0.00419957 0 0 0 0 -0.00302942 0.00100306 0 0.0557802 0.00283666 0.00519785 0 0 0.00171624 0 0 0 0.00318815 0.0226816 0.0339806 0.000468512 -0.0708736 0 0 0.0106675 0 -0.00144163 -0.0437422 0 0.00322254 0 0 0.00226576 0.00363036 -0.00140159 -0.0347848 0 0.00233917 0.0252664 0 0 0 0.00424696 0 0.00286055
-0.00294744 0.00137952 0 0 0.0144349 0 0.03572 -0.0165742 -0.0283152 -0.0180444 -0.00303011 0.0195673 -0.00596543 0.0306616 0 0.00920988 0.0121955 -0.00445482 0.040367 0.010723 0 0 0.0535345 0.00375828 0 0.0628291 0.0283876 0 0.0274363 0.0556434 0 0.0261951 -0.00419957 0.820388 -0.000297828 0.00590046 0.0254188 0.00172276 -0.0307394 0.0129002 -0.0132118 0.0156815 -0.0325998 -0.0789711 0.0281187 0.00800869 0.0474516 0 0.0167626 0 0.0182118 0 0.0264444 0.0121792 -0.0304298 0 -0.00204545 -0.00160559 0.0309902 -0.00221424 0.00638706 -0.0031092 0.0250216 0 0 0.00807191 0.0407192 -0.0164411 0.00229341 0 0.0142095 -0.00112538 0.0855946 0.0308709 0.00493741 0.0295428 -0.00239566 0.0267747
0 0 0 -0.00404915 0.00163776 0 0.000687881 0 0 0 0 0.00855159 0.0148536 0.00190142 0 -0.00177978 0 0 0 0.00255913 0 0 0 0 0 0.00608458 0 0 0.00865796 0.010603 0 0.00709539 0 -0.000297828 0.920248 0 0.0178227 0.00555945 0.0127439 0.00859969 0.000911944 0 0 0 0 0 0.00891252 7.20102e-05 0.000214089 0.0147017 0.00307853 0 0 0.0107639 -0.000203966 -0.0483798 -0.0118677 0 0.00347315 -0.000326525 0 0 0.0327704 0 0 0.0117232 0 -0.00086452 0 -0.0041395 0.0032835 0 0 -0.0326836 0 0.0115895 0 0
0.00475596 0.00761079 0 0 -0.0295716 0.0184903 -0.017782 -0.00226326 0.00454162 -0.00703029 0.00153357 0 0.00487414 -0.0400393 0 0.0242887 0.050112 0.00749729 -0.00629612 -0.085296 0 0.0317635 -0.00569053 -0.200039 -0.0513358 0.209943 -0.0143725 0.00289656 -0.0605932 0.0319636 0 -0.0237973 0 0.00590046 0 0.808173 -0.00188643 -0.0397999 0.0051416 -0.000584832 -0.0415166 -0.0345501 -0.0131223 -0.00442666 0.0236075 -0.0441938 -0.0302598 0.00314537 -0.0861309 0.0211518 -0.0209542 0 -0.00724002 0.0162028 0 0 0 0.0308716 -0.0139934 0.00357288 0 0.006981 -0.00420104 0.00947119 0.0230899 0 -0.0308071 0.0213308 0 0.000889773 -0.0257465 0.0665582 -0.0151419 -0.00727267 0 0 0.00359805 -0.0317485
0.00566678 0.00391076 0 0 -0.0152127 0.0052212 -0.0552042 0.0088324 0.008943 0.013383 -0.0608983 -0.0743722 0 0.0435252 0 0.0419863 0.0172934 0.00657476 -0.0295156 -0.00567821 0 0 0.000476022 -0.0164687 0.00183851 -0.0399209 -0.0104574 0 -0.0513306 -0.0205529 0 -0.0648791 0 0.0254188 0.0178227 -0.00188643 0.775087 -0.0173478 0.0314537 -0.015763 0.0081794 0.0607931 0 0.0406966 -0.00206995 -0.00722069 -0.0714153 0.00198892 0.00802094 -0.0356165 -0.00202784 -0.00230133 -0.0038969 -0.0159056 0.0176769 0.00302011 0.00417317 0.00101614 -0.0403157 0.00107714 -0.000643841 0.00145694 -0.0312503 0.000798838 -0.0215674 -0.027193 0.0122206 0.0060215 -0.00288427 0.0455124 -0.0199217 0.00233869 -0.0381219 -0.00837392 -0.0389765 -0.046697 0.00440765 0.0145162
0 0.00438311 0 0 0 0 0 0 0.0109909 0.00794075 0 0.0308443 0 -0.00265562 0 -0.0116003 0.016704 0 -0.00210099 -0.00823804 0 0 0 -0.0667678 -0.00137449 0.0334537 0.0595261 0.0208114 0 -0.0174413 0 0 0 0.00172276 0.00555945 -0.0397999 -0.0173478 0.683629 0.0515345 -0.0137463 0 0 0 -0.0258523 0.00306927 -0.0223373 0 0 -0.00644435 0.0117143 -0.000646282 -0.000411182 -0.00174205 0.0284789 0 0 0 0 0 0.000822787 -0.00846847 0 -0.00154399 0 0 0 -0.00546283 6.93237e-06 0 0 0 0.0187079 -0.00100137 0 0 0.00668074 0 -0.0059116
-0.00211426 -0.00282133 0.00290842 0.0665442 -0.0161119 0.019869 0.0255351 -0.0380625 -0.070744 0.00467358 0 0.0124415 -0.028272 -0.03467 0 -0.0288285 -0.0372843 0 0.0446669 -0.026733 0 0.110296 0.0266855 0.000586157 -0.00274094 0.0293118 0.0179391 0 -0.0357768 -0.000872154 0 -0.02667 -0.00302942 -0.0307394 0.0127439 0.0051416 0.0314537 0.0515345 0.760019 -0.0424767 0 0.00709337 -0.0015584 0.01537 -0.0540974 0.0092586 0.0251783 -0.00873184 0.0221728 -0.0729053 0.00913961 0.0636199 0.0291154 0.00125394 -0.0246062 0.0098756 0 0.0131891 0.0632891 -0.00474181 0.0530815 -0.00243057 -0.00603258 0 0.0648346 -0.0587755 0.111447 -0.0172548 0.0503976 0 -0.030122 -0.0113544 0.00841597 0.0555444 0.0223399 0.0172438 0.0208588 0.132886
0.0045102 0.00597465 0 0.0072081 -0.0135953 0.01469 -0.00314806 0.00869075 0 0.0285415 0.00530601 -0.0270247 0.0107547 0.00288422 0 0.0201392 -0.013395 0.00592042 -0.0113152 -0.0146431 0 0.0101134 0.00315784 -0.0387926 0 0.00704586 -0.00572202 0.0141567 -0.0940695 -0.0147328 0.00199119 -0.0279821 0.00100306 0.0129002 0.00859969 -0.000584832 -0.015763 -0.0137463 -0.0424767 0.67191 -0.00916292 -0.0352819 -0.00356761 0 0.00669505 -0.00367173 0.0596499 -0.0245624 0.0196977 -0.0942948 -0.0308377 -0.00815762 -0.00121992 -0.00807244 0.0110499 0 0.0467315 -2.46635e-06 0.000635341 0 0.0241063 -0.0447017 -0.0312977 0.00157658 0.0343447 -0.0210636 -0.00483367 0.00396803 0 -0.0756945 -0.0125143 0 -0.0057187 -0.00527682 0 -0.0265876 0.00873622 0.0256826
0.00612269 0.0130796 0 0 -0.200158 0.00482279 -0.00414179 0.00976046 0 0.0142054 0 0.00444591 0.00131875 -0.121846 0 -0.00845321 0.00435698 0.00290581 0 -0.0284463 0 0.0804827 0 0.021374 0 -0.0297799 0.00968234 0 -0.0138431 -0.00480984 0 -0.0163947 0 -0.0132118 0.000911944 -0.0415166 0.0081794 0 0 -0.00916292 0.830467 -0.0195395 -0.0651196 -0.00372414 0.00755045 -0.00789986 -0.0152826 -0.0222733 -0.0403827 0 -0.019129 0.0302785 0.0334926 0.00630781 0.0112219 0.00402743 0.00280754 0.0224756 -0.0106418 0.00350856 -0.00123142 0.0074199 0.00630625 0.00064963 0.0280097 -0.000790129 0 0.0123618 -0.00209631 0 -0.0104018 0.00989997 -0.0185275 0.00314554 -0.00290423 0.00823077 0.00562712 0.00987416
0.0206343 0.00898161 0.0143869 0.0189275 -0.0132568 0.00266932 0.0160433 0.01261 -0.0510834 0.0104138 0.0615723 -0.0351828 0 -0.0330242 -0.0247608 -0.0781964 0.017499 0.00519007 -0.0150091 -0.00708961 0 0 -0.0638006 -0.0274537 0 -0.108571 0.00526385 0 -0.100021 -0.0154829 0 -0.00721803 0.0557802 0.0156815 0 -0.0345501 0.0607931 0 0.00709337 -0.0352819 -0.0195395 0.635079 0.00695428 0 0.0528364 -0.00954857 -0.0010062 0 0.0300652 0.0889463 -0.019743 0 -0.0298889 -0.011816 0.0188838 0 0.00217795 0 0.00542035 0.0277911 -0.0138368 0.00076092 -0.0172039 0.0025674 0 -0.00763636 -0.0289507 0.00704583 0.0501787 -0.0012007 -0.0126118 -0.0408099 0.0272071 -0.00629899 0 0.0364048 0.00430317 -0.0142813
0.00534673 0.0101578 0 -0.02354 -0.109183 0.00214162 -0.00393492 0.0133766 0.00725312 0.0303383 0 0.0460077 0.00631988 -0.0689456 0 0.0675819 -0.0134963 0.00292786 -0.00608607 -0.00636938 0 0.00856288 0.0416354 0.0276124 0 -0.0220919 0.00155276 0 0.0866014 0 0 0.000494891 0.00283666 -0.0325998 0 -0.0131223 0 0 -0.0015584 -0.00356761 -0.0651196 0.00695428 0.669309 -0.0547055 0.0125261 -0.0268285 1.23096e-05 0 -0.0554764 -0.0211844 -0.00658925 0 -0.0314233 0.0164764 0.0418976 0 0 0 -0.00635324 0.0407065 -0.0340075 0 -0.00961906 0 0.00161246 -0.000744091 0.000985768 0.0448598 -0.070993 -0.0290548 -0.0401067 0.00529657 0.0170047 -0.0049189 -0.0105193 -0.00634681 0.000714353 -0.0127934
0 0.00513238 0.00020336 -0.000125787 -0.00400143 0 0.00952324 0.00470941 0.0227917 0 0.00216334 0.0158949 0 -0.0164889 0 0.0431533 0.123336 0 0.0648382 0.02437 0 -0.0424988 0 0.00789187 0.0214933 0.00848786 0.0179619 0 0.00929388 0.00389658 -0.00268315 0.0423693 0.00519785 -0.0789711 0 -0.00442666 0.0406966 -0.0258523 0.01537 0 -0.00372414 0 -0.0547055 0.701088 0.0484581 -0.0180322 0.0690776 -0.0494698 -0.0184476 -0.0125686 -0.0613819 -0.0561344 0 -0.00857515 0.0156812 0 0 -0.0119586 0 0.0208582 -0.0172634 -0.00766539 0 0 0.0154055 0.0127532 -0.0511139 0 0 0.00466519 -0.0196215 0.00353115 0.0594015 0 0 0.010548 0 -0.0376009
-0.00586091 -0.00996427 0 0 0.0210165 -0.00445001 0.00885501 -0.032486 -0.00598691 0.0287019 0 0.0200638 -0.00570601 0.0496271 0.0150692 -0.00528766 -0.0166864 -0.00022747 0.0112811 0.0128728 0 0 0 0.0188283 -0.00208729 0.0315274 0.020299 0 0.0143095 0.00975312 0 0.00656249 0 0.0281187 0 0.0236075 -0.00206995 0.00306927 -0.0540974 0.00669505 0.00755045 0.0528364 0.0125261 0.0484581 0.789971 0.0132231 0.00165194 0.00141401 0.0167094 -0.0188386 0.0181823 0.000551579 0.0123639 0.0109837 -0.00954685 0 0 0 0.0159303 -0.00498061 0.0083864 -0.00186029 0.0269043 0 0 -0.00534546 0.0155156 -0.00704093 0.0134636 0.0050767 0.0124564 -0.0019999 0.00759724 0.0305517 0.00400854 0.0109769 -0.00142991 0.0223083
0.00612837 0.000128406 0 -0.000949857 -0.0318605 0.00512025 -0.00757008 -0.00567007 0 0.0313023 0 0.0205181 0.0158312 -0.0293367 0 0.0353859 0.0428314 0.00319896 0.021475 0.0118629 0 0.0253563 -0.0267078 -0.0308407 -0.00086814 0 -0.00887456 0 0.0084373 -0.00287839 0.000898824 -0.00821032 0 0.00800869 0 -0.0441938 -0.00722069 -0.0223373 0.0092586 -0.00367173 -0.00789986 -0.00954857 -0.0268285 -0.0180322 0.0132231 0.75862 -0.0090202 0 -0.129671 0.0370961 -0.00435648 -0.00233048 -0.00923461 0.0168559 0.0187125 0 0 0 -0.0061849 0.0148918 -0.00770736 0.00125101 -0.0123484 0 0.00695296 -0.000639253 -0.0183392 0.00215309 -0.000861998 -0.00678357 -0.0151317 0.0171788 -0.0130045 -0.00555817 -0.00091691 0.0282912 0.000643189 -0.0349726
0.00390547 0.00730371 -0.0332777 0 -0.0293073 0.00399203 -0.0264978 0.00706741 0.0472252 -0.00678621 0 -0.0388929 0.00104877 -0.0267045 0 -0.0337197 -0.00165416 0.0246289 -0.026569 -0.013275 0 0.0298523 -0.0106173 -0.00718932 0.00297634 -0.0152976 -0.0211631 -0.00024622 -0.0663588 0.0882449 0 -0.029037 0.00171624 0.0474516 0.00891252 -0.0302598 -0.0714153 0 0.0251783 0.0596499 -0.0152826 -0.0010062 1.23096e-05 0.0690776 0.00165194 -0.0090202 0.71853 0 -0.0281815 0 -0.0161128 0 -0.0134451 -0.0042825 0.0148477 0 0.00496492 0.013627 -0.0248575 0.000711714 0 0.0288142 -0.0439718 0 0 -0.0158313 -0.000710948 0.0141389 0 0.0870216 -0.0215618 0.0015761 -0.04167 -0.00205599 -0.00784994 -0.0802937 0.0108449 -0.0129305
0 0 0.0103545 0.0135969 -0.0494174 0 0.0283199 0.0237076 0.000676403 0 0.0341138 0.017783 -0.0095957 -0.0074127 0 0.0770899 -0.00370626 -0.0146378 0.0714416 0 0 -0.0473701 -0.038272 0.00531207 0 0 0 0 -0.0215504 0 -0.00840959 0.00939011 0 0 7.20102e-05 0.00314537 0.00198892 0 -0.00873184 -0.0245624 -0.0222733 0 0 -0.0494698 0.00141401 0 0 0.698372 0 -0.115628 -0.0475162 -0.00241495 0.0406414 -0.0339476 0.00396317 0 0.0207034 0 -0.00640585 7.64661e-05 0 -0.0171692 0.00288903 0 0.0496786 0 0 0 0.0355534 0.0296673 -0.0045455 0.0555883 0.0218055 0 0 -0.00571226 0 0
0.00782849 0.00985817 0 -0.00122139 -0.0774022 0.0185601 -0.02482 0.0257505 0.0159309 0.0249844 0 0.0172984 0.0093008 -0.0964523 0.00391526 0.0629581 0.0365364 0.00820578 -0.00805229 -0.0221165 0 0.014449 0.0182478 -0.0340801 -0.0138947 0.0273179 -0.00460841 0 -0.0136552 0.0177826 0 0.0106304 0 0.0167626 0.000214089 -0.0861309 0.00802094 -0.00644435 0.0221728 0.0196977 -0.0403827 0.0300652 -0.0554764 -0.0184476 0.0167094 -0.129671 -0.0281815 0 0.789697 0.0201299 -0.00645265 0 -0.0149235 0.00572811 0.0303568 0 0 0.000211746 -0.0247334 0.00644352 -0.0114305 0.0163088 -0.0136164 0 0.00333121 0 -0.0232347 0.0197061 -0.0155837 -0.0160896 -0.0276574 0.0322994 -0.0218937 -0.0193246 -0.00827594 0.0133736 0.00551936 -0.0456856
0 0 0 0.0311614 0.0110792 0 0 0 0 -0.0366341 0.0279337 -0.0757341 -0.00327714 0.048269 0.0141192 0.149961 0.0019999 -0.00624775 0.0127989 0 0 -0.00298548 5.20724e-07 0 0 -0.00435777 0.0482397 0 -0.0816904 -0.0314613 -0.0235742 -0.0723148 0 0 0.0147017 0.0211518 -0.0356165 0.0117143 -0.0729053 -0.0942948 0 0.0889463 -0.0211844 -0.0125686 -0.0188386 0.0370961 0 -0.115628 0.0201299 0.702944 -0.00860623 -0.0144825 0.0700726 -0.053222 0 0.0141802 0.023158 0.0110809 -0.0308183 0 0.00204575 -0.0592749 0.00314702 0 0.0662257 -0.0428011 0.13514 0 0.0150442 0.038638 -0.00308668 0 0.0569264 0.015083 0.00287819 -0.0341671 0.00221183 0.114938
0.00490187 0.0135756 0.0294155 0.00475041 -0.0347548 0.00298162 0.0149686 0.0166276 0.0112934 0.0160464 0.0234765 -0.00503849 6.23296e-05 -0.0355462 0 0.0267159 -0.000383137 -0.00832585 -0.0110506 -0.0427633 0.0069475 0 -0.0157449 -0.0198204 0 -0.0189972 -0.0112944 0.011241 -0.0400731 -0.014005 0 -0.0242568 0.00318815 0.0182118 0.00307853 -0.0209542 -0.00202784 -0.000646282 0.00913961 -0.0308377 -0.019129 -0.019743 -0.00658925 -0.0613819 0.0181823 -0.00435648 -0.0161128 -0.0475162 -0.00645265 -0.00860623 0.852835 -0.00544526 -0.0139409 -0.115255 0.0173482 0 0.00548834 0.000288424 -0.01749 0.013591 0 0 -0.0486012 0 0.0813579 -0.00884489 -0.0204345 0.0135921 0 -0.000843709 -0.0194089 0 -0.0133684 -0.00795192 -0.000123656 -0.0210767 0 -0.0164725
0 0 0 0 0.0407513 0 0 0.0397564 0.0418335 0.00278855 0.0186573 -0.00693398 0 0.0200205 0 0.0676518 0.020009 0 0 0.0307868 0.00807519 -0.0400225 -0.031963 -0.000514462 0 0 -0.0477015 0 0.00713252 0 -0.0127471 0 0.0226816 0 0 0 -0.00230133 -0.000411182 0.0636199 -0.00815762 0.0302785 0 0 -0.0561344 0.000551579 -0.00233048 0 -0.00241495 0 -0.0144825 -0.00544526 0.700289 0 -0.012242 0.00923275 0 0.00138027 -0.0322053 -0.00522427 0 -0.0118151 -0.0571557 0.00357903 0.00106073 0 0 -0.0256156 0.00158988 0 0 -0.00124272 0 0.0347141 -0.0053913 0 -0.00374024 0 -0.0234689
0.00466286 0.00376588 0.00762652 -0.0393697 0.0223932 0 -0.00230402 0.0147294 0.0163519 0.038317 0.0191571 -0.0199175 0.0347066 -0.0139654 0 -0.03029 0.0131743 0.00657359 -0.0186498 -0.0040997 0 -0.00686212 0 -0.0141848 0.0357157 -0.0531392 -0.0160775 0 0.0208167 -0.0127313 0.0266204 0.0122834 0.0339806 0.0264444 0 -0.00724002 -0.0038969 -0.00174205 0.0291154 -0.00121992 0.0334926 -0.0298889 -0.0314233 0 0.0123639 -0.00923461 -0.0134451 0.0406414 -0.0149235 0.0700726 -0.0139409 0 0.758077 -0.0201743 0.025902 -0.00670168 0 0.00560057 -0.00720742 0.00423422 -0.0159059 0.0038328 -0.0479563 0 -0.0203545 -0.00839935 -0.0363582 0.0428639 -0.00268581 -0.00911391 -0.00521844 0 -0.0103457 -0.0317119 -0.00453771 -0.0169119 0 -0.022931
0.00374441 0 0.0175813 0.0237811 0.0236429 0 0.0227097 0.00893185 0.00514018 0 0.020912 -0.0175654 0 0.032129 0 0.0853687 0.00897601 0 -0.0044667 -0.000632433 0.022032 -0.00209528 -0.0162985 0.0048172 0.0322569 -0.018514 -0.00802154 0.0015869 -0.0463567 -0.0144215 0 -0.0200897 0.000468512 0.0121792 0.0107639 0.0162028 -0.0159056 0.0284789 0.00125394 -0.00807244 0.00630781 -0.011816 0.0164764 -0.00857515 0.0109837 0.0168559 -0.0042825 -0.0339476 0.00572811 -0.053222 -0.115255 -0.012242 -0.0201743 0.682865 0.0166824 0 0.0113626 0 -0.00215524 0.01538 0 -0.0139426 -0.0443676 0 0.0769384 -0.0403786 -0.0214367 0.00840573 0.00983484 -0.0137786 -0.0137941 -0.0713481 0 -0.00719887 0 -0.0163063 0 -0.032951
-0.00128942 0 -0.00135952 0.000723907 0.0205452 0 0.0134357 -0.019011 -0.0219118 -0.0579188 -0.0418924 0.0344881 0 0.0146812 0.0453013 -0.0423184 -0.0167767 0 0.0264996 -0.0647228 0 0.0210159 0.0431878 -0.0236289 -0.018171 0.101215 0.00931528 0 0.00319484 6.20407e-06 0.0569853 -0.016645 -0.0708736 -0.0304298 -0.000203966 0 0.0176769 0 -0.0246062 0.0110499 0.0112219 0.0188838 0.0418976 0.0156812 -0.00954685 0.0187125 0.0148477 0.00396317 0.0303568 0 0.0173482 0.00923275 0.025902 0.0166824 0.836065 0 -0.00410756 0.00445256 0.00350616 -0.00516369 0.00795442 0 0.0124617 0 0 0.0250033 0.00976977 -0.0141445 0.0118645 0 0.0119554 0 -0.0124646 0.0160014 0.00342571 0.0210906 -0.000998547 0.0153229
0 0 0 -0.00632045 0 0 0 0 0 0.00329875 0 0 0 0 0 0 0 0 0 0 0 0 0 0 0 0 0 0 0 0 0 0.0123989 0 0 -0.0483798 0 0.00302011 0 0.0098756 0 0.00402743 0 0 0 0 0 0 0 0 0.0141802 0 0 -0.00670168 0 0 0.912499 -0.00495468 0 0 0 0 0 0 0 0 0 -0.000684644 0 0 -0.000947272 0 0 0 -0.0483721 0 0 -0.00122152 0
0 0 0 -0.0448669 0.00960898 0 0 0 0 0 -0.00240717 0.00528025 0.0400535 0.00288528 0 -0.0121292 0 0 0 0 0 0 0.0142904 0 0 0.00606028 0 0 0.0502087 0 0 0.00595085 0 -0.00204545 -0.0118677 0 0.00417317 0 0 0.0467315 0.00280754 0.00217795 0 0 0 0 0.00496492 0.0207034 0 0.023158 0.00548834 0.00138027 0 0.0113626 -0.00410756 -0.00495468 0.916098 0.0308004 0 0 -0.0504514 0.0254283 0.00511069 0 -0.00322975 0.00597336 0.000616105 0 -0.00923584 0 0.00395195 0 0 0 0 0.010912 0 -3.65035e-06
0 0 0 0 0.00910783 0 0.00118646 0 0 0 0 0.0226165 0 0.02 -0.0290573 0.0408025 -0.006714 0 0.00127255 0.0165714 0 -0.0260952 -0.0426491 0.0211934 0 0 0 0 0.0172825 0.0256494 0 0.00825574 0.0106675 -0.00160559 0 0.0308716 0.00101614 0 0.0131891 -2.46635e-06 0.0224756 0 0 -0.0119586 0 0 0.013627 0 0.000211746 0.0110809 0.000288424 -0.0322053 0.00560057 0 0.00445256 0 0.0308004 0.76195 0.0305882 0 0 -0.0458734 0 0 -0.0114127 0.00176501 -0.0513732 0 0 -0.0113675 -0.056061 0 0.00283739 0 0 0.00591288 0 -0.0387666
0.00385341 0.00770833 -0.00501411 -0.00563539 0.00376611 0.00936549 -0.023604 0.022675 -0.00356827 0.0187089 -0.0486622 -0.0810461 0.0117193 0.0013124 0.0108678 0.0198009 0.0192965 0.0105366 -0.016272 -0.0145156 0 -0.0309249 0 -0.0139875 0 -0.0364686 -0.0341922 -0.000125056 -0.0260488 -0.0490403 0 -0.039606 0 0.0309902 0.00347315 -0.0139934 -0.0403157 0 0.0632891 0.000635341 -0.0106418 0.00542035 -0.00635324 0 0.0159303 -0.0061849 -0.0248575 -0.00640585 -0.0247334 -0.0308183 -0.01749 -0.00522427 -0.00720742 -0.00215524 0.00350616 0 0 0.0305882 0.776334 0.00127372 -0.00461168 0.0330296 -0.0239434 0 0 0.000965553 -0.0126874 0.0114335 -0.0248964 0.0304784 -0.0119036 0.0153209 -0.0126679 -0.0122829 -0.00428009 -0.0353291 0.000561613 -0.00365458
-0.000447819 0 0 0 0.0109947 0 0 -0.00212009 -0.00047043 -0.0226632 -0.00012716 0.00115196 0 0.00510392 0 -0.000890486 -0.00132989 0 0.00166511 0.00156944 0 0.017447 0 0.00202384 0 0.00462357 0 0 0.00218897 0 0 0 -0.00144163 -0.00221424 -0.000326525 0.00357288 0.00107714 0.000822787 -0.00474181 0 0.00350856 0.0277911 0.0407065 0.0208582 -0.00498061 0.0148918 0.000711714 7.64661e-05 0.00644352 0 0.013591 0 0.00423422 0.01538 -0.00516369 0 0 0 0.00127372 0.932934 0 0 0.00568676 0 0 0 0.00222331 -0.00191109 0 0 0.00588203 0 0 0 0 0.00324739 0 0.00483547
0.00728128 0.00354811 0 -0.0618632 -0.0117217 0 -0.0219785 0.0343523 0.0254934 -0.00694783 0 -0.00421449 0.0505368 -0.0163601 0 0.00429856 0.0326396 0 -0.029224 0 0 -0.000175758 0 0 0.0113266 -0.0244237 0 -0.00653574 0.0509223 -0.00423357 0 0 -0.0437422 0.00638706 0 0 -0.000643841 -0.00846847 0.0530815 0.0241063 -0.00123142 -0.0138368 -0.0340075 -0.0172634 0.0083864 -0.00770736 0 0 -0.0114305 0.00204575 0 -0.0118151 -0.0159059 0 0.00795442 0 -0.0504514 0 -0.00461168 0 0.768575 0.0043997 0 0 0 0 0.0270866 0.0249354 -0.028862 0.0360815 -0.00137918 0.053241 -0.00377568 -0.00852358 -0.0253373 -0.0053024 0.000889798 -0.00479575
0 -0.000602324 0.0206288 0.0103626 0.0213095 -0.00983738 0.0114415 -7.21112e-05 0.0110623 -0.00990052 0.0241829 0.000300185 0 0.0403698 -0.00422138 0.0832189 -0.00535597 -0.00716077 0.0162534 0.0311518 0.00418649 -0.0236755 -0.0468149 0.00503175 0 0.0023239 0.0108708 0 0 0.00200891 -0.000685747 0 0 -0.0031092 0 0.006981 0.00145694 0 -0.00243057 -0.0447017 0.0074199 0.00076092 0 -0.00766539 -0.00186029 0.00125101 0.0288142 -0.0171692 0.0163088 -0.0592749 0 -0.0571557 0.0038328 -0.0139426 0 0 0.0254283 -0.0458734 0.0330296 0 0.0043997 0.811056 0.000440968 0.0102836 0 0 0.00182718 -0.00921469 0.0043431 0 0 -0.0008968 0.0264596 0 0.0129799 0 0 0.000813534
