0 0.0519969 0.01363 -0 0.0494924 -0 -0.0167529 0.0023865 -0 0.0311791 0.0366798 0.0435835 0.0130635 0.0316479 0.00334054 0.0138281 0.000468955 -0 -0 0.0076016 -0 0.00716892 -0.00373689 -4.5672e-05 0.0137731 -0 -0 -0 0.00213095 -0.00355669 -0 -0 -0 -0 -0.000174189 -0 -0 0.0152777 -0 -0 -0 -0.00109309 -0 0.0175649 0.00418497 -0 0.000857959 -0 0.0164832 -0 -0.000480143 -0.00466968 0.03236 -0 -0 -0 -0 -0 -0 0.0647949 0.000288106 -0 -0 -0 -0 -0 0.00149188 0.00177033 -0 -0 -0 -0 -0 -0 -0 -0 -0 -0.000682319 -0 -0 0.0031255 0.00453881 0.047798 -0 -0.00489856 -0 -0 -4.14372e-07 -0.00199865 -0 -0 0.0420511 -0 -0 0.00225493 -0.00119233 0.0123027 -0.0059989 -0 -0 -0.000601362 0.00985213 -0.00131668 -0 -0 -0 -0 -0 0.000165945 -0 -0.0142545 -0 0.00684368 0.00744374 0.0118418 -0 -0 0.01748 -0 -0.0002031 -0 -0 0.00937938 -0.000579636 -0 -0 -0 -0.000373859 -0.003509 -0 0.0228824 -0.00790861 0.00994783 -0 6.24656e-06 -0.000390923 0.0109966 -0 -0 -0.00078922 -0.000797987 -0 -0 -0 0.00935998 -0 -0.00115278 -0 -0 -0 -0 -0 -0.00312589 0.0159548 -0 -0 -0 0.0110261 -0 -0 -0 -0.00429716 -0 -0 -0 -0 -0.000168579 -0 -0.0007857 -0 -0.00274072 -0 -0 -0.00109923 0.000445363 4.89463e-05 -0 -0 -0 -0.000799238 0.00161236 -0 -0 -0 -0 -0 -0 -0 -0 -0 -0 0.00523452 -0 -0.000747888 -0.000899124 -0 -0 0.0112382 -0.00106999 -0 -0 -0 -0 -0.000163947 -0 -0 -0 -0 -0 -0.000566428 -0.00017676 -0 -0 -0 -0 -0
0.0519969 0 0.000418425 -0 0.0438739 -0 -0.0356689 0.0151189 -0 0.0220739 0.0356471 0.0579383 0.0291016 0.024004 0.00759516 0.0352626 -0 -0 -0 0.0145472 -0 0.0377876 -0.0229695 -0 -0 -0 -0 -0 0.0452088 -0.0266296 -0 -0 -0 -0 -0 -0 -0 -0 -0 -0 -0 -0.00118033 -0.00810223 -0 0.0160417 -0 -0 -0.000781014 0.0113418 -0 -0 -0 0.0468732 -0 -0 -0 -0 -0 -0 0.0119521 -0 0.0167859 -0 -0.00355577 -0 -0 0.0152823 -0 0.00062807 -0 -0 -0 -0 -0 -0 -0 -0.000388145 -0 -0 -0 -0 7.66126e-05 0.0169264 -0 -0 -0 -0 -0 -0 0.0193578 -0 0.0278039 -0 3.06773e-05 -0 -0 0.00293202 -0 -0.0138954 -0.0001296 -0 0.00111616 -0.00441698 -0 -0 -0 -0 -0 -0 0.024438 -0.0189202 -0 0.0169976 -0 0.0039824 -0 0.00416344 0.0020647 -0 -0 -0 -0 -0 -0 -0 -0 -0 -0 -0 -0 0.0295161 -0.00276408 -0 -0 -0 -0.00335333 0.0354075 -0 0.000164391 -0 -0 -0 -0 -0 0.0172086 -0 -0.00204911 -0 -0 -0 0.0102313 -0 -0.0171583 -0 -0 -0 -0 0.00816592 -0 0.0180919 -0 -0.00505283 -0 -0 -0 -0 -0 0.000639932 -0 -0 -0 -0 -0 -0 -0 0.0226995 -0 -0 -0 -0 -0 -0 -0 -0 -0 -0 -0 -0 -0 -0 -0 0.000410054 -0 -0 -0 -0 -0 -0 -0 -0 -0 -0 -0 -0 -0 -0 -0 -0 -0 -0 -0.00118763 -0 -0 0.000645332 -0 -0
0.01363 0.000418425 0 0.0283861 0.00411769 0.052372 0.000385071 0.044248 -0 -0 0.00160941 -0 -0 -0 -0 -2.03868e-05 0.0161435 0.0121001 0.00320746 -0 0.00604996 -0 1.33974e-05 0.004399 0.0119914 0.0037833 0.00546001 0.00331798 -0 1.17167e-05 0.0042759 0.0171487 0.000632229 0.00488213 0.000532459 -0 0.00986336 0.0207457 0.0115968 0.0065362 -0 -0.0198434 0.0328023 -0 0.0118175 0.00387765 0.0368191 0.0150611 -0 0.0118323 0.0045404 -0 0.0130467 0.00160765 0.000311748 -0 0.00821055 -0 0.00323556 0.00540008 -0 -0 -0 -0 0.0162911 0.0023317 -0 0.0194227 -0 0.0280125 -0 0.00186043 0.00625243 0.0134465 -0 0.00678163 0.000485547 -0 -0 -0 0.0337337 -0 0.00713181 0.0166076 -0.00128016 0.00917919 6.69721e-05 0.00319713 -0 -0 -0 0.00506199 0.0118429 -0 0.00745367 0.00397726 -0 0.00132878 0.00127024 0.000396719 0.000787348 0.00448848 -0 0.00273668 -0 0.0224892 0.00822654 0.00252777 0.01517 0.000133662 -0.0035993 -0 0.0144166 0.013672 -0 -0 -0 -0 0.000973733 0.00443409 -0 -0.00112747 0.00486132 -0 -0 0.00580544 0.0134284 -0 -0 0.00961849 0.00182494 -0 0.029055 -0 0.0104764 -0.00897507 -0 0.000415689 -0 0.00253497 0.000316279 0.00460681 0.000433277 0.0018192 -0 0.00459735 -0.0151909 8.39043e-05 0.00104324 0.00596404 -0 -0 -0 0.0030256 -0 -0.000105388 0.00207477 -0 0.0151288 -0 -0 -0 -0 0.000358975 0.0106492 0.000878117 -0 0.000296922 -0 0.00273056 -0 0.0026375 0.0175319 -0 -0 -0 0.00351479 0.00226451 -0 0.000564624 -0 0.00108783 -0 -0 -0.00805591 0.000708256 0.00104033 0.0115974 -0 -0 -0.0034334 -0.000629936 0.000982688 -0 -0.0055196 0.00200067 0.00131352 0.000182885 0.000930736 -0 -0 -0 -0 -0 0.00173991 -0.00102803 -0 -0 -0 -0 -0.00668695 -0 -0 -0.000459029 -0 -0
-0 -0 0.0283861 0 0.00412829 0.0204155 0.000639347 0.0123101 -0.0114083 -0 -0 -0.00214995 -0.00508169 -0 -0 -1.88398e-05 0.0264969 0.0323032 -0 -0 0.0151411 -0 -0 0.00737242 0.0165216 0.0368199 0.0109078 0.0173801 -0 0.00136597 0.0149512 0.0403383 0.000709727 0.00468809 -0 -0 0.0100594 0.0412235 0.0201794 0.0163787 -0 -0.0117266 0.024112 -0 0.0260543 0.0106884 0.0519866 0.0283248 -0 0.0292377 0.00212992 0.00427408 -0 0.00335876 -0 -0 0.0200546 -0 0.00586555 0.00142197 -0 -2.58863e-05 -0.00216125 0.00925801 0.0179321 -0.00572337 -0.0054828 0.0256733 -0.0054116 0.00846757 0.0121851 0.00191501 0.0125111 0.0379122 -0 0.00623391 0.000625861 -0.0240365 -0.00612104 -0 0.0265976 -0 -0 0.0196908 -0 0.00981634 0.0127598 -0.00224785 -0 -0 -0 -0 0.0190548 -0.00187772 0.0156319 0.00901551 -0.00313453 0.00215826 0.000591818 0.00103823 0.00112953 0.000605274 -0 0.00597972 -0 0.122664 0.0184299 0.01243 0.0234137 -0 -0.000978586 -0 0.0185822 0.0236236 -0 -0 -0 -0 0.00496574 -0 -0 9.36879e-06 0.0105286 -0 -0 0.0215568 0.0363128 -0 -0 0.0297113 -0 -0 0.0231944 -0 0.0315237 -0.0113855 -0.0101895 0.0018135 -0.00950474 0.0021748 -0 0.00982277 -0 0.00100821 -0 0.00635895 -0.0111626 -0 -0 0.0158564 -0.0160777 -0 -0 0.00244285 6.82196e-07 -9.43842e-05 0.00326838 -0 0.0264427 -0.0100547 0.000127693 -0 -0.00202776 0.00252289 0.0106754 0.00231424 -0 -0 -0.0136993 0.000680314 -0.0176866 0.00177734 0.018825 -2.57662e-05 0.00249402 -0 0.00487483 0.00383721 -0 -0 0.0153624 0.00369948 9.80579e-05 -0.000732191 -0.00445639 0.017354 0.00222416 0.00689141 -0 -0.0139262 -0.00407657 -0.00119581 0.00374408 -0.0214473 -0.00554682 0.00335874 0.00103697 0.0166683 -0 0.00030838 -0 7.65134e-06 -0 -0 0.0102168 -0.000823164 -0 0.00211156 0.000710865 -0.00268997 -0.0108336 0.00840489 0.000330236 -0.0226097 -0 -0
0.0494924 0.0438739 0.00411769 0.00412829 0 -0 -0.00767811 0.00288537 -0.000583515 0.0572668 0.0236286 0.0394675 0.00889081 0.0140392 0.0421229 0.0108996 0.00920973 -0 -0.00305417 -0 -0 0.0121492 -0.00581891 -0.000240666 0.0100295 -0 0.00128365 -0 0.00424166 -0.00372496 0.00489608 0.000503494 -0.00770948 -0.00257973 -0.00342052 -0 -0 0.00333037 -0 -0 -0 -0.00833924 -0 0.00140421 0.0153314 -0 0.00576145 -0 -0 0.00142417 -0.00222246 -0.0028771 0.0120879 -0.000986409 -0.00238354 -0.00107 -0 -0 -0 0.0504847 3.53959e-05 -0 -0 -0 -0 -0.00364791 -0 0.00952967 -0 -0 0.0051099 -0 -0 -0 -0 -0.000188247 -0.00047392 -0.0181746 -6.16165e-05 -0 0.0111738 0.0146562 0.0165703 -0 -0.0117475 -0 0.0015048 -0.00301222 -0.00957224 -0 -0.00306735 0.0181815 -0 -0 0.000327469 -0.00122186 0.00587135 -0.00342224 -0.000886091 -0.00165136 -0.0113899 0.00425939 -0 0.0134384 -0 0.00426648 -0 -0 0.0018699 -0 -0.00251136 -0 -0 0.00641957 0.0104935 -0.000651177 -0.000120561 0.0116377 -0 -0.00409284 -0 -0 0.0186656 -0.00229293 9.64871e-06 -0 -0 -0.00126365 -0.0053739 -0 0.00908352 -0 0.00621559 -0 -0 -0.000389394 0.00341655 -0 -0 -0.00204266 -0.00561358 -0 -0 -0.00029578 0.00479958 -0 -0.00484097 -0 -0 -0.00114341 -0 -0 -0.00368875 -0 -0 -0 -0 0.00803744 -0 -0 -0 -0.00685351 -0 -0 -0 -0 -0.0031571 -0 -0.0115263 -0.00866456 -0.0148194 -0 -0 -0.0111674 0.00489621 1.29301e-05 -0.00102015 -0.000208086 -0 -0.00631463 0.0102488 -0 -0 0.0011047 -0 0.00226891 -0 -0 0.00217092 -0.00160919 -0 0.00886413 8.04776e-06 -0.00976843 -0 -0 -0 0.0256801 -0.00632689 -4.21541e-06 -0 -0 -0 -0.00404387 -0 0.00357304 -0 -0 -0 -0.00360996 -0.00129815 -0 -0 -0 -0 -0
-0 -0 0.052372 0.0204155 -0 0 0.00413941 0.0506579 -0 -0 0.0100023 -0 -0 0.00341489 -0.000771967 0.00440225 0.00494762 0.016879 0.0125947 -8.38771e-06 0.0141045 0.00187815 0.00438637 0.00712476 0.00435134 0.0118866 -0 0.00249426 -0 0.00365192 -0 0.00612841 -0.00364349 0.0160793 0.00222884 -0 0.00399365 0.0361728 0.00820713 0.00288811 0.00012912 -0.0124296 0.0474671 -0 0.0326738 0.000137117 0.0104176 0.0107239 -0 0.0170256 0.00646203 0.00302094 -0 0.00547032 0.00452276 -0 0.0150833 -0 0.0065276 -0 -0 0.000558786 -0 0.00255844 0.0283707 0.00649843 -0 0.0218803 -0 0.0884142 0.0135262 0.000639775 0.00373217 0.0101839 -0 0.0094059 0.00324273 -0.00281517 -0 -0.000219985 0.0227156 -0.00236523 -0 0.0185324 0.00861357 0.00895382 -0 0.00694158 0.00316808 -0 -0 0.0253831 0.00976871 -0 0.0125853 0.0165844 -0.000510495 0.00498887 0.00144279 0.00262114 0.00488503 -0.000209206 -0 0.00386641 -0 0.0173056 0.0108598 0.00261573 0.00928762 0.000963788 -0.000951626 0.00104071 0.0174583 0.0163068 -0 -0 0.000415847 -0.00200543 0.00756573 0.00507122 -0 -0.000563091 0.00991854 0.000540442 -0 0.00695627 0.00356117 0.00159461 0.00338919 0.0242978 0.00546207 -0 0.00944718 -0 0.00870702 -0.00622632 -0 0.000483474 -0 0.0146917 0.00464779 0.0113062 0.000414466 0.00220071 -0 0.0027737 -0.00795445 0.00332343 0.000714299 0.0299797 -0.00203584 -0 0.00310307 -0 -0 -0 0.00207128 -0.00211431 0.00581714 -0 0.00109829 0.00204657 -0 0.00204125 0.01197 0.00713556 0.00209671 0.00175293 0.00276031 0.00442018 0.000790971 0.0080029 0.00549219 0.000931296 -0 -0 0.00603949 0.0148187 -0 0.00571473 -0.00218262 0.00359946 -0 -0.00331551 -0.00191565 0.00073604 0.000751988 0.00941885 -0.00511755 -0.0102703 -0.00172402 -0.00707051 0.00316823 0.00785961 -0.00461603 0.00669079 0.00066357 -0 0.00456147 -0 -0 0.000992892 -0 0.00159177 0.00513177 -0.0115147 -0 -0 -0 -0 -0.00623958 -0 -0 -0.00922521 -0 -0
-0.0167529 -0.0356689 0.000385071 0.000639347 -0.00767811 0.00413941 0 -0 0.000777571 -0 -0 -0.0117035 -0.000175466 -0 -0.0224245 -0.00934361 -0 -0 -0.0114202 0.0150091 0.00095622 -0.0433888 0.257777 0.00287561 0.00358931 -0 -0 -0.0194274 -0.0229626 0.189514 -0 -0 0.00977901 0.00557679 -0 -0 -0 0.00133913 0.00672549 -0 0.00697222 -0.00124085 0.00748729 -0.0109351 -0 0.000492451 -0 0.0118178 -0.00234538 -0 0.0398722 0.0231926 -0.0175759 0.0109228 0.00425769 0.000453707 0.000526503 0.0134736 0.000452181 -0.0148374 -0.0122918 -0 -0.000236752 0.0358039 0.0116424 -0.0034083 -0 -0 -0.0202854 0.0150003 -0 -0 0.00396656 0.0161836 0.0122825 0.00526922 0.0325509 -0.0194511 0.0135225 -0 -0.012264 -0.00880421 -0.000701415 0.00179931 0.00834959 -0.00678181 -0 0.00361044 0.00356157 -0 -0 -0 0.00302994 -0 0.000907365 0.00489707 -0.0142229 0.0170827 0.0130147 -0.0127458 0.00498183 -0.0036763 -0 -0 -0 -0 0.000307461 0.00988344 0.00396041 -0.00183859 -0 0.000949843 -0 -0 -0.00856927 -0 -0 -0.020531 0.000325813 0.00647142 -0 -0 0.0109458 0.0103971 0.0287424 0.00407137 -0 0.00808759 0.00190614 0.00341689 -0 -0 0.0042612 -0 0.00862299 -0 -0.0250517 -0 -0 0.00435004 0.011062 0.00326936 0.00345566 -0 -0.00387641 0.00836015 -0 0.042722 -0 0.00434701 -0 -0 0.151655 -2.47052e-05 -0 -0 -0 -0.0106829 -0 -0 -0 0.050219 -0 -0 0.00243294 0.00375775 0.00589084 -0 0.00828448 0.00682693 -0.00467254 0.000572514 0.00203402 0.0281153 -0.00218864 -0.0169723 0.00336276 0.00240761 -0 0.0105472 -0.00504884 -0 -0.000190001 -0.00417599 -0 -0 0.00225262 0.011862 -0.00260728 -0.000628492 -0 -0.0140167 -0 0.00197925 -0 0.00427929 0.00519023 -0 0.00639886 -0 -0 -0 -0 0.0096105 -0.029867 -0.00770786 -0.00565011 -0 -0 -0.0105009 -0 -0 -0 -0.0158358 -0 -0
0.0023865 0.0151189 0.044248 0.0123101 0.00288537 0.0506579 -0 0 -0 -0 0.00566037 0.0177826 -0 -0 -0 0.00279133 0.00620798 0.00110648 0.00702851 0.00150939 0.00986999 0.00181732 -0 0.00544114 0.00902376 0.0134959 0.000741056 0.0187766 -0 -0 -0 0.00206807 -0 0.0160018 0.000321517 -0 0.000559052 0.0369178 0.0048555 0.00111139 0.000660127 -0.0159545 0.00896801 -0 0.0335995 -0 0.0379126 0.00288953 -2.02895e-06 0.0137386 0.000872763 -0 0.028813 0.00618838 0.000461323 0.00070649 0.00914152 -0 0.00341484 -0 -0 -0 -0 -0 0.0227216 0.00361054 -0 0.0225673 -0 0.00676819 0.00244501 0.00223687 0.0012586 0.00777128 -0 0.0046642 -0 0.000285141 -0 -0.000179567 0.0247119 -0 -0 0.0164107 -0.00176912 0.00835167 -0 0.00266567 -0 -0 -0 0.0200417 0.00472906 -0 0.00719552 0.00818843 -0 0.00197031 -4.07939e-05 -0 0.00310517 -0 -0 0.00332851 -0 0.00955992 0.00263857 -2.83396e-05 0.0110128 0.00222215 -0.00513718 -0 0.00989817 0.0115667 0.016028 -0 -0 -0 0.0106841 0.00127012 -0 -0.00149254 0.00967607 -0 -0 0.00157962 0.00606887 -0 0.000617959 0.0147762 0.0106982 -0 0.0181996 -0 0.00861488 -0.00582093 0.0184574 0.00350447 -0 0.00333413 -0.000608435 0.0012435 0.000799879 0.00236367 -0 0.00894964 -0.0126824 0.000434243 0.000829474 0.00716031 -0 -0 -0 -2.32709e-05 -0 -0 0.000666222 -0 0.00644146 -0 0.00344388 -0 -0 0.00554798 0.00833477 0.00122783 -0 0.000909513 -0 0.000783933 -0 0.00303366 0.00580794 -0 0.00347485 -0 0.00138803 0.00730024 -0 0.000449754 -8.61442e-05 0.00289931 0.00215252 -0.000378378 -0.00311862 1.692e-05 0.00749152 0.00610483 -0 -0 -0.000554422 -0 -0 -0 -0.00431012 0.0045716 1.59922e-05 0.0011588 0.00108048 -0 -0 0.0029833 -0 0.000118367 0.000476845 -0.00160283 -0 0.00174919 0.00113643 -0 -0.00647527 -0 0.000551973 -0 -0 -0
-0 -0 -0 -0.0114083 -0.000583515 -0 0.000777571 -0 0 0.00348054 -0.0162469 -0 -0 -0.0197165 0.0203662 0.00626505 -0 0.00315723 0.00396376 0.00307832 -0 0.0206731 0.000499135 0.00113962 -0 3.70495e-06 -0 0.0143805 0.00506363 -0.0219438 -0 -0 0.0195633 0.00359514 0.00177792 0.0135604 -0 -0 -0 0.000569228 0.0101142 -0 0.0032632 -0.112273 -0 -0 -0.00357006 -0 -0 -0 0.00495678 0.0023562 -0 0.0039269 0.00582421 -0 -0 -0 -0 -0.00509234 -0 0.00957054 -0.0370316 -0 0.000217761 0.00716959 -0 -0 0.0365097 -0.0111007 -0.00351995 0.0119383 0.000200116 -0 -0.0174187 -0.00371484 -0 0.0264684 -0 -0 -0.00301302 -0.0101684 -0 -0 0.0267035 0.00165494 -0 0.00799126 0.0538376 0.0231437 0.0093718 -0 0.000569948 0.00195538 -0 0.00802001 -0 0.00454262 -0 0.00146302 0.0126832 -0 -0 -0 0.00317615 -0.0217757 0.00478858 3.30614e-05 -0 0.00709624 -0 0.0101009 -0 -0.0352724 -0 0.00185757 0.00582524 0.0017584 -0 0.0034182 -0 0.000858014 -0.0170514 0.00379908 -0 -0 -0 0.000605976 0.0526798 -0.0229143 0.00284648 -0 -0.00830209 0.00159498 -3.7458e-05 -0 0.0210818 -0.000630477 -0 0.00396225 0.00538827 -0 -0 0.00336862 -0.000788208 -0 -0 -0 0.000436489 0.00801135 -1.65701e-05 0.000128464 -0 -0 -0 -0 0.00310431 0.000988495 -0 0.00306857 -0 -0 -0 0.00602374 0.000689862 -0 0.010177 0.00694184 0.00558398 0.00778461 0.0120544 -0 -0 -0 -0 -0 -0 0.00652581 0.00511527 0.0188236 -0.00850801 -2.38225e-06 -0 -0.0018992 -0 -0 -0 -0 -0.00199155 -0 -0 -0.00482382 0.00275352 0.0075677 -0 0.0173161 -0 -0.00608734 0.0154548 -0 -0 -0 -0 0.00193978 -0.02034 -0.000800308 0.0110249 -0 -0 0.0213644 -0 -0 -0 -0 -0 -0
0.0311791 0.0220739 -0 -0 0.0572668 -0 -0 -0 0.00348054 0 0.042477 0.0144598 0.0160381 0.0051283 0.0124272 0.0448881 -0 -0 -0 0.0357715 -0 0.0147254 -0 -0 -0 -0 -0 -0 -0 -0 -0 -0 0.0056426 -0 -0.00864374 0.0135946 -0 0.00149596 -0 -0 0.00894698 -0.000228312 -0 -0 0.00291406 -0 -0 -0 0.0116242 -0 -0.000448139 -0.00983449 -0 -0 -0 -0 -0 -0 -0 0.0365261 0.0135408 0.0194373 -0 -0 -0 -0 0.0096183 -0 0.000879152 -0 0.000393076 -0 -0 -0.00358453 -0 -0 -0 -0 -0 -0 -0 0.000328294 0.0115898 -0 -0 -0 -0 -0 -0 0.000557566 -0 0.0414123 -0 0.017974 -0 -0 0.0227089 -0.000716387 -0 -0 -0 0.00810447 -0.00558559 -0 -0 -0 -0 -0 -0 -0 -0.0120285 0.0170276 -0 -0 0.0298156 -0 -0 0.0192207 -0 -0 0.000191646 -0 -0 -0 -0 -0 -0 -0 -0 -0 0.0166386 -0 -0 -0 -0 -4.51591e-05 0.00935509 -0 -0 -0 -0 -0 -0 -0 0.00898416 -0 -0.00426533 -0 -0 -0 -0 -0 -0 -0 -0 -0 -0 0.00523149 -0 0.014191 -0 -0 -0 -0 -0 -0 -0 -0 -0 -0 -0.000979909 -0 -0 -0 -0 -0 -0 -0 0.0161588 -0 6.64758e-05 -0 -0 -0 -0 -0 -0 -0 -0 -0.011399 -8.44101e-06 0.00175134 -0 -0 -0 -0 -0 -0 -0 -0 -0 -0 -0 -0 -0 -0 -0 -0 -0 -0 -0.00112794 -0 0.000188158 -0 -0 -0
0.0366798 0.0356471 0.00160941 -0 0.0236286 0.0100023 -0 0.00566037 -0.0162469 0.042477 0 0.0298759 0.0107817 0.130839 -0.0027648 0.047446 -0 -0.00490809 0.00764444 0.073537 -0 0.00461325 -0 -0 -0 -0 -1.87122e-06 -0 -0 -0 -0.016521 -0 -0.000721271 -0 -0 -0 -0 0.0125121 -0 -0 -0 -0.0025301 -0.000103474 0.0373838 0.00940623 -0.00554693 0.00216608 -0 0.0301448 -0 -0 -0 0.0353181 -0 -0 -0 0.000170244 -0 -0 0.0265138 -0 0.00632473 -0 -0 -0 -0 0.0149211 0.0058769 6.16537e-07 -0 0.0221879 -0 -0 -0 0.0213438 -0 -0 -0.00366288 0.0173561 -0 0.000227944 0.00555153 0.0238096 -0 -0.00533933 -4.03802e-05 -0 -0 -0.0137992 -0 -0.000377677 0.058219 -0 -0 0.00751938 -0.000455725 -0 -0.00535531 -0 -0.0012516 -0.0146107 -0 -0 0.00143982 0.0158367 -0 -0 -0 -0 -0 -0.0153663 -0 0.00660736 0.01845 0.0145727 0.00420923 0.00714138 0.00965721 -0 -0 -0 -0.00686117 0.0100693 -0 0.0380487 -0 -0 -0 -0.0183888 0.00358445 0.0325699 -0 -0 0.00105283 -0 -0.00151516 0.00899734 0.00109215 -0 -0 -0 -0 -0 -0 0.179109 -0 -0.00437866 0.0220367 -0 -0.00667584 -0 -0 -0 0.000591414 -0 -0 -0 0.00518178 -0 -0 -0 -0 -0 -0 -0 -0 -0.000231328 0.0143603 -0 -0.0010305 -0.0126444 -0 -0 -0 0.000529646 -0 -0 -0 -0 -0.00485314 0.000249997 -0 -0 -0 -0 -0 -0 -0 -0 -0 -0 0.000970294 -0 -0.000732191 -0.000462893 -0 -0 0.0206422 -0.0046361 -0 -0 -0 -0 -0 -0 -0 -0 -0 -0 -0.0127845 -0.0016346 -0 -0 -0 -0 -0
0.0435835 0.0579383 -0 -0.00214995 0.0394675 -0 -0.0117035 0.0177826 -0 0.0144598 0.0298759 0 0.0447028 0.0256426 0.0242802 0.0395174 -0 -0.0158105 -0 0.0176912 -0.000977319 0.0311945 -0.00452876 -5.3343e-05 -0 -0 -0 -0 0.0314586 -0.00330164 -0.00187532 -0.00157294 -0.017659 -0.000572566 -5.03346e-05 -0 -0.0014563 -0 -0.00744334 -0.000545115 -0 -0 -0.00785604 0.000172177 0.00417124 -0.00127671 -0 -0.00222229 0.000126223 -0 -0.00420513 -0.00245662 0.0382006 -0.00172967 -0.000603431 -0 -0 -0 -1.83912e-05 0.00888233 0.000374758 0.015725 -0 -0 -0 -0.000670814 0.0320231 -0 0.000770912 -0 0.000403117 -0 -0.00583924 -0.0031634 -0 -0.000172553 -0.000329565 -0 -0 -0 -0 0.00132574 0.0198789 -0 -0.00275218 -0.000403597 -0 -0.000811729 -0 0.0049325 -0 0.0441492 -0.000514469 0.00919761 -0 -0.00127491 0.0115095 -0.002482 -0.0115192 -0.00289969 -0.00092888 0.000148765 -0 -0 -0 -0.000532676 -0.000670276 -0.00643539 -0 0.00478109 -0.00688696 -0 -0 -0 0.0167644 -0 -0 0.0172019 -0.002217 -0.000889863 -0 -0 -0 -0.00096987 -0 -0.000170447 -0.000289259 -0 -0.00290397 -0 0.0347245 -0 -0 -0 -0.00108518 -0 0.0168536 -0 0.000399556 -0.000563422 -0.00104401 -0.000656921 -0 -0 0.0172318 -0 -0 -0 -0 -0.000474811 0.0194975 -0 -0.00316031 -0 -0 -0 -0 0.0151384 -0 0.019876 -0 -0.00086226 0.00117859 -0 -0 -0 -0.000814757 -0 -0.00198832 -0.00254027 -0.00052021 -0 -0 -0.000258199 0.00215279 -0 -0.00346317 -0 0.00117248 -0.00304386 -0 -0 -0 0.00186017 -0 -0 -0 -0 0.000301001 -0 -0 0.0141053 -0.00414562 -0.000714557 -0 -0 -0 -0 -0.000136589 -0 -0 -0 -0 -0.00119829 -0.00102599 3.90009e-06 -0 -0 -0 -0 -0 -0 -0 0.0014641 -0 -0
0.0130635 0.0291016 -0 -0.00508169 0.00889081 -0 -0.000175466 -0 -0 0.0160381 0.0107817 0.0447028 0 0.0330916 0.015897 0.0497092 -0 -0.0215453 0.00225819 0.0331508 -0.0037753 0.0433344 -0 -0 -0 -0 -0 -0 0.0166509 -0 -0.0277522 -0.0182979 -0.00253029 -0 -0 -0 -0 -0 -0.0144762 -0.0126305 0.00123886 -0 -0.0178693 -0 0.00472466 -0.00968028 -0.000204431 -0.00818156 0.000132534 -0.00264567 -0 -0.00765062 0.0460306 -0 -0 -0 -0.00153391 -0 -0 5.18361e-05 -0 0.016547 -0 -0 -0.000135216 -0 0.0212471 -0.00129323 0.0116402 -0 -0 -0 -0.00221294 -5.14155e-07 0.000723787 -0 -0 0.00175645 0.000805195 -0 -0 -0 0.0104622 -0 -0 -0 -0 -0 -0 0.015934 -0 0.0414712 -0.00194086 0.00198102 -3.46634e-05 -2.91836e-05 0.00144989 -0 -0.000728839 -4.02289e-05 -0 -0 -0 -0 0.000440682 -0.00116666 -0 -0.00212649 -0 0.0150072 -0 0.000617985 -0 -0 0.0218305 0.00984701 -0 0.00241604 -0 -0 -0 -0 -0 -0 -0 -0.00225179 -0.00199943 -0 -0 -0.000455951 0.0288672 -0 -0.00345475 0.00197843 -0.00100774 -0 0.0149156 -0 0.0133516 -0 -0 -0.0042713 -0 -0 0.0107302 -0 -0 0.00410623 -0 -0 0.0306434 -0 -0 -0 -0 -0 -0 0.00720724 -0 0.028204 -0 -0 -0 -0 -0.00314412 -0 -0 0.00100454 -0 -0 -0 -0 -0.00638023 -0 -0 -0 -0 -0 3.6402e-07 -0 -0 -0 -0 -0 -0 -0 -0 -0 -0 0.000635459 -0 0.000192517 -0.00211999 -0 -0 -0 -0 -0 -0 -0 -0 -0 -0 -0 -0.0100987 -0 -0 -0 -0 -0 -0 -0 -0 0.00192409 -0 -0
0.0316479 0.024004 -0 -0 0.0140392 0.00341489 -0 -0 -0.0197165 0.0051283 0.130839 0.0256426 0.0330916 0 -0.0993567 0.0297783 -0 -0.00269344 0.00733248 0.036226 -0 0.0267991 0.00627167 -0.000546398 -0.0181029 -0 -0.00590501 -0.0173152 -0 0.000123316 -0.0136603 -0.000732835 -0 -0 -0 -0 -0 -0 -0.000128284 -0.0144715 -0 -0 -0 0.067758 0.0055373 -0.00902493 -0 -0 0.0437648 -0.00062778 -0 -0 0.0345288 -0 -0 -0 -0 -0 -0 0.0181837 -0.000521794 0.00254783 -0 0.000539298 -0 -0 0.00339795 -0 -0.00961935 0.00233261 6.66378e-05 -0.00129489 -0 -0 0.0222384 -0 -0 -0 0.0389101 -0 -0 0.00093646 0.0296653 -0 -0 -0.0022411 -0 -0 -0 -0 -0.0116846 0.0346117 -0 -0 -0 -0.00767434 -0 -0 -0 -0 -0.0013655 -0 -0 -0 0.00205896 -0 -0 -0 -0 0.00217728 -0.0010188 -0 -0 0.000793198 0.0103478 0.0160168 -0 0.00571917 -0 -0 -0 -0 0.000455136 -0 0.0318942 -0 -0 -0 -0.0207816 -0 0.0197503 -0 -0 -0 -0 -0 0.000915701 -0 0.0358414 -0.00150228 0.00151556 -0 -0 -0 0.0638822 -0 -0.00118232 0.0209021 -0 -0.00132502 0.00111702 -0 -0 -0 -0 -0 -0.00017092 0.00607729 -0 -0 -0 -0 -0 -0 -0 -0 -0 -0 -0 -0 -0 -0 -0.00071023 -0 -0 -0 -0 -0 -0 -0.00663486 -0 -0 -0 -0 -0 -0 -0 -0 -0 -0 -0 0.0011106 -0 -0 -0 -0 -0 0.0102678 -2.87887e-07 -0 -0 -0 -0 -0 -0 -0 -0.00377745 -0 -0 -0 -0 -0 -0 -0 -0 -0
0.00334054 0.00759516 -0 -0 0.0421229 -0.000771967 -0.0224245 -0 0.0203662 0.0124272 -0.0027648 0.0242802 0.015897 -0.0993567 0 -0 0.00167895 -0.000281737 -0.0110932 -0.0222397 -0 -0 -0.0142437 -0 0.0159092 -0 0.00503196 -0 0.0406454 -0.0162671 0.000762248 -0 -0.00314642 -0.00291373 -0.00288667 0.0143841 -0 0.00735275 -0 -0 -0.00301449 -0 -0.00877531 -0 -0 -0 -0 -0.000307585 -0.00450822 -0 -0.00634879 -0.000595168 0.0172437 0.00293543 -0.00193351 -0.00142411 -0 -0.00158983 -0 0.00281597 0.0214911 -0.000833813 0.00388845 -0.0132406 -0 -0.00324235 -0 0.0117766 1.02063e-05 -0.00238585 0.00215511 -0 -0 -0 -0.0264133 -0.00118708 -0.0030902 -0.00441773 -0.0455645 -0 0.00329682 0.0178398 -0 -0 -0.0070026 -0 0.000389312 -0.00366195 -0.00303426 -0 -0 0.00297342 -0 -0 -0 -0.00285554 0.0192795 -0.0153885 -0.00690379 -0.0038084 -0.00194034 0.00545141 -0 -0 -0.00527944 -0 -0 -0.000466712 -0 -0.00107118 -0 -0 -0.000506222 -0 0.0534055 -0.000905058 -0.00222104 0.0148473 -0 -0.00273796 -0 -0 -0 -0.0024424 -0.0340736 -0 -0 -0.00115186 -0.00206715 -0 -0 -0 -0 -0 -0 -0 0.00243074 -0 -0.00127686 -0 -0.0161813 -0 -0 -0.00190656 -0 -0 -0 -0 -0 -0.00103155 -0 -0 -0.00788013 -0 -0 -0 -0 0.00901911 -0 -0 -0 -0.0163479 -0 0.000184049 -0 -0 -0.0041471 0.0188542 -0.00434207 -0.0033534 -0.00731601 -0 -0 -0.00798181 0.0166751 0.00758838 -0.00605183 -0 0.00839085 -0.00195395 0.00309816 -0 0.0017722 0.00235496 -0 -0 -0 -0 0.00190369 -0 -0 0.00858361 -0.00170793 -0.00379042 -0 -0.00416553 -0 0.000475126 -0.00575285 0.000854734 -0 8.96112e-05 -0 -0.00350913 -0 0.00306516 -0 -0 -0 -0.00175915 -0 -0 0.00149507 -0 -0 -0
0.0138281 0.0352626 -2.03868e-05 -1.88398e-05 0.0108996 0.00440225 -0.00934361 0.00279133 0.00626505 0.0448881 0.047446 0.0395174 0.0497092 0.0297783 -0 0 -0 -0 0.0369775 0.0476163 -0 0.0560857 -0 -0 -0 -0 -0.000659781 0.0137362 0.0463196 -0.0193998 -0.0160984 -0.00588953 -0.00904176 0.0139141 0.00125892 0.0054115 -0 0.000387969 -0 -0 0.00548096 -0 0.00127851 -0 0.0103027 -0.00397855 -0 -0 0.00797186 -0 -0 -0 0.0178731 -0 0.00736946 -0 -0 -0 -0 0.00337255 -0 0.0640889 -0 -0 0.000642138 0.00783135 0.0205391 0.000274816 0.0415195 -0 -0 -0 -0 -0 -0 0.00630965 -0 0.00481811 -0 -0 -0 -0.00157752 0.00357437 0.000784792 0.00515922 0.000650041 -0 0.0062151 0.0074895 0.0029964 0.010652 0.0603965 -0 0.0137329 -0 0.000247585 -0 0.000237982 -3.41896e-05 0.000302161 0.00598531 -0 -0.00108838 -0 0.00126462 -0.00508012 -0 -0 -0 0.0130143 -0.00894306 0.0341586 0.000741116 -0 2.76325e-05 0.00538048 0.00221953 -0.000442086 -0 0.00228371 0.0272021 -0 -0 0.00118269 -0 -0 -0 7.51219e-05 0.00309323 -0 0.0626616 -0.00020651 -2.22055e-05 0.00194273 -0 -0 0.0284436 -0 0.00249165 0.00213667 0.00847601 -0 -0 -0 0.0312893 6.58297e-05 -0 0.0113481 -0 0.00133031 0.0146593 -0.0324845 -0 -0 -0 -0 -0 -0.000400828 -0 0.0179143 -0 -0 0.00385104 -0 -0 -0 0.00200949 0.021461 0.00404022 -4.45165e-05 0.00666638 7.14906e-05 -0 -0 -0 -0 -0 0.00568143 0.0133052 0.00467788 -0.00302132 -0 -0 -0.00643995 -0 -0.000107706 -0 -0 -0.00142698 -0 -0 -0 0.000462286 0.00345772 -0 0.00351069 -0 -0 0.00689099 -0 0.00579569 -0 -0 0.00087184 -0 -0.00150202 -0 -0 -0 0.00269042 -0 -0 -0 0.000131608 -0 -0
0.000468955 -0 0.0161435 0.0264969 0.00920973 0.00494762 -0 0.00620798 -0 -0 -0 -0 -0 -0 0.00167895 -0 0 0.00798569 -0.0017173 -0 0.00542717 -0 -0 7.76874e-05 0.00476308 0.00956981 0.033359 0.00168961 -3.659e-05 -0 0.0122416 0.0228228 -0 -0 -3.40054e-05 -0 0.0112975 0.0111284 0.025764 0.0183735 -0 -0.0253419 0.00283333 -0 0.0119027 0.0320797 0.0320779 0.0107653 -0 0.0103158 -0 -0 -0 -0 -0 -0 0.0230995 -0 0.0104254 0.00615566 0.000485355 -0.00428683 -0 -0 0.00953763 -0.00935443 -0.0031613 0.0211347 -0.000796701 0.00103131 0.00852798 0.00374741 0.0126095 0.0074826 -0 -0 -0 -0.0162651 -0.00019329 -0.00602715 0.0272037 0.0266303 0.000194386 0.0054063 -0.00796208 0.000952562 0.0223751 -0 -5.00556e-05 -0 -0 0.00234174 0.0162944 -0.0024068 0.00619082 -0 0.000757636 -0 -0 -0 -0 0.00209037 -0 0.0101299 -0.0090461 0.0288014 0.00895899 0.00535908 0.02357 -0.00921066 -0.000179065 -0 0.00344946 0.0236937 0.0048244 -0 -0.0147726 0.0053179 0.00155513 -0 -0.000251506 -0.00113779 0.00567859 -0.00124071 -0.000189546 0.0158738 0.0102488 -0 -0 0.00341699 -0 -0 0.00910803 -0 0.010387 -0.0210886 -0 0.0104946 -0 -0 -0.00601549 0.0154155 -0 -0 -0 -0 -0.0301781 -0 -0 -0 -0.00613802 -0.0111197 -0 0.00125915 -0 -0.000825551 -0 0.0102365 0.00146562 -0.0121508 -0 -0 -0 0.00118908 0.00444045 0.000413996 -0.00267078 -0 -0.00543325 -0 -0.00421883 -0 0.00924389 -0.00394165 0.0345672 -0 -0 -0 -0 -0.000409427 0.0110914 0.00366567 0.00390892 0.0014877 -0.0145527 0.00907262 -0 0.00169178 0.00411196 -0.000794486 -0.0051332 0.0110566 -0 -0.0117489 -0.0128412 -0 -0 0.0139 -2.41176e-05 -0 -0 0.00329354 -0 -0.000455834 0.000977491 0.00557844 -0 0.00717613 0.00600275 -0.000884263 -0.021275 -0 0.00179782 -0.00403206 -0 -0
-0 -0 0.0121001 0.0323032 -0 0.016879 -0 0.00110648 0.00315723 -0 -0.00490809 -0.0158105 -0.0215453 -0.00269344 -0.000281737 -0 0.00798569 0 -0.0109765 -0.0073848 0.017771 -0 -0.00691545 0.0157786 0.000108013 0.0417339 0.0143566 0.0139982 -0 -0 0.0556911 0.0191482 0.0109978 0.0123405 0.00116042 0.00071011 0.0315802 0.00177452 0.0232371 0.0239491 -0 -0.00762903 0.0334294 -0 -0 0.0194912 0.0050879 0.0120597 -0 0.0444836 0.00441796 0.00240881 -0.00722837 0.00437502 0.00916525 0.000284334 0.0178656 -0 0.0159904 -0 -0 -0 -0 -0 0.00786529 0.0206708 -0.0020749 0.0171897 -0 0.0112343 -0 0.00574245 0.0160916 0.00469314 -0.0107395 0.0199358 0.000812732 0.00448273 -0.0158566 -0 0.00582048 -0.00803464 -0 0.00385482 0.00691076 0.00935243 0.00525454 0.00960281 0.00783864 -0 -0 -2.54081e-05 0.0170851 -0 0.00666655 0.0368621 -0 0.00912351 0.00657935 0.00941887 0.00623608 -0 -0 0.00532937 -0 0.0143616 0.00587772 0.0261089 0.00727346 -0 -0.000313032 0.00193912 0.0117205 0.000958157 -0.00348418 -0 -0 -0.00961133 0.00856504 0.00388327 -0 -0 -0 -0.0017944 -3.4183e-05 0.0264776 0.0138774 0.00221514 0.00567646 0.012342 -0 -0 0.0145061 -0 0.0172195 -0.00679478 -0.00119732 -0 -0.0120331 0.0175189 -0.000248869 0.0200719 -0 0.00496206 -0.00554778 -0 -0.00464848 -0 7.37615e-05 0.027591 -0.00408617 -0 -0 0.00480213 -0 -0 0.0130134 -0.00429751 0.0123345 -0 -0 -0 -0 0.000165254 0.00649249 0.00628845 0.00228029 0.000231823 -0.0129921 0.00603614 0.00336063 0.00206653 0.0193554 -0 -0 -0 0.00413915 0.00455588 -0 0.0085725 -0.000888173 0.0107924 -0 -0.00655532 -0.000602035 0.00203054 0.00167216 0.0113169 -0.00433903 -0.00712228 -0.00167816 -0.0151468 0.0169294 0.00324996 -0.00283313 0.0112439 0.00161709 -0 0.00631099 -0 -0 -0 -0 0.0012697 0.00295646 -0.00349022 -0 -0 -0 0.00276024 -0.00510489 -0 -0 -8.48325e-05 -0 -0
-0 -0 0.00320746 -0 -0.00305417 0.0125947 -0.0114202 0.00702851 0.00396376 -0 0.00764444 -0 0.00225819 0.00733248 -0.0110932 0.0369775 -0.0017173 -0.0109765 0 0.00888254 -0.00550924 0.0149209 0.0108982 0.00479373 -0.00680792 -0 -0.0195753 0.00464033 0.012988 -0.00413513 -0.0114859 -4.30757e-05 0.0338453 0.031879 -0.000770203 -0 -0.00208798 -0 -0 -0 0.00578458 0.0115175 0.0102685 0.00440291 0.0024958 -0.0175721 -0 -0.00630356 -0 0.00499234 0.0158051 0.00464416 0.0182101 0.0573548 0.0177882 0.00798659 0.0017372 0.000818986 0.00126145 -0.00204309 -0.0188559 0.018216 -0 0.000390906 0.00769357 0.0354864 0.00323838 0.00326486 0.000381223 0.00277918 0.00108038 -0 -0 -0.000500948 -0.0103979 0.0135454 0.00413955 0.0239598 0.00183786 0.000355224 -0 -0.0143099 -0 0.00274047 0.0407553 0.00769336 -0.00187505 0.0457498 0.0175497 -0 0.00889651 0.0358089 0.00339961 0.00297938 -0 0.0128908 -0.00649753 0.0176901 0.0117097 0.029395 0.0170282 -0.027327 -0 7.3611e-06 0.00982058 -0 0.00382566 -0 -0.00941669 0.0233836 -0.000425398 0.0123707 0.0175101 -0 1.18972e-05 0.0148013 0.0283339 -0.0275867 0.014395 0.0340674 0.0105158 -0 -0 0.0204137 0.00343351 -0 -0 0.0157787 0.0280553 0.00860972 0.0137491 -0 -0.00936008 0.0317372 0.00439676 -0 -0 -0.00245016 0.00912586 0.0200478 0.0354026 -0.000509513 1.65194e-05 0.0106918 -0 0.00927603 -0 0.00376693 0.0124384 0.0203824 0.00990087 0.00850283 0.000119408 -0 -0 -0 0.0032035 -0.0134711 0.0010398 0.0106992 0.00478302 0.00331156 0.00559914 -0 0.00822888 0.018251 0.0355831 0.0116766 0.0357419 0.0158237 0.0378939 0.0274189 -0.00656668 0.0176921 -0.00677746 -0 0.0238397 0.0170359 0.000822997 0.0198895 -0.0347666 -0 -0.00180045 -0.0430874 -0 -0.00164447 0.00395914 0.00640397 -0.0344719 -8.01741e-06 -0 -0.00954653 0.0112448 0.0381273 -0 0.0230988 0.0180095 0.00297631 0.0435162 -0.000905446 0.0216428 -0 -0 0.0166845 0.00653306 -0.0262454 -0.0140453 -0.000437753 -0.0011874 -0.00128702 -0 0.000291536 -0.00171201 -0 -0 -0
0.0076016 0.0145472 -0 -0 -0 -8.38771e-06 0.0150091 0.00150939 0.00307832 0.0357715 0.073537 0.0176912 0.0331508 0.036226 -0.0222397 0.0476163 -0 -0.0073848 0.00888254 0 -0 0.0245657 0.0123006 -0 -0 -0 -0 0.00246483 -0 0.00233588 -0.0377744 -0.00649252 0.00165855 0.00306756 -0 0.000377014 -0.00838813 0.00679844 -1.72331e-05 -0.00207983 0.0489773 -0 -0 -0 0.00688769 -0 -0 -0 0.0210124 -0.00087419 0.000813296 -0 0.0143943 -0 0.00810124 -0 -0 0.00128955 -0 -0 -0 0.0192814 -0 -0 -0 0.00652817 0.015587 -0 0.00114716 -0 -0 -0 -0 -0.0094067 0.0407707 -0 0.000230935 0.00997803 0.0369876 -0 -0.00016319 -0.000190078 0.00946999 -0 0.00383571 -0 -0.000439059 0.00841299 0.00809376 0.00340934 0.000432693 0.0819938 -0 0.00602143 -0 -0 -0 -0 -0 -0 0.000305881 -0 -0.000152009 -0 0.00389814 -0.0012299 -0 -0 -0 0.0105266 -0.00531717 0.0174366 -0 -0 0.0213508 0.00215197 0.0133347 -0 -0 0.00225219 0.00750005 -0 -0 0.000883595 0.034408 -0 -0.00812322 6.86342e-05 0.00539088 -0 0.0323429 -0 -0.0054392 0.00102022 -2.30267e-05 -0.000323688 0.0242039 -0 0.0198409 -0 0.00407208 -0 -0 -0 0.0351405 -0 -3.30642e-06 0.00115564 -0 -0 0.0380723 -0 0.00141505 -0.00394997 -0 -0 -0 -0 -0 0.0151591 -0 -0 -0 -0 -0 -0 0.00160525 0.0100165 0.00180102 0.00394489 -0.00203911 -0 -0 0.0139531 -0 -0 -0 0.00124345 0.0108145 0.00160534 -0.00143256 -0 -0 -0.000461124 -0 -0 -0 -0 -0 0.00150363 -0 -0 -0 0.00190606 -2.16386e-05 0.00156085 -0 -0 0.00361375 -0 0.00200572 -0 -0 0.000170272 -0.0161952 -0.000459535 -0 -0 -0 0.00847586 -0 -0 -0 0.00221476 -0 -0
-0 -0 0.00604996 0.0151411 -0 0.0141045 0.00095622 0.00986999 -0 -0 -0 -0.000977319 -0.0037753 -0 -0 -0 0.00542717 0.017771 -0.00550924 -0 0 -0 0.00012447 0.00225077 0.012979 0.000569061 0.0134495 0.00125634 -0 -0 0.00876724 0.0244962 0.00940857 0.00631876 0.00231431 -0 0.0114609 0.00600736 0.0193124 0.0244832 0.000419718 -0.0139261 0.0173975 -0 0.00738912 0.0152964 0.0104406 0.0141074 -0 0.0310016 0.00104099 0.000859088 -0.000240478 0.00458655 0.00237691 -0 0.00802715 -0 0.00400559 0.005904 -0 0.00295201 -0 -0 0.0185638 0.00270511 -0 0.00739488 -0 0.00367805 -0 0.00176755 0.0199631 0.0106883 -0 0.0163747 0.00113919 0.00127958 -0 -0 0.0185509 -0 -0 0.00708423 -0.00120962 0.0190516 0.00494423 0.00535382 0.00148426 -0 -0 -0 0.0093898 -0 0.0164336 0.00324877 -0 0.00177122 0.00789386 0.00769193 0.0022743 0.00390663 -0 0.0007324 -0 0.0146337 0.020714 0.00684197 0.00926961 -0 -0.0023446 0.000670568 0.0167651 0.0197699 -0 -0 -0 -0.00113973 0.000520787 0.00268683 -0 -4.04162e-05 0.000825529 -0 -0 0.0107587 0.0201497 -0 0.00125625 0.011805 -0 -0 0.0190467 -0 0.0183825 -0.00595586 -0 -0 -0 0.00488672 0.00145336 0.0126888 -0 0.00709999 -0 0.00856593 -0.00630396 -0 0.000610925 0.0069677 -0.00948659 -0 -0 0.0095557 -0.00104834 -0 0.00392386 -0.000855275 0.012779 -0 -0 -0 -0 -0 0.0167739 0.000830634 0.000208388 0.000941157 0.000749954 0.00773491 -1.43654e-05 0.00121947 0.0315854 -0 0.00722832 -0 0.00283074 0.00411602 -0 0.000980112 -0 0.00115275 -0 -0 -0.00395155 0.000704947 0.000406283 0.0074424 -0.00026819 -0 -0.00343964 -0.00062147 0.0058675 2.87615e-05 -0.0043495 0.00419849 0.000394855 0.00015552 0.00219424 -0 -0 -0 -0 0.000582405 0.0212758 -0.0021436 0.00166896 -0 -0 -0 -0.00475994 -0.0137713 -0 -0 -0 -0
0.00716892 0.0377876 -0 -0 0.0121492 0.00187815 -0.0433888 0.00181732 0.0206731 0.0147254 0.00461325 0.0311945 0.0433344 0.0267991 -0 0.0560857 -0 -0 0.0149209 0.0245657 -0 0 -0.0148475 -0 0.000408679 -0.00168039 -0.00117258 -0 0.00336467 -0.0156505 -0.038804 -0.000984937 0.00108132 0.00190278 0.00306322 0.0128129 -0 0.00278004 -0.00396347 -0 0.00282372 -0 -0 -0 0.0148539 -0.00898462 -0 -0.00514713 -0 -0.00532218 -0 -0 0.00666655 -0 0.00379018 -0 -0 -0 -0.000778357 -0 -0.0019415 0.0219797 -0 -0 -0 0.00588882 0.0157786 -0 0.00183208 -0 -0 -0 -0 -0 -0 0.000417435 -0 0.00590876 2.17543e-05 -0 -0 -0.000555665 0.00627522 -0 0.00306564 -0 -0.00101867 0.0109898 0.00566478 -0 -0 0.0504291 -0 0.000601932 -0 -0 -0 0.000803142 -0.0201276 0.000699074 0.00155336 -0 -0 -0 0.000193779 -0 -0 -0 -0 0.0145944 -0.00280709 0.000391127 -0 -0 0.00338952 0.0354495 0.00195915 -0 -0 0.000616932 0.0238402 -0 -0 -0 -0 -0.00405339 -0 -0 0.00443832 -0 0.0363557 -0 -0 0.00744966 -0 -0 0.0263316 -0 0.00592855 0.00041058 0.00352629 -0 -0 0.00215535 0.000191987 0.00055801 -0 -0 0.000907298 -6.92799e-06 0.0206893 -0 -0.00720506 -0 -0 -0 -0 -0 -0 0.0277779 -0 -1.06981e-05 0.00481723 -0 -0 -0 0.0014838 0.00658634 0.00130556 -0 0.00267218 -0 -0 -0 0.00611999 -0 9.74089e-05 0.0113068 0.00669956 0.00216448 -0.000172551 -0 -0 -0.00017858 -0 -0 -0 -0 -0.000438335 -0 -0 -0 0.000794593 0.00176253 -0 0.000553957 -0 -0 0.00215154 -0 0.00666173 -0 -0 -0 -0 -0.000233664 -0 -0 -0 0.00168919 -0 -0 -0 0.000613557 -0 -0
-0.00373689 -0.0229695 1.33974e-05 -0 -0.00581891 0.00438637 0.257777 -0 0.000499135 -0 -0 -0.00452876 -0 0.00627167 -0.0142437 -0 -0 -0.00691545 0.0108982 0.0123006 0.00012447 -0.0148475 0 0.00344571 0.00177255 -0 -0 -0.0160402 -0.00847739 0.15038 -0.000301523 -0 0.00797204 0.00758364 0.000932859 -0 -0 0.000228233 0.00231746 -0 0.00875769 -0.00045569 0.00630861 -0.00596317 -0 -0 -0 0.00678037 -0 -0 0.0362731 0.0201091 -0.00179745 0.00678113 0.00440696 0.000108882 0.00118065 0.0191858 -0 -0.00347566 -0.00572971 -0 -0 0.0159065 0.00718776 -0.000555417 0.000511255 -0 -0 0.0120829 -0 -0 0.00159728 0.00871092 0.0213835 0.00563754 0.0186906 -0.0142855 0.0115294 -0 -0.00542042 -0.00626808 -0 0.00161648 0.00700073 -0 -0 0.00637485 0.00126773 -0 -0 -0 0.00194117 -0 0.000869947 0.0107006 -0.0109849 0.00551518 0.012665 -0.00717519 0.00350263 -0.00180133 -0 -0 -0 -0 -0 0.00447573 0.0035516 0.000759113 -0 -0 -0 -0 -0.00621779 -0 -0 -0.0123798 -0 0.0112983 0.00170124 -0 0.00104403 0.0220176 0.0434406 0.000799466 -0 0.0100022 0.00824073 0.00329197 -0 -0 0.00344593 -0 0.00204168 -0 -0.00679979 -0 0.000455547 0.00546847 0.0218387 0.00343596 0.00434782 -0 -0 0.00595988 -0 0.0298422 -0 0.00833351 -0 -0 0.107719 -0 -0 -0 -0 -0.00587886 -0 -0 -0 0.0234689 -0 -0 0.00174946 0.00069408 0.00431053 -0 0.00491455 0.00581937 -0.000101154 6.11194e-05 0.00121662 0.0165647 -0.00271192 -0.00884216 0.00386929 0.00216568 -0 0.00590245 -0.00685967 -0 -0 -0.00337486 -0 -0 -0 0.00735871 -0.00184017 -0.00513861 -0 -0.0128781 -0 -0.000799481 -0 0.00445913 0.000845052 -0 0.000219279 -0 -0 -0 -0 0.00267889 -0.0228878 -0.00306577 -0.00183826 -0 -0 -0 -0 -0 -0 -0.00887614 -0 -0
-4.5672e-05 -0 0.004399 0.00737242 -0.000240666 0.00712476 0.00287561 0.00544114 0.00113962 -0 -0 -5.3343e-05 -0 -0.000546398 -0 -0 7.76874e-05 0.0157786 0.00479373 -0 0.00225077 -0 0.00344571 0 0.000830186 0.012323 -0 0.00188515 -0 0.000650787 -0 0.00729303 -0.00369753 0.0425893 0.00679605 0.00921407 0.0168994 0.00122365 0.0162729 0.0059402 -0 -0.000202271 0.021612 -0.00966739 0.0066473 0.00751111 -0 0.0225367 -0 0.0063322 0.00328571 0.00766542 -0.000785018 0.0187894 0.00523132 -0 0.00535951 -0 0.0014568 -0.0129408 -0 0.00106944 -0 -0 0.0321146 0.00695203 -0 0.00315088 0.000240805 0.00636131 -0 0.00733826 0.020651 0.0024482 -0 0.0171131 0.0029937 0.00430137 -2.52146e-05 -0 0.00179848 -0.0104896 -0 0.0214495 0.00563667 0.00934044 -0 0.00904833 0.00451856 -0 -0 -0 0.0083179 -0 -3.34789e-05 0.0207335 -0.00402127 0.00417183 -0 -0.000309962 0.00466929 -0.00178549 -0 -0 0.00117736 0.00290517 0.00142605 0.00487014 0.00994872 0.00174713 -0 0.00253146 0.00401616 -0 -0.00765551 -0 0.00166323 -0.00570775 0.00264933 0.0070495 -0 -0 -0 0.00163052 -0 0.0142075 0.00916169 0.00216552 0.00439568 0.016702 -0 -0 0.00198962 -0 0.0137363 -0.00534319 -0.00194425 -0 -0 0.0272974 0.00548154 0.0035193 -0 0.000729463 -0 0.00136513 -0.000430972 -0 0.00044923 0.0404251 -0.00885457 -0 0.00231112 -0 -0 -0 0.0180405 -0.0115673 0.00448802 0.000363837 -0 0.000931927 -0 0.00126336 0.0115872 0.000690763 0.00241358 0.00150812 0.000669201 0.00472713 0.00350457 0.00141852 0.00301712 0.000674789 -0.000717848 -0 0.00577861 0.00338371 -0 0.00893552 -0.00405657 0.00522576 -0 -0.00701933 -0 -0 0.00195101 0.0060909 -0.00241847 -0 -0 -0.0236851 0.00151537 0.00541561 -0 0.0117109 -0 -0.0096224 0.00435304 -0 -0 -0 -0 0.00368893 -2.03201e-05 -0.00613497 -0 -0 -0 -0.00523347 -0.000379806 0.00243079 -0 -0.0172121 -0 -0
0.0137731 -0 0.0119914 0.0165216 0.0100295 0.00435134 0.00358931 0.00902376 -0 -0 -0 -0 -0 -0.0181029 0.0159092 -0 0.00476308 0.000108013 -0.00680792 -0 0.012979 0.000408679 0.00177255 0.000830186 0 -0.0238269 0.00111347 0.00494213 0.000163783 0.000292073 -0 0.00560528 0.00780837 0.00610409 0.00222002 -0 0.00424451 0.0430845 0.00317655 0.00876834 0.00323129 -0.0279134 0.0249585 -0.00145395 0.0202409 0.000639676 0.0373012 0.00301138 -0 0.0104317 0.00861831 0.000325259 -0 -0.000670409 0.000744463 -0 0.00500121 0.000356077 -0 0.0159851 -0 0.000169147 -0 -0 0.0119167 0.00362419 -0 0.0207718 -0 0.00232962 -0.0125538 -0 0.00326897 0.0365818 -0 0.0308978 0.000518164 0.00213039 -0 -0 0.0225773 -0 -0 0.010018 0.00568538 0.00331435 -0 0.0171465 0.00152365 -0 0.000569107 0.00803907 0.00452953 -0 0.0516848 0.000423462 -0 0.0013383 0.00848139 0.00708043 0.00282846 0.0317788 -0.00481808 1.69247e-05 -0 0.0113843 0.00453139 -0 0.0165777 0.000224143 -0.0280831 0.000396642 0.0214364 0.00723476 -0 0.00346202 -0 -0 -0 0.00154121 -0 -0.000138534 0.000165984 -0 -0 0.00308367 0.0040828 -3.99794e-05 0.00171913 0.0202969 0.000498805 -0.000126764 0.040365 0.00160521 0.0264235 -0.00799969 0.0202442 -0 -0.0037096 0.00278255 0.00203865 0.0059394 -0 0.0163566 -0 0.0366128 -0.0106713 0.00146057 0.000683764 0.00553013 -0 -0 0.000485732 0.022282 -0.00255418 -0 0.00115621 -0 0.00773229 -0 -0 -0 -0 -0 0.0221007 -0 0.001385 0.00991292 0.00212215 0.00319066 -0.0031913 0.00418101 0.051233 -0 0.00602802 -0 0.00176183 0.0251677 -0 0.00205746 4.33338e-05 -0 -0 -0 -0.00365139 -0 0.000206627 0.00286106 -0 -0 -0.00233387 -0 0.00346704 0.000415214 -0.00587932 0.00291081 0.000468626 -0 0.00774427 -0 -0 -0 -0 0.00088735 0.00665002 -0.000741586 -0 -0 -0 -0 -0.00537864 -0 -0 -0 -0 -0
