0.913541 -0.0467497 -0.0124656 0 -0.0452658 0 0.0142427 -0.0021171 0 -0.0281706 -0.0301235 -0.039361 -0.0117516 -0.0258827 -0.00282234 -0.0119723 -0.000434586 0 0 -0.00651637 0 -0.00607675 0.00325274 4.08945e-05 -0.0122665 0 0 0 -0.00184985 0.00318209 0 0 0 0 0.000147962 0 0 -0.0137303 0 0 0 0.000981641 0 -0.0147471 -0.0037221 0 -0.000777834 0 -0.0141636 0 0.000428013 0.00395337 -0.027909 0 0 0 0 0 0 -0.057966 -0.000258115 0 0 0 0 0 -0.00129002 -0.00161469 0 0 0 0 0 0 0 0 0 0.000618208 0 0 -0.00288081 -0.00421175 -0.0434687 0 0.00444134 0 0 3.78222e-07 0.00180021 0 0 -0.0365482 0 0 -0.00205879 0.00108047 -0.0113288 0.00541629 0 0 0.000541088 -0.00905823 0.00119976 0 0 0 0 0 -0.000152522 0 0.0129365 0 -0.00622562 -0.00667382 -0.0107264 0 0 -0.0162242 0 0.000183361 0 0 -0.00855092 0.000529284 0 0 0 0.000342141 0.00315714 0 -0.0209848 0.00723314 -0.00913114 0 -5.73546e-06 0.000355654 -0.00965108 0 0 0.000726007 0.00072481 0 0 0 -0.00854245 0 0.00104214 0 0 0 0 0 0.00289532 -0.0143625 0 0 0 -0.0101785 0 0 0 0.00393019 0 0 0 0 0.000157112 0 0.000711898 0 0.00250685 0 0 0.000998931 -0.000406044 -4.48273e-05 0 0 0 0.000727796 -0.00148387 0 0 0 0 0 0 0 0 0 0 -0.00481752 0 0.000694204 0.000840946 0 0 -0.0103406 0.000984883 0 0 0 0 0.000150322 0 0 0 0 0 0.000519139 0.00016336 0 0 0 0 0
-0.0467497 0.88486 -0.000376624 0 -0.0394921 0 0.0298445 -0.0132 0 -0.0196283 -0.0288122 -0.0514971 -0.0257648 -0.0193206 -0.00631542 -0.0300472 0 0 0 -0.012273 0 -0.0315239 0.0196772 0 0 0 0 0 -0.0386243 0.023448 0 0 0 0 0 0 0 0 0 0 0 0.00104321 0.0070195 0 -0.0140417 0 0 0.000708474 -0.00959147 0 0 0 -0.0397863 0 0 0 0 0 0 -0.0105232 0 -0.0150762 0 0.00312397 0 0 -0.0130055 0 -0.000550078 0 0 0 0 0 0 0 0.000349381 0 0 0 0 -6.99671e-05 -0.0151497 0 0 0 0 0 0 -0.0173749 0 -0.0237831 0 -2.71731e-05 0 0 -0.00265719 0 0.0121094 0.000115245 0 -0.00100998 0.00396107 0 0 0 0 0 0 -0.0218799 0.0168991 0 -0.0152178 0 -0.00355023 0 -0.0036187 -0.00188605 0 0 0 0 0 0 0 0 0 0 0 0 -0.02664 0.002488 0 0 0 0.00300252 -0.0305834 0 -0.00014304 0 0 0 0 0 -0.015457 0 0.00182314 0 0 0 -0.00917833 0 0.0156412 0 0 0 0 -0.00741894 0 -0.0162128 0 0.00454821 0 0 0 0 0 -0.000576009 0 0 0 0 0 0 0 -0.0204603 0 0 0 0 0 0 0 0 0 0 0 0 0 0 0 -0.000371415 0 0 0 0 0 0 0 0 0 0 0 0 0 0 0 0 0 0 0.00108023 0 0 -0.000589556 0 0
-0.0124656 -0.000376624 0.915604 -0.0257418 -0.00377029 -0.0477026 -0.000327742 -0.0392974 0 0 -0.00132323 0 0 0 0 1.76708e-05 -0.0149772 -0.0107887 -0.0027391 0 -0.00543464 0 -1.16748e-05 -0.00394329 -0.0106918 -0.00329351 -0.00503221 -0.00284013 0 -1.04945e-05 -0.00351296 -0.0158375 -0.00055741 -0.0043658 -0.000452799 0 -0.00901523 -0.0186656 -0.0107504 -0.00605247 0 0.0178403 -0.0289083 0 -0.0105223 -0.00360698 -0.0334182 -0.0138975 0 -0.0103969 -0.004052 0 -0.0112649 -0.00140542 -0.000281449 0 -0.00756443 0 -0.00296113 -0.0048364 0 0 0 0 -0.0149898 -0.00212329 0 -0.0177351 0 -0.0250675 0 -0.00169388 -0.00571409 -0.0121137 0 -0.00620588 -0.000444583 0 0 0 -0.0311278 0 -0.00649315 -0.0153041 0.00116199 -0.00812023 -6.13215e-05 -0.0029215 0 0 0 -0.00440453 -0.0109684 0 -0.00681298 -0.00360819 0 -0.00120108 -0.00112604 -0.000358854 -0.000709232 -0.00413145 0 -0.00249019 0 -0.0208105 -0.0074519 -0.00231557 -0.0139588 -0.000121732 0.00327019 0 -0.0131294 -0.0122717 0 0 0 0 -0.000887368 -0.00400768 0 0.00105381 -0.00443693 0 0 -0.00544116 -0.0123226 0 0 -0.00877509 -0.00167549 0 -0.0266998 0 -0.0096301 0.00817456 0 -0.00038485 0 -0.00233456 -0.000287599 -0.00425421 -0.000400089 -0.00166384 0 -0.00415764 0.0137484 -7.67505e-05 -0.00094653 -0.00543666 0 0 0 -0.00272673 0 9.8534e-05 -0.00189973 0 -0.0139037 0 0 0 0 -0.000331403 -0.00967758 -0.000804034 0 -0.000271866 0 -0.00251639 0 -0.00241501 -0.0159676 0 0 0 -0.00320205 -0.00207406 0 -0.000514733 0 -0.00101356 0 0 0.00751185 -0.000659041 -0.000949764 -0.0106097 0 0 0.00320248 0.000580407 -0.000894425 0 0.00516828 -0.00182969 -0.00120795 -0.000168468 -0.00085767 0 0 0 0 0 -0.00158933 0.000967781 0 0 0 0 0.006187 0 0 0.000426578 0 0
0 0 -0.0257418 0.898169 -0.00374383 -0.0184174 -0.000538955 -0.0108282 0.00914515 0 0 0.00192525 0.00453274 0 0 1.61736e-05 -0.0243475 -0.0285266 0 0 -0.013471 0 0 -0.00654545 -0.01459 -0.0317465 -0.00995693 -0.0147347 0 -0.00121178 -0.0121659 -0.0368974 -0.00061975 -0.00415218 0 0 -0.00910649 -0.0367353 -0.0185276 -0.0150215 0 0.010442 -0.0210463 0 -0.0229768 -0.00984716 -0.0467333 -0.0258865 0 -0.0254449 -0.00188263 -0.00358788 0 -0.00290815 0 0 -0.0182996 0 -0.00531669 -0.00126135 0 2.34238e-05 0.00195805 -0.0081947 -0.0163419 0.00516194 0.00470091 -0.0232184 0.00477511 -0.00750486 -0.010804 -0.00172689 -0.0113245 -0.0338276 0 -0.00565008 -0.000567577 0.021594 0.00532471 0 -0.0243081 0 0 -0.0179717 0 -0.0086008 -0.0115715 0.00203441 0 0 0 0 -0.017479 0.00167569 -0.0141515 -0.00810067 0.002862 -0.00193218 -0.000519616 -0.000930155 -0.00100773 -0.000551798 0 -0.00538908 0 -0.112422 -0.0165348 -0.0112776 -0.021338 0 0.000880602 0 -0.0167612 -0.0210012 0 0 0 0 -0.004482 0 0 -8.67295e-06 -0.00951753 0 0 -0.0200109 -0.0330038 0 0 -0.0268467 0 0 -0.0211103 0 -0.0286998 0.0102708 0.00886713 -0.0016629 0.00833226 -0.00198371 0 -0.00898419 0 -0.000913286 0 -0.00569574 0.0100061 0 0 -0.014316 0.0145311 0 0 -0.00218048 -6.40481e-07 8.74014e-05 -0.002964 0 -0.024069 0.00907789 -0.000116153 0 0.00183738 -0.00230683 -0.00960858 -0.00209873 0 0 0.0123076 -0.000620956 0.0160407 -0.00161184 -0.0169813 2.32173e-05 -0.00225462 0 -0.00439858 -0.00348087 0 0 -0.0140187 -0.00341392 -9.01043e-05 0.000668032 0.00411567 -0.0159936 -0.00201111 -0.00624416 0 0.01251 0.00376603 0.00109125 -0.00337519 0.0197396 0.00514407 -0.0030423 -0.000944507 -0.0152074 0 -0.000284801 0 -7.05578e-06 0 0 -0.00924331 0.000767508 0 -0.00197263 -0.00066291 0.00244457 0.00992771 -0.00772746 -0.000305528 0.0208103 0 0
-0.0452658 -0.0394921 -0.00377029 -0.00374383 0.91566 0 0.0065352 -0.00256262 0.000472291 -0.051801 -0.0194277 -0.0356851 -0.00800722 -0.011495 -0.0356298 -0.00944776 -0.00854465 0 0.00260828 0 0 -0.0103102 0.00507089 0.000215741 -0.00894276 0 -0.00118311 0 -0.0036864 0.0033365 -0.0040226 -0.000465008 0.00679734 0.00230697 0.00290887 0 0 -0.00299654 0 0 0 0.00749765 0 -0.00118031 -0.0136515 0 -0.00522944 0 0 -0.00125143 0.00198346 0.00243859 -0.0104374 0.000862349 0.00215194 0.000935673 0 0 0 -0.0452164 -3.17481e-05 0 0 0 0 0.00332195 0 -0.00870192 0 0 -0.00457462 0 0 0 0 0.000172271 0.000433951 0.016486 5.41198e-05 0 -0.010311 -0.0136159 -0.0150869 0 0.0106633 0 -0.00137788 0.00275262 0.00863185 0 0.0026993 -0.0158205 0 0 -0.00029933 0.00110851 -0.00541283 0.00309346 0.000785527 0.00149379 0.0102602 -0.00392071 0 -0.0122284 0 -0.00394813 0 0 -0.00172065 0 0.0022818 0 0 -0.00576225 -0.00951615 0.000583141 0.000106595 -0.0108141 0 0.00369936 0 0 -0.0170366 0.00209617 -8.63181e-06 0 0 0.00115779 0.00484064 0 -0.00833987 0 -0.00571192 0 0 0.000354674 -0.00300198 0 0 0.00188123 0.00510471 0 0 0.000270528 -0.00438545 0 0.00438144 0 0 0.00104233 0 0 0.00342061 0 0 0 0 -0.00742821 0 0 0 0.0062755 0 0 0 0 0.00294575 0 0.0104557 0.00798521 0.0135706 0 0 0.0101601 -0.00446912 -1.18557e-05 0.000929407 0.000190592 0 0.00575684 -0.00944299 0 0 -0.00101766 0 -0.00211132 0 0 -0.00203374 0.00145955 0 -0.00816743 -7.32516e-06 0.00907775 0 0 0 -0.0236565 0.00583038 3.93082e-06 0 0 0 0.0037121 0 -0.00336374 0 0 0 0.00331242 0.00120113 0 0 0 0 0
0 0 -0.0477026 -0.0184174 0 0.906102 -0.0035048 -0.044756 0 0 -0.00818097 0 0 -0.00278142 0.000649554 -0.00379591 -0.00456631 -0.0149713 -0.0106996 7.16091e-06 -0.0126041 -0.00158553 -0.00380249 -0.00635344 -0.00385954 -0.0102939 0 -0.00212393 0 -0.00325396 0 -0.00563036 0.0031956 -0.0143039 -0.00188553 0 -0.00363126 -0.0323765 -0.0075685 -0.00266045 -0.00010725 0.0111167 -0.0416146 0 -0.0289414 -0.000126883 -0.00940616 -0.00984398 0 -0.0148823 -0.00573693 -0.00254711 0 -0.0047573 -0.00406195 0 -0.013824 0 -0.00594287 0 0 -0.000507858 0 -0.00227457 -0.0259688 -0.0058868 0 -0.0198752 0 -0.0787073 -0.012046 -0.00057947 -0.00339309 -0.00912671 0 -0.00856258 -0.0029537 0.00254025 0 0.000202763 -0.0208518 0.00218584 0 -0.016989 -0.00777774 -0.00787964 0 -0.00631013 -0.00284189 0 0 -0.0219714 -0.00900035 0 -0.0114437 -0.0149672 0.000468165 -0.00448598 -0.00127235 -0.00235863 -0.00437747 0.000191563 0 -0.00349986 0 -0.0159305 -0.00978605 -0.00238368 -0.00850157 -0.000873197 0.000860115 -0.000921036 -0.0158168 -0.0145605 0 0 -0.000365751 0.00185376 -0.00685882 -0.00455969 0 0.000523566 -0.00900556 -0.000491481 0 -0.00648586 -0.00325092 -0.00145337 -0.0030369 -0.0220519 -0.00498866 0 -0.00863621 0 -0.00796198 0.00564147 0 -0.000445279 0 -0.0134598 -0.00420435 -0.0103866 -0.000380727 -0.00200229 0 -0.00249537 0.00716169 -0.00302426 -0.000644713 -0.0271865 0.00184811 0 -0.00286245 0 0 0 -0.00188666 0.00194382 -0.00531827 0 -0.00100343 -0.00186416 0 -0.00187466 -0.0108213 -0.00649956 -0.00194611 -0.00159665 -0.00249083 -0.0040523 -0.000720523 -0.00728967 -0.00497613 -0.000842865 0 0 -0.00547348 -0.0135018 0 -0.00518267 0.00200049 -0.00333626 0 0.00303831 0.00177698 -0.000681331 -0.000682954 -0.00857183 0.00476907 0.00926656 0.0015997 0.00648069 -0.00286866 -0.00726567 0.00429973 -0.00608714 -0.000607064 0 -0.00418151 0 0 -0.000919642 0 -0.00145353 -0.00466324 0.0107834 0 0 0 0 0.00574304 0 0 0.00852843 0 0
0.0142427 0.0298445 -0.000327742 -0.000538955 0.0065352 -0.0035048 0.791178 0 -0.000585016 0 0 0.00983632 0.000146894 0 0.0176314 0.00752843 0 0 0.00906573 -0.0119737 -0.00079847 0.034227 -0.208813 -0.00239617 -0.0029749 0 0 0.0154583 0.0185506 -0.157791 0 0 -0.00801454 -0.00463577 0 0 0 -0.00112 -0.0057955 0 -0.00541154 0.00103703 -0.00613375 0.00854386 0 -0.000425815 0 -0.0101368 0.0018755 0 -0.0330772 -0.0182727 0.0141068 -0.00887626 -0.00357317 -0.000368795 -0.000450908 -0.011207 -0.000384683 0.0123528 0.0102483 0 0.000201312 -0.0297443 -0.00995795 0.00288507 0 0 0.0167996 -0.0124779 0 0 -0.00336973 -0.0135527 -0.00988996 -0.00448228 -0.0277056 0.0164008 -0.0110404 0 0.0105196 0.00760298 0.000593628 -0.00154131 -0.00704505 0.0055769 0 -0.00306683 -0.00298539 0 0 0 -0.00260858 0 -0.000770961 -0.00412976 0.0121883 -0.0143535 -0.0107247 0.0107173 -0.00417152 0.00314555 0 0 0 0 -0.000258895 -0.00841611 -0.00338754 0.00155655 0 -0.000785505 0 0 0.00722362 0 0 0.017734 -0.000276004 -0.00543715 0 0 -0.00928663 -0.00883524 -0.0239015 -0.00354716 0 -0.00688794 -0.00159602 -0.00289774 0 0 -0.00364 0 -0.00736814 0 0.020461 0 0 -0.00372399 -0.00935053 -0.0028065 -0.00296623 0 0.00329239 -0.00702809 0 -0.0363272 0 -0.00368354 0 0 -0.130723 2.06967e-05 0 0 0 0.00917754 0 0 0 -0.0427438 0 0 -0.00205524 -0.0031984 -0.00510922 0 -0.00698553 -0.00584837 0.00397731 -0.000487299 -0.00172207 -0.0237772 0.00185697 0.0144656 -0.00284778 -0.00204982 0 -0.00893808 0.00432414 0 0.000163861 0.00357594 0 0 -0.00191169 -0.0100875 0.00227043 0.000529885 0 0.0120051 0 -0.00170972 0 -0.00363794 -0.00443693 0 -0.00548125 0 0 0 0 -0.00820047 0.0253607 0.0067451 0.00480902 0 0 0.00895651 0 0 0 0.0136799 0 0
-0.0021171 -0.0132 -0.0392974 -0.0108282 -0.00256262 -0.044756 0 0.861454 0 0 -0.00451415 -0.0155952 0 0 0 -0.00234682 -0.00558658 -0.000956939 -0.00582199 -0.00125647 -0.00859996 -0.00149589 0 -0.00473104 -0.0078042 -0.011396 -0.000662488 -0.0155899 0 0 0 -0.0018526 0 -0.0138799 -0.000265207 0 -0.00049564 -0.032219 -0.00436596 -0.000998239 -0.000534634 0.0139133 -0.00766613 0 -0.0290188 0 -0.0333776 -0.00258625 1.69299e-06 -0.0117094 -0.000755499 0 -0.0241311 -0.00524749 -0.000403983 -0.000599231 -0.00816929 0 -0.00303138 0 0 0 0 0 -0.020279 -0.00318911 0 -0.0199879 0 -0.0058748 -0.00212311 -0.00197547 -0.0011157 -0.00679081 0 -0.00414008 0 -0.000250876 0 0.00016138 -0.0221183 0 0 -0.0146687 0.0015576 -0.00716637 0 -0.00236273 0 0 0 -0.0169152 -0.00424839 0 -0.00637958 -0.00720557 0 -0.00172749 3.50773e-05 0 -0.00271312 0 0 -0.00293779 0 -0.00858074 -0.00231836 2.51812e-05 -0.00982922 -0.00196305 0.00452733 0 -0.00874379 -0.0100704 -0.0140983 0 0 0 -0.00944418 -0.00111351 0 0.00135315 -0.00856622 0 0 -0.00143605 -0.00540193 0 -0.00053991 -0.0130759 -0.00952719 0 -0.0162222 0 -0.00768119 0.00514259 -0.0157304 -0.00314708 0 -0.00297836 0.000536654 -0.00111385 -0.000716436 -0.00209691 0 -0.00785068 0.0111335 -0.000385294 -0.000729989 -0.00633119 0 0 0 2.03426e-05 0 0 -0.0005917 0 -0.00574213 0 -0.00306794 0 0 -0.00496808 -0.00734691 -0.00109049 0 -0.000807761 0 -0.000700757 0 -0.00269436 -0.00513093 0 -0.00307643 0 -0.00122656 -0.00648555 0 -0.000397704 7.69861e-05 -0.00262026 -0.00193707 0.000338092 0.0028207 -1.52716e-05 -0.00663404 -0.00541722 0 0 0.000501609 0 0 0 0.00391462 -0.00405538 -1.42654e-05 -0.0010354 -0.000965763 0 0 -0.00269427 0 -0.000105391 -0.000422499 0.0014636 0 -0.00160035 -0.00103788 0 0.00581128 0 -0.000500128 0 0 0
0 0 0 0.00914515 0.000472291 0 -0.000585016 0 0.715453 -0.00278295 0.011808 0 0 0.0142699 -0.0152275 -0.00480029 0 -0.00248841 -0.0029922 -0.00233529 0 -0.0155078 -0.000384489 -0.000903029 0 -2.85106e-06 0 -0.0108812 -0.00389002 0.0173742 0 0 -0.0152468 -0.00284189 -0.0013365 -0.0100194 0 0 0 -0.000465941 -0.00746506 0 -0.00254213 0.0834187 0 0 0.00286432 0 0 0 -0.00391032 -0.00176531 0 -0.00303458 -0.00464804 0 0 0 0 0.00403159 0 -0.00772921 0.0299434 0 -0.000177118 -0.00577122 0 0 -0.0287526 0.00878103 0.0027855 -0.00960833 -0.000161665 0 0.0133376 0.00300501 0 -0.0212228 0 0 0.00245766 0.00835023 0 0 -0.021426 -0.00129414 0 -0.00645502 -0.042914 -0.018679 -0.00729013 0 -0.000466616 -0.00155742 0 -0.00643157 0 -0.00362964 0 -0.00116983 -0.0100992 0 0 0 -0.00251163 0.0178122 -0.00383436 -2.67719e-05 0 -0.00571296 0 -0.00794348 0 0.0279862 0 -0.00147042 -0.00455269 -0.00144433 0 -0.002731 0 -0.000708907 0.013757 -0.00307 0 0 0 -0.000490771 -0.041945 0.0184794 -0.00231013 0 0.00674389 -0.00129005 3.04367e-05 0 -0.0163739 0.000515977 0 -0.0032256 -0.00433115 0 0 -0.00272345 0.000636612 0 0 0 -0.000350075 -0.00645556 1.33663e-05 -0.000103558 0 0 0 0 -0.00251259 -0.000807541 0 -0.00247265 0 0 0 -0.0049158 -0.000554177 0 -0.0083936 -0.00561854 -0.00447746 -0.00634162 -0.0097574 0 0 0 0 0 0 -0.00528347 -0.00414657 -0.0151692 0.0069293 1.96205e-06 0 0.00154652 0 0 0 0 0.00164917 0 0 0.00392883 -0.0022154 -0.00621642 0 -0.0139987 0 0.00495682 -0.0125891 0 0 0 0 -0.00157398 0.0164238 0.000665986 -0.00892333 0 0 -0.0173283 0 0 0 0 0 0
-0.0281706 -0.0196283 0 0 -0.051801 0 0 0 -0.00278295 0.893584 -0.0345014 -0.0129155 -0.014269 -0.00414803 -0.0103841 -0.0384372 0 0 0 -0.0303279 0 -0.012345 0 0 0 0 0 0 0 0 0 0 -0.00491466 0 0.00726164 -0.0112257 0 -0.00132968 0 0 -0.00738002 0.000202782 0 0 -0.00256328 0 0 0 -0.00987867 0 0.000395096 0.00823448 0 0 0 0 0 0 0 -0.0323176 -0.011998 -0.0175433 0 0 0 0 -0.00822557 0 -0.000773767 0 -0.000347632 0 0 0.00319017 0 0 0 0 0 0 0 -0.000301292 -0.0104243 0 0 0 0 0 0 -0.000502913 0 -0.0355977 0 -0.0159992 0 0 -0.0206816 0.000639708 0 0 0 -0.00736956 0.0050337 0 0 0 0 0 0 0 0.0107964 -0.0149651 0 0 -0.0267107 0 0 -0.0176439 0 0 -0.000169195 0 0 0 0 0 0 0 0 0 -0.0150912 0 0 0 0 4.06337e-05 -0.00812024 0 0 0 0 0 0 0 -0.0081094 0 0.00381362 0 0 0 0 0 0 0 0 0 0 -0.00477632 0 -0.0127796 0 0 0 0 0 0 0 0 0 0 0.000886447 0 0 0 0 0 0 0 -0.0146388 0 -6.05065e-05 0 0 0 0 0 0 0 0 0.0102136 7.77805e-06 -0.00159411 0 0 0 0 0 0 0 0 0 0 0 0 0 0 0 0 0 0 0.00103098 0 -0.000173635 0 0 0
-0.0301235 -0.0288122 -0.00132323 0 -0.0194277 -0.00818097 0 -0.00451415 0.011808 -0.0345014 0.738294 -0.0242558 -0.00871916 -0.0961948 0.00209994 -0.0369289 0 0.00392964 -0.00586209 -0.0566705 0 -0.0035154 0 0 0 0 1.54864e-06 0 0 0 0.0121883 0 0.000571031 0 0 0 0 -0.0101089 0 0 0 0.0020426 8.18862e-05 -0.0282159 -0.00752076 0.00463328 -0.00176541 0 -0.0232859 0 0 0 -0.0273832 0 0 0 -0.000140844 0 0 -0.0213233 0 -0.00518877 0 0 0 0 -0.0115989 -0.00481873 -4.93233e-07 0 -0.0178364 0 0 0 -0.0166019 0 0 0.00298346 -0.0136885 0 -0.000188874 -0.0046311 -0.0194657 0 0.00435194 3.2077e-05 0 0 0.0111736 0 0.00029844 -0.0454888 0 0 -0.00617177 0.000371253 0 0.00434676 0 0.00101663 0.0118182 0 0 -0.00117646 -0.0127216 0 0 0 0 0 0.0125368 0 -0.00540345 -0.0148707 -0.0118666 -0.00338473 -0.0056697 -0.00805795 0 0 0 0.00575861 -0.00825256 0 -0.0305647 0 0 0 0.0148736 -0.00293649 -0.0268515 0 0 -0.000865034 0 0.00123921 -0.00709876 -0.00090796 0 0 0 0 0 0 -0.146952 0 0.00355855 -0.0181011 0 0.0054646 0 0 0 -0.000478611 0 0 0 -0.00430025 0 0 0 0 0 0 0 0 0.000193813 -0.0118069 0 0.000852778 0.0103971 0 0 0 -0.000434105 0 0 0 0 0.0039729 -0.000206833 0 0 0 0 0 0 0 0 0 0 -0.000802786 0 0.000610978 0.000389206 0 0 -0.0170748 0.00383625 0 0 0 0 0 0 0 0 0 0 0.0105335 0.00135808 0 0 0 0 0
-0.039361 -0.0514971 0 0.00192525 -0.0356851 0 0.00983632 -0.0155952 0 -0.0129155 -0.0242558 0.892812 -0.0397546 -0.0207321 -0.0202797 -0.0338237 0 0.0139204 0 -0.0149925 0.000866923 -0.0261404 0.00389704 4.7218e-05 0 0 0 0 -0.0269972 0.0029202 0.00152141 0.00143448 0.0153742 0.000505599 4.22681e-05 0 0.0013144 0 0.00681362 0.00049845 0 0 0.00683672 -0.000142906 -0.00366755 0.00117272 0 0.00202492 -0.000107222 0 0.00370579 0.00205605 -0.0325703 0.00149314 0.000537959 0 0 0 1.66205e-05 -0.00785553 -0.000331916 -0.0141867 0 0 0 0.000603204 -0.0273744 0 -0.000678208 0 -0.000356358 0 0.00526964 0.00281415 0 0.000155926 0.000297981 0 0 0 0 -0.00121617 -0.0178721 0 0.00246683 0.000352564 0 0.000732458 0 -0.00444709 0 -0.037934 0.000470514 -0.00818351 0 0.00114212 -0.0104775 0.00221538 0.0100836 0.00259007 0.000826242 -0.000135217 0 0 0 0.000486741 0.000599556 0.00582132 0 -0.00429981 0.00617887 0 0 0 -0.0150121 0 0 -0.0157839 0.00199506 0.000794214 0 0 0 0.000875512 0 0.000157751 0.000262115 0 0.00258296 0 -0.0314814 0 0 0 0.00098502 0 -0.0146226 0 -0.000349222 0.00051238 0.000937449 0.000599044 0 0 -0.0155473 0 0 0 0 0.000427404 -0.0175693 0 0.00289379 0 0 0 0 -0.0138153 0 -0.0178914 0 0.000779627 -0.00106474 0 0 0 0.000750669 0 0.001781 0.00231171 0.00047039 0 0 0.000231962 -0.00194034 0 0.00311551 0 -0.00106174 0.00274015 0 0 0 -0.0016921 0 0 0 0 -0.00027844 0 0 -0.0128335 0.00372601 0.000655697 0 0 0 0 0.00012429 0 0 0 0 0.00108617 0.000925458 -3.62553e-06 0 0 0 0 0 0 0 -0.00134356 0 0
-0.0117516 -0.0257648 0 0.00453274 -0.00800722 0 0.000146894 0 0 -0.014269 -0.00871916 -0.0397546 0.885821 -0.0266497 -0.0132256 -0.0423801 0 0.0188952 -0.00189682 -0.0279836 0.00333571 -0.0361709 0 0 0 0 0 0 -0.0142335 0 0.0224266 0.0166217 0.00219427 0 0 0 0 0 0.0131995 0.011504 -0.00101744 0 0.0154898 0 -0.00413785 0.0088569 0.000182506 0.00742569 -0.000112142 0.00228658 0 0.00637802 -0.0390924 0 0 0 0.00139002 0 0 -4.5664e-05 0 -0.0148697 0 0 0.000122375 0 -0.0180914 0.0011615 -0.0102003 0 0 0 0.00198924 4.55596e-07 -0.000616673 0 0 -0.00156708 -0.00069561 0 0 0 -0.00936915 0 0 0 0 0 0 -0.0143096 0 -0.0354932 0.00176807 -0.00175568 3.11643e-05 2.60414e-05 -0.0013147 0 0.000635506 3.57925e-05 0 0 0 0 -0.000387759 0.00106187 0 0.00191604 0 -0.0134436 0 -0.000540769 0 0 -0.019472 -0.0086733 0 -0.00220818 0 0 0 0 0 0 0 0.00207588 0.0018047 0 0 0.00040915 -0.0260685 0 0.00312264 -0.00178055 0.000911141 0 -0.0128904 0 -0.0116239 0 0 0.00387971 0 0 -0.00964326 0 0 -0.00369453 0 0 -0.0275046 0 0 0 0 0 0 -0.00655151 0 -0.0252883 0 0 0 0 0.0028104 0 0 -0.000904684 0 0 0 0 0.00571567 0 0 0 0 0 -3.28343e-07 0 0 0 0 0 0 0 0 0 0 -0.000566899 0 -0.000174471 0.00189793 0 0 0 0 0 0 0 0 0 0 0 0.00907341 0 0 0 0 0 0 0 0 -0.00175874 0 0
-0.0258827 -0.0193206 0 0 -0.011495 -0.00278142 0 0 0.0142699 -0.00414803 -0.0961948 -0.0207321 -0.0266497 0.732153 0.0751495 -0.023081 0 0.0021475 -0.00559944 -0.0278009 0 -0.0203365 -0.00488719 0.000437986 0.0144336 0 0.00486667 0.0132538 0 -9.87697e-05 0.0100359 0.000605211 0 0 0 0 0 0 0.000106342 0.0119831 0 0 0 -0.050928 -0.0044089 0.00750699 0 0 -0.0336661 0.000493273 0 0 -0.0266597 0 0 0 0 0 0 -0.0145631 0.000418502 -0.00208152 0 -0.000430989 0 0 -0.00263038 0 0.00766346 -0.00186658 -5.33454e-05 0.00105426 0 0 -0.0172257 0 0 0 -0.0305601 0 0 -0.000777941 -0.0241519 0 0 0.00177285 0 0 0 0 0.00919468 -0.0269308 0 0 0 0.00622577 0 0 0 0 0.00109992 0 0 0 -0.00164707 0 0 0 0 -0.0017732 0.000827737 0 0 -0.00063665 -0.00839119 -0.0128258 0 -0.00475217 0 0 0 0 -0.000371464 0 -0.025514 0 0 0 0.0167389 0 -0.0162148 0 0 0 0 0 -0.000719462 0 -0.028368 0.00123717 -0.00123237 0 0 0 -0.0521944 0 0.000956871 -0.0170976 0 0.00108009 -0.000911501 0 0 0 0 0 0.000139946 -0.00502239 0 0 0 0 0 0 0 0 0 0 0 0 0 0 0.000578439 0 0 0 0 0 0 0.00540882 0 0 0 0 0 0 0 0 0 0 0 -0.000915038 0 0 0 0 0 -0.00845788 2.37226e-07 0 0 0 0 0 0 0 0.00309287 0 0 0 0 0 0 0 0 0
-0.00282234 -0.00631542 0 0 -0.0356298 0.000649554 0.0176314 0 -0.0152275 -0.0103841 0.00209994 -0.0202797 -0.0132256 0.0751495 0.781368 0 -0.00143895 0.000232059 0.00875142 0.0176316 0 0 0.0114663 0 -0.0131039 0 -0.00428426 0 -0.0326316 0.0134599 -0.000578517 0 0.00256266 0.00240701 0.00226773 -0.0111069 0 -0.00611136 0 0 0.00232517 0 0.00714422 0 0 0 0 0.000262193 0.00358262 0 0.00523409 0.000465998 -0.013754 -0.0023706 0.00161256 0.00115038 0 0.00131416 0 -0.00232983 -0.0178067 0.000703728 -0.00328581 0.0109313 0 0.00272753 0 -0.00993384 -8.39988e-06 0.00197231 -0.00178227 0 0 0 0.021136 0.00100351 0.00261386 0.00370178 0.0369697 0 -0.00281031 -0.01531 0 0 0.00587177 0 -0.000329299 0.00309124 0.00252757 0 0 -0.00239006 0 0 0 0.00239314 -0.0164188 0.0128496 0.00565368 0.00318238 0.00161463 -0.00463539 0 0 0.00436295 0 0 0.000394951 0 0.00090122 0 0 0.00042589 0 -0.0447391 0.000748706 0.00181404 -0.0127448 0 0.00228607 0 0 0 0.0020626 0.0281586 0 0 0.000974898 0.00172007 0 0 0 0 0 0 0 -0.00197297 0 0.00104404 0 0.0135926 0 0 0.00161085 0 0 0 0 0 0.000868675 0 0 0.00675024 0 0 0 0 -0.0077 0 0 0 0.013828 0 -0.000156963 0 0 0.00357448 -0.0159476 0.00363849 0.00285486 0.00618873 0 0 0.00670827 -0.0140602 -0.0064274 0.00509318 0 -0.00710827 0.00164555 -0.00263695 0 -0.00151888 -0.00200403 0 0 0 0 -0.00164744 0 0 -0.00730601 0.00143606 0.00325388 0 0.00351921 0 -0.000404317 0.00489723 -0.000736267 0 -7.70759e-05 0 0.00297566 0 -0.00266562 0 0 0 0.0014911 0 0 -0.00129014 0 0 0
-0.0119723 -0.0300472 1.76708e-05 1.61736e-05 -0.00944776 -0.00379591 0.00752843 -0.00234682 -0.00480029 -0.0384372 -0.0369289 -0.0338237 -0.0423801 -0.023081 0 0.82055 0 0 -0.0298939 -0.0386852 0 -0.0450566 0 0 0 0 0.000575657 -0.0111309 -0.0381081 0.0164495 0.0125206 0.00514912 0.00754661 -0.011779 -0.00101348 -0.00428204 0 -0.000330453 0 0 -0.00433234 0 -0.00106665 0 -0.00868432 0.00350347 0 0 -0.00649201 0 0 0 -0.0146091 0 -0.00629839 0 0 0 0 -0.00285943 0 -0.0554298 0 0 -0.000559337 -0.00675105 -0.0168319 -0.000237555 -0.0350174 0 0 0 0 0 0 -0.00546605 0 -0.00413726 0 0 0 0.00138735 -0.00308074 -0.000684628 -0.00443321 -0.000544382 0 -0.00537641 -0.00639335 -0.00258989 -0.00887367 -0.0497496 0 -0.0117138 0 -0.000212632 0 -0.00020364 2.8692e-05 -0.000258745 -0.00510396 0 0.000939902 0 -0.00107097 0.00445021 0 0 0 -0.0112205 0.00769202 -0.0287682 -0.000638951 0 -2.37218e-05 -0.00456121 -0.0018577 0.000388881 0 -0.00195402 -0.0230131 0 0 -0.00102351 0 0 0 -6.51557e-05 -0.00263761 0 -0.0544618 0.000179001 1.93173e-05 -0.00168277 0 0 -0.0236587 0 -0.00208777 -0.00186281 -0.0072964 0 0 0 -0.027064 -5.63586e-05 0 -0.00982692 0 -0.00114801 -0.0126637 0.0280441 0 0 0 0 0 0.000350679 0 -0.0154593 0 0 -0.00333529 0 0 0 -0.00177492 -0.018602 -0.0034694 3.88371e-05 -0.00577886 -6.19689e-05 0 0 0 0 0 -0.00492611 -0.0115506 -0.00403712 0.00263524 0 0 0.00561603 0 9.48767e-05 0 0 0.00126547 0 0 0 -0.000398326 -0.00304178 0 -0.00303943 0 0 -0.00601137 0 -0.00502494 0 0 -0.000757609 0 0.00133858 0 0 0 -0.00233694 0 0 0 -0.000115781 0 0
-0.000434586 0 -0.0149772 -0.0243475 -0.00854465 -0.00456631 0 -0.00558658 0 0 0 0 0 0 -0.00143895 0 0.940069 -0.0072147 0.001486 0 -0.00493989 0 0 -7.05637e-05 -0.00430321 -0.00844145 -0.0311533 -0.00146547 3.22212e-05 0 -0.0101908 -0.0213574 0 0 2.93017e-05 0 -0.0104631 -0.0101455 -0.0242005 -0.0172395 0 0.0230861 -0.00253012 0 -0.0107388 -0.0302365 -0.0295014 -0.0100655 0 -0.00918463 0 0 0 0 0 0 -0.0215641 0 -0.00966774 -0.00558629 -0.000441099 0.00396849 0 0 -0.00889227 0.00863137 0.00277297 -0.0195544 0.000719207 -0.000935136 -0.00773574 -0.00345721 -0.0116768 -0.0068304 0 0 0 0.0149493 0.00017202 0.00565846 -0.0254354 -0.0250676 -0.000179328 -0.00504809 0.00732298 -0.000853853 -0.0207592 0 4.57357e-05 0 0 -0.00206464 -0.0152916 0.00219738 -0.00573378 0 -0.000707717 0 0 0 0 -0.00194963 0 -0.00933983 0.00819983 -0.0270052 -0.00822309 -0.00497436 -0.0219758 0.00849988 0.000164851 0 -0.00318317 -0.0215492 -0.004433 0 0.0132343 -0.00500701 -0.001436 0 0.000227745 0.00107757 -0.00525164 0.00114926 0.000171814 -0.0150752 -0.00952971 0 0 -0.00315874 0 0 -0.0084808 0 -0.00967464 0.0194626 0 -0.009845 0 0 0.00554262 -0.0144246 0 0 0 0 0.0276751 0 0 0 0.0056755 0.0102751 0 -0.00114983 0 0.000782102 0 -0.0095859 -0.00136482 0.0112233 0 0 0 -0.00111231 -0.00408886 -0.0003841 0.00252499 0 0.00499387 0 0.00391446 0 -0.00853085 0.00363362 -0.0319698 0 0 0 0 0.000378204 -0.0103547 -0.00346072 -0.00367469 -0.00138864 0.0137499 -0.00855424 0 -0.00156824 -0.00390312 0.000730148 0.00485151 -0.0103225 0 0.0110627 0.0121834 0 0 -0.0129741 2.25192e-05 0 0 -0.00310721 0 0.000423978 -0.000904743 -0.00532121 0 -0.00685857 -0.00572689 0.000822122 0.0199457 0 -0.00170166 0.00379674 0 0
0 0 -0.0107887 -0.0285266 0 -0.0149713 0 -0.000956939 -0.00248841 0 0.00392964 0.0139204 0.0188952 0.0021475 0.000232059 0 -0.0072147 0.868264 0.00912814 0.00617165 -0.0155454 0 0.00586842 -0.0137735 -9.37831e-05 -0.0353792 -0.0128851 -0.0116684 0 0 -0.0445557 -0.0172208 -0.00944234 -0.0107463 -0.000960961 -0.000578004 -0.0281086 -0.00155477 -0.0209768 -0.0215958 0 0.00667924 -0.0286892 0 0 -0.0176557 -0.00449698 -0.0108365 0 -0.0380632 -0.00383945 -0.00198813 0.0060777 -0.00372448 -0.00805771 -0.000242118 -0.0160285 0 -0.0142508 0 0 0 0 0 -0.00704747 -0.0183301 0.00174914 -0.0152849 0 -0.00978983 0 -0.00509142 -0.0143209 -0.00411721 0.00905898 -0.0177654 -0.000724671 -0.0039596 0.0135621 0 -0.00523016 0.00726857 0 -0.00345921 -0.00610848 -0.00805676 -0.00468517 -0.00854508 -0.00688318 0 0 2.1529e-05 -0.0154091 0 -0.00593391 -0.0325655 0 -0.00803071 -0.00567968 -0.0082967 -0.00547023 0 0 -0.00472233 0 -0.0129415 -0.00518478 -0.0232906 -0.00651738 0 0.000276959 -0.00167993 -0.0103944 -0.000837493 0.00307681 0 0 0.00869695 -0.0076009 -0.00341789 0 0 0 0.0015974 2.97784e-05 -0.0241662 -0.0124011 -0.00197633 -0.00497908 -0.0109649 0 0 -0.0129811 0 -0.0154138 0.00602663 0.00102444 0 0.0103717 -0.0157113 0.000220375 -0.0180501 0 -0.00441941 0.00493615 0 0.00409688 0 -6.51708e-05 -0.0244924 0.0036311 0 0 -0.0042144 0 0 -0.0116033 0.00386761 -0.0110387 0 0 0 0 -0.000148565 -0.00574556 -0.00560709 -0.00207184 -0.0002067 0.0114763 -0.00541699 -0.00299672 -0.00184264 -0.0171666 0 0 0 -0.00367207 -0.00406343 0 -0.00761032 0.000796881 -0.00979217 0 0.00588049 0.000546671 -0.00183995 -0.0014866 -0.0100818 0.00395824 0.00629057 0.00152429 0.0135903 -0.0150052 -0.00294096 0.00258331 -0.0100136 -0.00144817 0 -0.00566322 0 0 0 0 -0.00113497 -0.00262985 0.00319961 0 0 0 -0.00246631 0.00459949 0 0 7.67702e-05 0 0
0 0 -0.0027391 0 0.00260828 -0.0106996 0.00906573 -0.00582199 -0.0029922 0 -0.00586209 0 -0.00189682 -0.00559944 0.00875142 -0.0298939 0.001486 0.00912814 0.796499 -0.00710995 0.00461582 -0.0118098 -0.0088577 -0.0040079 0.0056615 0 0.0168272 -0.0037047 -0.0105278 0.0034545 0.00880133 3.71043e-05 -0.0278316 -0.0265887 0.00061089 0 0.00177999 0 0 0 -0.00450482 -0.00965792 -0.00844038 -0.00345166 -0.00207268 0.0152454 0 0.00542508 0 -0.00409143 -0.0131556 -0.00367127 -0.0146649 -0.0467651 -0.0149784 -0.00651367 -0.00149276 -0.0006835 -0.00107676 0.00170666 0.0157738 -0.0155222 0 -0.000325838 -0.00660257 -0.0301395 -0.00261469 -0.00278053 -0.000316774 -0.0023196 -0.000902078 0 0 0.000420919 0.0084006 -0.0115611 -0.0035352 -0.0202703 -0.00150555 -0.000306973 0 0.012399 0 -0.0023554 -0.0345031 -0.00634773 0.00160129 -0.0389918 -0.0147599 0 -0.00730186 -0.0290609 -0.00293667 -0.00250382 0 -0.0109075 0.00558676 -0.0149138 -0.00968172 -0.0247997 -0.0143063 0.0234603 0 -6.24726e-06 -0.00819395 0 -0.00323218 0 0.0080816 -0.019863 0.000360487 -0.0102648 -0.0148734 0 -1.00627e-05 -0.0123623 -0.0233648 0.0239083 -0.0122353 -0.0287188 -0.0087651 0 0 -0.0174054 -0.00286481 0 0 -0.0134833 -0.0235697 -0.0073261 -0.0117735 0 0.00802241 -0.0270846 -0.00376954 0 0 0.00211572 -0.00753373 -0.0172202 -0.0300256 0.000438848 -1.42274e-05 -0.00912052 0 -0.00782421 0 -0.00321383 -0.0105258 -0.0173294 -0.00842678 -0.00723217 -0.000103273 0 0 0 -0.00273579 0.0116116 -0.000891282 -0.0090966 -0.0040971 -0.00282809 -0.00477767 0 -0.00697475 -0.0155865 -0.0309654 -0.00997166 -0.030239 -0.0136011 -0.0323639 -0.0234161 0.00557823 -0.0150126 0.00576972 0 -0.0202566 -0.0145529 -0.000703915 -0.0169117 0.0298762 0 0.00155796 0.0370201 0 0.00142721 -0.00337121 -0.00546423 0.0301191 6.78221e-06 0 0.0082039 -0.00954591 -0.0330457 0 -0.0197029 -0.0154473 -0.00255714 -0.037401 0.000787466 -0.0184875 0 0 -0.0142844 -0.00556598 0.0230443 0.0119946 0.00038511 0.00104275 0.00110142 0 -0.000252413 0.00149158 0 0 0
-0.00651637 -0.012273 0 0 0 7.16091e-06 -0.0119737 -0.00125647 -0.00233529 -0.0303279 -0.0566705 -0.0149925 -0.0279836 -0.0278009 0.0176316 -0.0386852 0 0.00617165 -0.00710995 0.804402 0 -0.0195398 -0.010047 0 0 0 0 -0.00197758 0 -0.00196105 0.0290888 0.00562017 -0.0013706 -0.00257117 0 -0.000295375 0.00718621 -0.00573332 1.49738e-05 0.00180517 -0.0383305 0 0 0 -0.00574833 0 0 0 -0.0169426 0.000719981 -0.000680311 0 -0.0116493 0 -0.00685536 0 0 -0.00108154 0 0 0 -0.0165114 0 0 0 -0.00557198 -0.0126473 0 -0.00095794 0 0 0 0 0.00794305 -0.0331022 0 -0.000198195 -0.00848329 -0.0304498 0 0.000141144 0.00016551 -0.00808143 0 -0.00326335 0 0.000376812 -0.00720574 -0.00684084 -0.00291767 -0.000356893 -0.0668717 0 -0.00508535 0 0 0 0 0 0 -0.00025826 0 0.000129974 0 -0.00326857 0.00106674 0 0 0 -0.00898596 0.00452813 -0.0145398 0 0 -0.0181479 -0.00180626 -0.0110505 0 0 -0.00190799 -0.00628234 0 0 -0.000757109 -0.0288511 0 0.006987 -5.894e-05 -0.00455137 0 -0.0278326 0 0.00468494 -0.000874964 1.98395e-05 0.000276335 -0.0199331 0 -0.0164604 0 -0.0034707 0 0 0 -0.0300945 0 2.80487e-06 -0.000990841 0 0 -0.0325643 0 -0.00122989 0.00333662 0 0 0 0 0 -0.0129523 0 0 0 0 0 0 -0.00140385 -0.00859625 -0.00153127 -0.00340757 0.00175016 0 0 -0.0118984 0 0 0 -0.00106748 -0.00929552 -0.00137174 0.00123714 0 0 0.000398151 0 0 0 0 0 -0.00127827 0 0 0 -0.00166019 1.89911e-05 -0.00133797 0 0 -0.00312129 0 -0.00172179 0 0 -0.0001465 0.0138661 0.000405483 0 0 0 -0.00728946 0 0 0 -0.00192915 0 0
0 0 -0.00543464 -0.013471 0 -0.0126041 -0.00079847 -0.00859996 0 0 0 0.000866923 0.00333571 0 0 0 -0.00493989 -0.0155454 0.00461582 0 0.881308 0 -0.000106415 -0.00197946 -0.0113535 -0.000486023 -0.0121613 -0.00105507 0 0 -0.00706673 -0.0221954 -0.00813831 -0.00554366 -0.00193086 0 -0.0102773 -0.00530283 -0.0175642 -0.0222427 -0.000343823 0.0122836 -0.0150423 0 -0.00645488 -0.0139597 -0.00929703 -0.0127714 0 -0.0267255 -0.000911452 -0.000714362 0.00020371 -0.00393377 -0.00210532 0 -0.00725563 0 -0.00359653 -0.00518774 0 -0.002646 0 0 -0.0167581 -0.00241675 0 -0.00662469 0 -0.00322913 0 -0.00157889 -0.0178993 -0.00944681 0 -0.0147012 -0.00102336 -0.00113871 0 0 -0.0167942 0 0 -0.00640477 0.0010772 -0.016535 -0.00444148 -0.00479977 -0.00131309 0 0 0 -0.00853207 0 -0.0147371 -0.00289157 0 -0.00157073 -0.00686544 -0.00682622 -0.00200992 -0.00352789 0 -0.000653834 0 -0.0132853 -0.0184087 -0.0061491 -0.0083682 0 0.00208994 -0.000585285 -0.0149796 -0.0174095 0 0 0 0.00103902 -0.000465623 -0.00238253 0 3.70616e-05 -0.000739215 0 0 -0.00989293 -0.0181409 0 -0.00111016 -0.0105662 0 0 -0.0171718 0 -0.016578 0.00532208 0 0 0 -0.0044153 -0.00129659 -0.0114961 0 -0.00637087 0 -0.00760018 0.0055975 0 -0.000543813 -0.00623147 0.00849317 0 0 -0.00844895 0.000974949 0 -0.00352487 0.000775477 -0.0115222 0 0 0 0 0 -0.0149553 -0.000746177 -0.000190756 -0.000845443 -0.000667415 -0.00699345 1.29057e-05 -0.00109548 -0.0282233 0 -0.00647286 0 -0.0025301 -0.00369858 0 -0.000876615 0 -0.00105374 0 0 0.00361501 -0.00064356 -0.000363903 -0.00667981 0.000246485 0 0.00314765 0.000561779 -0.00523952 -2.62217e-05 0.00399565 -0.00376707 -0.000356255 -0.000140551 -0.00198375 0 0 0 0 -0.000524499 -0.019067 0.00197982 -0.00149924 0 0 0 0.00432079 0.012542 0 0 0 0
-0.00607675 -0.0315239 0 0 -0.0103102 -0.00158553 0.034227 -0.00149589 -0.0155078 -0.012345 -0.0035154 -0.0261404 -0.0361709 -0.0203365 0 -0.0450566 0 0 -0.0118098 -0.0195398 0 0.786515 0.0119917 0 -0.000337723 0.00135581 0.00100163 0 -0.00271017 0.0129923 0.0295475 0.000843066 -0.0008836 -0.00157704 -0.00241434 -0.00992614 0 -0.00231827 0.00340533 0 -0.00218519 0 0 0 -0.0122582 0.00774594 0 0.00440196 0 0.00433433 0 0 -0.00533491 0 -0.00317143 0 0 0 0.000660217 0 0.00161394 -0.0186116 0 0 0 -0.00497009 -0.0126596 0 -0.00151279 0 0 0 0 0 0 -0.000354045 0 -0.00496745 -1.77089e-05 0 0 0.000478436 -0.00529523 0 -0.00257903 0 0.000864475 -0.00930758 -0.00473434 0 0 -0.0406686 0 -0.000502673 0 0 0 -0.000672841 0.0165372 -0.000586081 -0.00129686 0 0 0 -0.000160666 0 0 0 0 -0.0123192 0.0023638 -0.000322502 0 0 -0.00284882 -0.0294219 -0.00160541 0 0 -0.000516803 -0.0197463 0 0 0 0 0.00352107 0 0 -0.00370525 0 -0.030936 0 0 -0.00631758 0 0 -0.0214429 0 -0.00486346 -0.000350453 -0.00297191 0 0 -0.00182704 -0.000162581 -0.000467715 0 0 -0.000762959 5.85327e-06 -0.0174983 0 0.00619226 0 0 0 0 0 0 -0.0234688 0 9.07882e-06 -0.00408464 0 0 0 -0.00128313 -0.00558929 -0.00109761 0 -0.00226787 0 0 0 -0.00517726 0 -8.22482e-05 -0.00959812 -0.00569416 -0.00182884 0.000147347 0 0 0.000152469 0 0 0 0 0.000380577 0 0 0 -0.000670306 -0.00151801 0 -0.000469544 0 0 -0.00183757 0 -0.00565475 0 0 0 0 0.000203875 0 0 0 -0.00143651 0 0 0 -0.000528461 0 0
0.00325274 0.0196772 -1.16748e-05 0 0.00507089 -0.00380249 -0.208813 0 -0.000384489 0 0 0.00389704 0 -0.00488719 0.0114663 0 0 0.00586842 -0.0088577 -0.010047 -0.000106415 0.0119917 0.829374 -0.00293971 -0.00150418 0 0 0.0130676 0.00701192 -0.128194 0.000235769 0 -0.00668946 -0.00645437 -0.000755017 0 0 -0.00019544 -0.00204464 0 -0.0069595 0.000389921 -0.00529143 0.00477033 0 0 0 -0.00595465 0 0 -0.0308093 -0.0162213 0.00147708 -0.00564204 -0.00378666 -9.06159e-05 -0.00103525 -0.0163389 0 0.00296266 0.00489108 0 0 -0.0135296 -0.00629449 0.000481368 -0.000421224 0 0 -0.0102908 0 0 -0.00138932 -0.00746883 -0.0176289 -0.00490999 -0.0162879 0.0123325 -0.00963768 0 0.00476035 0.005542 0 -0.00141773 -0.00604784 0 0 -0.00554418 -0.00108799 0 0 0 -0.00171109 0 -0.000756801 -0.00923921 0.00963805 -0.00474462 -0.0106855 0.00617717 -0.00300288 0.00157804 0 0 0 0 0 -0.00390216 -0.00311032 -0.000657996 0 0 0 0 0.00536643 0 0 0.0109483 0 -0.00971906 -0.00144698 0 -0.000906907 -0.0191564 -0.0369859 -0.000713145 0 -0.00872173 -0.00706459 -0.0028584 0 0 -0.0030138 0 -0.00178619 0 0.00568622 0 -0.000383753 -0.00479313 -0.0189002 -0.00301987 -0.00382106 0 0 -0.00512978 0 -0.0259806 0 -0.00723004 0 0 -0.095066 0 0 0 0 0.00517092 0 0 0 -0.020452 0 0 -0.00151312 -0.000604857 -0.00382777 0 -0.00424283 -0.00510416 8.81572e-05 -5.32631e-05 -0.0010546 -0.014343 0.00235584 0.00771599 -0.00335491 -0.00188783 0 -0.00512126 0.00601518 0 0 0.00295886 0 0 0 -0.00640714 0.00164065 0.00443573 0 0.011293 0 0.000707082 0 -0.00388126 -0.000739636 0 -0.000192315 0 0 0 0 -0.00234038 0.0198981 0.00274683 0.00160194 0 0 0 0 0 0 0.00785061 0 0
4.08945e-05 0 -0.00394329 -0.00654545 0.000215741 -0.00635344 -0.00239617 -0.00473104 -0.000903029 0 0 4.7218e-05 0 0.000437986 0 0 -7.05637e-05 -0.0137735 -0.0040079 0 -0.00197946 0 -0.00293971 0.877608 -0.000724687 -0.0105027 0 -0.00157982 0 -0.000570679 0 -0.00659414 0.0031916 -0.0372865 -0.00565812 -0.00754018 -0.0151223 -0.00107787 -0.0147688 -0.00538524 0 0.000178039 -0.0186471 0.00795528 -0.00579465 -0.00684031 0 -0.0203595 0 -0.00544733 -0.00287079 -0.00636067 0.000663594 -0.0160813 -0.00462385 0 -0.00483421 0 -0.00130528 0.011347 0 -0.000956565 0 0 -0.0289298 -0.00619789 0 -0.00281678 -0.000210036 -0.00557316 0 -0.00654122 -0.0184772 -0.00215929 0 -0.0153319 -0.00268365 -0.0038198 2.16817e-05 0 -0.00162475 0.00954035 0 -0.0193515 -0.00500904 -0.00808962 0 -0.00809489 -0.00398909 0 0 0 -0.0075422 0 2.99596e-05 -0.0184152 0.00362939 -0.00369185 0 0.000274498 -0.00411784 0.00160901 0 0 -0.00103115 -0.00263194 -0.00126468 -0.00436776 -0.0089624 -0.00155782 0 -0.00220487 -0.00358088 0 0.0067967 0 -0.00143968 0.00519246 -0.00236372 -0.00623797 0 0 0 -0.0014593 0 -0.0130368 -0.00823098 -0.00194243 -0.00387634 -0.0149179 0 0 -0.00179 0 -0.0123618 0.00476458 0.00167246 0 0 -0.0246121 -0.00487997 -0.0031818 0 -0.000653176 0 -0.00120868 0.000381871 0 -0.00039904 -0.0360777 0.00791068 0 -0.00209813 0 0 0 -0.016172 0.010466 -0.00403811 -0.000324709 0 -0.000835412 0 -0.00114186 -0.0103092 -0.000619224 -0.00220472 -0.0013519 -0.000594298 -0.00426501 -0.00314184 -0.00127162 -0.0026903 -0.000601036 0.000641472 0 -0.00515404 -0.00303415 0 -0.00797516 0.00365915 -0.00476687 0 0.00633052 0 0 -0.00174382 -0.0054553 0.00221806 0 0 0.0213652 -0.00135034 -0.00492702 0 -0.0104855 0 0.00867798 -0.0039272 0 0 0 0 -0.00331518 1.81723e-05 0.00565432 0 0 0 0.00470127 0.000344041 -0.00220914 0 0.0156599 0 0
-0.0122665 0 -0.0106918 -0.01459 -0.00894276 -0.00385954 -0.0029749 -0.0078042 0 0 0 0 0 0.0144336 -0.0131039 0 -0.00430321 -9.37831e-05 0.0056615 0 -0.0113535 -0.000337723 -0.00150418 -0.000724687 0.868259 0.0201988 -0.000999341 -0.00411955 -0.00013861 -0.000254753 0 -0.00504105 -0.00670396 -0.00531553 -0.00183843 0 -0.0037779 -0.0377491 -0.00286754 -0.00790671 -0.00262733 0.0244382 -0.0214195 0.00119006 -0.0175504 -0.000579436 -0.0329689 -0.00270594 0 -0.008926 -0.00748978 -0.000268454 0 0.000570721 -0.0006545 0 -0.00448694 -0.000310269 0 -0.0139415 0 -0.000150486 0 0 -0.0106776 -0.00321379 0 -0.0184701 0 -0.00203008 0.010944 0 -0.00290925 -0.0320925 0 -0.0275339 -0.000462019 -0.00188177 0 0 -0.0202874 0 0 -0.00898982 -0.00502534 -0.00285518 0 -0.0152578 -0.00133793 0 -0.000487686 -0.0068117 -0.00408519 0 -0.0460046 -0.000374102 0 -0.001178 -0.00732162 -0.00623686 -0.00248109 -0.0284847 0.00428005 -1.49969e-05 0 -0.0102586 -0.00399716 0 -0.0148544 -0.000198789 0.0248469 -0.000343624 -0.019011 -0.00632364 0 -0.00301899 0 0 0 -0.00135651 0 0.000126092 -0.000147525 0 0 -0.00281446 -0.00364845 3.56692e-05 -0.00150792 -0.0180321 -0.000445957 0.000113027 -0.0361212 -0.00143027 -0.0236525 0.0070953 -0.0173213 0 0.00319738 -0.00249544 -0.00180523 -0.00534113 0 -0.0145678 0 -0.0322436 0.00940503 -0.00130104 -0.000604127 -0.00490905 0 0 -0.000438611 -0.0195549 0.00235773 0 -0.00103093 0 -0.00691999 0 0 0 0 0 -0.0195581 0 -0.00125839 -0.00883862 -0.00187456 -0.00286338 0.00284571 -0.00372802 -0.0454393 0 -0.0053579 0 -0.00156301 -0.0224472 0 -0.00182652 -3.88796e-05 0 0 0 0.0033156 0 -0.000183698 -0.00254882 0 0 0.00211988 0 -0.00307297 -0.000375736 0.00536088 -0.00259231 -0.000419673 0 -0.00694936 0 0 0 0 -0.000793186 -0.00591535 0.000679836 0 0 0 0 0.00484614 0 0 0 0 0
