1.10526 0.0910653 0.0246559 0.0272141 -0.00838296 0.0408221 -0.080671 -0.0440293 0.00627335 0.033749 0.0583305 0.0139526 0.0355968 -0.00405631 -0.00302543 0.0100526 2.38007e-07 0.0023212 0.0266669 0.0115245 0.0239963 0.0148084
0.0910653 0.980458 0.00787165 -0.0143833 0.0375621 -0.0228058 -0.0284546 -0.0355531 -0.00949995 -0.0183197 0.0250685 -0.0105356 -0.0196331 0.00672814 -0.0110495 -0.0360107 -6.97664e-08 -0.0243043 -0.00512462 0.0215673 0.00633958 -0.0323825
0.0246559 0.00787165 1.16897 0.0948818 -0.0235085 0.0113633 -0.0609911 0.00168118 0.0555417 0.0668389 0.0130449 -0.0030782 0.00470008 0.0116639 0.0231036 0.00312774 -2.53731e-07 0.00772137 0.0499753 0.0160506 -0.000138233 0.042339
0.0272141 -0.0143833 0.0948818 1.58193 0.0309542 0.0553378 -0.0947806 -0.0458322 0.0316078 0.0475587 -0.0325574 0.0024189 0.0296924 -0.00073192 0.0722704 -0.0247719 5.64896e-07 -0.0747606 -0.0372055 0.0268453 0.015634 -0.0140435
-0.00838296 0.0375621 -0.0235085 0.0309542 1.19051 -0.0352409 0.0390269 -0.00019562 -0.00093051 -0.0131295 0.0309488 -0.0599354 -0.029312 -0.0318117 0.0130573 -0.0357959 -1.00621e-06 0.0511029 -0.00239336 0.0366965 0.0114647 -0.0485613
0.0408221 -0.0228058 0.0113633 0.0553378 -0.0352409 1.46662 -0.0820214 -0.0033301 -0.00522744 0.00409963 0.0136012 -0.0337611 -0.0119614 0.034787 0.0143441 0.0382173 -1.1186e-06 -0.0423675 0.0216596 0.0216618 -0.00602715 0.0422539
-0.080671 -0.0284546 -0.0609911 -0.0947806 0.0390269 -0.0820214 1.3934 0.0974776 -0.0457297 -0.061352 0.00609207 -0.0164155 -0.0113036 0.0207346 -0.0196658 -0.0104575 1.46114e-07 0.111612 0.0380002 -0.0111521 -0.0291707 0.0259299
-0.0440293 -0.0355531 0.00168118 -0.0458322 -0.00019562 -0.0033301 0.0974776 1.32138 -0.0575102 -0.0398811 0.0485229 -0.0350552 -0.00509458 0.07424 -0.0797125 -0.0262923 1.73604e-06 0.079434 0.00221255 -0.00362083 0.0249537 0.0753187
0.00627335 -0.00949995 0.0555417 0.0316078 -0.00093051 -0.00522744 -0.0457297 -0.0575102 1.06376 0.000100877 0.0266305 -0.0218154 0.00354389 -0.0125502 0.0392196 -0.0240553 1.5712e-07 -0.0349208 0.0169552 -0.0124877 0.0186863 0.0183888
0.033749 -0.0183197 0.0668389 0.0475587 -0.0131295 0.00409963 -0.061352 -0.0398811 0.000100877 0.958092 -0.0453779 0.0123807 0.0143375 0.00585027 0.0247559 0.00619671 -6.30555e-07 0.0191975 0.0204064 0.0155114 0.0195534 0.063897
0.0583305 0.0250685 0.0130449 -0.0325574 0.0309488 0.0136012 0.00609207 0.0485229 0.0266305 -0.0453779 1.23732 -0.0628398 -0.00571087 0.0406187 -0.0328977 0.00721092 -1.25375e-06 -0.00343064 0.00810956 0.0157369 0.00041563 0.0205926
0.0139526 -0.0105356 -0.0030782 0.0024189 -0.0599354 -0.0337611 -0.0164155 -0.0350552 -0.0218154 0.0123807 -0.0628398 1.42345 0.0108315 0.00775107 -0.0464482 -0.0779063 -1.14943e-06 0.0303693 0.0110684 0.0134963 -0.0339953 -0.0258935
0.0355968 -0.0196331 0.00470008 0.0296924 -0.029312 -0.0119614 -0.0113036 -0.00509458 0.00354389 0.0143375 -0.00571087 0.0108315 0.912278 0.0247538 0.00415745 0.0126028 -1.21339e-06 0.0249962 0.018226 0.0719242 -0.0383947 0.00360174
-0.00405631 0.00672814 0.0116639 -0.00073192 -0.0318117 0.034787 0.0207346 0.07424 -0.0125502 0.00585027 0.0406187 0.00775107 0.0247538 1.3971 -0.0141893 -0.0242282 1.66637e-06 -0.0386022 0.00328189 3.90283e-05 -0.0309887 0.0130937
-0.00302543 -0.0110495 0.0231036 0.0722704 0.0130573 0.0143441 -0.0196658 -0.0797125 0.0392196 0.0247559 -0.0328977 -0.0464482 0.00415745 -0.0141893 1.37551 0.0175821 2.46584e-06 -0.0622567 -0.0302895 0.0246263 0.0437178 -0.0244308
0.0100526 -0.0360107 0.00312774 -0.0247719 -0.0357959 0.0382173 -0.0104575 -0.0262923 -0.0240553 0.00619671 0.00721092 -0.0779063 0.0126028 -0.0242282 0.0175821 1.62228 -9.87233e-07 0.0312635 0.0298379 0.0277463 0.0241083 0.0591627
2.38007e-07 -6.97664e-08 -2.53731e-07 5.64896e-07 -1.00621e-06 -1.1186e-06 1.46114e-07 1.73604e-06 1.5712e-07 -6.30555e-07 -1.25375e-06 -1.14943e-06 -1.21339e-06 1.66637e-06 2.46584e-06 -9.87233e-07 3.25635e-09 -7.54191e-07 6.9127e-07 -5.57463e-07 -7.70777e-07 -1.30792e-06
0.0023212 -0.0243043 0.00772137 -0.0747606 0.0511029 -0.0423675 0.111612 0.079434 -0.0349208 0.0191975 -0.00343064 0.0303693 0.0249962 -0.0386022 -0.0622567 0.0312635 -7.54191e-07 1.46797 0.0371522 -0.0435907 0.0146411 0.0333123
0.0266669 -0.00512462 0.0499753 -0.0372055 -0.00239336 0.0216596 0.0380002 0.00221255 0.0169552 0.0204064 0.00810956 0.0110684 0.018226 0.00328189 -0.0302895 0.0298379 6.9127e-07 0.0371522 0.818837 0.0549962 -0.040224 0.0213429
0.0115245 0.0215673 0.0160506 0.0268453 0.0366965 0.0216618 -0.0111521 -0.00362083 -0.0124877 0.0155114 0.0157369 0.0134963 0.0719242 3.90283e-05 0.0246263 0.0277463 -5.57463e-07 -0.0435907 0.0549962 0.883516 -0.0102656 0.00960142
0.0239963 0.00633958 -0.000138233 0.015634 0.0114647 -0.00602715 -0.0291707 0.0249537 0.0186863 0.0195534 0.00041563 -0.0339953 -0.0383947 -0.0309887 0.0437178 0.0241083 -7.70777e-07 0.0146411 -0.040224 -0.0102656 1.16728 0.0153856
0.0148084 -0.0323825 0.042339 -0.0140435 -0.0485613 0.0422539 0.0259299 0.0753187 0.0183888 0.063897 0.0205926 -0.0258935 0.00360174 0.0130937 -0.0244308 0.0591627 -1.30792e-06 0.0333123 0.0213429 0.00960142 0.0153856 1.36318