0.830266 -0.0753746 -0.00392815 -0.000181884 -0.0668258 -0.000932622 0.0159148 -0.00757881 0 -0.0576103 -0.0226704 -0.042566 -0.0204836 -0.0126104 -0.0175338 -0.0119902 0 -1.45626e-06 0.00745801 -0.0227568 0 -0.0161583 0.0015373 0 -0.00422502 0 0 0.00436559 -0.0140782 0.0170215 0 -0.000153096 0.00645082 0 0 -0.0166872 0 -0.00309934 0 0 0 0 -1.95626e-06 0 -0.000121759 0 -0.00715331 0 -0.00326527 -0.00157944 -2.00823e-06 0 -0.0293311 -2.16519e-06 -2.00175e-06 0 0 0 0.00383636 -0.0672249 -0.0141635 -0.019001 0 0 0 0.00800246 -0.0111084 0 -0.00964532 0 0 0 0 -0.000123096 0 0 0 0 0 0 -0.00911516 -0.00396083 -0.0861072 -0.00227463 0.00390173 0 0 -2.02316e-06 -2.14436e-06 -0.00906801 0 -0.00356274 0 -0.00262066 -0.00294495 0 -0.00387132 -1.908e-06 0.000648855 0.00235307 0.00077149 -0.0151454 0 -5.1985e-07 -0.00217826 -0.000134074 0 0 -0.00875511 -0.000620394 0.00721853 0 0 -0.0020411 0 0 -0.00389706 -0.017078 -1.27644e-06 -2.02583e-06 0 0 -2.62955e-05 0 0 0 -0.00136046 -1.37749e-06 0.00169181 0 -0.0265018 0 -0.0190963 0 -0.0106315 0 0 0 0 -2.02953e-06 0.00148998 -1.18127e-06 0 0 -0.00851753 0 0 0 0 0 0 0 0.00199064 0 0 0 0 -0.00669897 0 -0.000902639 0 0.00370404 0 0 0 0.00107318 0 0 0.00633346 -2.21951e-06 -2.18945e-06 0 -0.000787858 0 0 -0.00646279 0 0 -0.00346191 0.00407041 -0.0147067 0 0 -0.00638891 0 0 0 0 -0.00442717 0 0 0 0 -2.35381e-06 0 0 0 0 0 0 0 0 0 0 0 0 0 0 0 0 0 0 0 0 0 0
-0.0753746 0.738784 -0.00459439 -1.55709e-06 -0.0694502 -0.000738012 0.0370063 -0.000279284 -0.00011585 -0.0362589 -0.0080154 -0.0703027 -0.0265961 -0.0246188 -0.0113056 -0.0289136 0 0 -1.62976e-06 -0.0196138 -0.000604839 -0.0230996 0.0137371 -1.70332e-06 -0.00799267 -1.262e-06 0 0 -0.0252348 0.0199472 0 0 0 0 0 -0.0135087 0 0 0 0 0 0 -1.94844e-06 0 -1.46812e-06 0 -0.000436963 -1.78302e-06 -0.0070454 -1.53877e-06 0 0 -0.0179646 0 -9.84134e-05 0 0 0 -1.82613e-06 -0.0119878 -0.0127522 -0.0403323 0 0 0 0 -0.0171413 -0.000984997 -0.0104792 0 0 -8.76523e-07 -1.54123e-06 0 0 -0.00276749 0 0 0 0 -0.00168299 0 -0.0301996 -0.00278588 -1.87408e-06 0 0 -0.00134834 0 -0.0256664 0 -0.00199867 -0.000748874 -0.0216702 -0.00306287 0 -0.00394223 0 0 0 -1.8931e-06 -0.0256963 0 -1.26395e-06 -0.00645031 0 0 -1.79831e-06 -0.000431436 -0.00639634 0.00106936 -0.00156566 -0.00183147 -0.000708264 0 0 -0.00420304 -0.00628459 -1.75073e-06 0 -0.000544543 0 0 0 0 0 0 0 0 0 -0.0305983 0.00183032 -0.00293663 0 -0.000959795 0 -0.0038815 0.012676 -0.0027997 0 0 -1.69142e-06 0 -0.000277463 -0.00207152 0 0 0 0 0 -0.00319619 0 0.0073451 -0.000822057 0 0 -0.0023503 -0.00229283 -0.000769863 -0.0110535 0 0.00299579 -0.0145064 -8.90607e-07 0 -1.75222e-06 0 0 0 0 0 0 0 0 0 -0.0589133 0 0 -0.0117055 -1.71486e-06 -0.00575406 0 -6.61841e-07 -0.000207277 0 0 0 0 -0.0019793 0 0 0 0 0 0 0 0 0 0 0 -0.000757393 0 0 0 0 0 0 -6.57051e-07 0.00414135 0 0 0 0 0 0 0
-0.00392815 -0.00459439 0.833154 -0.0262974 -0.00750068 -0.0630679 -0.00110236 -0.0478403 -2.3893e-06 -0.00109507 -0.00285762 0 -0.000775502 -0.000142256 0 -0.00489408 -0.0123106 -0.0128382 0.0070937 -0.00189584 -0.0116566 0 -0.00122995 -0.0100332 -0.0124595 -0.00685684 -0.012273 -0.00568292 -0.000505202 -0.000503864 -0.00209505 -0.0156409 0.0177046 -0.00928131 -0.00203871 0 -0.0309774 -0.0132598 -0.0124564 -0.0176479 0 0.0125289 -0.0143267 0 -0.0095625 -0.0126321 -0.0161393 -0.0126646 0 -0.00869522 -0.002719 -7.74758e-05 -0.00455046 -0.00541265 0.0158273 -0.00129556 -0.0110876 -0.000555267 -0.00562514 -0.000590041 0 -0.00444858 0 -0.00169928 -0.0294472 0.00674423 -2.91922e-06 -0.0183202 -3.09989e-05 -0.0111786 -0.00176658 -0.00193693 -0.00897364 -0.00964597 0 -0.00944873 -0.00123358 -5.12884e-06 0 0 -0.0295856 0.00179349 -0.00271994 -0.0142384 -5.29997e-06 -0.00777087 -0.00276888 -0.00174529 -5.09789e-06 -0.0010876 -0.00192963 -0.00261191 -0.0127987 0 -0.0089087 -0.00640768 0 -0.00179876 -5.04794e-06 -0.00228119 0.00140344 -0.00424703 -0.00061883 -0.000783796 -0.000997949 -0.0186492 -0.00762588 -0.00669148 -0.0115178 -0.00275923 0.00035969 0 -0.00887024 -0.010099 0.00111797 0 -0.000858977 0 -0.00206631 -0.00303942 0 0 -0.00378033 0 0 -0.0130209 -0.0276766 0 -4.99709e-06 -0.0110692 -0.00336949 -0.000447759 -0.0228647 0 -0.0235163 0.00557337 0 -0.00199039 0 -0.00980217 -5.40789e-06 -0.00839352 -0.00159274 -0.00281763 -0.0012592 -0.00298501 0.00465032 -0.00150201 0 -0.00473352 0 0 -0.000172553 -0.000192957 0 0 -0.00519412 0.00130353 -0.0106997 -4.73914e-06 -0.000698124 -0.000695968 0 -0.00305294 -0.00503366 -0.00151636 -4.93113e-06 -0.0019668 -5.24616e-06 0.00375656 -5.27067e-06 -0.00197273 -0.00794653 0 0 -0.000482998 -0.00349677 -0.00409415 0 0.00252829 3.7829e-06 -0.00109575 -0.00113346 0 0.000828798 -0.0052199 -0.00027392 -0.0037986 0 0 0 0.00376805 -0.000505424 -5.62203e-06 0.000832504 -0.000598165 -0.00261903 -0.00054292 -5.56034e-06 -0.000755452 0 -0.000826232 -0.000545028 -0.00126041 -0.00159946 0.00230611 0 -0.000848803 -0.000236051 -4.91633e-06 0.00486193 -0.00405773 0 0 0 0
-0.000181884 -1.55709e-06 -0.0262974 0.821323 -0.00675113 -0.0177116 -3.70333e-06 -0.0242615 0.0116521 -1.17316e-06 -0.00107032 -3.08153e-07 -2.90713e-06 -2.78211e-06 0 -4.30442e-06 -0.0150639 -0.0368811 0.0196466 -2.71926e-06 -0.00872816 0.0108861 -4.2028e-06 -0.0109035 -0.00434629 -0.0329578 -0.0185176 -0.0152958 -2.84917e-06 -3.85313e-06 -0.0176018 -0.0301524 0.0363608 0.0111997 -4.08503e-06 0 -0.0103232 -0.0300054 -0.0145301 -0.0115642 0 0.0205799 -0.00894987 0.0067983 -0.023322 -0.00850066 -0.0431115 -0.0280767 0 -0.0179328 0.00293209 0 -0.000657172 -0.00237419 -5.21792e-06 -0.00240698 -0.0107017 0 -0.00915702 0 0 -5.08682e-06 -9.20393e-07 -0.00335972 -0.0157153 -5.4857e-06 0.0169144 -0.0195079 -2.65784e-06 -0.0111101 -0.0223545 0.000838403 -0.00996479 -0.0244843 0 0.00209586 -0.000666727 0.0254692 0 0 -0.0275825 4.95386e-06 0 -0.0143932 -5.69277e-06 -0.0096461 -0.0108945 -5.40003e-06 -5.42337e-06 0 0 -0.00191158 -0.0138388 -2.71861e-06 -0.0102446 -0.00802238 0 -0.00326505 -5.16964e-06 -0.00184801 0.00391097 0 -0.00184982 -0.0161824 -4.29099e-06 -0.213191 -0.00877918 -0.00904014 -0.0141943 -5.36306e-06 0.000441059 0 -0.0108955 -0.0107776 0 0 -4.16667e-06 5.01055e-06 -0.00532016 -5.03004e-06 0 0 -0.00899536 -3.7786e-06 0 -0.0130868 -0.0246825 0 -5.14839e-06 -0.0127054 -4.64941e-06 -0.00186659 -0.0219464 0 -0.0134303 0.00907607 0 -0.00418669 0 -0.00454164 -5.73555e-06 -0.0112383 -0.00155961 0.0059064 0 -0.00109598 0.0095439 -4.57109e-05 0 -0.000272782 0.0189315 0 -4.26522e-06 0 0 0 -0.00472924 0 -0.047263 -4.97526e-06 -0.00379198 0 -1.23196e-06 -0.00345742 -0.00408655 -0.00342834 -5.19317e-06 -3.6993e-06 -5.49887e-06 -5.628e-06 -5.52638e-06 -0.00250314 -0.00929124 -3.79328e-06 0 0 -0.00554782 -0.00327995 0 -5.27908e-06 -0.00429152 -0.00179917 -0.00212178 0 0.00338423 -0.00637264 0 -0.00606339 0 0.0108341 0.000517455 0.00658014 0 -5.9818e-06 0.00177759 -0.000237415 -0.00226739 -0.00472693 -5.82246e-06 -0.00565776 0 -0.000157005 -0.00363393 -4.08141e-06 -0.0001011 0.000105546 0 -0.00237434 -0.00180786 -5.1551e-06 0.00885891 -0.00360142 0 0.0142565 0 0
-0.0668258 -0.0694502 -0.00750068 -0.00675113 0.828046 0 0.00764882 -0.00320972 0.000171402 -0.105986 -0.00857293 -0.046343 -0.0299884 -0.0298103 -0.0554457 -0.00541977 -0.00810215 0 0.00622259 -0.0097162 0 -0.00683574 0.004742 0 -0.00486104 0 -0.000754175 0.00258587 -0.00603402 0.00882583 -0.00797086 -0.00207189 0.0246067 0.0089622 0 -0.0052849 -0.0012131 -0.00560998 -0.000110575 -0.00142827 0 0 0 0 -0.0007988 0 -0.0206709 0 0 0 0.00151688 0 -0.012484 0.00206084 0.00256929 0 0 0 0 -0.0396806 -0.00418427 -0.00368401 0 0 0 0.0181246 -0.00559423 0 -0.00365255 0 -0.000881703 0 0 0 0.000237353 0 0.000700085 0.0176714 0 0 -0.0106773 -0.00903792 -0.0224222 -0.00737037 0.0189339 0 0 0.00458708 0.00721828 -0.010585 0 0 0 -0.00481804 -0.00164196 0 -0.000557991 0.00068316 0.00696234 0.00146015 0.00267672 -0.0144561 0 0 0 -0.00717052 0 0 -0.0112688 0 0 0 0 -4.9534e-05 0 0 0 -0.021507 0 0.00376452 0 0 -0.0127993 0.00167733 0 0 -0.00680833 0.000862633 0.0017928 0 -0.0121731 0 -0.0306848 0 -0.0183409 0 0 0 0 0.000579403 0.0117748 0 0 0.000734226 -0.00151966 0 0 0 0 0.000780109 0 0 0.00317342 0 0 0 0 -0.00846145 0 0 0 0.00232534 0 0 0 8.21928e-05 0.00177649 0 0.00378541 0.00276956 0.00541689 0 0 0 0 -0.00514491 0 0 -0.00270357 0.00275905 -0.0132144 0 0 -0.0051565 0 0 0.000155778 0 -0.0191265 0 0 0 0 0.00849708 0 0 0 0 0.00272368 0 0 0 0 0.000642838 0 -0.00107141 0 0 0 0.00156683 0 0 0 0 0 0
-0.000932622 -0.000738012 -0.0630679 -0.0177116 0 0.8243 -0.00483921 -0.0472977 -2.09559e-06 0 -0.00167565 0 -2.82378e-06 -0.0026171 0.00165602 -0.00120469 -0.00395648 -0.0396275 -0.0153349 -0.000589393 -0.0161303 -1.59785e-06 -0.0047862 -0.015466 -0.0153219 -0.00559821 -0.00404316 -0.00210301 -2.80795e-06 -0.00346153 0 -0.0166232 0.00124115 -0.0259872 -0.00323972 0 -0.0209699 -0.0290524 -0.0108216 -0.00821656 -0.0035401 0.0110923 -0.0363197 0.000485016 -0.0141739 -0.00692365 -0.0163643 -0.0161906 -0.00187444 -0.0129295 -0.00179746 0 -0.00223091 -0.00931995 0.00724576 -0.00364313 -0.0136358 -0.00239335 -0.0087446 0 0.00165598 -0.00193416 0 -0.00293438 -0.0327279 0.00613508 -0.000602867 -0.0195356 -2.64966e-06 -0.112934 0 -0.00322436 -0.0109511 -0.0112543 -0.00164989 -0.0180321 -0.0028671 0.0108811 -0.00116785 0 -0.0130436 0.00825473 0 -0.0180922 -0.0150742 -0.0159088 -0.00107469 0.000613988 0.00820037 -1.60861e-06 -0.00252009 -0.00474006 -0.0150911 -2.42501e-06 -0.0103846 -0.0120148 0.00762749 -0.00678615 0.00561858 -0.00738999 -0.00703143 0.00118992 -0.000917494 -0.00195991 -0.00205507 -0.0153209 -0.0101213 -0.00865674 -0.0117479 -0.00186775 0.00185747 -0.0016364 -0.0134114 -0.0058687 0.00363793 -0.000254108 -0.00229102 0.00659826 -0.00674902 -0.00428071 -0.00127608 0.000246031 -0.00485814 -0.000915462 -0.000136926 -0.0114717 -0.0135345 -0.00244823 -0.00310564 -0.0176599 -0.0048601 0 -0.0132934 -0.00154348 -0.0160607 0.00536247 0 -0.000533742 -0.000582814 -0.0151836 -0.00402445 -0.0278501 -0.00245257 0.00113288 -0.000483884 -0.00574573 -0.00285162 -0.0029511 0 -0.0133987 -2.26929e-06 -0.00104238 -0.00299283 -0.000986227 0 0 -0.00639534 0.00829851 -0.0103684 0.00226401 -0.00101802 -0.0039075 0 -0.00307091 -0.0104253 -0.00534127 0.000467556 -0.00198126 0.00564142 -0.00523981 -0.000270065 -0.00608221 -0.010984 -0.00116558 0 0 -0.00888451 -0.00793603 0 -0.00543962 0.0025448 -0.0012325 -9.71378e-05 0.00386891 0.000124211 -0.0020973 -0.0024064 -0.0068122 0.0108433 0 0 0.00927687 -0.00445069 0.00331166 0.000823075 -0.00521708 -0.0045316 -0.000995323 -0.000366539 -0.000518291 -0.000906177 -0.000569465 -0.000247898 -0.00401749 -0.00457759 0.0166591 0 -0.000221213 -2.228e-06 0.00368254 0.00231083 -0.00128439 0 -1.94071e-06 0 0
0.0159148 0.0370063 -0.00110236 -3.70333e-06 0.00764882 -0.00483921 0.695143 -3.51242e-06 -8.6847e-07 0 -1.90505e-06 0.0062958 -2.29385e-06 -0.000624222 0.0185708 -2.4064e-06 0 -3.16057e-06 0.0218911 -0.00822718 0.00325729 0.0291803 -0.241476 -0.00414058 -0.0043613 -7.34745e-05 -3.38402e-06 -2.27317e-06 0.0225131 -0.176345 0.000519841 -3.86977e-06 -0.0158435 -0.0108742 -1.34548e-06 0.00172122 -3.4633e-06 -0.00167224 -0.00143965 -3.52013e-06 -0.0226797 0.00389488 -0.0128297 0 0.00113992 -9.93235e-05 -3.91011e-06 -0.00657918 -1.13992e-06 -3.13663e-06 -0.0135987 -0.0119 0.0162447 -0.00926852 -0.00546691 0 -3.59619e-06 -0.0195922 -0.00493734 0.00164761 0.0129864 0.0141729 0 -0.0465404 -0.00075805 -0.00413378 -1.57071e-06 0.0129738 0.00627325 -0.00468701 0 0 -0.00510313 -0.00262206 -0.00826944 -0.00386099 -0.00737395 0.0115935 -0.00852108 0 0.0341378 -0.001194 0 -0.0039229 -0.0111501 -2.83766e-06 0 -0.00525938 -0.00317069 0 0 -0.00714285 -0.00521106 -1.458e-06 0.00124522 -0.00589377 0.00355845 -0.00569159 -0.0239496 0.00657533 -0.0111644 0.0057335 0 0 -0.00125951 -3.94367e-06 -2.81681e-06 -0.0152976 -0.00270877 0.00452932 0 -0.000450089 0.0484646 -3.09954e-06 0 -9.2217e-07 -0.000455405 0.00718986 -0.00150551 -0.00416684 0 0 -0.00624316 -0.00531737 -0.00942477 -0.00511138 -0.00138752 -0.00546832 -0.00697578 -0.00355382 -0.000217499 0 -0.00146611 0 -0.00290703 0.000221877 0 0 0 -0.0047795 -0.0132638 -0.00523646 -0.00321117 0.00963247 0 -2.24704e-06 0 -0.0484033 0 -0.00430099 0 -9.78268e-07 -0.151732 -1.27859e-06 0 0 0 0.00635084 -0.000423925 -0.00577188 0 -0.0466002 0 -0.000439318 0.00137797 -0.00189271 -0.00339321 -1.71221e-06 -0.00410828 -0.0109333 -0.0024253 -2.03458e-06 0.00363675 -0.0109467 0 0.00872366 -0.0059837 0.00342041 0 -0.00715668 0.00610078 0 0 0.00312022 0 -0.000189724 0 -0.0030796 0.00170184 0 0 0.00322441 -1.78515e-06 -0.00395126 0 -0.0079229 -0.00343437 -0.000846461 -0.00648022 0 -0.000214886 0 0 -0.0020104 -1.49083e-06 0.00143594 0.000117637 0 0 -0.00160261 0 0 0 0 0 0
-0.00757881 -0.000279284 -0.0478403 -0.0242615 -0.00320972 -0.0472977 -3.51242e-06 0.7365 -2.3473e-06 -0.000583662 -0.00136586 0 0 -0.000936587 1.97523e-06 -0.000159999 -0.00642139 -0.0039894 -0.00830383 -2.57002e-06 -0.0183395 0 0.00484977 -0.0174708 -0.0240566 -0.00871119 -0.00539765 -0.00474516 -2.69716e-06 -3.70616e-06 -0.0218028 -0.0117081 0.0158852 -0.0119078 -0.00244328 0 -0.0103861 -0.0158563 -0.010927 -0.00929583 -0.00201601 0.0121224 -0.0159649 0 -0.0128339 -0.00608763 -0.0175014 -0.000546787 0 -0.0232935 0.00173426 -2.24336e-06 -0.00726679 -0.00889272 -4.71971e-06 -0.00162787 -0.00945081 -0.00256937 -0.00633834 0 1.0601e-06 0.00158155 0 -0.000785629 -0.0160352 0.023278 0 -0.0155192 -2.53606e-06 -0.0142109 -0.00736262 -0.00135462 0.000589993 -0.0118133 -0.00039995 -0.0140205 -0.000360327 0.000352616 0 0 -0.0263267 -0.00122254 -0.00107887 -0.0139622 0.0105229 -0.0224588 -0.00345406 0.00612301 -4.88392e-06 -1.28707e-06 0 -0.0032356 -0.00916316 -2.46652e-06 -0.0110312 -0.006638 0.000824903 -0.00913334 -4.75322e-06 -0.00472475 -0.00650814 0 -1.07462e-06 -0.00666958 -3.95934e-06 -0.0161436 -0.0083217 -0.00469125 -0.0266648 0.00653917 0.00142576 -0.000239533 -0.0133005 -0.0100483 0 0 -0.00115992 4.26297e-06 -0.00449339 -0.00249261 -0.000976882 0 -0.01347 0 0 -0.00885058 -0.0241605 -0.000676963 -0.000336998 -0.0136883 -0.00257657 0 -0.0228711 0 -0.0405518 0.00562227 0.0133074 0.00323161 0 -0.00906598 0.00949874 -0.0205118 -0.00220748 -0.00433993 0 -0.00629084 0.0041763 -0.00106999 0 -0.00445107 0.0137915 0 -4.04476e-06 -7.70744e-05 0 0 -0.00484501 0.00178161 -0.00903708 -4.50671e-06 0 0 0 -0.00279661 -0.00750807 -0.00433413 -4.75431e-06 0 0.00102822 0.0016028 -5.04166e-06 -0.0047731 -0.0106433 -3.48601e-06 0 0 -0.00465642 -0.00576085 0 -0.000226527 0 -0.000327362 -0.000906836 0 0.00124522 -0.00555589 -0.00122565 -0.00843439 0.000748117 0 0 0.00321327 -0.00177961 -5.36363e-06 0.00104925 -0.000747938 -0.00362468 -0.00584821 -5.27345e-06 -0.00137422 -0.000178883 -1.84076e-05 -0.000340723 -0.00217633 -0.00603379 0.00369115 0 -0.000410367 -1.584e-06 -4.64141e-06 0.00339551 -0.00156446 0 0.0154257 0 0
0 -0.00011585 -2.3893e-06 0.0116521 0.000171402 -2.09559e-06 -8.6847e-07 -2.3473e-06 0.434926 0 -5.56436e-07 0 -0.00846983 -0.000234629 -0.00883817 -0.0100756 0 -0.00378662 -0.00649019 -0.00130278 -0.000432036 -0.0140187 -9.88971e-07 -1.87237e-06 -0.00343195 0 0 -0.00116401 -0.00614257 0.0243381 0 -2.7389e-06 -0.00902689 0.00694323 -0.00434834 0 -2.28759e-06 0.0232094 -2.63395e-06 0 -0.000333298 0 0.0135518 0.0773498 -2.14565e-06 0 -2.64743e-06 -2.50731e-06 0 -0.000338463 -0.00468713 -0.00111207 -0.00100931 -0.00454864 -0.0133477 -0.0135165 0 0 0 0 0.000190356 -0.0107964 0.0620914 0 -2.24556e-06 -0.0192829 -0.00603619 0 -0.0104571 0.0251669 0.00213997 0 0 0 0 -0.000526895 -0.00119467 -0.0208363 0 0 -2.46376e-06 0.00198392 0 -2.30852e-06 -0.00657745 5.59377e-05 0 -0.0202659 -0.00559623 -0.0149013 -0.000304651 -0.000475249 -2.28761e-06 -0.00728632 -0.003284 -0.0117204 -0.0231001 -0.00122663 -0.00421055 -0.00181257 -0.00205324 -4.90036e-07 -1.27334e-06 0 -0.0138565 0.0172083 -0.00199288 0 -2.49437e-06 -0.0154297 0.000799752 -0.0184181 -0.00441353 0 0 -0.00529124 -0.00298386 -0.00578259 0 -0.00122654 -0.00167763 0 0.00831444 -0.00213988 0 -2.51289e-06 -2.41508e-06 0 -0.00201642 -1.92511e-06 -0.00451581 0.000374177 -2.39453e-06 -0.0027626 -2.34636e-06 0.00170135 -0.00741403 0.00700771 0 0.00106313 -0.0053733 -2.41041e-06 0 -0.0348116 0 -6.38337e-05 0 0 -0.00593778 0 -0.00684857 -0.00566406 -9.37782e-07 -0.000250097 0 0 -0.00248025 1.52835e-08 0 -0.00617784 0 0 0 0 0 0 -0.00647206 -0.0035421 -0.00380597 -0.00356943 -0.00384725 0 -0.000113325 -0.00198776 0 0 0 -0.00251625 -0.00345204 -0.00336307 0.00212194 0 0 0 0 -1.80272e-06 -0.00107961 -0.00189034 0.000195385 -0.00103278 0 0 -0.00267305 -0.0198845 0 -0.00119304 -0.000533548 0 -0.00399172 0 0 0 0 -0.000168836 0 0 0 0 0 -0.00511829 0 0 0 -0.0118585 0 0
-0.0576103 -0.0362589 -0.00109507 -1.17316e-06 -0.105986 0 0 -0.000583662 0 0.761388 -0.0349701 -0.0188565 -0.0484077 -0.0149616 -0.00737298 -0.0138441 0 0 0 -0.0358178 0 -0.00900349 0 0 -0.00059124 0 0 -1.3521e-06 -0.0167684 0.00172558 0 0 0 -1.74969e-06 0 -0.0201584 0 0 0 0 0 9.95146e-07 -1.76776e-06 0 0 0 0 0 -0.00281844 0 0 0 -0.00958457 0 0 -5.75196e-07 0 0 0 -0.0377996 -0.0271337 -0.0156425 0 0 0 0 -0.0108329 0 -0.00448685 0 0 0 0 0 0 0 0 0 0 0 0 -0.00205048 -0.0303577 -3.15093e-05 0 0 0 0 0 -0.012094 0 -0.000761876 0 -0.0326456 0 0 -0.00756379 -1.61732e-06 0 -1.79109e-06 0 -0.0159428 0 0 -0.00388679 -1.26178e-06 0 0 0 -0.00201767 0.000159207 -0.00286914 0 0 0 0 -0.00429519 -0.0224216 0 0 0 0 0 0 0 0 0 0 0 0 -0.0120675 0 -0.00127881 0 -0.000416674 0 0 0 0 0 0 -1.36652e-06 0 0 -0.00531867 0 0 0 0 0 -0.000853154 0 0 0 0 0 0 -0.00547567 0 -0.0125087 0 -1.45858e-06 -0.0010948 0 0 -1.48617e-06 0 0 0 0 0 0 0 0 0 -0.00476435 0 0 -0.0182266 0 -0.00284597 0 0 0 0 0 0 0 -0.00206469 0 0 0 0 0 0 0 0 0 0 0 -0.000115385 0 0 0 0 0 0 0 0 0 0 0 0 0 0 0
-0.0226704 -0.0080154 -0.00285762 -0.00107032 -0.00857293 -0.00167565 -1.90505e-06 -0.00136586 -5.56436e-07 -0.0349701 0.539494 -0.0132674 -0.0282412 -0.111487 0.00268803 -0.0165843 0 -2.3719e-06 -1.77081e-06 -0.0576458 -2.21428e-06 2.17364e-07 0 -0.00120471 0.00684479 0 -4.18956e-06 -1.88217e-06 -2.64431e-07 -2.04779e-06 0.00582427 -2.3539e-06 -1.71214e-06 -2.1365e-06 -1.19333e-06 -0.0114522 -0.000235468 -0.0021654 0 -1.95824e-06 -0.00330209 0.00107911 -0.000470725 0 -2.15462e-06 0 -0.00272146 -0.000423678 -0.0127223 -2.16692e-06 -2.08237e-06 -8.79588e-07 -0.00154554 -2.25743e-06 -1.92115e-06 0 -2.36812e-06 0 0 -0.041016 -0.000348995 -0.0136183 0 0 -0.000226015 -1.93219e-06 -0.00769109 -0.00183054 -3.68439e-07 -0.0010858 0 0 -2.26963e-06 -0.000223728 -0.0074138 -0.000114272 0 -1.7524e-06 -0.0199407 0 -2.1764e-06 1.55517e-06 -0.01028 -0.0133776 -2.07071e-06 -2.27479e-06 -1.37209e-06 -1.97803e-06 -1.85435e-06 -0.00609506 0 -0.00359992 -0.00281376 0 -2.16472e-06 -2.29601e-06 0 0 -2.03035e-06 -2.1779e-06 -2.22834e-06 -0.00192236 0 0.000772117 -0.00827821 -0.000795367 -1.95104e-06 -0.00214479 -0.0120925 -0.00298849 0.00131697 0 0.0302154 0 0 0 -0.0276844 1.99961e-06 -2.10936e-06 -2.0494e-06 -0.00357233 0 0 -1.30937e-06 -0.00514893 -0.000125536 -0.00126395 0 -1.9921e-06 -0.00138569 -0.0073707 -4.99211e-07 -0.00191391 0 -0.00294383 0 -1.66591e-07 0 0 -2.39653e-06 -2.05892e-06 0 -4.00382e-05 -2.03801e-06 -0.223366 0 0 -0.0065287 -8.686e-07 -0.00122693 0 0 -2.04316e-06 -0.00249173 0 0 -1.54928e-06 0 -0.00171972 -0.00926042 0 0 0 -0.000184516 0 -2.05958e-06 -1.79545e-06 0 -1.9766e-06 -2.17685e-06 0.0182301 0 0 0 0 -0.000886864 -0.000839658 0 -0.000365486 -2.05981e-06 -0.011237 -0.000135182 0 0 0 0 0 0 -0.0149364 0 0 0 -1.70796e-06 -2.03695e-06 0 0 -0.000729614 0 -2.09083e-06 0 -0.00121855 0 0 0 0 0 0 0 0 -1.72191e-06 0 0 0 0 0 0
-0.042566 -0.0703027 0 -3.08153e-07 -0.046343 0 0.0062958 0 0 -0.0188565 -0.0132674 0.727636 -0.0485649 -0.0293921 -0.0371095 -0.0192405 0 0 0 -0.0144338 0 -0.030122 0.00120573 -5.45612e-07 -0.000692194 0.00445327 0 0.00991997 -0.0308435 0.0032291 0 0 0.00627801 0.00543277 0 -0.013595 0 0 0 0 0 -0.00376624 0.0137609 0 0 0 0 -4.61557e-07 -0.00172237 0 -7.50032e-07 0 -0.0117586 0 0 0 0 0 0.0115529 -0.0186642 -0.0139401 -0.00824174 0 0 0 0.00716549 -0.0400276 0 -0.0104113 0 0 0.00433746 -3.15767e-07 0 0 0 0 -6.55252e-07 0 0 0 -0.00131874 -0.0398149 0 0.0115862 0 0 0 0 -0.011123 0 0 0 -0.00664238 0 -6.06986e-07 -0.00106541 0 0.000526446 0 0.00276571 -0.011532 0 0.00121005 0 0 0 -5.89777e-07 -0.000103252 -0.000948741 0 0 0 0 0 0 0 -0.0105905 0.00397501 0 0 0 0 0 0 0 0 0 0 0 -0.0165336 0 -0.00147961 0 -0.00022127 0 0 0.00189719 -5.72413e-05 0 0.00144624 -4.40742e-07 0 0 -0.00373353 0 -1.02772e-07 0 0 0 -0.00220128 0 0.00145297 -0.000188449 0 0 0 -0.0111242 0 -0.00599634 0 0.00248996 -0.000390796 -5.86901e-08 0 0.0123396 0 0 0 -7.88753e-07 0 0 0 0 0 -0.0129498 0 0 -0.0107936 0 -0.00533162 0 0 -0.00868712 0 0 0 0 -0.00238303 0 0 0 0 0 0 0 0 0 0 0 0 0 0 0 0 0 0 0 0 0 0 0 0 0 0 0
-0.0204836 -0.0265961 -0.000775502 -2.90713e-06 -0.0299884 -2.82378e-06 -2.29385e-06 0 -0.00846983 -0.0484077 -0.0282412 -0.0485649 0.714323 -0.0163362 -0.018812 -0.0305459 0 -2.66805e-06 -1.64988e-06 -0.0213671 -2.49757e-06 -0.0412767 0 0 -0.00176179 0 0 -2.20539e-06 -0.0191386 0 0.00303774 -2.97988e-06 -0.00512709 -0.000184935 -0.00211645 -0.0193198 0 -2.74221e-06 -2.96579e-06 0 -0.000262232 2.45288e-06 -2.51957e-06 0 -2.57328e-06 -2.65029e-06 -2.45457e-06 0 -0.00245347 -2.5902e-06 0 0 -0.00867572 -2.2965e-06 -0.00173654 0 0 0 -2.895e-06 -0.00823657 -0.00573592 -0.0315453 -0.0061251 0 -2.86063e-06 -0.00254459 -0.0478539 -2.71974e-06 -0.0110173 0 0 -1.7917e-06 0 0 -0.00078398 -0.00341715 0 -0.00256158 -9.28759e-05 0 0 0 -0.0117775 -0.00285894 -1.89506e-06 -2.46995e-06 0 -0.00658509 0 -0.0470437 0 -0.0048694 0 -0.00979473 -0.000985527 -2.4509e-06 -0.00300611 -2.15382e-06 0 -2.19839e-06 0 -0.0226227 0 0.0215025 -0.00734478 -3.04708e-06 0 0 -0.00100454 -0.012336 0.00335464 -0.00910315 -2.49095e-06 0 0 -0.00127831 -0.0131728 -0.00715058 0.0100489 -1.99797e-06 -0.00332878 0 0 0 -0.000673038 0 0 0 0 -2.72223e-06 -0.0548338 0.0022046 -0.000450828 -0.00246297 -0.000813831 0 -0.000167847 -1.83178e-06 -0.00113295 -0.00132861 0 -2.90101e-06 0 -1.99302e-06 -0.00999686 0 0 -0.00216365 -0.000266448 0 -0.0186725 -0.000696607 0 -0.00515181 0 0 -0.00119655 1.92735e-06 -6.7775e-05 -0.0257632 0 0 -0.00285967 0 -2.26525e-06 0.011177 0 -0.00234451 0 -0.000129435 0 0 0 -0.00158195 0 -0.00417803 0 -0.000877547 -0.00193295 -0.000627059 -0.00127367 0 0 0 0 0 0 -2.31088e-06 1.33068e-06 -0.00120208 0 0 0 -0.000755728 0 0 0 0 -0.000378051 0 -0.00510761 0 0 0 0 0 0 -1.54571e-06 0 -0.00122874 0 0 0 -6.8839e-05 0 0
-0.0126104 -0.0246188 -0.000142256 -2.78211e-06 -0.0298103 -0.0026171 -0.000624222 -0.000936587 -0.000234629 -0.0149616 -0.111487 -0.0293921 -0.0163362 0.551764 0.116949 -0.0163647 0 -2.60948e-06 -1.56329e-06 -0.0211469 -2.5066e-06 -0.00198304 -0.00606796 -0.00149475 -0.00395383 0 0 -2.01109e-06 -6.35978e-07 -1.78009e-06 0.00887708 -2.89422e-06 0.00292948 0.00555775 -1.11655e-06 -0.0052956 -2.67547e-06 -0.00487289 -2.83371e-06 -2.43142e-06 -0.00344071 2.444e-06 -0.00250331 0 -0.00275475 -2.54865e-06 -0.00206503 -0.000528636 -0.0270686 -2.48664e-06 -2.03662e-06 0 -0.0013209 -2.17746e-06 0.00640324 -0.00138302 -2.76668e-06 -5.71313e-05 -2.5317e-06 -0.0107538 0 -0.0087883 0 0 -0.00172265 -1.75835e-06 -0.01555 -0.00121896 0 -0.00209639 0.000273133 -1.72285e-06 -2.67362e-06 -0.000208762 -0.0084824 0.00405693 -0.00331113 -1.54256e-06 -0.0249057 0 0 9.88185e-07 -0.0137604 -0.00493811 -0.00237772 -2.43217e-06 0 -1.84628e-06 0 -0.000306624 0 -0.00172316 -0.00242519 -0.000342138 0 -2.39714e-06 0 -4.60133e-05 -0.00156135 -2.10093e-06 -0.000598667 0 0 0.00164023 -0.00462985 -2.96019e-06 0 -0.00130426 -0.00516718 -0.0052441 0.000276662 -0.000514453 -2.5398e-06 -2.21893e-06 0 0 -0.0234447 1.37267e-06 -2.40291e-06 -1.91904e-06 -0.00258355 0 0 0 -0.00792729 0 -0.000512432 0 -1.84839e-06 -0.00366484 -0.0120102 -6.69002e-07 -0.000695513 0 -0.00225668 2.132e-06 0 0 -0.014107 -2.40218e-06 -1.85289e-06 0 -0.000492857 -2.09012e-06 -0.0295605 -0.000404145 1.92121e-06 -0.00230888 0 -0.00436374 0 0 -1.80507e-06 -0.00381306 0 0 0 0 -0.00396125 -0.0115503 0 -0.00523688 0 0 -0.00199608 0 -1.64142e-06 0 -1.77612e-06 -2.07608e-06 -1.7889e-06 -0.000338658 -0.00145306 0 -0.002911 -0.00199972 -0.00531723 -0.00120624 -0.00101126 0 9.59446e-07 0 0 1.39973e-06 0 0 0 -2.25576e-06 8.74027e-07 0 0 0 0 -1.82825e-06 0 -0.000596136 -0.00222633 0 -1.90979e-06 0 -0.00230442 0 0 0 -0.000209785 0 0 0 0 0 1.90476e-06 0 0 0 0 0
-0.0175338 -0.0113056 0 0 -0.0554457 0.00165602 0.0185708 1.97523e-06 -0.00883817 -0.00737298 0.00268803 -0.0371095 -0.018812 0.116949 0.55858 9.02077e-07 0 0.0024149 0.00581304 0.0289555 1.32816e-06 -0.0309347 0.0160654 0.00184248 0 0 -0.00169309 0.00153588 -0.0336466 0.00742403 -0.0350893 0 0.00795516 0.00742592 0 0 0 0 0 -0.0202524 0.00564327 0 0.00399631 -0.000529582 1.78271e-06 0 -0.00537991 0 0 0 0.00179113 0 -0.0284453 0.00351336 0.00406252 0 0 0.00103835 0 -0.0221681 -0.0252547 7.83143e-07 0 0 0 0.00325465 -0.00216279 0 -0.0421964 0.00042034 -0.00556146 0 1.99288e-06 0 0.0086168 0.00130855 0.00386535 -4.43484e-07 0.00375735 0 0 -0.0192207 -0.00235688 0 0.00639893 0 0 0.00064501 0.000834058 -0.0429366 0 0 0.000472136 5.18005e-07 1.86794e-06 0.000108073 -0.0145091 0.00200398 0.0087137 0.0021043 0.0035544 -0.010507 0 0 0 0 0 0.00398213 0 0 0 0 0 -0.017924 -0.0235872 0 0 -0.0319104 0 0.00266877 0 0 0 0.00105901 0.0134803 0 0 0.000530768 0.00213657 0 -0.0142689 0 -0.0260098 0 0 0 0 0 0 0.00412948 0.00763537 0.000406649 0 0 0 0 0 0 0 0.00340228 0 0 0.00540851 0 0 0 0 -0.0176219 0 0 0.000226477 0.0213421 0 0 0.00106072 0.000936633 0 0 0.00177924 0.00363349 0.000742738 0 0 0.00150599 0 -0.00225758 0.00165619 0 -0.00205263 0.0029919 -0.0141028 0 0 -0.00577886 0 0 0.00018988 0 -0.0079699 0 0 -0.00510679 0 0.00161012 0 0.00175643 0.00033566 0 0.00307746 0 0 0 0 2.44331e-05 0 -0.0024353 -0.0124499 0 0 0.00154503 0 0 -0.00540285 0 0 0
-0.0119902 -0.0289136 -0.00489408 -4.30442e-06 -0.00541977 -0.00120469 -2.4064e-06 -0.000159999 -0.0100756 -0.0138441 -0.0165843 -0.0192405 -0.0305459 -0.0163647 9.02077e-07 0.621369 -3.71155e-06 -0.00394789 -0.00204134 -0.0260135 0.0142635 -0.0181371 0.000517405 -0.00495096 -0.00533577 0.0055192 -3.82043e-06 -0.00322244 -0.0609866 -2.63506e-06 0.00469219 -4.46845e-06 0.00640182 -0.0146196 -0.0157467 -0.0156058 -0.00270037 0.0046974 -4.37177e-06 -0.00131822 -0.00482484 0.00186621 -0.00407349 0 0.011487 -4.03127e-06 -4.08104e-06 0.00561749 -0.0169179 -3.71566e-06 -0.00698925 0 -0.0164901 -0.00270822 -0.0150064 -0.0118012 -0.00288459 0 -3.93832e-06 -0.00665109 -0.0122716 -0.0830188 -0.00130017 -1.80231e-06 0.00330867 -0.0105493 -0.0263211 -0.00575337 -0.034394 -0.00119833 0.00288225 -0.000466493 -0.00267817 0.000415759 -0.0035179 -0.0141615 -0.00142006 -0.0102555 -0.00291657 0 -4.12517e-06 0.00652946 -0.00277114 -0.010605 0.00106908 0.0188285 0.00413365 -0.000928589 -0.00622178 -0.0230686 -0.00172339 -0.00514393 0.000310043 -0.00733045 -0.00282533 -0.0154931 0 0.00277492 2.50344e-05 -0.00365675 -0.00656776 -0.00518569 0 0.00816764 -0.021204 -4.52184e-06 -0.00313452 -0.00208196 0.00673136 -0.033892 0.00763907 -0.0362587 -0.00235142 -5.61298e-05 0.000127729 -0.0194901 -0.0184678 0.00379693 -3.69792e-06 -0.00528413 -0.0217242 0 -3.21098e-06 -0.00237526 -0.00254158 0.00101358 -0.00148742 -0.00116634 -0.00330927 -0.00510251 -0.0451271 -1.26405e-06 -0.00211157 -0.00450878 -0.00107576 0.00149791 -0.00665473 -2.97889e-06 -0.0200687 -0.0106499 -0.0019135 -4.17426e-06 -0.000265921 -0.00137213 -0.0209919 -0.00332112 3.17625e-06 -0.00092928 -0.0026876 -0.00642447 -0.0086188 -9.48509e-07 -2.65196e-06 -0.0132894 0 0 -0.00912713 0.00323037 -0.00358776 -0.0130296 0 -2.04476e-06 -0.0121182 0 -0.00261899 -3.32665e-06 -0.00430394 -0.00657632 -0.00396095 -0.000473094 -0.00779948 -0.00115568 -0.00430155 -0.00361093 0 -0.0119327 -0.00110015 -0.00754861 -0.00505584 -0.00682262 0.000676899 -0.00121543 -2.57012e-06 1.84708e-06 0 -2.90647e-06 -0.000809945 -3.29746e-06 0 -0.00123712 0 0.00506349 -0.00371711 -0.00695134 0 -0.00229584 -0.00191297 -2.01955e-06 -0.00666243 0 -0.0234269 -1.948e-05 -1.89784e-06 -0.00295224 -0.000747696 0.000772659 0 -2.5518e-06 -2.63733e-06 -0.00406678 3.11797e-06 0 0 -0.00507275 0 0
0 0 -0.0123106 -0.0150639 -0.00810215 -0.00395648 0 -0.00642139 0 0 0 0 0 0 0 -3.71155e-06 0.902133 -0.00462621 0.0155854 0 -0.002946 0 0 -0.00410163 -0.0017658 -0.0094002 -0.0496555 -0.00052856 -2.04306e-06 0 -0.0121193 -0.0564937 0.0102852 -4.53074e-06 0 0 -0.0168821 -0.00535629 -0.0514199 -0.0422008 0 0.0217634 -3.85193e-06 0 -0.00388217 -0.0628814 -0.0140465 -0.019156 -1.89452e-06 -0.00349669 -4.59752e-06 0 0 -4.55565e-06 0.0116999 0 -0.0284348 0 -0.00724506 -0.000782991 -0.00237346 -4.51813e-06 0 0 -0.00678166 0.0173802 0 -0.0063733 0 -0.00133925 -0.0139665 -0.00504706 -0.0236461 -0.00756315 0 -4.47745e-06 0 0.0244602 0 0 -0.0211013 -0.0365446 -0.00069518 -0.00848888 0.0264767 0 -0.0369662 0.00345524 0.0124913 0 0 -0.000448871 -0.0109271 0 -0.00320938 0 -0.0015229 0 0.00348315 -4.4907e-06 -4.78126e-06 -0.00258128 0 -0.00179944 0 -0.0223357 -0.00296126 -0.00856073 -0.0128735 -4.83311e-06 0 0 0 -0.00731163 0 0 0 -0.0181223 -0.000471004 -4.60849e-06 -2.7599e-06 0 -0.00251757 0 0 -0.0170842 -0.0137715 0 -4.7658e-06 -0.00288656 -3.84572e-06 -0.000761999 -0.00835172 0 -0.00656125 0.00894906 0 -0.00839616 0 0 0.0122228 -0.0231623 -0.000918058 0 0 0 0.00740961 0 0 0 0 0 0 0 0 0 -0.000697736 -0.0130747 -0.003564 0.00193913 0 0 0 -0.00118903 0 0 0.00550225 0 0.00507371 -5.25604e-06 0.00179506 0 -0.00117046 0 -0.0260926 0 0 -4.1771e-06 0 0 -0.00716583 -0.00130336 -0.00235272 -0.00224473 0.00271326 -0.0130967 0 0 -0.0316578 0 0 -0.00369511 0 0.00655998 0.000328808 0 0 -0.000923403 0.003795 -0.00352404 0 0 -0.00123595 -3.54684e-06 0 -0.0192749 0 -0.00343548 -0.00604209 0.00102725 0.00551098 -0.000419962 0 0.000834153 0 0
-1.45626e-06 0 -0.0128382 -0.0368811 0 -0.0396275 -3.16057e-06 -0.0039894 -0.00378662 0 -2.3719e-06 0 -2.66805e-06 -2.60948e-06 0.0024149 -0.00394789 -0.00462621 0.735133 0.00442574 -2.52349e-06 -0.00732114 0 0.0203933 -0.0233802 0.00436628 -0.0205243 -0.00438589 -0.0328436 -0.00170302 -3.3718e-06 -0.0090394 -0.0207682 -0.00819936 -0.018168 -0.00378168 0 -0.0103267 0.00697167 -0.0312078 -0.00877151 0 0.00504156 -0.00994188 0 -0.00155706 -0.00892815 -0.00653549 -0.0144697 0 -0.0165846 0.00245414 -0.00184501 0 -0.00911114 -0.00833475 -0.00341771 -0.0325556 -0.000973576 -0.00942434 0 0 -0.0064775 0 -0.00208157 -0.0129381 -0.0117147 -2.51826e-06 -0.020665 -0.000770877 -0.0116488 -0.00155455 0.00525238 -0.00991159 -0.00741928 0 -0.00924586 -8.76291e-05 -0.00236903 0 0 -0.00859604 0.00853567 0 -0.0162313 -0.000636035 -0.00812013 -0.00272689 -0.00868352 -0.0035012 0 -0.00299481 -3.6851e-06 -0.0294531 0 -0.00734148 -0.0188575 0 -0.00536198 -0.00366094 -0.00795027 -0.00829987 0 -0.00101727 -0.00413813 0.000556739 -0.0147578 -0.00549859 -0.00913111 -0.00220152 -0.0064618 0 -0.000356519 -0.0122661 -0.00431555 0.00314916 0 -3.6005e-06 0.00585044 -0.00614652 -0.00550548 -0.00160759 0 -3.05825e-06 -0.00106435 -2.35179e-06 -0.00892604 -0.0101495 -3.54121e-05 -0.00110418 -0.0118405 0.00264598 0 0.00692529 -0.000859848 -0.00321316 0.00423682 0 -2.338e-06 0 -0.0120194 -0.000685241 -0.00993056 -2.47363e-06 -0.0077337 0 -3.87395e-06 0.00475599 -2.92279e-06 0 -0.00874854 0 -0.000564908 -3.70661e-06 0 0 0 -0.0347768 0.00457715 -0.0152618 -4.07067e-06 -0.000591867 -0.000724887 0 -2.60539e-06 -0.00251221 -0.00360879 -0.00102501 -0.00071534 0.0108741 -0.00551295 -5.71806e-05 -0.00218009 -0.00825237 0 0.00339437 0 -0.0048156 0.000301707 0 -0.00591566 0.00297703 -0.00192298 -2.15511e-06 0.00421245 0 -0.00177328 -0.00222598 -0.00721202 0.00389343 0 0 0.00726796 -0.00318479 -0.00306908 0 -0.0048567 -0.00322323 0 -0.00159013 -0.000140069 -0.000954915 0 0 -0.00300472 -0.00093993 0.0119325 0 0 -2.16901e-06 -0.0025682 0.00304848 0 0 0 0 0
0.00745801 -1.62976e-06 0.0070937 0.0196466 0.00622259 -0.0153349 0.0218911 -0.00830383 -0.00649019 0 -1.77081e-06 0 -1.64988e-06 -1.56329e-06 0.00581304 -0.00204134 0.0155854 0.00442574 0.632405 -1.472e-06 -0.0111632 0.00183553 0.0161149 -0.00248237 0.00232241 -0.00113546 0.0102093 -0.0107438 -0.00055688 0.0304601 0.00267497 0.0187057 -0.0284443 -0.0301345 -0.0107581 -1.45004e-07 -0.00543042 0.0297971 -4.73976e-06 0.00113055 -0.00645619 -0.00251599 -0.0253546 0 -0.00278908 -4.41755e-06 -4.95595e-06 0.0166237 -0.00176926 -0.00878842 -0.0171295 0.00530858 0 -0.0480464 -0.0190849 -0.00472043 -0.00174687 -0.000673119 -0.0122826 0.0124688 0.00960023 -0.00413565 0 -0.00250068 -0.0116161 -0.0286879 -0.004868 -0.00622218 -0.00259008 0.0102621 0 -0.00134373 0.00676678 0.00117484 -0.00541905 -0.0139362 -0.00464075 -0.0229736 -0.00265011 -0.00564397 0.00456132 0.0240322 -1.29508e-06 0.0128332 -0.0292038 -0.0132263 0 -0.0238262 -0.0168404 -1.55216e-06 -0.0183592 -0.00230172 -0.00593024 -0.0025414 0.00112725 -0.0148453 0.00648137 -0.0269709 -0.011988 -0.0232163 -0.0241193 0.018628 -0.000433093 -0.00405386 -0.00653137 0.00859199 -0.00607511 -0.00510577 -4.77719e-06 -0.0161394 0 -0.00334152 -0.0145146 -3.69367e-06 0.00522799 -0.00569909 -0.0078894 0.0349986 -0.0134326 -0.0191609 -0.0109177 0 -0.002909 -0.0103603 -0.00270346 0.00772117 0.0165129 -0.020459 -0.023013 -0.0131871 0.00141885 0 0.0263573 -0.00593921 -0.00315773 3.75822e-06 -5.32568e-08 -3.54266e-06 -0.00697537 -0.0284435 -0.0203267 -0.00514497 -0.00108431 -0.000701381 0 -0.00893183 3.79527e-06 -0.00292043 -0.00420268 -0.0262984 -0.00247095 -0.00925541 0.00174282 -0.00580359 0 -0.00194408 -0.00341309 0.0143417 -0.00231636 -0.00351072 -0.000859372 -0.00158641 -5.59841e-05 -0.000776109 -0.011487 -0.0154994 -0.0150056 -0.00485029 -0.0162416 -0.0161614 -0.0166426 -0.0319722 -0.00752163 -0.00505977 0.00274215 0 -0.0102146 -0.0324136 -0.00100547 -0.0237394 0.0157889 -1.08771e-05 -3.01882e-06 0.0159886 0 0 -0.0105695 -0.00803776 0.0145161 0 0 0.0105131 -0.0116898 -0.0263764 0 -0.00922272 -0.00826557 -0.000345551 -0.0149056 0 -0.0073976 0 0 -0.00980121 -0.00780112 0.00835836 0 -2.99834e-06 -3.07486e-06 -0.00856478 3.70418e-06 0 0 0 0 0
-0.0227568 -0.0196138 -0.00189584 -2.71926e-06 -0.0097162 -0.000589393 -0.00822718 -2.57002e-06 -0.00130278 -0.0358178 -0.0576458 -0.0144338 -0.0213671 -0.0211469 0.0289555 -0.0260135 0 -2.52349e-06 -1.472e-06 0.526305 -2.37556e-06 -0.00238147 -0.00910152 -2.37568e-06 -0.00117217 0 0 -1.9949e-06 -0.00546217 -0.00131813 0.00631994 -2.78147e-06 0.00504624 0.0145963 -9.55281e-07 -0.00473497 0 -3.80118e-05 0 0 -0.0167626 2.34559e-06 -2.27854e-06 0 0 0 -2.43606e-06 -0.00227632 -0.00891809 -2.37887e-06 -0.0025049 0 -0.00783136 -2.10423e-06 -0.0028521 0 -0.000124339 -0.00522354 0 -0.00827445 -0.00471467 -0.0144538 0 -0.000698719 -2.6741e-06 0.00592465 -0.0231723 -2.5712e-06 -0.00127732 -0.000552196 0 -0.000707863 -0.000438196 -2.44042e-06 -0.00507427 0.00814191 -0.00655648 -0.00160286 -0.0134525 0 -2.57153e-06 0 -0.00669059 -0.0021865 -1.70515e-06 -2.29901e-06 0 0.00666939 0 -0.0106987 0 -0.0298789 -0.000832728 -0.00773722 -2.35479e-06 -0.000721382 -0.000769138 -2.00197e-06 -0.00181195 -2.01676e-06 -0.000686016 -0.0109563 0 0.00455039 -0.0183414 -2.87101e-06 -0.000271078 -0.00361016 0 -0.0119042 0.00140601 -0.00914095 -2.41362e-06 0 0 0 -0.0176384 1.5087e-06 -2.35966e-06 -0.00032544 -0.00746581 0 0 0 -0.00957419 -0.00204752 -2.66743e-06 0 -1.73287e-06 -2.54539e-06 -0.0186811 0.00136531 -0.000548101 0 -2.58151e-06 0 0 0 -0.000603458 -0.000474527 -1.74337e-06 0 -0.000837172 -1.94201e-06 -0.0160334 0 0 -0.0291626 0 -0.0015209 -0.0302947 0 -0.000203018 -0.00137792 0 0 -0.00134543 0 0 -0.0272314 0 0 -5.48843e-08 -0.000216047 0 0 0 -0.00218998 -1.67288e-06 -1.95533e-06 -1.67082e-06 0 0 -0.0264998 0 -0.000394308 0 -0.00112062 -0.00219907 -1.81819e-06 1.0534e-06 0 0 0 0 0 0 0 9.58666e-07 0 0 0.000467579 0 -0.000168622 0 0 0 0 -0.00254692 0 -0.00471175 0 0 0 0 0 0 0 0 -0.00184618 0 0 0 -0.000561606 0 0
0 -0.000604839 -0.0116566 -0.00872816 0 -0.0161303 0.00325729 -0.0183395 -0.000432036 0 -2.21428e-06 0 -2.49757e-06 -2.5066e-06 1.32816e-06 0.0142635 -0.002946 -0.00732114 -0.0111632 -2.37556e-06 0.743399 -0.000554115 -0.00203812 -0.00728354 -0.0255776 -2.36443e-06 -0.00442812 -0.00204219 -0.000887233 0.00345553 0 -0.0088511 -0.0077209 0.000286255 -0.00493668 -0.000452059 -0.0118769 -0.00937931 0.00433533 -0.0140641 0 0.00816194 -0.0124999 0 -0.050052 -0.00271694 -0.00898752 -0.00744487 0 -0.0204436 -0.00740241 -0.000866623 -0.00187035 -0.0106965 -0.00340668 -0.00280418 -0.00805341 0 -0.00337108 0 0 -0.00572744 0 -0.000649219 -0.0200019 -0.00794257 -0.00157276 -0.0109285 -0.000286712 -0.00830972 -1.23015e-06 -2.56658e-06 -0.00627545 -0.0110618 0 -0.0123574 -0.00148899 -0.00836975 0 0 -0.0166461 0.004007 -0.00172582 -0.0145627 0.00742384 -0.0197644 -0.00136013 -0.00939818 -0.0031424 0 -0.00110719 -0.00308549 -0.00463471 -0.00118972 -0.00969089 -0.00819633 0.00123765 -0.00496411 -0.00159628 -0.00552472 -0.00637381 0 -1.65924e-06 0 -0.00292669 -0.00849842 -0.0154791 -0.0021891 -0.00653031 -0.00432024 0 -0.000966812 -0.0141733 -0.0079535 0 -0.000200732 -0.00127257 0.00257176 -0.00307798 -0.0076424 -0.00143831 0 -0.00442233 -0.000191493 -2.24471e-06 -0.00738894 -0.00778506 -0.00190889 -0.00201333 -0.0118504 -0.0037638 0 -0.0200176 -0.00202546 -0.0142098 0.00251609 -0.00062615 -2.49099e-06 0 -0.00821599 -0.00331353 0.00401589 0 -0.00909479 0 -0.0107584 0.000675779 -0.00243186 -0.0023066 -0.00763051 0 -0.0012682 0 -0.00073502 0 0 -0.00874527 0.00276423 -0.00643281 -0.00197069 0 0 0 -2.70632e-06 -0.00962717 -0.00281662 -0.00132452 -0.00851556 -0.00162753 -0.00419744 -0.0037344 -0.00519294 -0.0144106 -0.000630559 0 -1.26245e-05 -0.0046122 -0.0059148 -0.000100607 -0.00334692 -0.000603426 -2.48798e-06 -2.21544e-06 -0.00158601 0 -0.00139942 -0.00243758 -0.00471579 0.00278772 -0.000651618 0 0.00137778 -0.00378036 -0.00242309 0 -0.00241862 -0.00269709 -0.00163087 -0.00325772 0 -0.000839007 0 0 -0.00272521 -0.0144787 0.00340545 -0.00502693 -2.2351e-06 -2.29032e-06 -0.000611909 0.00040873 -9.90137e-07 0 0 0 0
-0.0161583 -0.0230996 0 0.0108861 -0.00683574 -1.59785e-06 0.0291803 0 -0.0140187 -0.00900349 2.17364e-07 -0.030122 -0.0412767 -0.00198304 -0.0309347 -0.0181371 0 0 0.00183553 -0.00238147 -0.000554115 0.524285 0.0125047 -1.44683e-06 -0.00884792 0.0223835 0 0.0125474 -0.031128 0.0164055 0.00602259 -1.99439e-06 -0.00630212 -0.00100301 -0.00778214 -0.0136475 0 -1.74333e-06 -1.9752e-06 -0.0010668 0 1.58224e-06 0 0 0 0 0 0.0161942 -1.60174e-05 0 -0.00130678 0 -0.0196679 -9.84285e-07 -0.00106669 0 0 0 0.0183833 -0.00999739 -0.00296162 -0.0318561 -0.000571286 0 0 -0.00465304 -0.0379363 0 -0.0163258 -1.52709e-06 0.00308782 0.00293312 -1.75164e-06 0 0 -0.00821357 0 -0.00400973 0 0 -0.00111873 0.000630856 -0.00611787 -0.00184878 -5.0024e-07 0 0 -0.00791188 -0.000824818 -0.0146685 0 -0.00335995 -1.69755e-06 -0.00143719 -0.00315645 -0.00132635 -0.000993128 0 0 0 -8.58031e-07 -0.0139849 0 0.0137166 -0.00236145 -2.02806e-06 -0.000223495 0.015875 0 -0.0223286 0.000297378 -0.00294526 -0.00254166 0 0 -0.0119485 -0.00155067 0 0.00896215 0 -0.00381987 0 0 -0.000575585 0 0 0 0 0 0 -0.0260767 0.000523645 -0.00173454 -0.0123067 -0.000959036 0 -0.010627 -1.49376e-06 0 0 -0.00156624 0.00763879 0 -0.00369106 0 -0.00123976 0 0 -0.0200656 -0.000108234 -0.0376006 -0.00200319 0.00310283 -0.00401462 0 0 -0.000799056 6.39585e-07 0 -0.00918957 0 0.00248945 -0.00105898 0 -0.00118933 0.00903698 0 -0.022216 -0.00277665 -0.00148089 -0.00293317 -0.00101372 -0.000887012 -0.000990951 0 -0.00295673 0 -0.00240076 -0.00111842 -0.000430034 0 0 -1.20221e-06 6.96677e-07 0 0 0 0 0 -0.0105128 0 0 -7.44459e-05 -0.00153719 0 0 0 0 -0.00213513 0 -0.00130857 0 0 0 -0.00166296 0 -0.0025976 0 0 -0.00217343 0 0 0 -0.0059656 0 0
