0.888156 -0.0104364 0.118744 -0.0605988 -0.123184 0.00492143 3.3599e-06 3.63541e-06 0.273734 -0.0975781 0.21475 -0.113715 -0.0568076 0.00488861 -0.0712945 0.0413567 8.49225e-07 -0.0208728 -0.0415853 -0.0649975 0.117993 0.007165
-0.0104364 0.999609 -0.000646307 0.0951664 0.0411548 -0.0206012 -4.71225e-07 1.71036e-06 -0.152102 0.152595 -0.00570184 -0.0391876 -0.0308743 -0.020465 0.0437038 0.0855247 1.58877e-06 0.0991597 0.0763454 0.0124753 -0.197639 0.0736482
0.118744 -0.000646307 1.11786 -0.147027 -0.158398 0.0186578 -2.04672e-09 -5.25053e-06 0.104877 -0.0975208 0.120344 -0.113541 0.179647 0.0185303 -0.269858 0.0608264 -3.03174e-06 0.0251769 -0.0465439 0.143666 -0.0241653 0.187006
-0.0605988 0.0951664 -0.147027 0.644955 0.206257 0.0668701 1.48152e-06 6.91574e-06 -0.0361058 0.164565 -0.0653824 0.0813442 -0.111872 0.0664338 0.451986 -0.00268184 -4.76513e-07 0.00072676 -0.0342989 -0.0828618 0.0590676 -0.0353363
-0.123184 0.0411548 -0.158398 0.206257 1.01745 -0.262803 -6.98925e-07 2.30978e-06 0.020324 0.184679 0.0701042 0.0948525 -0.0206181 -0.261089 0.232049 -0.053826 1.94095e-06 0.0474454 -0.0319343 0.0326223 0.371441 -0.0885129
0.00492143 -0.0206012 0.0186578 0.0668701 -0.262803 0.696314 8.29571e-07 1.57487e-06 -0.073279 -0.129732 -0.159304 -0.0867974 -0.00718265 0.69176 0.115263 -0.0217264 1.57181e-06 -0.00426252 0.0211382 -0.0482751 -0.321898 -0.00304294
3.3599e-06 -4.71225e-07 -2.04672e-09 1.48152e-06 -6.98925e-07 8.29571e-07 3.24067e-09 -4.55439e-11 1.65638e-06 -6.57331e-07 -2.77917e-06 -4.08173e-06 -2.48567e-06 8.24347e-07 -2.4734e-06 4.15047e-07 -4.39041e-11 -7.61678e-07 -7.16738e-07 -1.19489e-06 -1.13394e-06 1.93308e-06
3.63541e-06 1.71036e-06 -5.25053e-06 6.91574e-06 2.30978e-06 1.57487e-06 -4.55439e-11 3.4246e-09 1.20045e-06 1.03592e-06 1.81582e-06 1.12546e-06 -3.94551e-07 1.5644e-06 4.9992e-06 2.91343e-06 -8.4719e-11 -9.93774e-07 7.62714e-07 5.62566e-07 4.28156e-06 -7.91648e-07
0.273734 -0.152102 0.104877 -0.0361058 0.020324 -0.073279 1.65638e-06 1.20045e-06 1.15404 -0.285306 0.128819 -0.166 -0.0031908 -0.072795 -0.123757 -0.043492 -4.14605e-06 -0.0581078 -0.0632419 -0.0432682 0.31217 0.0803275
-0.0975781 0.152595 -0.0975208 0.164565 0.184679 -0.129732 -6.57331e-07 1.03592e-06 -0.285306 0.907169 0.0168191 0.103957 0.0213743 -0.128888 0.201078 -0.00529518 5.67655e-07 0.0563056 -0.00618245 0.0302421 0.00945039 -0.0342497
0.21475 -0.00570184 0.120344 -0.0653824 0.0701042 -0.159304 -2.77917e-06 1.81582e-06 0.128819 0.0168191 0.800032 0.0100363 -0.0311973 -0.158264 -0.0230135 0.0849705 -1.88269e-06 0.05741 -0.0655502 -0.0275149 0.212212 -0.0133749
-0.113715 -0.0391876 -0.113541 0.0813442 0.0948525 -0.0867974 -4.08173e-06 1.12546e-06 -0.166 0.103957 0.0100363 0.496699 0.00566852 -0.0862296 0.119397 -0.030553 1.62398e-06 0.00171076 0.0137159 0.0811293 0.0250938 -0.108173
-0.0568076 -0.0308743 0.179647 -0.111872 -0.0206181 -0.00718265 -2.48567e-06 -3.94551e-07 -0.0031908 0.0213743 -0.0311973 0.00566852 0.94693 -0.00713781 -0.173705 0.0139019 -4.33675e-06 0.018844 0.130239 0.243186 -0.0652687 0.0504661
0.00488861 -0.020465 0.0185303 0.0664338 -0.261089 0.69176 8.24347e-07 1.5644e-06 -0.072795 -0.128888 -0.158264 -0.0862296 -0.00713781 0.687235 0.114505 -0.0215887 1.5619e-06 -0.00423531 0.0210027 -0.0479628 -0.319796 -0.00302528
-0.0712945 0.0437038 -0.269858 0.451986 0.232049 0.115263 -2.4734e-06 4.9992e-06 -0.123757 0.201078 -0.0230135 0.119397 -0.173705 0.114505 1.02677 -0.0359606 2.45276e-06 0.0114462 -0.0772229 -0.175953 0.220276 -0.100305
0.0413567 0.0855247 0.0608264 -0.00268184 -0.053826 -0.0217264 4.15047e-07 2.91343e-06 -0.043492 -0.00529518 0.0849705 -0.030553 0.0139019 -0.0215887 -0.0359606 0.551945 -1.30954e-06 0.0698661 0.0106591 0.0146712 -0.0363606 0.0236922
8.49225e-07 1.58877e-06 -3.03174e-06 -4.76513e-07 1.94095e-06 1.57181e-06 -4.39041e-11 -8.4719e-11 -4.14605e-06 5.67655e-07 -1.88269e-06 1.62398e-06 -4.33675e-06 1.5619e-06 2.45276e-06 -1.30954e-06 3.45888e-09 9.02161e-07 3.5701e-06 -1.50982e-06 -4.66735e-07 -1.08252e-06
-0.0208728 0.0991597 0.0251769 0.00072676 0.0474454 -0.00426252 -7.61678e-07 -9.93774e-07 -0.0581078 0.0563056 0.05741 0.00171076 0.018844 -0.00423531 0.0114462 0.0698661 9.02161e-07 0.198619 0.0357064 0.055794 -0.0590401 0.0141669
-0.0415853 0.0763454 -0.0465439 -0.0342989 -0.0319343 0.0211382 -7.16738e-07 7.62714e-07 -0.0632419 -0.00618245 -0.0655502 0.0137159 0.130239 0.0210027 -0.0772229 0.0106591 3.5701e-06 0.0357064 0.609646 0.0936399 -0.0663634 -0.00617375
-0.0649975 0.0124753 0.143666 -0.0828618 0.0326223 -0.0482751 -1.19489e-06 5.62566e-07 -0.0432682 0.0302421 -0.0275149 0.0811293 0.243186 -0.0479628 -0.175953 0.0146712 -1.50982e-06 0.055794 0.0936399 0.973439 -0.0169587 0.0475304
0.117993 -0.197639 -0.0241653 0.0590676 0.371441 -0.321898 -1.13394e-06 4.28156e-06 0.31217 0.00945039 0.212212 0.0250938 -0.0652687 -0.319796 0.220276 -0.0363606 -4.66735e-07 -0.0590401 -0.0663634 -0.0169587 1.13791 -0.0588848
0.007165 0.0736482 0.187006 -0.0353363 -0.0885129 -0.00304294 1.93308e-06 -7.91648e-07 0.0803275 -0.0342497 -0.0133749 -0.108173 0.0504661 -0.00302528 -0.100305 0.0236922 -1.08252e-06 0.0141669 -0.00617375 0.0475304 -0.0588848 0.626904