0.932311 0.0663731 0.000594687 -0.0102706 -0.0256658 -0.0417326 -0.0503833 -0.0589772 0.166752 -0.0257918 0.145434 -0.0618238 -0.0278533 -0.0414644 0.0143711 0.0897747 8.17229e-07 0.000394389 -0.0167428 -0.0181812 0.117061 -0.0558954
0.0663731 0.849194 0.0304628 -0.00168919 0.133096 -0.0664386 0.052696 -0.0272928 -0.0499911 0.116606 0.0248646 -0.0525802 0.0176159 -0.0660064 -0.0610437 0.0759703 -1.51843e-07 0.11993 0.0637395 0.0177218 0.0262968 0.0315784
0.000594687 0.0304628 0.912704 -0.0682759 -0.0635339 0.0160691 0.0765046 -0.00844751 -0.0215947 0.00700714 0.0725087 -0.0678803 0.126917 0.0159626 -0.136988 0.0585239 6.00389e-07 0.0539504 0.0166113 0.00895566 -0.115504 0.101096
-0.0102706 -0.00168919 -0.0682759 0.508673 0.0875118 0.0451354 -0.0492054 0.0192013 0.0838505 0.00994079 -0.0221724 0.0587866 -0.04098 0.0448394 0.250403 0.00235885 -1.60276e-06 -0.0582713 -0.0392482 -0.0239696 0.106682 -0.0220124
-0.0256658 0.133096 -0.0635339 0.0875118 0.77327 -0.197511 0.0225798 -0.0921665 0.0468217 0.134102 0.027765 -0.038198 -0.0272698 -0.196221 0.0255071 0.0237999 -1.94694e-07 0.083283 0.0340122 0.0270875 0.281288 -0.0797245
-0.0417326 -0.0664386 0.0160691 0.0451354 -0.197511 0.685992 0.0481991 0.29954 0.0522389 -0.177174 -0.0320666 0.105941 0.0405533 0.681506 0.0948469 -0.0329211 -2.13787e-07 0.0058802 -0.021549 -0.0494374 -0.2448 0.195419
-0.0503833 0.052696 0.0765046 -0.0492054 0.0225798 0.0481991 0.231148 0.0426467 -0.0551834 0.0101913 0.045188 -0.0162562 0.00457937 0.0478837 -0.093561 0.0265216 4.62359e-07 0.100488 0.0369396 -0.0058241 -0.0794403 0.0574814
-0.0589772 -0.0272928 -0.00844751 0.0192013 -0.0921665 0.29954 0.0426467 0.496274 0.0455821 -0.100428 0.0100882 0.211387 7.31814e-05 0.297583 0.0387764 0.0220694 -1.15944e-06 0.0255569 -0.000721515 -0.038 -0.153874 0.324685
0.166752 -0.0499911 -0.0215947 0.0838505 0.0468217 0.0522389 -0.0551834 0.0455821 0.99304 -0.321956 0.0780093 -0.0293449 -0.0343776 0.051896 0.0134772 -0.0537755 3.12318e-07 -0.0232714 -0.0806135 -0.0619659 0.253288 0.0467182
-0.0257918 0.116606 0.00700714 0.00994079 0.134102 -0.177174 0.0101913 -0.100428 -0.321956 0.983521 0.0331257 -0.00233076 0.0703472 -0.176017 0.0458165 0.0417511 -1.0061e-06 0.054637 0.0598607 0.092506 0.0604776 -0.0436632
0.145434 0.0248646 0.0725087 -0.0221724 0.027765 -0.0320666 0.045188 0.0100882 0.0780093 0.0331257 0.646845 0.0104653 -0.0102655 -0.0318584 -0.0393871 0.0516904 -9.80623e-08 0.0726918 -0.0365577 -0.0430614 0.0841489 0.0311193
-0.0618238 -0.0525802 -0.0678803 0.0587866 -0.038198 0.105941 -0.0162562 0.211387 -0.0293449 -0.00233076 0.0104653 0.522011 0.0319724 0.10525 0.110332 0.0173218 -9.98867e-07 -0.0276072 0.0184794 0.0119758 -0.0358946 0.0650891
-0.0278533 0.0176159 0.126917 -0.04098 -0.0272698 0.0405533 0.00457937 7.31814e-05 -0.0343776 0.0703472 -0.0102655 0.0319724 0.971446 0.0402894 -0.0650398 0.0539808 -1.88931e-06 0.0204908 0.141405 0.20872 -0.0315642 0.0461421
-0.0414644 -0.0660064 0.0159626 0.0448394 -0.196221 0.681506 0.0478837 0.297583 0.051896 -0.176017 -0.0318584 0.10525 0.0402894 0.67705 0.0942255 -0.0327069 -2.12305e-07 0.00584191 -0.0214049 -0.0491126 -0.2432 0.19414
0.0143711 -0.0610437 -0.136988 0.250403 0.0255071 0.0948469 -0.093561 0.0387764 0.0134772 0.0458165 -0.0393871 0.110332 -0.0650398 0.0942255 0.799442 -0.0645783 -7.19096e-07 -0.0755063 -0.0692665 -0.0386153 0.203447 -0.064776
0.0897747 0.0759703 0.0585239 0.00235885 0.0237999 -0.0329211 0.0265216 0.0220694 -0.0537755 0.0417511 0.0516904 0.0173218 0.0539808 -0.0327069 -0.0645783 0.560987 -2.47397e-06 0.0570437 0.0552185 -0.00285386 -0.0254715 0.0535714
8.17229e-07 -1.51843e-07 6.00389e-07 -1.60276e-06 -1.94694e-07 -2.13787e-07 4.62359e-07 -1.15944e-06 3.12318e-07 -1.0061e-06 -9.80623e-08 -9.98867e-07 -1.88931e-06 -2.12305e-07 -7.19096e-07 -2.47397e-06 3.44026e-09 9.92045e-07 1.64627e-06 1.46983e-06 4.76163e-07 -3.91334e-07
0.000394389 0.11993 0.0539504 -0.0582713 0.083283 0.0058802 0.100488 0.0255569 -0.0232714 0.054637 0.0726918 -0.0276072 0.0204908 0.00584191 -0.0755063 0.0570437 9.92045e-07 0.27529 0.0303354 0.0228102 -0.00782968 0.0331664
-0.0167428 0.0637395 0.0166113 -0.0392482 0.0340122 -0.021549 0.0369396 -0.000721515 -0.0806135 0.0598607 -0.0365577 0.0184794 0.141405 -0.0214049 -0.0692665 0.0552185 1.64627e-06 0.0303354 0.702049 0.0912109 -0.0557348 -0.00398654
-0.0181812 0.0177218 0.00895566 -0.0239696 0.0270875 -0.0494374 -0.0058241 -0.038 -0.0619659 0.092506 -0.0430614 0.0119758 0.20872 -0.0491126 -0.0386153 -0.00285386 1.46983e-06 0.0228102 0.0912109 0.99064 0.00374654 -0.0179438
0.117061 0.0262968 -0.115504 0.106682 0.281288 -0.2448 -0.0794403 -0.153874 0.253288 0.0604776 0.0841489 -0.0358946 -0.0315642 -0.2432 0.203447 -0.0254715 4.76163e-07 -0.00782968 -0.0557348 0.00374654 1.00492 -0.165636
-0.0558954 0.0315784 0.101096 -0.0220124 -0.0797245 0.195419 0.0574814 0.324685 0.0467182 -0.0436632 0.0311193 0.0650891 0.0461421 0.19414 -0.064776 0.0535714 -3.91334e-07 0.0331664 -0.00398654 -0.0179438 -0.165636 0.692351