0 0.0689492 0.0118149 0.000535236 0.0466243 0.000844691 -0.0164889 0.00503491 -0 0.0338515 0.038403 0.0575721 0.0198745 0.0337284 0.0203787 0.0134436 0.00180021 -0 -0 0.0144677 -0 0.00773424 -0.00653929 -0 0.0135843 -0 0.00111415 -0 0.0127539 -0.00965967 -0 0.0021921 -0 -0 -0 0.00819567 0.000245477 0.0129959 -0 -0 -0 -0.00133239 -0 0.0192014 0.00487865 -0 0.00341525 -0 0.0219881 5.01474e-06 -0.000611113 -0.00163845 0.0461 -0 -0 -0 0.00162536 -0 -0 0.0641841 0.00556304 0.0048053 -0 -0 -0 -0 0.0122445 0.00164173 0.00516612 -0 0.000561423 -0 -0 -0 -0 0.000733525 -0 -0 -0 -0 0.00561459 0.00519439 0.0636526 0.00468223 -0.00256205 -0 -0 -0 -0.00067564 0.00578416 -0 0.0225473 0.000483198 -0 0.00818777 -0 0.0108148 -0.00853771 -0 -0 -0.00350143 0.01487 -0.00151887 -0 -0 0.000374088 -0 -0 0.00308237 0.00513472 -0.012703 0.00981039 0.000251067 0.0160978 0.0066901 -0 -0 0.0232775 -0 -0 -0 -0 0.0123175 -0 -0 -0 0.000144035 -0 -0.000573659 0.00411779 0.0285556 -0.00202925 0.0119361 -0 0.00355869 -0.000234562 0.00472488 -0 0.00331636 -0 -0 0.000223448 -0 -0 0.0150542 -0 -0.00022683 -0 -0 -0 0.000731743 -0 -0.00506586 0.0183809 -0 -0 -0 0.00751936 0.00181074 0.00571337 -0.000695707 -0.00926011 0.00220086 -0 -0 -0 -0 0.000757438 -0.000385809 -0 -0.000640888 -0 -0 -0 0.000454998 0.00729057 -0 -0 0.000490732 -0.00181139 0.011358 -0 -0 -0 -0 -0 -0 -0 0.00364914 -0 -0 0.00337882 -0 -0 -0.000229099 -0 -0 0.00847977 -0 -0 -0 -0 -0 -0 -0 -0 -0 -0 -0 -0 -0 -0 -0 -0 -0 -0
0.0689492 0 0.00266925 -0 0.055572 0.000566614 -0.0316079 0.00549938 0.0029999 0.0371818 0.0292021 0.0576809 0.0349973 0.0316613 0.0183885 0.0377646 0.000774966 -0 -0 0.0190491 -0 0.0383394 -0.018261 -0 0.0029061 -0 -0 0.00181493 0.0386619 -0.0288432 -0 -0 -0 0.00049438 -0 0.0104043 -0 0.00160494 -0 -0 0.000543731 -0.00110586 -0.0121675 0.00168857 0.00952032 -0 0.000922559 -0 0.0244238 0.00142257 -0 -0 0.0490443 -0 -0 -0 0.000165399 -0 -0 0.0222958 0.00255956 0.0200832 -0 -0.000550718 0.000136443 -0 0.0268871 0.00606949 0.00627351 -0 7.22119e-05 -0 -0 -0 -0 -0 -0 -0 -0 -0 0.00208548 0.000784762 0.0195146 0.00455137 -0 -0 -0 0.000460104 -0 0.0175598 -0 0.00902446 -0 0.0057185 0.00232818 0.000280167 0.0130761 -0 -0.0101012 -0 -0 0.014538 -0.0073462 -0 0.00756652 -0 -0 -0 0.00187712 0.0178166 -0.0116123 0.0045008 0.00444314 0.00163342 0.00314499 -0 0.0120116 0.0103123 -0 -0 0.00217859 -0 -0 -0 -0 -0 -0 -0 -0 4.40199e-05 0.0401575 -0.000148748 -0 -0 0.00228221 -0.00418405 0.0230803 -0 0.00335882 -0 -0 -0 -0 0.00188102 0.0222331 -0 -0.00184437 -0 -0 -0 0.00791727 0.00421979 -0.0157117 0.00259384 -0 -0 0.00259907 0.0150467 0.00619438 0.0215526 -0 -0.00523676 0.00662935 -0 -0 -0 -0 0.00339703 -0 -0 -0 -0 -0 -0 -0 0.0375204 -0 -0 0.00186119 -0 0.0125272 -0 -0 0.000119145 -0 -0 -0 -0 0.00610366 0.000182541 -0 -0 -0 -0 -0 -0 -0 -0 -0 -0 0.00107263 -0 -0 -0 -0 -0 -0 -0 -0 -0 -0.0012665 -0 -0 0.00119048 -0 -0
0.0118149 0.00266925 0 0.0179089 0.00615297 0.0580882 0.00121049 0.0484763 -0 4.74369e-05 0.0056674 0.000189881 -0 0.00255259 0.00370227 0.00233014 0.0196713 0.0112192 0.00280136 0.000892939 0.0140314 -0 0.00229814 0.012158 0.0130301 0.00704817 0.0104937 0.00508772 -0 0.000623857 0.00376556 0.0119591 -0.014174 0.00548186 0.00150417 -3.68896e-06 0.0124066 0.0189011 0.0119357 0.00660145 0.000726353 -0.0248843 0.0216656 -0 0.0131879 0.0060699 0.0316931 0.00804939 -0 0.0144025 0.00204728 0.00058142 0.0229371 0.00154696 -0.00301761 0.000556312 0.0136204 -0 0.00336605 0.00767501 0.00055873 -0 -0 0.00152176 0.0171783 0.0017009 -0 0.0221196 -0 0.0325382 0.00362424 0.00033298 0.0063688 0.0136196 0.000124591 0.00791475 0.000311564 -0 -0 -1.154e-05 0.0282187 -0 0.00798185 0.0291898 -2.57016e-05 0.0127019 0.00171965 0.00835783 -0 -0 0.000606553 0.00338496 0.00557439 -0 0.0142702 0.00960524 -0 0.000804701 -0 -0.00111285 -0.00375535 0.00962461 -0 0.00240744 -0 0.0189733 0.00681499 0.00867519 0.0104168 0.000335915 -0.00401289 -0 0.0132102 0.0158001 -0 -0 -0 -0 0.00210996 0.00232358 -0 -0.000446258 0.00729506 -0 -0 0.0149624 0.0259649 -0 -0 0.0184668 0.00223857 -0 0.0292321 -0 0.0134499 -0.00686348 -0 0.00119808 -0 0.00626547 0.000249319 0.00823982 0.00156606 0.00229573 -0 0.0042097 -0.00822851 0.000235964 0.000417373 0.00552129 -0 -0 -0 0.000450103 -0 -0 0.0034325 -0 0.0118668 -0 -0 -0 -0 0.00089525 0.0064666 0.00124975 -0 0.000846553 -0 0.00146452 -0 0.000818646 0.00798199 -0 -0 -0 0.00421785 0.00228607 -0 0.000550771 0.00840782 0.000491426 -0 -0 -0.00267459 0.00239801 0.000402371 0.00505534 -0 -0 -0.00132382 -0.00260166 -0 -0 -0.00496445 0.0014489 0.000952914 0.00103998 0.000721756 0.000208206 -0 -0 -0 -0 0.000677786 -0.000426854 -0 -0 -0 -0 -0.00714556 0.00198861 -0 -0.000170281 -0 -0
0.000535236 -0 0.0179089 0 0.00586664 0.0142511 -0.00343801 0.011813 -0.00936542 -0 0.000688402 -0 -0.00489871 -0 0.000499788 -0 0.0297985 0.0311053 -0 -0 0.00868689 -0.00158593 -0 0.011572 0.0112837 0.0369958 0.0109742 0.0147173 -0 1.3034e-05 0.0103485 0.0435843 -0 0.00431999 -0 6.57725e-05 0.012528 0.0187274 0.0397861 0.0260145 0.000891116 -0.0199468 0.0116545 -0.0026667 0.0239963 0.0151197 0.0506086 0.0162465 -0 0.0185242 0.00252817 0.00250028 0.000855787 0.00246678 -0 0.000826909 0.0117291 -0 0.0091644 0.00139504 0.000426416 -0.00794879 -0.00279947 0.0135611 0.0168075 -0 -0.00226773 0.0171526 -0.0098927 0.00946364 0.0178548 0.00180288 0.0168772 0.0337534 -0 0.00493004 -0 -0.0233793 -0.0020409 -4.84251e-05 0.0336602 0.0143192 0.000160356 0.0278782 -0 0.0155306 0.012783 -0 -0 -0 -0 -0 0.025697 -0.00176618 0.0105213 0.00798995 -0.00520621 0.0010519 -0 0.00030808 0.000593256 0.00480889 -0 0.00961548 -0.00558258 0.138116 0.020008 0.0159108 0.0247889 -0 -0.00132537 0.00042636 0.0212865 0.020081 -0 -0.00319853 -0.00524346 -0 0.00461245 0.000262243 -0 -0 0.0139567 -0.0111611 -0 0.0206124 0.0329549 -0 -0 0.027153 -0 0.00027192 0.0377377 -0 0.026247 -0.00833685 -0.00545864 0.00370078 -0.00601641 0.00473908 -0 0.0252404 0.00044763 0.0010771 -0 0.000578553 -0.0103427 -0 -0 0.00735915 -0.00746143 -0 -0 -0 -0 -0.000238349 0.00246564 -0 0.0200029 -0.0165768 -0 -0 -0.00382227 0.00113187 0.00981945 0.00247715 -0.0131689 -0 -0.0164243 -0 -0.0174633 0.000580435 0.0148884 -0.0131066 0.000458618 -0 0.00883423 0.0017692 -0 -0 0.0128882 0.00251407 4.71067e-06 -8.05096e-05 -0.00184992 0.0173579 6.42353e-05 0.00390148 0.00901181 -0.0112151 -0.00156661 -0.00600159 -0 -0.0208294 -0.00403023 0.00142177 0.00133125 0.0120265 -0 0.00296893 -0 -0 -0 -0 0.00163213 -0 -0 0.00219668 0.000582165 -0.00559963 -0.00801937 0.011367 -0 -0.0141294 -0 -0
0.0466243 0.055572 0.00615297 0.00586664 0 -0 -0.0109816 0.0107146 -0.000155686 0.0640225 0.0279448 0.0443616 0.0203224 0.0177157 0.0630922 0.00606009 0.0127782 -0 -0.00362558 0.000478173 -0 0.0205991 -0.00436893 -0 0.00619121 -0 0.00898458 -0 0.00565174 -0.00511922 0.00569295 0.00471153 -0.0042394 -0.00289091 -0.00229286 0.00957816 0.00115332 0.00317552 -0 -0 -0 -0.00369338 -0.000453423 0.000405703 0.0120142 -0 0.00863779 -0 0.000923018 -0 -0.00399264 -0.00468157 0.0291008 -0.00248024 -0.00259058 -0.000489703 0.00214956 -0 -0 0.0489814 0.00383385 -0 -0 -0 -0 -0.00508048 0.00255664 0.00397602 -0 -0 0.00498493 -0 -0 -0 -0 -5.9082e-05 -0.000404988 -0.017778 -0 -0 0.0115333 0.0156563 0.0241794 0.00449297 -0.0123548 -0 0.000899798 -0.0045383 -0.00605837 -0 -0.0016371 0.00157154 -0 0.00606127 0.000123565 -0.000580404 0.00489051 -0.00337478 -0.00194584 -0.00267907 -0.0140141 0.0112882 -2.1572e-05 0.00722037 -0 0.00500768 -0 -0 0.00848143 -0 -0.000549982 -0 -0 0.0043471 0.00914765 -0.000395278 -0 0.0220482 -0 -0.00692577 -0 -0 0.0273609 -0.00290029 -0 -0 0.00289393 -0.000381161 -0.00413354 0.00328941 0.0122631 -0 0.0139598 -0 0.00880555 -0 2.93846e-05 -0 -0 -0.00375999 -0.00590727 0.00119216 -0 -0.00145652 0.00623614 -0.00014678 -0.00134797 -0 -0 -0.000399592 -0 -0 -0.00386203 0.000731458 -0 -0 -0 0.0127974 0.00440568 -0 -0.00161001 -0.00882045 -0 -0 -0 -0 -0.00268886 -0 -0.00843365 -0.00241309 -0.0134732 -0 -0 -0.0104984 0.00849361 0.00642993 -0 -0 -0 -0.00810349 0.0230888 -0 -0 0.00153368 -0 0.00308699 -3.7186e-05 -6.27668e-05 0.0151613 -0.00113231 -0 0.00540233 -0.000364625 -0.00890582 -0 -0.000379184 -0 0.0242339 -0.00765438 0.000436968 -0 -0 -0 -0.00116608 -0 0.00524849 -0 -0 -0 -0.00459979 -9.77781e-05 -0 -0 -0 -0 -0
0.000844691 0.000566614 0.0580882 0.0142511 -0 0 0.00721998 0.0481877 -0 -0 0.00654333 -0 -0 0.0035823 -0 0.00756052 0.00260637 0.0216952 0.0305477 0.00332396 0.00949286 0.000186305 0.00616748 0.0201385 0.00593645 0.00904623 0.000833799 0.00711065 -0 0.00345708 -0 0.00960684 -0.00138491 0.0195963 0.00323447 -0 0.0113109 0.0329816 0.00969542 0.00308579 0.000897606 -0.0066891 0.0346385 -0 0.0260687 1.48546e-05 0.0193316 0.0205492 -0 0.0145668 0.0105258 0.00284776 0.00396491 0.0162886 0.00409463 0.00220648 0.0162537 -1.5654e-05 0.0119195 -0 -0 3.39501e-05 -0 0.00949458 0.0200125 0.00664793 -0 0.032645 -0 0.0945775 0.00696216 0.000709402 0.00589407 0.00596148 -0 0.015486 0.00187731 -0.00185161 -0 -0 0.0208237 -0.00706417 -0 0.012589 0.00601878 0.0199704 -0 0.00661081 -0.0118712 -0 -0 0.00779985 0.0199856 -0 0.00717933 0.0122171 -0.00128115 0.00547864 0.000428005 0.00368877 0.00750593 -0.000720337 -0 0.00564205 -0 0.0174496 0.0152435 0.0123136 0.0171419 0.000161755 -0.000672459 0.00252817 0.00965275 0.0107674 -0.000214074 -0 0.000237257 -0.00281174 0.00643833 0.00498322 0.000639996 -0.000241778 0.0105061 0.000181296 -0 0.00897834 0.00456523 0.00165338 0.00316757 0.0290673 0.00793359 -0 0.01289 -0 0.0107879 -0.00440213 -0 -0 -0 0.01764 0.0045669 0.00762117 0.000953549 0.00177528 0.000127569 0.00589037 -0.00356002 0.00309443 0.000850663 0.0273916 -2.54708e-05 0.00035857 0.00287619 -0 -0 -0 0.00469942 -0.0108711 0.0154069 -0.00307461 0.0008319 0.00339891 -0 0.00148515 0.0110954 0.00773171 -0.00553526 0.0012951 -0.000921606 0.00197279 -0.00653232 0.00393715 0.0103063 0.00178497 -0 -0 0.0088602 0.00566097 -0 0.010208 -0.00281645 0.000760998 -0 -0.00465631 -0.000538122 0.00121996 0.00232754 0.0122503 -0.00249116 -0.0120647 -0.000645992 -0.00443858 0.0025934 -0.00116464 -0.0015707 0.00477923 0.00191457 0.00171587 0.00380918 6.85334e-05 0.000437636 0.000106565 -0 0.00260419 0.00276561 -0.0150125 0.00017944 -0 -0 -0 -0.00277231 0.000795212 -0 -0.0123841 -0 -0
-0.0164889 -0.0316079 0.00121049 -0.00343801 -0.0109816 0.00721998 0 -0 -0 -0 -0 -0.00635811 -0 0.00140638 -0.0308403 -0 -0 -0 -0.0034275 0.0246728 0.0027873 -0.0355736 0.248611 0.0037031 0.00889909 -0 -0 -0.0343619 -0.0165828 0.203085 -0.00165313 -0 0.00717308 0.0039742 -0 -0 -3.18323e-05 0.00743849 0.00651944 -0 0.0103401 -0.0109404 0.00847535 -0.00900094 0.00226521 0.000590541 -0 0.0103301 -0 -0 0.0390048 0.0271812 -0.0184635 0.0085132 0.0090739 0.00188721 0.00128628 0.0131918 0.000620215 -0.00532244 -0.00701311 -0 -0.00216068 0.0386678 0.00376916 -0.00421703 0.000259934 -0.00129516 -0.0207273 0.0117054 -5.06389e-05 -0 0.00655668 0.0108649 0.033196 0.00775877 0.0406513 -0.0146137 0.0175298 -0 -0.0172164 -0.0150626 -0.000495481 0.00625786 0.0179581 -0.0129388 1.10032e-06 0.00759069 0.00364415 -1.37923e-05 -0 0.00716 0.00808979 -0 0.00495592 0.0048674 -0.0165326 0.0138784 0.0151287 -0.0164106 0.0091968 -0.00370643 -0 -0 -0 -0 0.00217622 0.0141877 0.00462103 -0.00574581 -0 0.0105586 -0.0476618 -0 -0.00868198 -0 -0 -0.00936703 0.000615557 0.00595559 -0 -0 0.00756023 0.00664469 0.0266636 0.00339833 -0 0.00656385 0.00434171 0.00374851 -9.36775e-06 -0 0.00860668 -2.44808e-05 0.00375143 -1.96737e-05 -0.00522228 -0 -0 0.00530252 0.011403 0.00359746 0.0170328 -0.0123209 -0.00882899 0.00250657 -0.000142557 0.0569281 -0 -0.00150117 -0 -0 0.155117 -0.0184062 -0 -0 0.00268094 -0.0119072 -0 -0.00356852 -0 0.0541452 -0 -0 0.000194182 0.00519845 0.00270523 -0 0.00767528 0.0189971 -0.00770662 -0 0.00218054 0.0278041 -0.00221182 -0.0127082 0.00277547 0.00130938 -0 0.00528381 -0.00544246 -0 -0 -0.00318507 -0 0.00100109 0.00379833 0.00857254 -0.000444994 -0 -0 -0.00912681 -0 -0.0016003 -0 0.00595195 0.0179107 -0 1.87898e-05 0.00208029 -0 -0 -0 0.0103445 -0.0270769 -0.00484308 -0.0102543 -0 -0 -0.00961129 -0.000199368 -0 -0 -0.0125929 -0 -0
0.00503491 0.00549938 0.0484763 0.011813 0.0107146 0.0481877 -0 0 -0 -0 0.00597252 0.0103179 -0 0.000838534 0.018908 0.0068637 0.00886621 0.00636011 0.00628083 0.00212276 0.0132827 0.00163991 7.88005e-05 0.0141297 0.0109338 0.01859 0.00344002 0.0063938 0.00164772 -0 -0 0.0047761 -0.0159831 0.0113645 0.000897076 8.30436e-05 0.00627642 0.0307482 0.00248918 0.00218218 0.00454102 -0.015404 0.0185366 -0 0.0292333 0.000593922 0.0301188 0.00408295 -0 0.00963553 0.00615814 -0 0.0362311 0.00716714 0.00114537 0.00491113 0.00754877 0.000152939 0.00607398 -0 -0 0.000416874 -0 0.00162964 0.0257052 0.00336663 0.000767497 0.0279614 -0 0.0158347 0.0111086 0.00243615 0.000740402 0.00755198 0.00027567 0.0092933 -0 0.000931544 -0 -0.00023313 0.0313749 -0 2.27674e-06 0.015427 -0.00697333 0.0165104 -0 0.00868207 -0 0.0014932 0.000118662 0.00731792 0.00426304 -0 0.00757066 0.00461807 -0 0.00599737 -0 0.000948169 0.00297274 -0 -0 0.00552708 -0 0.0133004 0.00332011 0.00208699 0.00945329 0.00135916 -0.00514663 0.00106018 0.0151182 0.0243453 0.0098893 -0 -0 -0 0.00782468 0.00273396 -0 -0.000811138 0.00710974 -0 -0 0.00511488 0.00830467 -0 0.000613906 0.0130255 0.00507506 1.17961e-06 0.0289528 -0 0.013478 -0.00669232 0.00724373 0.00174884 -0 0.0111683 -0.00267962 0.00287241 0.00305974 0.00228692 -0 0.00784358 -0.00675995 0.00141232 0.00192223 0.00995673 -0 -0 -0 -0 -0 -0 0.00354799 -0 0.00505346 0.00035918 0.000397833 -0 -0 0.00201908 0.00415536 0.00540889 -0 0.00086086 -0 0.00146629 -0 0.00257281 0.00945406 -0 0.00269824 -0 0.00569451 0.00509493 -0 0.0032236 -0 0.00205771 0.000657256 -0.000369349 -0.0019483 0.00120962 0.00178635 0.00334993 -0 -0 -0.000245912 -0.000264076 0.000214575 -0 -0.0040282 0.00456638 0.000625329 0.00284054 0.00352258 0.000928029 -0 0.000130056 9.81723e-06 0.0015159 0.000612847 -0.00126077 -0 0.000329539 0.00112507 -0 -0.00442021 0.00139867 0.00141714 -0 -0 -0
-0 0.0029999 -0 -0.00936542 -0.000155686 -0 -0 -0 0 0.00653328 -0.0184138 -0 -0 -1.74888e-05 0.0273424 0.00340804 -0 0.00594655 0.0130624 0.00516879 0.000630759 0.0204111 -0 0.00104428 0.000880516 0.0129434 -0 0.0194312 0.01579 -0.0172146 -0 -0 0.0206972 0.00226985 0.00484336 0.0107538 -0 -0 -0 0.00312695 0.0131583 -0 0.00249412 -0.0861711 -0 -0 -0.00219054 -0 -0 0.00133543 0.00362755 0.00311416 0.00618108 0.00603277 0.0164532 8.58078e-05 -0 -0 0.000883072 -0.000304371 -0 0.00908631 -0.0342043 -0 0.000433966 0.0134495 0.00344104 -0 0.0200441 -0.0291909 -0 0.00143769 0.000601644 -0 -0 -0.0122935 -0 0.0406208 -0 -0 -0 -0.00318674 -0 -0 0.0272302 0.00140207 -0 0.00967318 0.0344903 0.0201805 0.0127225 -0 0.000847801 0.00247181 -0 0.0223849 0.0222178 0.00658997 -0.00303062 0.00300461 0.00973657 -0 -0 -0 0.00578177 -0.015557 0.00537395 0.00068696 -0 0.0061181 -0 0.0113706 -0.00316886 -0.0174734 -0 0.0057286 0.0207124 0.00876409 0.000896063 0.00144358 -0 -0 -0.00451036 0.00429944 -0 -0 -0 0.00050692 0.0402758 -0 0.00668007 -0 -0.0125647 0.00297541 -0 -0 0.013285 -0 0.000246771 0.00384069 0.00968759 -0 -0 0.0144627 -0 0.00118317 -0 -0 0.00356519 0.00395028 0.0020234 0.00212556 -0 -0 -0 -0 0.00433606 0.00407836 5.7545e-05 0.00384007 -0 -0 -0 0.00557144 0.00101101 0.00224511 0.00784345 0.00629763 0.00670724 0.00738261 0.0182341 -2.51111e-05 0.000169535 0.000726536 -0 -0 -0 0.00672659 0.00667606 0.0183269 -0.00291894 0.00103601 -0 -0.000591965 -0 -0 -0 -0 0.00253324 0.000565986 -0 -0.00182023 0.00262009 0.0130247 -0 0.00528184 -0 -0.00236595 0.0211132 -0 -0 -0 -0 0.00161419 -0 -0 0.00844519 -0 -0 0.0194859 -0 -0 -0 0.000445012 -0 -0
0.0338515 0.0371818 4.74369e-05 -0 0.0640225 -0 -0 -0 0.00653328 0 0.0425609 0.0233617 0.0252668 0.00757354 0.03534 0.0321241 0.000738006 -0 -0 0.0299682 -0 0.0148832 -0 -0 2.76511e-05 0.00523069 0.00213901 -0 0.00244097 -0.000925265 -0 0.00114901 -0 -0 -0.00940677 0.0208306 -0 0.00254843 -0 -0 0.0108984 -0.000534832 -0 6.50369e-05 0.00962152 -0 -0 -0 0.022061 -0 -0.00560446 -0.000316584 0.00711403 -0.00313863 -0 -0 -0 -0 -0 0.0445364 0.0203038 0.0179194 -0 -0 -0 -0 0.0245703 0.000186745 0.00701445 -0 0.0016434 -0 0.00118111 -0 0.00135762 -0 -0 -0 -0 -0 -0 0.00430691 0.0164308 0.00185376 -0 -0 -0 -0 -0 0.00582744 -0 0.0157845 0.000325473 0.0248303 -0 -0 0.0188533 -0.00102565 -0 -0 -0.00118199 0.0169873 -0.00732274 -0 -0 -0 -0 0.00328218 0.00137605 0.00222023 -0.0106866 0.0325245 -0 -0 0.0152367 -0 -0 0.0276999 -0 -0 0.00362174 -0 -0 -0 -0 0.00113329 -0 -0 -0 0.000600621 0.0208491 -0 0.00239712 -0 -0 -0.00064304 0.001236 -0 0.000263338 -0 -0 0.00172441 0.000428504 -0 0.00616571 -0 -0.00170492 0.00335957 -0 -0 0.0012235 -0 -0 -0 -0 -0 -0 0.0117527 0.00760851 0.0166677 -9.2975e-05 -0.00201622 -0 -0 -0 -0 -0 0.000218478 -0.00578636 -0 -0.000271448 -0 -0 -0 -0 0.000275776 -0 -0 0.0215708 -0 0.0146856 -0 -0 9.947e-05 -0 -0 -2.06115e-06 -0 0.0130656 -0.00539383 -0 8.94676e-05 -0 -0 -0 -0 -0 0.000207518 -0 -0 0.0014514 -0 -0 -0 -0 2.07676e-05 -0 -0 -0 -0 -0.000467185 -0 -0 -0 -0 -0
0.038403 0.0292021 0.0056674 0.000688402 0.0279448 0.00654333 -0 0.00597252 -0.0184138 0.0425609 0 0.0315584 0.0120048 0.139676 -0.00863572 0.0365978 2.36355e-05 -0.00533495 -0 0.080636 0.000802002 0.00747037 -0 -0 -0 -0 -0 0.00179218 6.65978e-05 -0 -0.00909896 -0 -0.00818613 -0 -0 0.00199131 0.000497593 0.0137138 -0 -0 0.00537932 -0.00459011 -0 0.0207011 0.0131343 -0 0.00640491 -0 0.0376294 0.0017946 -0 0.000647278 0.0279246 -0 -0 -0 0.00182204 0.0160583 -0 0.0370389 -0 0.0178375 -0 -0 0.00124665 -0.00734938 0.00770914 0.00385466 -0 0.00208904 0.00820465 -0 -0 0.000111962 0.0194741 0.00143928 -0 -0.0102422 0.0163616 -0 0.00107496 0.000920723 0.0242784 0.00272981 -0.016335 -0 -0 -0 -0.0201715 0.00240906 -0 0.0477814 -0 -0 0.00810491 -0 0.00103095 -0.00235905 -0 -1.08118e-05 -0.0119532 0.000407068 -0 -0 0.000379421 0.00161509 -0 -0 0.00266765 0.00205695 -0.0145046 -0 0.00607424 0.00351427 0.00230588 -0 -0 0.0125731 -0 -0 0.00311054 -0.00798746 0.00315795 -0.00106233 0.0357668 -0 -2.27632e-06 -0 -0.0124736 0.00281189 0.0262213 -0 -0 -0 -0 -0.00243647 0.000856936 0.00171742 -0 -0 -0 -0 -0 -0 0.171515 -0 -0.00261844 0.0233595 -0 -0 0.000172377 -0 -0 0.00126578 -0 -0 -0 0.00622267 -0 0.000196842 -0 -0 -0 -0 -0 -0 -0.00103195 0.0128235 -0 -0 -0.0103355 -0 -0 -0 0.00101099 2.07188e-05 -0 -0 -0 -0.0173861 0.00278537 -0 -0 -0 -0.000485607 -0 -0 0.00329941 -0 -0 -0 -0 -0.0018221 -0.00307088 -0.000178413 -0 0.00754742 0.0024823 -0.00446846 -0 0.00454056 -0 -0 -0 -0 -0 -0 -0 -0 -0.012053 -0.00109303 -0 -0 -0 -0 -0
0.0575721 0.0576809 0.000189881 -0 0.0443616 -0 -0.00635811 0.0103179 -0 0.0233617 0.0315584 0 0.0610311 0.0307291 0.0381292 0.0326689 -0 -0.00897618 -0 0.0241465 -0 0.0394741 -0.000498027 -9.38336e-05 0.00168517 -0 -0 -0 0.0296464 -0.00285678 -0.00158971 -0 -0.0145489 -0 -0 0.00303651 -0 0.0022071 -0.000666637 -0 -0 -0 -0.0145861 0.0045339 0.00104772 -0 -0 -0.00351217 0.00879213 -0 -0.000792092 -0.000659148 0.038513 -0.00237703 -0 -0 -0 -0 -0 0.0232244 0.00804219 0.0204427 -0 -0 -0 -0.0029561 0.0345763 -0 0.00700407 -0 -0 -0 -0.00574639 -0 4.67519e-05 -0 -0 -0 -0 -0 0.000425172 0.00236087 0.0333517 -0 -0.00602062 -0 -0 -0 -0 0.0130878 -0 0.0203023 -0 0.0160793 -0 -0 0.0126296 -0.002684 -0.00954692 -0.00495077 -0.00143544 0.00590482 -0 -0 -0 -0 -0 -0.000220167 -0 0.0053492 -0.00447554 0.00014448 -0 -0 0.0137913 -0 -0 0.0208867 -0.000504439 -0 -0 -0 -0 -0.00047077 -0 -0 -0 -0 -0.000791681 -0 0.0382741 -0 -0 -0 -0 -0 0.00936852 -0 0.00865507 -0 -0.00135345 -0 -0 -0 0.0157821 -0 -0 2.77032e-06 -0 -0 0.0239777 -0 -0.0016008 -0 -0 -0 -0 0.0183816 -0 0.0188322 -0 -0.00165371 0.00945458 -0 -0 -0 -0 -0 -0.00247729 -0.000145922 -0 -0 -0 -0 0.00405589 0.00961294 -7.87401e-05 -0 0.00873742 -0.00472224 0.00133762 -0 -0 0.00399404 -0 -0 -0 -0 0.00443712 -0 -0 0.0136243 -0.00056154 -2.7487e-05 -0 -0 -0 -0 -0 -0 1.23516e-05 -0 -0 -0 -0 0.00133635 -0 -0 -0 -0 -0 -0 -0 0.00162289 -0 -0
0.0198745 0.0349973 -0 -0.00489871 0.0203224 -0 -0 -0 -0 0.0252668 0.0120048 0.0610311 0 0.0292424 0.0232122 0.0381259 -0 -0.00926872 0.00101428 0.0417604 -0 0.0466441 -0 -0 -0 -0 -0 -0 0.0216737 -0 -0.0265839 -0.0112168 -0 -0 0.000670486 0.00719059 -0 -0 -0.00984641 -0.00569654 0.00332516 -0 -0.0158397 0.00193234 -0 -0.00594785 -0 -0.0022792 0.0125206 -0 -0 -0.00770569 0.0334161 -0 0.00104989 -0 -0 -0 -0 0.0090503 0.00228384 0.020561 -0 -0 -0 -0 0.0264625 -0 0.0174625 -0 -0 -0 -0 -0 0.00274119 -0 -0 0.00426539 0.00170143 -0 -0 -0 0.0166067 9.04976e-05 -0 -0 -0 0.00171768 -0 0.0261624 1.19262e-05 0.0214452 -1.16818e-05 0.0102099 -0 -0 0.00697668 -0 -0 -0 -0 0.00115682 -0 -0 0.00597308 -0 -0 -0 -0 0.0220842 -0.00051649 0.0145833 -0 -0 0.019778 0.00615318 0.00500677 0.0105552 -0 -0 0.00904749 -0 -0 -0 0.00270577 -0 -0 -0 -0 -0 0.0414459 -0 -0 0.00411043 -1.16386e-05 -0 0.0171508 -0 0.0135542 -0 0.000345463 -0.00692889 -0 -0 0.0107105 -0 -0 0.0109311 -0 -0 0.0328365 0.00278663 -0 -0 -0 -0 -0 0.0128524 -0 0.0287899 -0 -0 0.00167338 -0 -0 -0 -0 0.00353584 -0 0.00016876 -0 -0 -0.0112473 -0 -0 0.0046689 -0 -0 0.00549855 -0 -0 -0 -0 -0 -0 -0 -0 -0 1.16911e-05 0.00180048 -0 -0 -0 0.000681452 -0 -0 -0 -0 0.000394474 -0 0.00466755 -0 -0 -0 -0.00499287 -0 -0 -0 -0 0.00110675 -0 -0 -0 0.00158084 -0 -0
0.0337284 0.0316613 0.00255259 -0 0.0177157 0.0035823 0.00140638 0.000838534 -1.74888e-05 0.00757354 0.139676 0.0307291 0.0292424 0 -0.0957361 0.0383256 -0 -2.48481e-05 0.00938089 0.0235313 0.000371797 0.0320773 0.00363329 -2.38266e-05 -0 -0 -0 -0 0.000837322 0.000209271 -0.00542615 -0 -0.00594863 0.00186677 0.00148823 0.00173457 -0 0.00221989 -0 -0.00957255 0.0136438 -0 0.000502332 0.0587748 0.010895 -0 -0 -0 0.0498046 -0 -0 0.00253426 0.0450124 0.00122402 0.00426286 -0 0.000260406 0.011451 -0 0.0216687 -0 0.0131885 -0 -0 0.000391608 -0.00168231 0.0086578 4.91724e-07 -0 0.00422568 -0 -0 -0 -0 0.035592 0.0026074 -0 0.00210265 0.0400258 -0 -0 -0 0.0312808 -0 -0 -0 -0 0.00163704 -0 0.000384794 -0 0.0295702 -0 0.00178361 0.000319921 -0 0.00256208 -0 -0 -0 -0 -0 -0 -0 0.00407763 -0 7.34492e-05 -0 -0 0.00769845 -0 0.00233516 0.000227788 0.000121187 0.00977446 0.0131435 0.000975741 0.0147488 -0 0.0046427 0.00838261 -0 -0 0.000253708 0.043333 -0 -0 7.95822e-05 -2.67257e-05 0.00248933 0.0286204 -0 -0 6.29423e-06 -0 -0 0.00331993 -0 0.0169433 -0 0.00532957 -0 -0 0.0014275 0.0598377 2.57974e-06 -0 0.0136904 -0 -0 0.00514653 -0 -0 0.000436165 -0 -0 -0 0.00787559 -0 0.00367483 -0 0.000158168 8.46496e-05 -0 -0 -0 0.000187242 0.00380627 -0 0.00203317 -0 0.00652568 -0 0.000929444 0.00647464 -0 0.000613123 -0 0.00014143 -0 -0 -0 -0 -0 -0 -0 -0 -0 -0 -0 -0 -0 -0 0.000231463 -0 -0 0.000306235 0.00228519 0.000553587 -0 0.00295873 -0 -0 0.000385175 0.00174739 -0 -0 -0 -0 -0 -0 -0 -0 -0 -0 -0
0.0203787 0.0183885 0.00370227 0.000499788 0.0630922 -0 -0.0308403 0.018908 0.0273424 0.03534 -0.00863572 0.0381292 0.0232122 -0.0957361 0 -0 0.0091832 -0 -0.00486607 -0.0297551 -0.000175841 0.0137402 -0.0145365 2.52961e-05 -0 0.00205962 0.0162095 -0 0.0378656 -0.025712 0.0088308 0.0146206 -0.00448484 -0.0044075 -0.00552218 0.0220854 0.0142893 0.00608319 -0 -0 -0.003001 -0 -0.014307 -0 0.00224375 -0 0.00128337 -0 -0.000789619 -0 -0.00852727 -0.00471392 0.0444634 -0.00199825 -0.00597162 -0.000354976 -0 -1.03449e-06 -0 0.0142618 0.0189034 -0.00151504 0.00849589 -0 0.0102841 -0.0118576 0.00965315 0.0126625 0.0112081 -0.00238759 0.0121629 -0 -0 -0 -0.0189688 -0.00166293 -0.00527746 -0.00586705 -0.029838 -0 0.00869202 0.036883 0.000747669 0.00409553 -0.00585685 2.53182e-05 0.00100698 -0.00604109 -0.00266423 0.0146915 -0 -0 -0 0.0131723 -0 -0.00148812 0.0236729 -0.00928512 -0.0111459 -0.00451296 -0.00116572 0.0119769 -0 -0 -0.00260269 -0 -0 -0 -0 -0.00129025 -0 -0 -0.000237753 0.00243865 0.0386326 -0 -0.000280897 0.01886 -0 -0.00326312 -0 -0 0.0164029 -0.0016718 -0.0226061 0.00675108 -0 -0.00071276 -0.00302368 -0 -0 -0 0.0127045 -0 -0 -0 -0 0.0018344 -0 -0 -0.0104034 -0 0.00218086 -0.00387294 -0 -0 -0 -0.000544215 -0 -0.00130467 -0 -0 -0.0194612 -0 0.00023899 -0 -0 0.013687 0.0047454 -0.00172065 -0 -0.0160058 -0 0.0028711 -0 -0 -0.00613437 0.0211469 -0.00717779 -0.00913276 -0.00349131 -0 -0 -0.00776135 0.0113098 0.00615252 -0.000892164 -0 0.0154133 -0.00432188 0.0110245 0.00155899 0.0028806 0.00432965 -0 -0 -0 -0.00139028 0.0161869 -0 -0 0.00742043 -0.00174032 -0.00504233 -0 -0.00467437 -0.00253696 0.00270972 -0.00749842 0.00108738 -0 -0 -0 -0.00140656 -0 0.00902285 -0 -0 -0 -0.00415076 -0 -0 0.000812979 -0 -0 -0
0.0134436 0.0377646 0.00233014 -0 0.00606009 0.00756052 -0 0.0068637 0.00340804 0.0321241 0.0365978 0.0326689 0.0381259 0.0383256 -0 0 -0 0.00200842 0.0235415 0.0584683 0.00467236 0.0598562 -0 0.00149034 0.00820797 -0 -0.00173759 0.00859175 0.0607615 -3.89098e-05 -0.00836563 -0.00821934 -0.00276036 0.0100433 0.0158699 0.0158474 -0 0.00148207 -2.81004e-05 -0 0.00475389 -0 0.0048141 0.00118729 0.00129639 -0 -0 -0 0.0137756 0.00124018 -0.000360338 -0 0.00848507 -0.00282636 0.0132764 0.00243713 0.00108763 0.00129881 -0 0.0127311 0.00207798 0.0564134 -0 -0.0248642 0.00169103 0.00941375 0.0160349 0.00904656 0.0561421 0.00311838 -0.000316968 -0 -0 -0 0.00145965 0.00856634 -0 0.0148101 0.000705855 -0 -0 -0.00596474 0.0118697 0.00160621 0.0157434 0.00259271 -0.000822822 0.00793303 0.00890844 0.0252858 0.0122634 0.0301654 -0 0.0107844 0.00170986 0.00117789 0.00891306 0.00247511 -0 0.00274349 0.0087345 -0 -0 -0 0.00660929 -2.86491e-05 0.00286148 -0 0.000278133 0.0353219 -0.00428301 0.0149864 0.00953254 -0 -0 0.0102139 0.00873937 0.00116594 -0.0129567 0.0060873 0.0299686 -0 -0.00720945 0.00480865 0.00125922 -0 -0 0.00109215 0.00437893 -0.00380139 0.0636529 -0 -0.015335 0.00828267 -0 -0.000412689 0.026375 -0 0.00704945 0.00918792 0.00380917 -0 -0 0.00242751 0.0261561 0.00144676 -0 0.00880232 0.000848688 0.0106637 0.0164061 -2.47113e-05 -0 0.0082223 -0 -0 0.0122768 -0.00116211 0.00105494 0.0351327 -0 -0 0.0175559 -0 -0 0.000327783 0.003029 0.0175811 -0.00742575 0.00120635 0.00488719 0.00151719 -0 0.00100762 -0 0.00435896 -0 0.0130611 0.0170008 0.0071126 -0.00329969 -0 -0 -0.00208946 -0 -0.000759876 -0 0.00130567 -0.00481351 0.00252534 -0 -0.000846091 0.00147735 0.00491223 -0 0.00302495 4.2911e-05 -0.00178546 0.010994 -0 0.0166074 -0 -0 0.00484547 -0 -0.00181052 0.00149992 -0 -0 0.0033947 -0 -0 -0 0.00578633 -0 -0
0.00180021 0.000774966 0.0196713 0.0297985 0.0127782 0.00260637 -0 0.00886621 -0 0.000738006 2.36355e-05 -0 -0 -0 0.0091832 -0 0 0.00647901 -0.00525753 -0 0.00286926 -0 -0 0.00289627 0.00239596 0.0165863 0.0419508 0.00075454 -0.000229033 -0 0.00945804 0.0320371 -0.0046349 -0 -0.000496319 0.00416334 0.0150796 0.00837021 0.0274532 0.0196564 -0 -0.0335019 0.000786279 -0 0.00918046 0.0326908 0.0281486 0.0118143 -0 0.00493584 -0 -0 0.00399507 -0 -0.00196195 -0 0.0240538 -0 0.00456384 0.00538164 0.00387814 -0.00705996 -0 0.00362137 0.00853026 -0.0148231 -0 0.011271 -0.00103398 0.00106663 0.0160389 0.00185503 0.0133065 0.00676728 -0 -0 -0 -0.0165811 -0 -0.0036618 0.0252557 0.023499 0.00291917 0.0170165 -0.00887537 0.000807574 0.0258312 -0.00187429 -0.000928653 -0 -0 -0 0.0158734 -4.02228e-05 0.00905679 -0 0.000720689 -0 -0.000782028 -0.000468891 -0 0.0063411 -0 0.00610421 -0.0080932 0.0223609 0.00542995 0.0101179 0.0239501 -0.00388201 -0.00145055 -0 0.00244053 0.0172224 0.00305087 -0.000239324 -0.0103223 0.0133243 0.00256948 -0 -0.000102099 -0.000915504 0.00635643 -0.00363481 -0 0.0226395 0.00988815 -0 -0.000449796 0.00773014 -0 0.000419055 0.0154426 -0 0.0137997 -0.016522 -0 0.0148674 -0 -0 -0.00803582 0.0206537 0.00121851 -0 -0 -0 -0.0117511 -0 -0.00203107 -0 -0.00582404 -0.00249464 -0 -0 -0 -0.00101842 9.85017e-05 0.0109273 0.00578408 -0.0087296 -0 -0 -0 0.00233853 0.00440549 -0 -0.00363563 -0 -0.00923626 -7.33513e-05 -0.00493511 -0 0.00367121 -0.00135873 0.0283371 -0 -0 -0 -0 -0.00152647 0.0159452 0.00377014 0.00675919 0.0042369 -0.0069978 0.00815677 -0 -0 0.0300012 -0 -0.00329061 0.0115678 -0 -0.01064 -0.0087533 -0 -0 0.0103416 -0.0025894 0.0022666 -0 0.00083751 0.000121546 -0.000297105 -0 0.0184348 -0 0.010397 0.00693302 -0.00232678 -0.0109878 -1.00321e-06 0.00047494 -0.00148654 -0 -0
-0 -0 0.0112192 0.0311053 -0 0.0216952 -0 0.00636011 0.00594655 -0 -0.00533495 -0.00897618 -0.00926872 -2.48481e-05 -0 0.00200842 0.00647901 0 -0.000191613 -0 0.00708723 -0 -0.0131989 0.0298342 0.00180067 0.036747 0.0124429 0.0275146 4.05174e-05 -0 0.0340536 0.0254046 0.00852583 0.0112124 0.00246388 0.00166057 0.0236635 -0.00976203 0.0255305 0.0267763 -2.19973e-05 -0.00292676 0.0333631 -0 -0.00368908 0.0259572 0.00849654 0.0224923 0.000867162 0.0446017 0.00488412 0.00420346 -0 0.00540858 0.0143314 0.00577418 0.0215893 -0 0.0130113 -0 -0 0.0043691 -0 0.00167971 0.00789546 0.0148422 -0 0.0225269 0.000205445 0.0148599 0.00229664 0.00488246 0.0116456 0.00504064 -0.0136637 0.00947796 0.00080908 0.00459361 -0.0190127 -0 0.00432862 -0.00699202 -0 0.011823 0.00679631 0.0159289 0.00291557 0.0104558 0.00356269 -0 -0 -0 0.0141639 -0 0.00833571 0.0347924 -0 0.00470074 0.00415546 0.0047643 0.0146539 -0 -0 0.0098128 -0 0.0166699 0.0146501 0.0219607 0.0155484 -0.00246804 -0 0.00412737 0.0113064 0.00113125 -0.00931114 -0 0.000221481 -0.00841075 0.0066877 0.0046324 -0 -0 0.000310465 -0.00125334 -0.0193684 0.0203619 0.0215604 0.00374904 0.0113037 0.00784416 0.000382177 -0 0.0044727 -0 0.00813513 -0.00300648 -0 -0 -0 0.0152592 -0.00147596 0.0305752 -0 0.0160502 -0 -0 -0.00232367 -0 0.000212463 0.0262127 -2.36081e-05 -2.38002e-05 -0 0.00399106 -0 -0 0.0248356 -0.00392948 0.0166628 -0 0.000200922 -0 -0 0.000250877 0.00963634 0.00559824 -0.00127439 0.00037262 -0.014307 0.0105091 0.00178401 0.00200434 0.0240633 -0 -0.00177412 -0 0.00534078 0.00383124 -0 0.00782681 -0.000735112 0.0101957 -0 -0.00717092 -0 0.00242578 0.00164028 0.00984634 -0.00449252 -0.00438378 -0.000134046 -0.011741 0.00727243 0.0026178 -0.000694344 0.00647044 0.00304954 -0 0.00431389 -0 -0 -0 -0 0.00187212 0.00137894 -0.00608998 -0 -0 -0 0.0031714 -0.0016773 0.000971475 -0 -0 -0 -0
-0 -0 0.00280136 -0 -0.00362558 0.0305477 -0.0034275 0.00628083 0.0130624 -0 -0 -0 0.00101428 0.00938089 -0.00486607 0.0235415 -0.00525753 -0.000191613 0 0.00618115 0.00252346 0.0115634 -0.00253617 0.00446353 -0.000120652 -0 -0.0210273 0.00601958 0.0165896 -0.0133733 -0.0101976 -3.62614e-05 0.0220141 0.037762 0.00746087 -0 0.00219665 -0.00609219 -0 -0 0.0112763 0.0302696 0.0246035 -0 0.00476913 -0.0167578 -0 -0.0106207 -0.00766691 0.00793226 0.0188998 0.00503168 0.00349918 0.0536264 0.0136708 0.0161781 0.00546301 0.0051788 0.00266654 -0.00230425 -0.0184411 0.0162313 -0 0.000261008 0.0128139 0.0412691 -0.00263099 0.00882704 0.00399164 0.00471041 -0 -0 -0.0099209 -0.000643661 -0.00132356 0.0154941 0.0108751 0.0178186 -0.00190271 0.010727 -0 -0.0152919 -0 -0.00201564 0.0582926 0.0245112 -0.00558649 0.0296636 0.0134184 0.000960813 0.00988113 0.0256483 -0.000561173 0.000648034 0.00225569 0.012172 -0.00949464 0.0322893 0.00167332 0.0369353 0.0248541 -0.0281284 -0 0.00240174 0.00796971 -0 0.00510444 -0.008738 -0.00503535 0.0170621 -0 0.00846213 0.0132971 -0 -0.00310808 0.0165459 0.0220953 -0.0180018 0.0124402 0.0487409 0.0102728 -0 0.000110483 0.0284756 0.00449238 -0.0108778 -0.00285358 0.0245854 0.0178645 0.013912 0.0106662 -0 -0 0.0288833 0.0047017 -0 -0 -0.00212047 0.00842845 0.0384033 0.0277592 -0.00341167 -0 -0.00259848 -0 0.00905613 -0 0.00448545 0.0142009 0.0127154 0.00419401 0.0111219 -0.00727944 0.00486273 -0 0.00699161 0.00745238 -0.0175446 0.00223639 0.0227954 0.00619338 0.00316434 0.00208216 -0 0.0127452 0.0228249 0.0151105 0.0164447 0.0225116 0.0167141 0.0221911 0.0349527 -0.00800814 0.0152138 -0.00135229 -0 0.0202766 0.0228826 0.000824274 0.0210043 -0.0247389 -0 -0.000870672 -0.0194548 -0 -0.00164628 0.00538839 0.00867638 -0.025572 -0 -0 -0.00871806 0.0131319 0.0203755 -0 0.011243 0.0143885 -0.000463294 0.0326569 -0 0.00970304 -0 -0 0.0249817 0.00986684 -0.0121165 -0 -0 -0.000164698 0.00451903 -0 -0 -0 -7.90476e-05 -0 -0
0.0144677 0.0190491 0.000892939 -0 0.000478173 0.00332396 0.0246728 0.00212276 0.00516879 0.0299682 0.080636 0.0241465 0.0417604 0.0235313 -0.0297551 0.0584683 -0 -0 0.00618115 0 -0 0.0219153 0.016215 -0 0.00216306 -0 -0 0.00369721 0.00777738 0.00518009 -0.0265344 -0.0147152 -0.00279878 0.00407812 0.00202934 0.0134008 -0 0.00088817 -1.99245e-05 -2.07056e-05 0.0418492 -0 -0.00643284 -0 0.00271645 -0 -0 -0 0.0286113 -0 0.0046098 0.00315176 0.00738245 -0.00466602 0.0146181 0.00457485 -0 0.0122672 0.000378481 0.00866811 0.00866869 0.0214447 -0 -0 -0 0.00658233 0.0135823 -0 0.00523658 0.00316524 -0 1.40138e-05 0.0002937 -0 0.0462197 -0.00104844 0.00391619 0.0103275 0.0402087 -0 -0 0.00338177 0.0205397 6.42338e-05 0.00190038 -0 -0 0.00913262 0.00480735 0.00914839 0.000458886 0.0524152 -0 0.00893987 -0 -0.00371844 0.0109343 -0.00319251 0.0010742 -0 -0.00149245 -0 -0 -0 0.0052791 -0.0065335 -0 0.00297039 -0 0.024532 -0.00159683 0.0220701 -0 -0 0.0193626 0.00214129 0.0110671 -0 -0 0.00437919 0.00783649 -0 -0 6.50458e-05 0.0445351 -0 -0 0.00082473 0.00354885 -0 0.0371182 -0 -0.0151548 0.000346396 -0 -0.0015086 0.0205236 -0 0.0149631 0.00119177 -7.44935e-05 -0 -0 0.00114031 0.0237976 -0 -0.000133252 0.0125347 -0 0.00165917 0.034495 0.000614762 0.00315341 -0 -0 -0 0.00182522 -0 -0 0.0262658 -0 0.000633291 -0.0146969 -0 -0 0.000227505 0.00335634 0.0069544 -6.57847e-07 0.00351207 -0.00460023 -0 -0 0.0144817 -0 -0 -0 0.00127093 0.00351501 0.00111498 -0.00083507 -0 -0 -0 -0 -0 -0 0.002114 -0.000376639 0.00188025 -0 -0 -0 0.00574854 -0 0.00541244 9.85258e-06 -0 0.00238184 -0 0.00736325 -0 -0 0.00300094 -2.08928e-05 -8.47975e-06 -0 -0 -0 0.00868237 -0 -0 -0 0.00184112 -0 -0
-0 -0 0.0140314 0.00868689 -0 0.00949286 0.0027873 0.0132827 0.000630759 -0 0.000802002 -0 -0 0.000371797 -0.000175841 0.00467236 0.00286926 0.00708723 0.00252346 -0 0 0.00118374 0.00254439 0.00496999 0.0217438 0.00024029 0.00637054 0.00561619 0.000423963 0.00379963 0.00211164 0.0152971 0.0105932 0.00898169 0.00505731 -0 0.0192829 0.0129652 0.00823338 0.0166317 0.00120802 -0.00968116 0.0227649 -0 0.00985687 0.00609147 0.0128741 0.00545177 -0 0.0397162 0.0117917 0.00710387 -0 0.0127609 0.00530787 0.000766344 0.0184995 -0 0.00441361 0.00164247 -0 0.00800741 -0 -0 0.0186945 0.0130924 0.00125583 0.0109687 0.000233566 0.00875322 -0 0.00168246 0.0115475 0.0123757 -0 0.0225653 0.0024118 0.00635714 0.000313887 -0 0.00891787 -0.00156834 -0 0.00194694 0.000725786 0.0193318 0.00451815 0.0136314 0.00213462 -0 0.000264144 0.000832316 0.0104426 -0 0.014076 0.00173285 -0 0.00553934 0.00832096 0.00874162 0.00420245 -0 -0 0.000783804 -0 0.00453505 0.0352395 0.0053248 0.00606801 0.00308965 -0.000522909 0.000888542 0.0319447 0.018607 -0.000379549 0.000731926 0.000350279 -0.00239926 0.00153393 0.00673007 -0 -0 0.00110108 -0.000307727 -1.62055e-05 0.00712587 0.0151697 0.0014244 0.00239992 0.00784885 0.00112441 -0 0.00613272 0.00105017 0.0118776 -0.00269953 -0 -0 -0 0.00803409 0.00392109 0.00681429 -0 0.011599 -0 0.0123739 -0.00381432 0.00198444 0.00330762 0.0203259 -0 -0 0.000692539 0.011968 -0.000958333 -0 0.00974059 -0.00229794 0.0105024 0.00178815 -0 -0 -0 -0 0.00682343 0.00148739 -0.00196322 0.00516301 0.00598273 0.00849023 0.000447057 0.0059803 0.033334 0.00275485 0.0118848 -0 -0.00228996 0.00923092 0.000280349 0.00341007 -0.000155538 0.00142688 -0 -0.00266848 -0.000127722 0.00376532 0.00145777 0.00577787 -0.00481876 -0 -0.000144678 -0.00202998 0.00509581 -0.000144408 -0.000696939 0.00740646 0.00458186 -0 0.00643279 -0 -0 -0 -0 0.00239362 0.0222313 -0.00237133 0.00755618 -0 -0 0.000909956 -0.00135884 -0.0143211 -0 -0 -0 -0
0.00773424 0.0383394 -0 -0.00158593 0.0205991 0.000186305 -0.0355736 0.00163991 0.0204111 0.0148832 0.00747037 0.0394741 0.0466441 0.0320773 0.0137402 0.0598562 -0 -0 0.0115634 0.0219153 0.00118374 0 -0.0184551 -0 0.00851364 -0.0124086 -0 0.00106832 0.012096 -0.012961 -0.0123218 -0.00135146 0.00168676 0.00187599 0.0076957 0.0300441 -0 0.00216432 -0.0125483 -0 0.00122375 -0 -2.96545e-05 0.000254856 0.0112376 -0.00526059 -0 -0.0166193 0.00344511 -0 9.13336e-05 -0 0.009221 0.000539321 0.00690147 -0 0.00170386 4.48332e-05 -0.0101626 0.00792472 -0 0.0378408 0.00252882 -0.0213516 0.00231842 0.00515269 0.0527968 0.000247538 0.0132643 -0 -0.00206667 -0 -0.0148463 -0 -0 0.00252689 -0 0.00592952 0.00104853 0.000507065 -0 -0.000250086 0.0102926 -0 0.00299923 -8.70518e-06 -0.00316048 0.012201 0.00398429 0.00995736 -0 0.0277896 -0 0.0062052 0.0046568 -0 0.00321447 0.000414942 -0 0.00511217 0.00190378 -0 -0 -0.00917931 0.00295632 -0.00194382 -0 -0.00762232 -0 0.0190015 -0.00112443 0.00270744 0.00254891 -0 0.00747556 0.0289049 0.0092399 -0 -0.0105021 0.00163789 0.0194339 -0 -0.00101578 0.000834649 -0 -1.74828e-05 -0 -0 0.00142694 -0 0.0347751 -0 -0 0.0107148 -0 -0 0.031058 -0 0.00844627 0.00145811 0.00534319 -0 -0 0.0105357 0.00331194 0.00388036 -0 0.000230731 0.00430245 0.000952248 0.0188461 0.00159776 -0.0101725 0.0112427 -0 -0 -0 2.60559e-05 -0 0.0151679 -0 -0.00662863 0.00343821 -0 -0 -0 0.00201401 0.0202497 0.00128192 0.00157148 0.00671279 0.00206375 -0 0.00102933 0.0143376 0.00449513 -0 0.00488593 0.012068 0.00133201 -0 -0 -0 -0 -0 -0.00158958 3.27706e-05 -0 -0.000176887 0.00275034 -0 -0 0.00244808 0.00306439 -0 0.000394745 -0 -8.56045e-07 0.00524509 -0 0.00703309 -0 -0 0.000782191 0.00591239 -0 0.00247151 -0 -0 0.00344544 -0 -0 -0 0.00359234 -0 -0
-0.00653929 -0.018261 0.00229814 -0 -0.00436893 0.00616748 0.248611 7.88005e-05 -0 -0 -0 -0.000498027 -0 0.00363329 -0.0145365 -0 -0 -0.0131989 -0.00253617 0.016215 0.00254439 -0.0184551 0 0.00596543 0.00421241 -0 -0 -0.0283417 -0.0102126 0.146579 -0.00110846 -0 0.0149935 0.0229808 -0.00346062 -0 -0 0.00446592 0.00552668 -0 0.00840478 -0.00433176 0.00589739 -0.000455683 0.00105492 -0 -0 0.00630851 -0 -0 0.0287404 0.0211196 -0.00371939 0.0137889 0.00457527 0.000508554 0.00150638 0.0139069 0.000569686 -0.000959715 -0.00450311 -0.0050451 -0 0.0309375 0.0062364 0.0033352 0.000504604 -0.00323689 -0 0.0131616 -0 -0 0.0047671 0.00549583 0.0290571 0.00759483 0.0258778 -0.0112442 0.00846436 -0 -0.00912991 -0.00897878 -0 0.00441253 0.00428309 -0.00686452 -0 0.0095666 0.000404239 -0 -0 0.00692569 0.00301235 -0 0.00477995 0.00472429 -0.00806867 0.0114711 0.0107091 -0.0119633 0.00659739 -0.00149816 -0.000128286 -0 -0 -0 0.00118705 0.00863968 0.00408134 -0.00321118 -0 0.00250353 -0 -0 -0.00304839 -0 -0 -0.0124203 0.000304344 0.00542443 0.000649723 -0 0.00061102 0.0098775 0.038187 0.00316817 6.58704e-05 0.00605433 0.00868919 0.00832652 0.000452698 -0 0.0039762 -0 0.00298558 -0.0005002 -0 -0 0.000152002 0.00438139 0.0108164 0.00317601 0.0103416 -0 -0 0.00235354 -0.000197844 0.0425699 -0 0.00478289 -0 -0 0.114806 -0 -0 -0 0.00123222 -0.0117392 -0 -0.00347979 -0 0.022704 -0 3.66573e-05 0.00159604 0.00158423 -0.00184723 -0 0.00425603 0.00638911 -0.00467567 -0 0.00394465 0.0215375 -0.000850989 -0.00171547 0.00206171 0.00112688 -0 0.0104867 -0.00367959 -0 -0 -0.00260031 -0 -0 0.000513043 0.00744072 -0.0014612 -0 -0 -0.00917991 -0 -0.00507659 -0 0.00260444 0.00379877 -0 0.000308066 -0 -0 -0 -0 0.00507742 -0.0197154 -0.00595421 -0.00122626 -0 -0 -0 -4.1455e-05 -0 -0 -0.008354 -0 -0
