0.909794 -0.0614394 -0.010779 -0.000485654 -0.0425393 -0.000764438 0.0139719 -0.00444679 0 -0.030415 -0.0312013 -0.051461 -0.0177051 -0.0276783 -0.0169871 -0.0115384 -0.00167006 0 0 -0.0123283 0 -0.00652519 0.00572482 0 -0.0121183 0 -0.00102492 0 -0.0109671 0.00859705 0 -0.00201696 0 0 0 -0.00675883 -0.00022211 -0.0117099 0 0 0 0.00118278 0 -0.0162505 -0.00429781 0 -0.00306656 0 -0.0186826 -4.34336e-06 0.000536583 0.00137894 -0.0391136 0 0 0 -0.00149752 0 0 -0.0572422 -0.00487284 -0.00434695 0 0 0 0 -0.0104737 -0.00149205 -0.00454387 0 -0.00049952 0 0 0 0 -0.000670084 0 0 0 0 -0.00512077 -0.00469882 -0.0570062 -0.00428552 0.00231137 0 0 0 0.000608372 -0.00516314 0 -0.0195806 -0.000442857 0 -0.00745254 0 -0.00989185 0.00772253 0 0 0.0031196 -0.0135972 0.0013747 0 0 -0.000343836 0 0 -0.00280665 -0.0046391 0.0113874 -0.00861756 -0.000227391 -0.0143935 -0.00607911 0 0 -0.0213984 0 0 0 0 -0.0111464 0 0 0 -0.000131695 0 0.000520338 -0.00374155 -0.0260735 0.00185212 -0.010894 0 -0.00327693 0.000211205 -0.00418654 0 -0.00296194 0 0 -0.000205002 0 0 -0.0137385 0 0.000203144 0 0 0 -0.000665018 0 0.00470331 -0.0164282 0 0 0 -0.00690417 -0.00165155 -0.00516232 0.000637434 0.00845889 -0.00199951 0 0 0 0 -0.000693855 0.000349737 0 0.000588294 0 0 0 -0.000413952 -0.00670359 0 0 -0.000450708 0.00165001 -0.0102845 0 0 0 0 0 0 0 -0.00336669 0 0 -0.00310684 0 0 0.000213901 0 0 -0.00775472 0 0 0 0 0 0 0 0 0 0 0 0 0 0 0 0 0 0
-0.0614394 0.872754 -0.00238512 0 -0.0496602 -0.000502234 0.0262321 -0.0047571 -0.00234794 -0.0327201 -0.0232379 -0.0504979 -0.030536 -0.0254476 -0.0150129 -0.0317461 -0.000704151 0 0 -0.0158984 0 -0.0316807 0.0156578 0 -0.00253914 0 0 -0.00148406 -0.0325615 0.0251423 0 0 0 -0.000436871 0 -0.00840381 0 -0.00141638 0 0 -0.000447581 0.00096149 0.0103749 -0.00139968 -0.00821436 0 -0.000811332 0 -0.0203253 -0.00120677 0 0 -0.0407559 0 0 0 -0.000149255 0 0 -0.0194754 -0.00219588 -0.017794 0 0.000467486 -0.000122732 0 -0.0225255 -0.00540266 -0.00540439 0 -6.29283e-05 0 0 0 0 0 0 0 0 0 -0.00186293 -0.000695291 -0.0171175 -0.00408007 0 0 0 -0.000411014 0 -0.0153521 0 -0.00767585 0 -0.00496198 -0.00207553 -0.000247135 -0.0117142 0 0.00873209 0 0 -0.0130202 0.00651217 0 -0.00654401 0 0 0 -0.00167405 -0.0157658 0.0101955 -0.00387224 -0.00394138 -0.00143045 -0.00279899 0 -0.0103233 -0.00928486 0 0 -0.00189481 0 0 0 0 0 0 0 0 -3.91752e-05 -0.0359128 0.000132972 0 0 -0.0020583 0.00368993 -0.02003 0 -0.00293817 0 0 0 0 -0.00167193 -0.0198727 0 0.00161781 0 0 0 -0.00704733 -0.00374013 0.0142872 -0.00227059 0 0 -0.00232099 -0.0135315 -0.00553361 -0.0190734 0 0.00468527 -0.00589896 0 0 0 0 -0.00304787 0 0 0 0 0 0 0 -0.03379 0 0 -0.00167423 0 -0.0111099 0 0 -0.00010628 0 0 0 0 -0.00551541 -0.000160917 0 0 0 0 0 0 0 0 0 0 -0.000963429 0 0 0 0 0 0 0 0 0 0.00114377 0 0 -0.00108288 0 0
-0.010779 -0.00238512 0.914851 -0.016295 -0.00562945 -0.0527152 -0.00102856 -0.0429327 0 -4.27395e-05 -0.00461737 -0.000170197 0 -0.00210052 -0.00309468 -0.00200547 -0.0182998 -0.00993904 -0.00236514 -0.000763006 -0.0125474 0 -0.00201749 -0.0107976 -0.0116561 -0.00606604 -0.00968016 -0.00425937 0 -0.000556769 -0.00303892 -0.0110342 0.012569 -0.00495962 -0.00127109 3.05067e-06 -0.0112567 -0.0170779 -0.0110276 -0.00612396 -0.00061216 0.0221514 -0.018914 0 -0.01165 -0.00563595 -0.0285363 -0.00742438 0 -0.0125089 -0.00180259 -0.000490688 -0.019515 -0.0013456 0.00267391 -0.000478442 -0.0125839 0 -0.00306635 -0.00686392 -0.000490768 0 0 -0.00132255 -0.0158204 -0.00155465 0 -0.0201587 0 -0.0287093 -0.00323358 -0.000302933 -0.00580663 -0.0122318 -0.000108259 -0.00725029 -0.000286197 0 0 1.0785e-05 -0.0258082 0 -0.00716826 -0.0267908 2.32512e-05 -0.0111976 -0.00157067 -0.00764405 0 0 -0.000530978 -0.00294774 -0.00512318 0 -0.0130249 -0.00867468 0 -0.000729888 0 0.0010046 0.00335511 -0.0088252 0 -0.00217236 0 -0.0174873 -0.00607332 -0.00791494 -0.00951132 -0.000304334 0.00360728 0 -0.0119977 -0.0141666 0 0 0 0 -0.00190675 -0.0020819 0 0.000415261 -0.00661976 0 0 -0.0139712 -0.0238064 0 0 -0.0168261 -0.00204966 0 -0.0267539 0 -0.0124193 0.00619719 0 -0.00110972 0 -0.00575319 -0.000225323 -0.0075806 -0.00144292 -0.00208917 0 -0.00383654 0.00738974 -0.000214999 -0.000381346 -0.00499755 0 0 0 -0.000403402 0 0 -0.00313831 0 -0.0108536 0 0 0 0 -0.000828338 -0.00589178 -0.00114333 0 -0.000777641 0 -0.0013518 0 -0.000754488 -0.00727663 0 0 0 -0.00382506 -0.0020947 0 -0.000503095 -0.00763432 -0.000459221 0 0 0.00250449 -0.00221456 -0.000364635 -0.00463422 0 0 0.0012402 0.00239888 0 0 0.00464798 -0.00132328 -0.000875832 -0.000953698 -0.000665137 -0.000193178 0 0 0 0 -0.00062082 0.000399506 0 0 0 0 0.0066069 -0.00185335 0 0.000158581 0 0
-0.000485654 0 -0.016295 0.904939 -0.00533832 -0.0128627 0.00290542 -0.0104053 0.00746398 0 -0.000557811 0 0.00435234 0 -0.000415498 0 -0.0275703 -0.0274065 0 0 -0.00772592 0.00133444 0 -0.0102214 -0.010039 -0.0316676 -0.0100684 -0.0122542 0 -1.15692e-05 -0.00830617 -0.0399951 0 -0.00388721 0 -5.40966e-05 -0.0113052 -0.0168291 -0.0365595 -0.0240018 -0.00074694 0.0176597 -0.0101191 0.00225085 -0.0210829 -0.0139625 -0.0453202 -0.0149036 0 -0.0160012 -0.00221391 -0.00209864 -0.000724155 -0.00213403 0 -0.0007073 -0.0107776 0 -0.0083031 -0.00124084 -0.000372513 0.0071714 0.00253273 -0.0117219 -0.0153948 0 0.00193458 -0.0155471 0.0086779 -0.00830466 -0.0158437 -0.00163128 -0.0153039 -0.0301494 0 -0.00449162 0 0.0208369 0.00178667 4.5011e-05 -0.0306177 -0.0129185 -0.000143229 -0.025448 0 -0.0136169 -0.0116121 0 0 0 0 0 -0.0234887 0.00156052 -0.00955096 -0.00717668 0.00474919 -0.000948925 0 -0.000276603 -0.000527149 -0.00438551 0 -0.00862945 0.0049164 -0.126607 -0.0177337 -0.0144376 -0.0225112 0 0.00118493 -0.000373519 -0.0192276 -0.0179071 0 0.00287579 0.00458881 0 -0.00414556 -0.000233691 0 0 -0.012596 0.0101393 0 -0.0191423 -0.0300511 0 0 -0.0246062 0 -0.000247522 -0.0343508 0 -0.0241043 0.00748664 0.00482379 -0.00340923 0.00535909 -0.00432796 0 -0.0230949 -0.000410194 -0.000974861 0 -0.000524404 0.00923794 0 0 -0.00662488 0.00676293 0 0 0 0 0.000222539 -0.00224207 0 -0.0181956 0.014938 0 0 0.0034633 -0.00104158 -0.00889799 -0.0022539 0.0121925 0 0.0148489 0 0.0159874 -0.000532039 -0.013499 0.0118872 -0.000416131 0 -0.00796801 -0.00161229 0 0 -0.011639 -0.00233655 -4.36777e-06 7.31285e-05 0.00172286 -0.0159429 -5.78947e-05 -0.00355705 -0.00829207 0.0100671 0.00145968 0.00550375 0 0.0192681 0.00375281 -0.00129145 -0.00121692 -0.0109688 0 -0.00273967 0 0 0 0 -0.00148683 0 0 -0.00207398 -0.000548487 0.0051426 0.00737455 -0.0105363 0 0.0130872 0 0
-0.0425393 -0.0496602 -0.00562945 -0.00533832 0.91498 0 0.00933171 -0.00948996 0.000124764 -0.0576868 -0.0227689 -0.0397656 -0.0181557 -0.0145793 -0.0527417 -0.00521608 -0.0118881 0 0.00306123 -0.000408623 0 -0.0174284 0.00383567 0 -0.00553875 0 -0.00828858 0 -0.00487375 0.00456904 -0.0045947 -0.00434745 0.00375961 0.00261569 0.00193771 -0.00792143 -0.0010465 -0.00286942 0 0 0 0.00328799 0.000395864 -0.000344332 -0.0106139 0 -0.00777798 0 -0.000786492 0 0.00351568 0.00395127 -0.0247609 0.00215755 0.00229568 0.000421187 -0.00198612 0 0 -0.0438081 -0.00336775 0 0 0 0 0.00464398 -0.00219311 -0.0036238 0 0 -0.00444791 0 0 0 0 5.41257e-05 0.000372042 0.0159324 0 0 -0.0105488 -0.014203 -0.0217163 -0.004124 0.0111777 0 -0.000821903 0.00415101 0.00547072 0 0.00143323 -0.00136865 0 -0.00538513 -0.00011279 0.000524211 -0.00448588 0.00306125 0.00172232 0.00241865 0.0125214 -0.0103513 1.958e-05 -0.00651579 0 -0.00461581 0 0 -0.00774474 0 0.000494426 0 0 -0.00389793 -0.00833587 0.00035736 0 -0.020326 0 0.00620586 0 0 -0.0248299 0.00264934 0 0 -0.00265353 0.000350367 0.00376 -0.00299737 -0.0112291 0 -0.0127773 0 -0.00813146 0 -2.61108e-05 0 0 0.00345281 0.0053391 -0.00109686 0 0.00132557 -0.00570732 0.000133778 0.00121065 0 0 0.000361713 0 0 0.00359584 -0.000655611 0 0 0 -0.0117838 -0.0040298 0 0.00147936 0.0080802 0 0 0 0 0.00250327 0 0.00766689 0.00222751 0.0124028 0 0 0.00957432 -0.00774938 -0.00592906 0 0 0 0.00740255 -0.0209661 0 0 -0.00140078 0 -0.00285104 3.37009e-05 5.75422e-05 -0.0140276 0.00102203 0 -0.00498161 0.000333371 0.00828383 0 0.000346336 0 -0.0222249 0.00705442 -0.000405456 0 0 0 0.0010735 0 -0.00491258 0 0 0 0.00424774 9.04135e-05 0 0 0 0 0
-0.000764438 -0.000502234 -0.0527152 -0.0128627 0 0.900213 -0.00608556 -0.0423343 0 0 -0.00528819 0 0 -0.0029242 0 -0.00645481 -0.00240517 -0.0190654 -0.0255837 -0.00281747 -0.00842066 -0.000156351 -0.00537081 -0.0177415 -0.00526781 -0.00772314 -0.000762976 -0.00590512 0 -0.00306053 0 -0.00879266 0.00121822 -0.017587 -0.00271132 0 -0.0101802 -0.0295609 -0.00888584 -0.00283959 -0.000750413 0.00590664 -0.0299964 0 -0.0228439 -1.36818e-05 -0.0172663 -0.0188014 0 -0.01255 -0.00919332 -0.00238406 -0.00334628 -0.0140546 -0.00359912 -0.00188239 -0.0148962 1.36069e-05 -0.010771 0 0 -3.05497e-05 0 -0.00818543 -0.0182825 -0.00602752 0 -0.029512 0 -0.082778 -0.00616181 -0.000640204 -0.00533064 -0.00531103 0 -0.014072 -0.00171061 0.00164594 0 0 -0.0188919 0.00635648 0 -0.0114615 -0.00540122 -0.0174639 0 -0.00599767 0.0106328 0 0 -0.0067378 -0.0182203 0 -0.00650016 -0.0109449 0.00116563 -0.00492938 -0.000375769 -0.00330322 -0.0066521 0.000655201 0 -0.00505024 0 -0.0159538 -0.0134755 -0.0111443 -0.0155261 -0.00014537 0.000599634 -0.00220905 -0.00869633 -0.00957663 0.000193496 0 -0.000207092 0.00257111 -0.0057715 -0.00442905 -0.00056532 0.000223177 -0.00945702 -0.000164268 0 -0.0083162 -0.00415209 -0.00150749 -0.00285798 -0.0262721 -0.00720575 0 -0.0117025 0 -0.00988134 0.00394286 0 0 0 -0.0160676 -0.0040942 -0.00695513 -0.000871517 -0.00160258 -0.000115806 -0.00532512 0.00317145 -0.00279684 -0.000770992 -0.0245942 2.3026e-05 -0.000322773 -0.00265626 0 0 0 -0.00426213 0.00992901 -0.0139783 0.0027634 -0.000758196 -0.00308843 0 -0.00136311 -0.0100279 -0.0070165 0.00511144 -0.00118012 0.000831028 -0.00180632 0.00596459 -0.00359944 -0.00932012 -0.00161467 0 0 -0.00797055 -0.00514541 0 -0.00924945 0.0025368 -0.000705415 0 0.00421836 0.000499851 -0.00111758 -0.00209231 -0.0111396 0.00228621 0.0108015 0.000600326 0.00405976 -0.00235189 0.00107453 0.00145876 -0.00432984 -0.00174557 -0.00156087 -0.00348217 -6.30759e-05 -0.000399219 -9.95881e-05 0 -0.00237799 -0.00251282 0.0139379 -0.000162912 0 0 0 0.00254273 -0.00073517 0 0.0114406 0 0
0.0139719 0.0262321 -0.00102856 0.00290542 0.00933171 -0.00608556 0.789193 0 0 0 0 0.00529316 0 -0.00107489 0.0239433 0 0 0 0.0026877 -0.0195813 -0.00231501 0.0279526 -0.202709 -0.00305455 -0.0073938 0 0 0.0267187 0.0132808 -0.168339 0.00123911 0 -0.00590787 -0.00333954 0 0 2.68254e-05 -0.00624238 -0.0055945 0 -0.00809392 0.00904535 -0.00687205 0.00709483 -0.00185856 -0.000509275 0 -0.00884947 0 0 -0.0318972 -0.0213059 0.0145902 -0.00687773 -0.00746783 -0.00150747 -0.00110377 -0.0107364 -0.00052476 0.00442099 0.00572139 0 0.00182552 -0.0312129 -0.00322402 0.00357996 -0.000207081 0.00109629 0.0169795 -0.00959248 4.19631e-05 0 -0.00555223 -0.00906295 -0.0267904 -0.00660126 -0.0346824 0.012163 -0.0143312 0 0.0146244 0.0126904 0.000413288 -0.00533454 -0.0150891 0.0105941 -9.33426e-07 -0.00644804 -0.00305612 1.14665e-05 0 -0.00579114 -0.00690551 0 -0.00420129 -0.00408281 0.0140838 -0.0116917 -0.0124364 0.0137594 -0.00763151 0.00315655 0 0 0 0 -0.00180127 -0.0120226 -0.00391888 0.00483491 0 -0.00863824 0.0402045 0 0.00734761 0 0 0.00801985 -0.000516658 -0.00495615 0 0 -0.00637184 -0.00563712 -0.0220348 -0.00294723 0 -0.00560349 -0.00366786 -0.00317224 7.96644e-06 0 -0.0073161 2.08023e-05 -0.00321732 1.64988e-05 0.00430968 0 0 -0.00452224 -0.00957166 -0.00307396 -0.014576 0.0104139 0.00750436 -0.00212171 0.000118909 -0.0481763 0 0.00126201 0 0 -0.134132 0.0153217 0 0 -0.00227661 0.0101827 0 0.00300305 0 -0.0460656 0 0 -0.000164322 -0.00441711 -0.00233899 0 -0.00648013 -0.0162862 0.00658865 0 -0.00184629 -0.0235495 0.00187418 0.010883 -0.00233776 -0.00111433 0 -0.00448273 0.00458985 0 0 0.00270172 0 -0.000858669 -0.00319698 -0.00729881 0.000382372 0 0 0.00781617 0 0.00138243 0 -0.00504884 -0.0152896 0 -1.60827e-05 -0.00179269 0 0 0 -0.00884436 0.023035 0.00421 0.00871685 0 0 0.00824304 0.000171212 0 0 0.0108925 0 0
-0.00444679 -0.0047571 -0.0429327 -0.0104053 -0.00948996 -0.0423343 0 0.857365 0 0 -0.0047106 -0.00895298 0 -0.000667998 -0.0153003 -0.00571874 -0.0079847 -0.00545451 -0.00513348 -0.00175597 -0.0114986 -0.0013431 -6.69687e-05 -0.012148 -0.00946855 -0.0154887 -0.003072 -0.0051819 -0.00137544 0 0 -0.00426603 0.0137207 -0.00995354 -0.000733866 -6.64821e-05 -0.00551291 -0.0268952 -0.00222637 -0.0019597 -0.00370491 0.0132744 -0.0156657 0 -0.0249998 -0.000533855 -0.026253 -0.00364568 0 -0.00810147 -0.00524899 0 -0.0298415 -0.00603518 -0.00098251 -0.00408885 -0.00675164 -0.000129737 -0.00535652 0 0 -0.000366084 0 -0.0013711 -0.0229174 -0.00297891 -0.0006373 -0.024669 0 -0.0135253 -0.00959473 -0.00214556 -0.000653494 -0.00656592 -0.000231886 -0.0082413 0 -0.000808124 0 0.000210921 -0.0277786 0 -1.97939e-06 -0.0137071 0.00610708 -0.0140903 0 -0.00768707 0 -0.00129391 -0.000100561 -0.00616921 -0.00379288 0 -0.00668935 -0.00403751 0 -0.00526611 0 -0.000828614 -0.00257111 0 0 -0.00482815 0 -0.0118673 -0.00286432 -0.0018433 -0.00835599 -0.00119206 0.00447872 -0.000904046 -0.0132922 -0.0211314 -0.00872337 0 0 0 -0.0068453 -0.00237139 0 0.000730698 -0.00624561 0 0 -0.00462353 -0.00737116 0 -0.000540561 -0.0114893 -0.00449844 -1.04516e-06 -0.0256523 0 -0.012048 0.00584972 -0.00623073 -0.00156815 0 -0.00992769 0.0023444 -0.00255823 -0.00272915 -0.00201471 0 -0.00692008 0.00587705 -0.00124576 -0.00170023 -0.00872451 0 0 0 0 0 0 -0.00314033 0 -0.00447442 -0.000315048 -0.000353852 0 0 -0.00180852 -0.00366511 -0.0047903 0 -0.000765536 0 -0.00131022 0 -0.00229547 -0.00834344 0 -0.00238305 0 -0.00499932 -0.00451937 0 -0.00285054 0 -0.00186147 -0.000593177 0.00032655 0.00176615 -0.00108142 -0.00156713 -0.00297282 0 0 0.000223023 0.000235719 -0.000189905 0 0.003651 -0.00403735 -0.000556395 -0.0025217 -0.0031426 -0.000833553 0 -0.000118613 -8.97688e-06 -0.00135088 -0.000543417 0.00114232 0 -0.000302844 -0.00103175 0 0.00395651 -0.00126191 -0.00129311 0 0 0
0 -0.00234794 0 0.00746398 0.000124764 0 0 0 0.701886 -0.00515587 0.0131405 0 0 1.26057e-05 -0.0200191 -0.0025692 0 -0.00461432 -0.00965978 -0.0038686 -0.000494053 -0.0151253 0 -0.00081235 -0.000689924 -0.00975744 0 -0.0142489 -0.0119259 0.013457 0 0 -0.016076 -0.00179878 -0.00358496 -0.00778953 0 0 0 -0.00254081 -0.00971349 0 -0.00190716 0.0640557 0 0 0.0017276 0 0 -0.00101592 -0.00279763 -0.00230205 -0.00460632 -0.00459633 -0.0127701 -6.46393e-05 0 0 -0.000704622 0.000238426 0 -0.00721961 0.0272532 0 -0.000350067 -0.0107676 -0.00258528 0 -0.015485 0.0225598 0 -0.00114565 -0.000480468 0 0 0.00986395 0 -0.0318841 0 0 0 0.00253199 0 0 -0.0215772 -0.00108264 0 -0.00774921 -0.027278 -0.0158222 -0.00975523 0 -0.000682487 -0.00192342 0 -0.0177076 -0.0178493 -0.00523556 0.00234944 -0.00237578 -0.00761941 0 0 0 -0.00448432 0.0125593 -0.00419482 -0.000548982 0 -0.00485508 0 -0.00877293 0.00252086 0.0137227 0 -0.00453606 -0.0159638 -0.00707642 -0.000709275 -0.00113293 0 0 0.00358495 -0.00343982 0 0 0 -0.000408114 -0.0320876 0 -0.00535737 0 0.0100725 -0.00238437 0 0 -0.0103392 0 -0.000193585 -0.00308904 -0.00766875 0 0 -0.0115282 0 -0.000944486 0 0 -0.00285322 -0.00313186 -0.00161517 -0.0016895 0 0 0 0 -0.00347247 -0.0032891 -4.61005e-05 -0.00304758 0 0 0 -0.00451532 -0.000806834 -0.00179905 -0.00639548 -0.00506711 -0.00534041 -0.00596876 -0.0147014 2.02713e-05 -0.000135375 -0.000580324 0 0 0 -0.00539864 -0.00538558 -0.0146631 0.00232151 -0.000847981 0 0.000473542 0 0 0 0 -0.00205282 -0.000447438 0 0.00147009 -0.00209809 -0.0106109 0 -0.00422531 0 0.00190042 -0.0170425 0 0 0 0 -0.00130152 0 0 -0.00677026 0 0 -0.0157604 0 0 0 -0.000363008 0 0
-0.030415 -0.0327201 -4.27395e-05 0 -0.0576868 0 0 0 -0.00515587 0.88731 -0.0341495 -0.0206223 -0.022229 -0.00613774 -0.0290923 -0.0272288 -0.000676137 0 0 -0.0252191 0 -0.0124005 0 0 -2.43602e-05 -0.00443353 -0.00194324 0 -0.00207288 0.000813241 0 -0.00104406 0 0 0.00782857 -0.016965 0 -0.00226769 0 0 -0.00904566 0.000468873 0 -5.43576e-05 -0.00837062 0 0 0 -0.0185115 0 0.00485976 0.000263128 -0.00596086 0.00268868 0 0 0 0 0 -0.0392257 -0.0175636 -0.0160087 0 0 0 0 -0.0207555 -0.000167609 -0.00609286 0 -0.00144402 0 -0.00106052 0 -0.00116176 0 0 0 0 0 0 -0.00384757 -0.0145322 -0.0016756 0 0 0 0 0 -0.0051371 0 -0.0135372 -0.000294591 -0.0217243 0 0 -0.0170299 0.000916187 0 0 0.00104 -0.0153401 0.00654528 0 0 0 0 -0.00294913 -0.00123738 -0.00198099 0.00946077 -0.0282146 0 0 -0.013673 0 0 -0.0251472 0 0 -0.00317614 0 0 0 0 -0.00104216 0 0 0 -0.000538957 -0.0188002 0 -0.00216063 0 0 0.000571809 -0.00108155 0 -0.000232271 0 0 -0.00156239 -0.000388824 0 -0.00555689 0 0.0015079 -0.00301465 0 0 -0.00109811 0 0 0 0 0 0 -0.0106569 -0.00685334 -0.0148729 8.41283e-05 0.00181887 0 0 0 0 0 -0.00019765 0.00518013 0 0.000246074 0 0 0 0 -0.00025042 0 0 -0.0195652 0 -0.0131324 0 0 -8.94662e-05 0 0 1.83951e-06 0 -0.0119044 0.00479434 0 -8.12431e-05 0 0 0 0 0 -0.000187415 0 0 -0.00131447 0 0 0 0 -1.91423e-05 0 0 0 0 0.000425415 0 0 0 0 0
-0.0312013 -0.0232379 -0.00461737 -0.000557811 -0.0227689 -0.00528819 0 -0.0047106 0.0131405 -0.0341495 0.725557 -0.025191 -0.00955045 -0.10236 0.00642846 -0.0280511 -1.95812e-05 0.00420896 0 -0.0613615 -0.000638686 -0.00562836 0 0 0 0 0 -0.00133618 -5.11412e-05 0 0.00653945 0 0.00646469 0 0 -0.00146653 -0.000402065 -0.0110349 0 0 -0.00403743 0.00363881 0 -0.0156456 -0.0103328 0 -0.00513578 0 -0.0285523 -0.00138806 0 -0.000486482 -0.0211582 0 0 0 -0.00149915 -0.0125314 0 -0.0294993 0 -0.01441 0 0 -0.00102245 0.00598226 -0.0058888 -0.00312846 0 -0.00164148 -0.00651909 0 0 -8.95484e-05 -0.0150694 -0.00117415 0 0.00817374 -0.0128255 0 -0.000875533 -0.000743785 -0.0194174 -0.00223125 0.0131603 0 0 0 0.0162202 -0.00192037 0 -0.0370556 0 0 -0.00658797 0 -0.000842099 0.00190555 0 8.69197e-06 0.00951044 -0.000332406 0 0 -0.000299199 -0.00132568 0 0 -0.00216918 -0.00165961 0.0116115 0 -0.00491293 -0.00280608 -0.00187115 0 0 -0.0103217 0 0 -0.0024667 0.00661919 -0.00255199 0.000864142 -0.028341 0 1.85866e-06 0 0.0101039 -0.00228166 -0.0213809 0 0 0 0 0.00195917 -0.000678075 -0.00141666 0 0 0 0 0 0 -0.139781 0 0.00209417 -0.0189546 0 0 -0.0001399 0 0 -0.00101029 0 0 0 -0.00510237 0 -0.000158831 0 0 0 0 0 0 0.000855517 -0.0104904 0 0 0.00847245 0 0 0 -0.000821395 -1.70128e-05 0 0 0 0.014143 -0.00225233 0 0 0 0.000404956 0 0 -0.00269353 0 0 0 0 0.00148348 0.00254361 0.000148758 0 -0.00617769 -0.00202722 0.00366724 0 -0.00371853 0 0 0 0 0 0 0 0 0.0099116 0.000900023 0 0 0 0 0
-0.051461 -0.0504979 -0.000170197 0 -0.0397656 0 0.00529316 -0.00895298 0 -0.0206223 -0.025191 0.878193 -0.0534168 -0.0247752 -0.0312267 -0.0275479 0 0.00779103 0 -0.0202154 0 -0.0327198 0.000428358 8.16477e-05 -0.00147696 0 0 0 -0.0250462 0.00249797 0.00125698 0 0.0126404 0 0 -0.00246028 0 -0.00195385 0.000603453 0 0 0 0.0124759 -0.0037699 -0.000906811 0 0 0.0031739 -0.00733951 0 0.000683304 0.000545027 -0.0321039 0.00202577 0 0 0 0 0 -0.0203497 -0.00692099 -0.0181688 0 0 0 0.00264724 -0.0290575 0 -0.00605251 0 0 0 0.00513312 0 -3.98012e-05 0 0 0 0 0 -0.000380982 -0.00209821 -0.0293459 0 0.00533638 0 0 0 0 -0.0114779 0 -0.0173221 0 -0.0139955 0 0 -0.0113494 0.0023852 0.00827862 0.00437876 0.0012565 -0.00530479 0 0 0 0 0 0.000196807 0 -0.00474821 0.00394174 -0.000124689 0 0 -0.0123122 0 0 -0.0188641 0.000446629 0 0 0 0 0.000421302 0 0 0 0 0.000705513 0 -0.034335 0 0 0 0 0 -0.00815567 0 -0.00759468 0 0.00119842 0 0 0 -0.0141505 0 0 -2.47309e-06 0 0 -0.0214094 0 0.00146019 0 0 0 0 -0.016582 0 -0.0167178 0 0.00148415 -0.00843909 0 0 0 0 0 0.00220632 0.000131965 0 0 0 0 -0.00362535 -0.00868411 6.99621e-05 0 -0.0078842 0.00422616 -0.00118998 0 0 -0.00357385 0 0 0 0 -0.00402196 0 0 -0.0123081 0.000502981 2.5048e-05 0 0 0 0 0 0 -1.11286e-05 0 0 0 0 -0.00122542 0 0 0 0 0 0 0 -0.00148079 0 0
-0.0177051 -0.030536 0 0.00435234 -0.0181557 0 0 0 0 -0.022229 -0.00955045 -0.0534168 0.872294 -0.0234972 -0.0189461 -0.0320414 0 0.00801789 -0.000836181 -0.0348439 0 -0.0385329 0 0 0 0 0 0 -0.0182491 0 0.020949 0.0101057 0 0 -0.000553256 -0.00580646 0 0 0.00888319 0.00516013 -0.00273644 0 0.0135025 -0.00160132 0 0.00539265 0 0.00205275 -0.0104168 0 0 0.00635013 -0.0277615 0 -0.000908415 0 0 0 0 -0.00790336 -0.00195883 -0.0182124 0 0 0 0 -0.022164 0 -0.0150393 0 0 0 0 0 -0.0023258 0 0 -0.00373234 -0.00146238 0 0 0 -0.0145629 -8.1105e-05 0 0 0 -0.00153401 0 -0.0228671 -1.01945e-05 -0.0182356 1.04836e-05 -0.00885684 0 0 -0.00624839 0 0 0 0 -0.00103577 0 0 -0.00516455 0 0 0 0 -0.019537 0.000453357 -0.0125434 0 0 -0.0175975 -0.0054316 -0.0043019 -0.00950107 0 0 -0.00786691 0 0 0 -0.00235083 0 0 0 0 0 -0.0370553 0 0 -0.00367208 1.04939e-05 0 -0.0148802 0 -0.0118536 0 -0.000304865 0.00622452 0 0 -0.0095709 0 0 -0.00972545 0 0 -0.0292208 -0.00246922 0 0 0 0 0 -0.0115552 0 -0.0254714 0 0 -0.00148863 0 0 0 0 -0.00317157 0 -0.000152104 0 0 0.010012 0 0 -0.00420359 0 0 -0.00494492 0 0 0 0 0 0 0 0 0 -1.05615e-05 -0.00158677 0 0 0 -0.000618897 0 0 0 0 -0.000354973 0 -0.00419127 0 0 0 0.0044656 0 0 0 0 -0.000997922 0 0 0 -0.00143758 0 0
-0.0276783 -0.0254476 -0.00210052 0 -0.0145793 -0.0029242 -0.00107489 -0.000667998 1.26057e-05 -0.00613774 -0.10236 -0.0247752 -0.0234972 0.740191 0.0719815 -0.0296702 0 1.98004e-05 -0.00712407 -0.0180863 -0.000299057 -0.0244103 -0.002869 1.90338e-05 0 0 0 0 -0.00064944 -0.000167995 0.00393892 0 0.00474484 -0.00151918 -0.00113122 -0.00129027 0 -0.00180416 0 0.00798762 -0.0103431 0 -0.000394457 -0.0448669 -0.00865713 0 0 0 -0.0381698 0 0 -0.00192381 -0.0344477 -0.000957682 -0.00339767 0 -0.000216408 -0.00902564 0 -0.017431 0 -0.0107612 0 0 -0.000324403 0.00138311 -0.00667981 -4.03091e-07 0 -0.00335369 0 0 0 0 -0.027818 -0.00214844 0 -0.00169485 -0.0316903 0 0 0 -0.0252688 0 0 0 0 -0.00134675 0 -0.000309815 0 -0.0231625 0 -0.00142528 -0.000262653 0 -0.00211374 0 0 0 0 0 0 0 -0.00324775 0 -5.88769e-05 0 0 -0.00627366 0 -0.00185018 -0.000186086 -9.77366e-05 -0.00801125 -0.0106876 -0.000772286 -0.0122293 0 -0.00374171 -0.00671422 0 0 -0.000208448 -0.0346808 0 0 -6.57956e-05 2.18656e-05 -0.00204019 -0.0235713 0 0 -5.17974e-06 0 0 -0.00265335 0 -0.0136494 0 -0.0043325 0 0 -0.00116849 -0.0492559 -2.11476e-06 0 -0.0112202 0 0 -0.0042188 0 0 -0.00035162 0 0 0 -0.0065225 0 -0.00299496 0 -0.000130321 -6.93674e-05 0 0 0 -0.000156787 -0.00314501 0 -0.00168805 0 -0.00540977 0 -0.000762387 -0.0053132 0 -0.000500139 0 -0.000117163 0 0 0 0 0 0 0 0 0 0 0 0 0 0 -0.000193645 0 0 -0.000253174 -0.00188497 -0.000458885 0 -0.00244739 0 0 -0.000318929 -0.00143966 0 0 0 0 0 0 0 0 0 0 0
-0.0169871 -0.0150129 -0.00309468 -0.000415498 -0.0527417 0 0.0239433 -0.0153003 -0.0200191 -0.0290923 0.00642846 -0.0312267 -0.0189461 0.0719815 0.763741 0 -0.00780556 0 0.00375374 0.0232309 0.000143671 -0.0106211 0.0116598 -2.05266e-05 0 -0.00161962 -0.0136621 0 -0.0298327 0.0209664 -0.00651159 -0.0123255 0.00363374 0.00364344 0.00426372 -0.0166876 -0.011846 -0.00502202 0 0 0.0023109 0 0.0114119 0 -0.00181102 0 -0.0010558 0 0.000614708 0 0.00686004 0.00363492 -0.0345646 0.00158812 0.00483475 0.000278938 0 8.28257e-07 0 -0.0116537 -0.0151709 0.00125571 -0.00706131 0 -0.0086537 0.00990261 -0.00756531 -0.0105439 -0.00903222 0.00192481 -0.00991522 0 0 0 0.0150597 0.00139184 0.00442937 0.00480379 0.023997 0 -0.00726339 -0.030569 -0.000613504 -0.00343449 0.00484114 -2.03933e-05 -0.000840355 0.00504827 0.002198 -0.0120155 0 0 0 -0.0106921 0 0.00122795 -0.0198386 0.00769498 0.00901343 0.00372235 0.000951589 -0.0100342 0 0 0.0021057 0 0 0 0 0.00106805 0 0 0.000197293 -0.00199779 -0.0321635 0 0.000225835 -0.015885 0 0.00267137 0 0 -0.0135998 0.00139524 0.018378 -0.00575973 0 0.000598584 0.00251286 0 0 0 -0.0106239 0 0 0 0 -0.00155246 0 0 0.00859062 0 -0.00183595 0.00322028 0 0 0 0.000453063 0 0.00107899 0 0 0.0165547 0 -0.000206035 0 0 -0.0115143 -0.00396561 0.00142445 0 0.013396 0 -0.00242722 0 0 0.00521766 -0.0177488 0.00596158 0.00770221 0.00293632 0 0 0.00646681 -0.00942751 -0.00518322 0.000739247 0 -0.0129703 0.00360702 -0.00914627 -0.00133108 -0.0024537 -0.00361289 0 0 0 0.00116446 -0.0136829 0 0 -0.00625151 0.00145371 0.00428505 0 0.00390065 0.00213048 -0.00227043 0.00631377 -0.00092181 0 0 0 0.00118303 0 -0.00771588 0 0 0 0.00350199 0 0 -0.000700151 0 0 0
-0.0115384 -0.0317461 -0.00200547 0 -0.00521608 -0.00645481 0 -0.00571874 -0.0025692 -0.0272288 -0.0280511 -0.0275479 -0.0320414 -0.0296702 0 0.80969 0 -0.00167387 -0.0186984 -0.0470015 -0.00393072 -0.0476401 0 -0.00124519 -0.00690758 0 0.00150794 -0.00676687 -0.0492905 3.26689e-05 0.00635143 0.0071345 0.00230281 -0.0085483 -0.0126165 -0.0123291 0 -0.0012598 2.44248e-05 0 -0.00376921 0 -0.00395377 -0.000947935 -0.00107738 0 0 0 -0.011042 -0.00101333 0.000298478 0 -0.00679158 0.00231285 -0.0110675 -0.00197185 -0.000945343 -0.0010707 0 -0.0107113 -0.00171712 -0.0481431 0 0.0203295 -0.00146512 -0.00809471 -0.0129393 -0.00775626 -0.0465841 -0.00258846 0.000266052 0 0 0 -0.00119319 -0.0073824 0 -0.0124856 -0.000584507 0 0 0.00509018 -0.0100284 -0.00138689 -0.0133989 -0.00215027 0.000707025 -0.0068258 -0.00756735 -0.021293 -0.0100996 -0.0247131 0 -0.00901327 -0.00146821 -0.00100077 -0.00769084 -0.00211203 0 -0.00232995 -0.00734141 0 0 0 -0.00550574 2.48414e-05 -0.00239903 0 -0.000238915 -0.0301057 0.00362206 -0.0124189 -0.0081448 0 0 -0.00868652 -0.00723455 -0.00101114 0.0110153 -0.00513112 -0.0251056 0 0.0061546 -0.00413212 -0.00105405 0 0 -0.000944388 -0.00374703 0.0032585 -0.0548296 0 0.0132037 -0.00712891 0 0.000350556 -0.0220468 0 -0.00593962 -0.007937 -0.00323866 0 0 -0.00207826 -0.0225187 -0.00124042 0 -0.00754522 -0.000729503 -0.00908051 -0.0140659 2.10963e-05 0 -0.00693272 0 0 -0.0105598 0.00100662 -0.000907715 -0.0299469 0 0 -0.0150467 0 0 -0.00028211 -0.00265272 -0.0151935 0.00635035 -0.00104755 -0.00423213 -0.00131547 0 -0.000864444 0 -0.00378109 0 -0.0112589 -0.0147302 -0.00611211 0.00281868 0 0 0.00179524 0 0.000660183 0 -0.00112602 0.0041895 -0.00214424 0 0.000733938 -0.00127063 -0.00429823 0 -0.00259907 -3.71039e-05 0.00154035 -0.00953149 0 -0.0143677 0 0 -0.00419623 0 0.00159416 -0.00129149 0 0 -0.002949 0 0 0 -0.0050696 0 0
-0.00167006 -0.000704151 -0.0182998 -0.0275703 -0.0118881 -0.00240517 0 -0.0079847 0 -0.000676137 -1.95812e-05 0 0 0 -0.00780556 0 0.945964 -0.00583652 0.00451368 0 -0.00260906 0 0 -0.00261557 -0.00217945 -0.0145158 -0.0393509 -0.000642342 0.000200822 0 -0.00776161 -0.0300578 0.00417937 0 0.000426484 -0.00350102 -0.0139128 -0.00769036 -0.0257922 -0.0185421 0 0.0303255 -0.000697993 0 -0.00824666 -0.0308655 -0.0257722 -0.0110807 0 -0.00435917 0 0 -0.00345635 0 0.00176781 0 -0.022598 0 -0.0042276 -0.00489406 -0.00346386 0.00651227 0 -0.0032004 -0.00798843 0.0137771 0 -0.010445 0.000927341 -0.000956985 -0.0145514 -0.0017161 -0.0123365 -0.00618021 0 0 0 0.0151092 0 0.00347993 -0.0234877 -0.0216755 -0.00266582 -0.0158814 0.00816459 -0.000723935 -0.0239912 0.00174312 0.000852655 0 0 0 -0.0148346 3.63359e-05 -0.0084058 0 -0.00067216 0 0.000703816 0.00043042 0 -0.00591246 0 -0.00560105 0.00728718 -0.0209572 -0.00492061 -0.00938686 -0.022237 0.00357634 0.00132592 0 -0.0022539 -0.0157022 -0.00282681 0.000219999 0.00923605 -0.0124898 -0.00236116 0 9.24495e-05 0.00086628 -0.00586528 0.00337605 0 -0.0214962 -0.00921898 0 0.000416019 -0.00716211 0 -0.000390006 -0.0143717 0 -0.0129572 0.0151697 0 -0.0140032 0 0 0.00738486 -0.0193217 -0.00114164 0 0 0 0.0107312 0 0.00188704 0 0.00539716 0.00230194 0 0 0 0.000972179 -9.15779e-05 -0.0102308 -0.00537943 0.00804291 0 0 0 -0.00220023 -0.00408157 0 0.00344152 0 0.00853751 6.88471e-05 0.00461929 0 -0.00340322 0.00125994 -0.0262882 0 0 0 0 0.00141784 -0.0147224 -0.00358247 -0.00640765 -0.00393473 0.00666325 -0.00765981 0 0 -0.0282239 0 0.00313474 -0.010846 0 0.0100631 0.00833348 0 0 -0.00964351 0.00242651 -0.00213846 0 -0.000802318 -0.000116743 0.000278107 0 -0.0175447 0 -0.0100363 -0.00667837 0.00218477 0.0103308 9.50736e-07 -0.000455214 0.00140775 0 0
0 0 -0.00993904 -0.0274065 0 -0.0190654 0 -0.00545451 -0.00461432 0 0.00420896 0.00779103 0.00801789 1.98004e-05 0 -0.00167387 -0.00583652 0.857862 0.000156656 0 -0.00613708 0 0.0112204 -0.0256575 -0.00155981 -0.0306256 -0.011115 -0.0223059 -3.38318e-05 0 -0.0266125 -0.022698 -0.00732113 -0.00982321 -0.00201619 -0.00132978 -0.0207909 0.00854127 -0.0228416 -0.0240534 1.79523e-05 0.00252287 -0.0282041 0 0.00315576 -0.0233388 -0.00740813 -0.0200893 -0.000715463 -0.0375116 -0.00416426 -0.00343523 0 -0.00455568 -0.0122972 -0.00480878 -0.0193151 0 -0.0114778 0 0 -0.0038379 0 -0.00141363 -0.00704123 -0.0131367 0 -0.0198801 -0.000175467 -0.0126964 -0.00198424 -0.00430131 -0.0102816 -0.00438375 0.0114969 -0.00840749 -0.000719688 -0.00398616 0.0162056 0 -0.00383357 0.00614178 0 -0.0105079 -0.00595377 -0.013598 -0.00257871 -0.00926017 -0.00311509 0 0 0 -0.0126054 0 -0.00736747 -0.0304273 0 -0.00412878 -0.00356145 -0.00416477 -0.0126778 0 0 -0.0085744 0 -0.0148781 -0.0126426 -0.0194021 -0.0137476 0.00216524 0 -0.00352054 -0.0099436 -0.000982188 0.00821575 0 -0.000188719 0.00750786 -0.00585232 -0.00401923 0 0 -0.000272809 0.00110858 0.0166879 -0.0184112 -0.0191424 -0.00333685 -0.00995608 -0.00692104 -0.000338852 0 -0.00396397 0 -0.0072741 0.00262871 0 0 0 -0.0135681 0.00129169 -0.0272388 0 -0.0141439 0 0 0.00202077 0 -0.00018798 -0.0229753 2.0834e-05 2.09141e-05 0 -0.00346376 0 0 -0.0219884 0.0035035 -0.0147578 0 -0.000178762 0 0 -0.00022478 -0.00850191 -0.00495943 0.00114879 -0.000331456 0.0125938 -0.00939325 -0.00159018 -0.0017888 -0.0212426 0 0.00156733 0 -0.00469013 -0.00339941 0 -0.00692304 0.000646359 -0.00922596 0 0.0063418 0 -0.00216932 -0.0014394 -0.00874046 0.00402475 0.00383134 0.000121605 0.0104833 -0.00643819 -0.00235774 0.000629508 -0.00572246 -0.00271416 0 -0.00384967 0 0 0 0 -0.00166881 -0.00122307 0.00551942 0 0 0 -0.00283579 0.00150178 -0.000876743 0 0 0 0
0 0 -0.00236514 0 0.00306123 -0.0255837 0.0026877 -0.00513348 -0.00965978 0 0 0 -0.000836181 -0.00712407 0.00375374 -0.0186984 0.00451368 0.000156656 0.779156 -0.00487431 -0.0020825 -0.00902824 0.00205471 -0.00365832 9.96043e-05 0 0.0179008 -0.00465077 -0.0132015 0.0110145 0.00759495 3.08762e-05 -0.0180155 -0.0315292 -0.00581843 0 -0.00183933 0.00507994 0 0 -0.0087704 -0.0248667 -0.0198219 0 -0.00388802 0.0143595 0 0.00904041 0.00602852 -0.00635791 -0.0153572 -0.00391891 -0.00274748 -0.0430479 -0.0111793 -0.0128403 -0.00465794 -0.00418799 -0.00224175 0.00190178 0.0149485 -0.0135881 0 -0.000209343 -0.0108907 -0.034811 0.00208264 -0.00742398 -0.00324903 -0.00383553 0 0 0.00834746 0.000533484 0.00106135 -0.0130985 -0.00921911 -0.0147359 0.0015456 -0.00925181 0 0.0128014 0 0.00170728 -0.0486672 -0.0199415 0.00470891 -0.0250374 -0.0111814 -0.000793695 -0.00798273 -0.0206124 0.000475966 -0.000531296 -0.00190002 -0.0101448 0.00803671 -0.0270282 -0.00136676 -0.0307707 -0.0204923 0.0238025 0 -0.00200005 -0.00651264 0 -0.00419803 0.00735729 0.00424301 -0.0142656 0 -0.00687889 -0.011145 0 0.0026136 -0.0138038 -0.0179426 0.0153145 -0.0103749 -0.0403027 -0.00844202 0 -9.25223e-05 -0.0240036 -0.00368882 0.00937367 0.00241453 -0.0208544 -0.0149955 -0.0116982 -0.00901281 0 0 -0.0243867 -0.00400657 0 0 0.00181259 -0.00696633 -0.0325432 -0.0231523 0.00289661 0 0.00218228 0 -0.00761673 0 -0.00377167 -0.0119742 -0.0106215 -0.00352732 -0.00931411 0.00625445 -0.00402201 0 -0.00605721 -0.00628806 0.0149078 -0.00188766 -0.0190608 -0.00525143 -0.00267498 -0.0017506 0 -0.0107166 -0.0192705 -0.0129815 -0.0139408 -0.018885 -0.0142375 -0.0188508 -0.0297286 0.00673733 -0.0128035 0.00113855 0 -0.0169699 -0.0193497 -0.000700588 -0.0177061 0.0207303 0 0.000749089 0.0163971 0 0.00140307 -0.00450637 -0.00734009 0.0218332 0 0 0.00741848 -0.0110794 -0.0174893 0 -0.00947623 -0.0122045 0.000392084 -0.0277736 0 -0.00823465 0 0 -0.0212226 -0.00834042 0.0104655 0 0 0.000143983 -0.00385098 0 0 0 6.7938e-05 0 0
-0.0123283 -0.0158984 -0.000763006 0 -0.000408623 -0.00281747 -0.0195813 -0.00175597 -0.0038686 -0.0252191 -0.0613615 -0.0202154 -0.0348439 -0.0180863 0.0232309 -0.0470015 0 0 -0.00487431 0.79811 0 -0.0173174 -0.0132956 0 -0.0018073 0 0 -0.00289103 -0.00626383 -0.00431802 0.0200011 0.0126813 0.0023181 -0.00344618 -0.00160174 -0.0103509 0 -0.000749551 1.7194e-05 1.79406e-05 -0.0329427 0 0.00524531 0 -0.00224135 0 0 0 -0.0227692 0 -0.00379103 -0.00248442 -0.00586662 0.00379087 -0.0120985 -0.00367489 0 -0.0100402 -0.000322035 -0.00724058 -0.00711187 -0.0181696 0 0 0 -0.00561941 -0.0108815 0 -0.00431389 -0.00260851 0 -1.19081e-05 -0.000250107 0 -0.0375111 0.00089705 -0.00336 -0.00864411 -0.0330572 0 0 -0.00286522 -0.017229 -5.50648e-05 -0.00160577 0 0 -0.00780156 -0.00405434 -0.00764854 -0.000375205 -0.0426332 0 -0.00741803 0 0.00313663 -0.00936723 0.00270465 -0.00088801 0 0.00124541 0 0 0 -0.0043661 0.00562449 0 -0.00253127 0 -0.0207591 0.00134072 -0.0181578 0 0 -0.016479 -0.00180802 -0.00909575 0 0 -0.00366483 -0.00651775 0 0 -5.54934e-05 -0.0370112 0 0 -0.00070803 -0.00301494 0 -0.0317435 0 0.0129549 -0.000296004 0 0.00127228 -0.0170325 0 -0.0125169 -0.00102212 6.28818e-05 0 0 -0.000969243 -0.0203412 0 0.000111773 -0.0106675 0 -0.0014027 -0.0293623 -0.00052106 -0.00274214 0 0 0 -0.00155867 0 0 -0.0222281 0 -0.000541827 0.0125059 0 0 -0.000194399 -0.0029183 -0.0059668 5.5854e-07 -0.00302785 0.00395505 0 0 -0.0123348 0 0 0 -0.0010877 -0.00302369 -0.000951263 0.000708217 0 0 0 0 0 0 -0.00181003 0.00032546 -0.00158504 0 0 0 -0.00499391 0 -0.00461705 -8.45811e-06 0 -0.00205017 0 -0.0063245 0 0 -0.0025802 1.78742e-05 7.41282e-06 0 0 0 -0.00748831 0 0 0 -0.0016015 0 0
0 0 -0.0125474 -0.00772592 0 -0.00842066 -0.00231501 -0.0114986 -0.000494053 0 -0.000638686 0 0 -0.000299057 0.000143671 -0.00393072 -0.00260906 -0.00613708 -0.0020825 0 0.874083 -0.000978898 -0.00218334 -0.00431442 -0.0190126 -0.000202146 -0.0057442 -0.00459584 -0.000357338 -0.00331462 -0.00166575 -0.0137959 -0.00918196 -0.00794292 -0.00417734 0 -0.0171016 -0.0114506 -0.00743556 -0.015081 -0.00099516 0.00842372 -0.0194258 0 -0.00851122 -0.00552853 -0.0113305 -0.00491514 0 -0.033717 -0.0101484 -0.00586019 0 -0.0108497 -0.00459732 -0.000644223 -0.0167065 0 -0.00393003 -0.00143579 0 -0.00710005 0 0 -0.0168287 -0.011697 -0.00105291 -0.00977108 -0.000201361 -0.00754915 0 -0.00149615 -0.010291 -0.0108642 0 -0.020205 -0.00216552 -0.00556839 -0.000270063 0 -0.00797228 0.00139059 0 -0.00174666 -0.000641794 -0.0166582 -0.00403373 -0.0121863 -0.00188399 0 -0.000226021 -0.000708474 -0.00938105 0 -0.0125581 -0.0015297 0 -0.00491112 -0.00719863 -0.0077135 -0.00366995 0 0 -0.000691331 0 -0.00408568 -0.0306967 -0.00474868 -0.00541569 -0.00273609 0.000459462 -0.000765033 -0.0283587 -0.0163073 0.00033805 -0.000646756 -0.000301275 0.00216185 -0.00135495 -0.00589419 0 0 -0.000976635 0.000274746 1.40941e-05 -0.00650385 -0.0135952 -0.00127972 -0.0021337 -0.00699035 -0.00100633 0 -0.00548632 -0.000939139 -0.0107204 0.00238254 0 0 0 -0.00721095 -0.00346385 -0.00612784 0 -0.0103175 0 -0.0110229 0.00334832 -0.00176738 -0.00295401 -0.0179832 0 0 -0.00063023 -0.0104845 0.000883853 0 -0.00870504 0.00206811 -0.00938919 -0.00158366 0 0 0 0 -0.0060768 -0.00133007 0.0017864 -0.00463585 -0.00531586 -0.00766013 -0.000402235 -0.00538741 -0.0297035 -0.00245558 -0.0105984 0 0.00202991 -0.00826756 -0.00025238 -0.00304469 0.000138046 -0.00130332 0 0.00238215 0.000116904 -0.00339891 -0.00129128 -0.0051772 0.00435765 0 0.000132485 0.00182958 -0.00455371 0.000131286 0.000637806 -0.00661192 -0.00411633 0 -0.00579457 0 0 0 0 -0.00215375 -0.019904 0.00216939 -0.00675992 0 0 -0.000821317 0.00122809 0.0130462 0 0 0 0
-0.00652519 -0.0316807 0 0.00133444 -0.0174284 -0.000156351 0.0279526 -0.0013431 -0.0151253 -0.0124005 -0.00562836 -0.0327198 -0.0385329 -0.0244103 -0.0106211 -0.0476401 0 0 -0.00902824 -0.0173174 -0.000978898 0.782362 0.0149823 0 -0.00704287 0.00987602 0 -0.000827089 -0.00964541 0.0106969 0.00919586 0.00115312 -0.00138322 -0.00156957 -0.0060139 -0.0229762 0 -0.00180841 0.0107213 0 -0.000953755 0 2.39404e-05 -0.000200014 -0.00918022 0.00451699 0 0.0141755 -0.00271447 0 -7.43666e-05 0 -0.007255 -0.000433823 -0.00565528 0 -0.00145575 -3.63302e-05 0.00856122 -0.00655399 0 -0.0317437 -0.00212728 0.0171604 -0.00197451 -0.00435529 -0.041879 -0.00020862 -0.0108188 0 0.00170516 0 0.0125174 0 0 -0.00214059 0 -0.00491377 -0.000853492 -0.000438233 0 0.000209786 -0.00854799 0 -0.00250914 7.09679e-06 0.00266948 -0.0103194 -0.00332689 -0.00824234 0 -0.0223793 0 -0.00509784 -0.0039306 0 -0.00272647 -0.000348047 0 -0.00426768 -0.0015729 0 0 0.00765978 -0.00242079 0.00165678 0 0.00643109 0 -0.0159198 0.000934725 -0.00220541 -0.00214078 0 -0.00629917 -0.0241642 -0.0075187 0 0.00877654 -0.00135711 -0.0160033 0 0.000852398 -0.000705015 0 1.50963e-05 0 0 -0.00120024 0 -0.0294448 0 0 -0.00906525 0 0 -0.0255195 0 -0.00699541 -0.00123815 -0.0044656 0 0 -0.0088664 -0.00280284 -0.00327032 0 -0.000194413 -0.00363529 -0.000797067 -0.0158829 -0.0013408 0.00875812 -0.00931802 0 0 0 -2.21855e-05 0 -0.012709 0 0.00561504 -0.00289664 0 0 0 -0.0017338 -0.0172017 -0.00107761 -0.00134139 -0.0057141 -0.0017589 0 -0.000868035 -0.0120963 -0.00383284 0 -0.00414007 -0.0102782 -0.00112516 0 0 0 0 0 0.00135753 -2.74627e-05 0 0.000151335 -0.00229554 0 0 -0.00206969 -0.00263572 0 -0.000333397 0 7.25957e-07 -0.00446995 0 -0.00598102 0 0 -0.000665857 -0.00500801 0 -0.00209184 0 0 -0.00294214 0 0 0 -0.0030938 0 0
0.00572482 0.0156578 -0.00201749 0 0.00383567 -0.00537081 -0.202709 -6.69687e-05 0 0 0 0.000428358 0 -0.002869 0.0116598 0 0 0.0112204 0.00205471 -0.0132956 -0.00218334 0.0149823 0.842402 -0.00508385 -0.00361594 0 0 0.0227684 0.0084503 -0.12553 0.000858408 0 -0.0127584 -0.0199512 0.0028062 0 0 -0.00387207 -0.00489985 0 -0.00679716 0.00370019 -0.00494033 0.000371095 -0.000894242 0 0 -0.00558352 0 0 -0.0242826 -0.0171035 0.00303659 -0.0115093 -0.00389032 -0.000419694 -0.0013355 -0.0116937 -0.000497991 0.000823606 0.00379552 0.00439159 0 -0.0258011 -0.00551132 -0.00292524 -0.000415332 0.00283072 0 -0.0111435 0 0 -0.00417067 -0.00473636 -0.0242278 -0.00667606 -0.0228102 0.00966892 -0.00714938 0 0.00801256 0.00781555 0 -0.00388621 -0.00371816 0.00580698 0 -0.00839599 -0.000350252 0 0 -0.00578738 -0.00265664 0 -0.0041865 -0.00409417 0.00710149 -0.00998416 -0.00909522 0.0103632 -0.00565606 0.00131821 0.000111726 0 0 0 -0.00101511 -0.00756399 -0.00357598 0.00279171 0 -0.00211612 0 0 0.00266542 0 0 0.0109867 -0.000263917 -0.00466383 -0.000555178 0 -0.000532051 -0.00865759 -0.0326042 -0.00283873 -5.79537e-05 -0.00533992 -0.00758401 -0.00728014 -0.000397746 0 -0.00349205 0 -0.00264542 0.00043339 0 0 -0.000130633 -0.00386057 -0.0093803 -0.00280383 -0.00914344 0 0 -0.00205823 0.000170496 -0.0372201 0 -0.00415423 0 0 -0.102566 0 0 0 -0.00108108 0.0103719 0 0.00302548 0 -0.0199567 0 -3.25468e-05 -0.0013954 -0.00139075 0.00165011 0 -0.00371246 -0.00565901 0.00412995 0 -0.00345074 -0.0188467 0.000744994 0.00151781 -0.00179415 -0.000990816 0 -0.00919185 0.00320606 0 0 0.00227884 0 0 -0.000446138 -0.00654524 0.00129721 0 0 0.00812234 0 0.00453089 0 -0.00228252 -0.00335038 0 -0.000272427 0 0 0 0 -0.00448505 0.0173286 0.00534753 0.00107698 0 0 0 3.67809e-05 0 0 0.00746561 0 0
