0.92598 0.0140799 0.00821514 -0.00455966 -0.0462396 0.0333813 -0.0366913 0.0374619 0.128498 -0.0886383 0.167488 0.00276974 -0.0495293 0.0463664 0.0352034 0.126148 -3.40958e-07 0.00838105 -0.0527539 -0.0590286 0.0428481 0.00629683
0.0140799 0.925292 0.0663492 -0.0188122 0.167623 -0.0426696 0.0884205 -0.0261044 -0.0131574 0.0801173 0.0289336 -0.0464531 0.0778665 -0.0562993 -0.101642 0.0509938 -4.13379e-07 0.117006 0.0955051 0.0503899 0.0991135 0.0303959
0.00821514 0.0663492 0.865848 -0.0560789 -0.016818 0.0113217 0.0627493 -0.0267215 -0.077754 0.0603464 0.0360263 -0.0745913 0.188665 -0.0245336 -0.0999638 0.0383534 -2.42808e-08 0.0660058 0.141765 0.112104 -0.0725835 0.0885036
-0.00455966 -0.0188122 -0.0560789 0.47765 0.0485423 0.0668105 -0.0472643 0.0576373 0.122157 -0.0146016 -0.0169073 0.103207 -0.086864 0.063424 0.204515 0.00517046 -6.40475e-07 -0.0676171 -0.0672004 -0.037305 0.0865407 -0.00117508
-0.0462396 0.167623 -0.016818 0.0485423 0.734502 -0.134012 0.0607597 -0.0741106 0.0795205 0.106529 0.052168 -0.0444936 -0.0135536 -0.114631 -0.00885519 0.0370822 -3.20791e-07 0.126001 0.0177893 0.00136474 0.257038 -0.0572381
0.0333813 -0.0426696 0.0113217 0.0668105 -0.134012 0.629517 0.0140994 0.364529 0.0788767 -0.157591 -0.00218237 0.292265 0.00208822 0.555976 0.0988372 0.0735304 5.32686e-08 -0.0315404 -0.0301142 -0.0383717 -0.188282 0.21869
-0.0366913 0.0884205 0.0627493 -0.0472643 0.0607597 0.0140994 0.241858 0.032379 -0.0248751 0.0200889 0.0673056 -0.0256622 0.0252405 0.014469 -0.0934902 0.0208435 3.38419e-07 0.113125 0.0381873 0.0144937 -0.00334784 0.0445474
0.0374619 -0.0261044 -0.0267215 0.0576373 -0.0741106 0.364529 0.032379 0.709623 0.153836 -0.139702 0.0819892 0.442927 -0.00834583 0.447358 0.0578906 0.174751 -4.74542e-07 -0.0041297 -0.0193224 -0.0360599 -0.146859 0.435277
0.128498 -0.0131574 -0.077754 0.122157 0.0795205 0.0788767 -0.0248751 0.153836 0.96017 -0.306978 0.099153 0.0876036 -0.109177 0.118952 0.0577469 0.0544887 -1.07672e-06 -0.0258742 -0.1809 -0.152119 0.168443 0.122551
-0.0886383 0.0801173 0.0603464 -0.0146016 0.106529 -0.157591 0.0200889 -0.139702 -0.306978 0.979024 0.0200552 -0.0800837 0.127481 -0.189396 0.00374215 -0.0216463 3.19788e-07 0.0539063 0.13469 0.138219 0.0805362 -0.0572864
0.167488 0.0289336 0.0360263 -0.0169073 0.052168 -0.00218237 0.0673056 0.0819892 0.099153 0.0200552 0.725609 0.0505957 0.0134195 0.0143275 -0.0160151 0.101557 3.18355e-07 0.0795788 -0.0151678 -0.0310942 0.0548765 0.0935453
0.00276974 -0.0464531 -0.0745913 0.103207 -0.0444936 0.292265 -0.0256622 0.442927 0.0876036 -0.0800837 0.0505957 0.796235 0.0029173 0.382598 0.114705 0.174535 1.99434e-07 -0.0600991 -0.00807832 -0.0149383 -0.0759251 0.193228
-0.0495293 0.0778665 0.188665 -0.086864 -0.0135536 0.00208822 0.0252405 -0.00834583 -0.109177 0.127481 0.0134195 0.0029173 0.991976 -0.000863563 -0.11645 0.0658889 7.74473e-08 0.0598983 0.364454 0.314737 -0.0996293 0.0632959
0.0463664 -0.0562993 -0.0245336 0.063424 -0.114631 0.555976 0.014469 0.447358 0.118952 -0.189396 0.0143275 0.382598 -0.000863563 0.769979 0.0783561 0.112863 -7.24622e-08 -0.0275904 -0.0434307 -0.046 -0.18509 0.228117
0.0352034 -0.101642 -0.0999638 0.204515 -0.00885519 0.0988372 -0.0934902 0.0578906 0.0577469 0.00374215 -0.0160151 0.114705 -0.11645 0.0783561 0.742013 -0.0625047 -7.77186e-08 -0.0974503 -0.103227 -0.057298 0.131562 -0.0285775
0.126148 0.0509938 0.0383534 0.00517046 0.0370822 0.0735304 0.0208435 0.174751 0.0544887 -0.0216463 0.101557 0.174535 0.0658889 0.112863 -0.0625047 0.654415 -1.93819e-06 0.0427135 0.0650235 0.0073024 -0.0479352 0.147354
-3.40958e-07 -4.13379e-07 -2.42808e-08 -6.40475e-07 -3.20791e-07 5.32686e-08 3.38419e-07 -4.74542e-07 -1.07672e-06 3.19788e-07 3.18355e-07 1.99434e-07 7.74473e-08 -7.24622e-08 -7.77186e-08 -1.93819e-06 3.37441e-09 7.95889e-07 9.83989e-07 9.78385e-07 -1.42413e-07 -1.14714e-09
0.00838105 0.117006 0.0660058 -0.0676171 0.126001 -0.0315404 0.113125 -0.0041297 -0.0258742 0.0539063 0.0795788 -0.0600991 0.0598983 -0.0275904 -0.0974503 0.0427135 7.95889e-07 0.291512 0.070061 0.0454812 0.0400258 0.0273716
-0.0527539 0.0955051 0.141765 -0.0672004 0.0177893 -0.0301142 0.0381873 -0.0193224 -0.1809 0.13469 -0.0151678 -0.00807832 0.364454 -0.0434307 -0.103227 0.0650235 9.83989e-07 0.070061 1.06219 0.522413 -0.0898155 0.0341181
-0.0590286 0.0503899 0.112104 -0.037305 0.00136474 -0.0383717 0.0144937 -0.0360599 -0.152119 0.138219 -0.0310942 -0.0149383 0.314737 -0.046 -0.057298 0.0073024 9.78385e-07 0.0454812 0.522413 0.961571 -0.0398752 0.0215252
0.0428481 0.0991135 -0.0725835 0.0865407 0.257038 -0.188282 -0.00334784 -0.146859 0.168443 0.0805362 0.0548765 -0.0759251 -0.0996293 -0.18509 0.131562 -0.0479352 -1.42413e-07 0.0400258 -0.0898155 -0.0398752 0.904146 -0.141931
0.00629683 0.0303959 0.0885036 -0.00117508 -0.0572381 0.21869 0.0445474 0.435277 0.122551 -0.0572864 0.0935453 0.193228 0.0632959 0.228117 -0.0285775 0.147354 -1.14714e-09 0.0273716 0.0341181 0.0215252 -0.141931 0.78225