0 0.112952 0.00511664 0.0110263 0.0780128 0.0037754 -0.0312619 0.0242312 0.00178395 0.0807279 0.0933691 0.0873759 0.0521625 0.0272158 0.0237437 0.0296606 0.00552247 -0.000885145 3.29174e-06 0.0211924 0.0039539 0.02529 -0.0135402 -0 0.00674582 -0 0.00296621 -0.00814828 0.0291555 -0.0198397 -0 0.00514191 2.20307e-06 -0.0063408 -0.00010771 0.0187682 0.00322012 0.00945469 -0.00675523 0.00109612 -0 -0.001912 0.000648433 0.0102629 0.00407297 0.00106322 0.00338909 0.00160729 0.0297668 0.00449958 4.61285e-06 3.67654e-06 0.0656415 -0 -0.0031187 -0 0.00312345 -0 -0 0.0667823 0.022578 0.0111102 -0 -0 0.00329084 -0.0089847 0.0171623 0.00474921 0.0215658 0.00107991 -0 -0.00238222 -0.00302392 0.0011164 -0 0.00389899 -0 -0 -0 -0 0.00581976 0.0113111 0.0830886 0.00462672 -0 0.000779492 -0 3.74904e-06 -0 0.0248882 -0 0.00652053 0.00276216 0.00670275 0.00569222 5.67322e-06 0.0133111 4.0295e-06 2.42587e-06 3.44579e-06 3.42314e-06 0.0378151 -0 -0 0.00156756 0.00325317 0.00191174 3.31528e-05 0.00896469 0.00912421 -0.00603745 0.00446129 -0.00235347 0.0133595 -0 0.00124816 0.00170997 0.0395497 -0 -0 0.0045882 -0 0.00144532 -0 -0 0.00187515 0.00219878 -0 2.68036e-06 0.00357364 0.0220536 -0 0.0125885 0.000347782 0.00349492 -0.000606614 0.000323829 4.54595e-06 0.000973368 -1.58307e-05 -0 0.000919564 -0 0.000320049 0.00260372 6.35126e-05 -0 0.000409301 -0 -0 0.00172384 -0 -0.00786925 0.00398945 -0 -0 0.00184628 0.017475 0.00286332 0.00885632 -0 -0.00539367 0.00393677 -0 0.00023573 -0.000592556 -0 0.000618358 -0 -0 -0 -0 0.00102375 -0 0.00070998 0.00124301 -0 -0 0.000843486 3.23444e-06 0.0213229 4.24395e-06 -0 -0 -0 -0 -0 -0 0.00733453 -0 -0 -0 -0 -0 -0 -0 -0 0.000114584 -0 -0 0.000346833 -0 -0 -0 -0 -0 -0 -0 -0 -0 -0 -0 -0 -0 -0 -0
0.112952 0 0.00443251 -0.0221502 0.103484 2.89866e-05 -0.0443867 0.00773588 0.00991373 0.0660793 0.0489418 0.0753051 0.0572624 0.0283139 0.0205614 0.0580429 0.00257927 0.0039888 -0.00437742 0.056998 0.004195 0.0688118 -0.027897 -0.00473484 -0.000674634 0.000365028 0.00156252 0.00953028 0.0607927 -0.0289007 1.32568e-06 0.00210193 -0.00764153 -0.00515749 0.00531954 -0.00147303 0.00242059 0.00344532 -0 0.00311004 -0 -0.000682293 -0 0.00793799 0.00473349 0.00128982 0.00169041 -0.0181348 0.0285582 0.00198546 -0 -0 0.0365945 -0.00566571 0.00472764 -0 0.00307085 -0 0.000603877 0.0306029 0.0269801 0.0239113 -0 -0 0.00342932 -0.00599464 0.0397711 0.00734651 0.037438 0.000609991 -0 -0.00345512 -0.00122983 0.000935813 0.000598434 0.000294492 -0 -0.00494532 0.00198299 -0 0.00797743 -0.000235452 0.0186417 0.00481931 -0 -0.000131737 -0 0.000115173 -0 0.0179717 -0 0.0081706 -0.00596618 0.00788364 0.00466652 0.00324813 0.0125961 -0 2.39097e-06 -0 -0 0.0105052 -0.00153258 0.000511531 0.0127684 0.00203068 0.00155606 0.000486946 0.00400378 0.0245118 -0.000932317 0.00302683 0.00646196 0.00158365 -0 0.00104218 0.0177521 0.0180316 -0 -0 0.0109496 -0 -0 -0 -0 0.000884436 0.00122674 -0 -0 0.00247674 0.0365722 -0 0.00090055 -0 0.00561608 -0 0.00914522 -0.00476041 0.00821407 -0.000480969 -0 0.000238744 -0 0.00297732 -0.010136 0.000778792 -0 -0 0.000616776 0.00382799 0.00954549 0.013 -0.0147073 0.00190472 -0 -0 0.0100875 0.0179444 0.00429684 0.00738843 -0 -0.00533498 0.00806468 -0 0.00158358 -0 -0 0.000490805 -0 0.000901716 -0 0.000590968 0.000146937 -0 -0 0.0542355 -0 0.000627032 0.00587497 -0 0.0135907 -0.0120717 -0 -0 -0 -0 -0 0.000466105 0.00102428 -0 -0 -0 -0 2.20688e-06 -0 -0 -0 -0 -0 -0 0.00783069 -0 -0 -0 -0 -0 -0 -0 -0 -0 -0 -0 -0 0.000264704 -0 -0
0.00511664 0.00443251 0 0.033769 0.0140869 0.126099 -0.000278163 0.127068 0.00106557 -0.0132419 -0.00102253 0.00303447 0.00201296 0.00558667 -0.010795 0.00126277 0.0273179 0.0166755 0.00417989 0.00544126 0.015515 0.00354268 0.00112199 0.0150034 0.0175074 -0.0147254 0.00893236 0.0114861 0.000198867 0.000930173 0.00381429 0.0256766 -0.00568552 0.0124177 0.00683538 -0.0116466 0.0133664 0.0180846 0.0310315 0.0113319 0.00146253 -0.0163806 0.0542695 -0.000149493 0.0136356 0.00836133 0.0327876 0.0127515 -0 0.0135013 0.00402081 0.00119363 0.00960527 -0.010538 -0.00732639 0.00165394 0.0322946 0.000589247 0.00708226 0.00262314 0.000626696 -0.000322581 -0 0.00105179 0.0208241 -0.0162278 0.000828974 0.0191943 0.00363553 0.0291075 0.0113441 0.0029118 0.0107263 0.0107745 0.000172193 0.0131426 0.000800747 -0.0101353 -0 -0 0.0721216 5.44106e-06 0.00250064 0.0155694 -0.0149413 0.00999292 0.0042238 0.00331971 -0 0.00223893 0.00214664 0.00526782 0.0114428 -0 0.010925 0.00815585 -0.00519379 -0.00136856 -0.00833674 -0.00174102 -0.0178326 0.00466037 0.0021976 0.00450126 -0 0.0352645 0.0101026 0.00712137 0.0210734 0.00240087 -0 1.51507e-05 0.0125695 0.0103256 -0 -0 7.54982e-05 4.45968e-06 0.00384746 0.00596194 -0 -0 0.00524997 -0 0.000293017 0.0103321 0.0161128 -0 -0.00422201 0.0126195 0.00574623 0.000766147 0.0319754 0.00116707 0.0177536 -0.0038628 -0 0.00149255 -0 0.00937619 0.000787192 0.00898931 0.00187477 0.00710357 -0 0.00387821 -0.00204091 0.00160346 0.00133919 0.00711993 -0 -0 -0 0.00184435 -0 -0 0.00615584 4.01316e-06 0.0100596 0.00146379 0.00245378 -0 -0 0.00198085 0.00750527 0.00382336 -0 0.00149428 -0.00291775 -0.00412908 4.15015e-05 0.00241627 0.007981 -0 -0 -0 0.00564958 0.0105506 -0 -0.00196524 -0 0.000676821 0.000265955 -0 -0.000160361 0.00267537 0.00125379 0.00513544 -0 -0 -0 -0.00157054 0.00144094 -0 -0.00102041 0.0019061 0.00206936 0.00112458 -0.00718562 0.00144925 -0 7.02529e-06 0.00113673 0.00164679 0.00155548 -0.00050386 -0 0.000221151 7.40896e-06 -0 -0.000833552 0.000981268 -0 -0 -0 -0
0.0110263 -0.0221502 0.033769 0 0.00781123 0.0210877 -0.0306286 0.0223062 -0.000538473 0.000454717 0.00520947 4.15942e-06 -0.000324218 0.00887193 0.00058065 -0.019081 0.0265606 0.0284305 -0.0140591 -0.0378816 0.0147279 -0.0125477 -0.0117074 0.0141335 0.0105617 0.0677098 0.0203214 0.0300571 -0.00235145 -0 0.0330881 0.0437161 -0.0156489 -0.0087531 -0.0138367 0.000766368 0.0136552 0.0344012 0.0275703 0.0137061 0.00185139 -0.0144857 0.0153094 -0.00750503 0.0193379 0.0112733 0.0958268 0.030958 -0 0.0196045 -0.000240549 0.0028974 0.00396467 0.0037298 0.00275552 0.00880471 0.0205863 0.000967041 0.0130195 0.0022427 0.00192244 -0.0175824 -0 0.00429242 0.0222348 -0.0157613 -0 0.0257511 -0.00628743 0.00493144 0.0234258 -0.000665606 0.0133219 0.0357942 -0 0.00624887 0.000251978 -2.97261e-07 -0 -0 0.0287942 0.0132798 0.00230382 0.0244701 9.93477e-07 0.0113796 0.0334913 -0.0110422 -3.40706e-07 -0.0109523 -0 0.00425002 0.0340438 -0 0.0116463 0.00958871 -0.02755 0.00378891 -0 -0.0026756 -0.00458683 0.00159295 0.00189807 0.00922351 -0 0.240415 0.0110872 0.0111273 0.0298222 -0.00787767 -0 -0 0.0135339 0.0307115 -0 -0 -0 3.95863e-06 0.00729913 -0.00864117 -0 -0 0.0299573 -0 -0 0.0184486 0.0365439 -0 -0 0.0163648 -0.00922219 0.00424189 0.0388271 -0 0.0196518 -0.00503 -0 0.0035083 -0 0.00299459 -0 0.0152198 0.00203048 -0.00526454 -0.0104901 0.00213636 0.00425125 6.57477e-05 -0 0.00520895 -0.00237945 -0 -0 -0 -0 -0 0.00607068 3.58751e-06 0.0235895 -0 0.0025458 -0 -0 -0.0120883 0.0078691 0.00536097 -0 -0 -0 -0.00517439 -0.0205712 0.00348238 0.00944228 -0 0.00047972 -0 0.0063969 0.0036766 -0 -0.00537045 0.0111699 0.00180471 0.00160389 -0 -0 0.010298 0.00101161 0.00622703 0.0100298 -0 -0 -0.0101789 -0 -0 0.0025871 0.00183716 0.00362582 0.0108873 -0 0.00293712 -0 0.000979759 0.00185704 -0 0.00116413 -0 -0 0.00148651 0.00134531 -0 -0.00685556 0.00999677 -0 -0.0198011 -0 -0
0.0780128 0.103484 0.0140869 0.00781123 0 0.00132351 -0.0248678 0.00352225 -0 0.127195 0.0365218 0.0804474 0.037032 0.0275175 0.126726 0.0115839 0.0190263 0.000285041 -0.0022488 0.00566048 0.00205095 0.0235309 -0.0093957 -0 0.00670075 -0 0.00695637 -0.00376051 0.0386777 0.00355078 0.0295383 0.0130343 -0.0120698 4.59479e-06 -0 0.0177448 0.00278419 0.0116435 0.0017026 0.00975965 -0 -0.00294054 -0 0.000703318 0.0131425 0.00164249 0.0186302 -0.00416052 -0.00382531 -0.00308564 -0 -0.00997357 0.0390917 -0.0145024 3.6732e-06 -0 0.00225621 -0 -0 0.0389212 -0.00432499 0.000268942 -0 -0 0.00650438 -0.0173585 -0.000426382 0.00790621 0.00818078 -0 0.00388923 -0.00125331 -0.0136453 0.000583727 -0 5.52993e-06 -0 -0.0134209 -0 -0 0.0154779 0.0167756 0.038154 0.00547973 -0.0175716 -0 0.00155344 -0.00356356 -0.0113054 0.010249 -0 0.00100667 -0.00454066 0.00406252 0.00301476 -0 0.0139556 -0.00149263 -0.00550254 -0.00622376 -0.00926158 0.0168529 -0 0.00163421 -0 0.00404408 -0 6.66074e-06 0.0140463 0.000433837 -0 -0 0.000733597 0.0014905 2.94268e-05 -0 -0 0.0255525 -0 -0.0023608 -0 -0 0.028861 -0.00513963 -0 0.00116698 0.00271524 -0.000754251 -0.000749298 0.000824496 0.0111935 -0 0.0086874 -0 0.00785167 -4.89975e-06 -0 -0 -0 5.7667e-06 -0.008555 0.000404853 -0 -0.00671139 -0.00527325 -0 0.00926419 -0 -0 -0 -0 -0 -0.00523248 -0 -0 -0 0.000668038 0.0208694 0.00216177 -0 -0 -0.00385257 -0 4.80153e-06 -0 -0 -0.00947479 -0 -0.0127938 -0.00281533 -0.0130627 -0 0.000311724 -0.0079853 0.00485333 0.00542123 -0 -0 0.00306649 -0.00604247 0.02387 4.57834e-06 -0 0.00195913 -0 0.00556993 -0 -0 0.0110629 -0 -0 0.00320538 -0 -0.00903231 -0 -0 -0 0.00672165 -0.00988761 0.000142985 -0 -0 -0 -0 -0 0.0060157 -0 -0 -0 -0.011481 -0 -0 -0 -0 -0 -0
0.0037754 2.89866e-05 0.126099 0.0210877 0.00132351 0 -0.00546445 0.0546503 -0.017324 -0.00287859 0.00425661 0.000324359 0.00172856 -0.00295115 -0 0.0118034 0.00644236 0.0632388 0.0260018 0.00468014 0.0192092 -0.00877013 0.00669578 0.0269036 0.0114982 0.0103861 -0.00337681 0.00802289 -0.0171805 0.00384976 -0.0175318 0.0132283 -0.00507931 0.0464488 0.0036204 -0.00398255 0.0145222 0.0226921 0.0215363 0.00598022 0.00728309 0.0122217 0.0477848 -0 0.0194595 0.00779198 0.0156063 0.0117626 -0 0.02403 0.0117165 0.0042683 0.00508757 0.0193335 -0.0177749 0.0101678 0.0223604 0.00242559 0.0117442 0.000226602 -0.0114409 -0.00919728 -0 0.00435989 0.0251095 -0.00859921 -0.0097258 0.0544932 -0.00195243 0.222723 0.00241978 -0.00169824 0.0129845 0.0126186 -0.000650604 0.0201281 0.00218399 -0.00524806 -0 -0 0.0123173 -0.0321883 0.000631215 0.0148583 0.0116501 0.0167278 -0.0036381 0.0056586 -0.0110118 0.000608857 0.00155057 0.00713266 0.0156207 0.000248572 0.00254713 0.010726 -0.0130605 0.0114451 -0.000687402 0.00923878 0.0121126 5.28661e-06 0.000976325 0.0036823 0.0015491 0.0148737 0.0130914 0.0100675 0.0129144 -0.00834868 -0 0.00142374 0.0141599 0.00878678 -0.000166687 0.000348278 0.00272443 -0.0040082 0.00862747 -0.0123796 0.00106542 -0 0.00752522 -0.00294957 0.00173172 0.0123234 0.0116703 0.0027906 0.00290181 0.0240707 0.00564558 0.000327444 0.0145937 0.000320838 0.0150579 -0.00317271 -0 -0.00796647 0.000502559 0.0334813 0.00963068 0.016364 0.00204149 -0.00968514 0.000140228 0.0065298 0.0154912 -0.00128796 0.00250473 0.0184489 -0 0.00168254 0.0010526 0.000987518 -0 -0 0.00865099 -0.00582505 0.0113925 -0.00352735 0.00112093 0.00194339 -0 0.00216893 0.012949 0.00970941 -0.00180831 0.000793625 0.00233633 0.00983898 -0.0145492 0.00675297 0.0102472 0.00253411 -0 -0 0.0111081 0.00815315 -0 0.00687479 -0.00335923 -0.00171158 4.58641e-05 -0.00249638 -0 -0.000288726 0.00273868 0.00813076 -0.0143904 -0 -0 -0.0182025 0.00438091 -0.000787319 -0.00032589 0.00616712 0.00392406 0.00203216 0.00365431 0.00134677 0.00020827 6.32872e-06 -0 0.00410076 0.00311155 -0.0363289 -0 6.68887e-06 6.68261e-06 -0.0210978 0.000934053 0.000775607 -0 -0.00993377 -0 -0
-0.0312619 -0.0443867 -0.000278163 -0.0306286 -0.0248678 -0.00546445 0 -0 -0.00217361 0.0133178 -0 -0.0132722 0.0191824 0.00137592 0.0173906 0.00408103 0.0100417 -6.99895e-08 -0.0462945 0.0649557 0.00171014 -0.0509859 0.374832 0.00866792 0.0305387 -0.00154554 -0 -0 -0.0251115 0.32518 -0.0175948 -0 0.0109358 0.00446337 -0.0121885 -0.0268407 -0 0.00494235 0.00363898 -0.00925876 0.0311437 -0.00125003 0.0107117 -0.0139866 0.00312754 0.00197017 -0.00946791 0.00991326 -0 -0 0.0571023 0.0160467 -0.0255056 0.0122388 -0.000165657 -0 0.0014446 0.0163095 0.00408937 -0.0105879 -0.0240267 -0.00950998 -0.00286025 0.0558705 -0.00240083 -0.0341859 0.00553469 -0.0127091 -0.0289202 0.0067412 -0 0.000107485 0.00655926 0.00691784 0.0470331 0.011544 0.0312164 -0.000116068 0.0159175 -0 -0.0392243 -0.00921113 -0 0.00414612 0.0177786 -1.97683e-07 -0 0.0113358 0.00540056 -0 -0 0.00551994 0.00200985 -0 0.00645951 0.00927018 -0.0128259 0.011568 0.0282578 -0.0221829 0.0127981 0.0291633 -0 -0.00400612 -0 -0.0108538 0.00224064 0.0199086 0.00396112 -0.0088309 -0 0.000745122 -0.0791142 -0 -0.000997223 -0 -0 -0.00607987 0.00176865 0.0105838 -0 -0 0.00669471 0.00818923 0.023135 0.00474724 0.000287819 0.0232066 0.00775094 0.0085876 0.0172454 -0 0.00470335 -3.19625e-07 0.00533164 -0 -0 -0 -0 0.00669143 0.0128967 0.0062207 0.0117778 0.00247785 -0.00639781 0.00162295 -0 0.0432209 -0 0.00209948 -0 -0 0.187755 -0 -0 -0 -0 -0.0029831 0.000741824 0.0170596 -0 0.0464957 -0 0.000192901 0.00297746 0.00524745 0.00477692 -0 0.00870942 0.0095654 -0.0137078 -0.035246 0.000972968 0.0387656 -0 -0.000286194 0.0059208 -0.00445952 -0 0.00968981 0.00796795 -0 -0 0.00717646 -0 -0 0.00220089 0.00425079 0.00714625 -0 -0 -0.00286388 -0 0.00127811 -0 0.00313028 0.00356518 -0 0.00603641 -0 -0 -0 -0 0.00322277 -0.022559 0.00292876 -0.00140526 -0 -0 0.000518221 -0 -0.00561019 -0 -0 -0 -0
0.0242312 0.00773588 0.127068 0.0223062 0.00352225 0.0546503 -0 0 0.00443298 0.00364266 0.00132677 0.0217329 0.00261743 0.00813048 0.0257864 0.0144781 0.0110188 0.0147475 -0.00602903 0.00205027 0.0349348 1.47381e-05 -0.0127119 0.0193939 0.0182222 0.0129735 0.00831452 -0.0140241 0.0069061 -0 0.00419641 0.012537 -0.00377126 0.00387083 -0.00241478 -0.000529951 0.0144449 0.0240174 -0.00601843 -0.00588055 0.00281849 -0.00309406 0.0206876 -0 0.026528 0.00243294 0.0399171 0.0119337 -0 0.0121079 0.00494355 0.00058242 0.0282169 0.0113106 -0.0208453 0.00144007 0.0131659 0.00170778 0.00481728 0.00228561 0.000370185 -0.0112353 -0 0.000320598 0.0245244 -0.00418064 -0.000895609 0.024812 0.00560641 0.0123814 0.010522 -0.0018485 -0.0071873 0.0050654 -0 0.0163238 -0 -0.00255254 -0 -0 0.0317143 5.46278e-06 0.00145525 0.0223644 -0.00389318 0.013688 0.00370301 0.00973358 -0.00227745 -0.00688241 0.00114219 0.00844566 0.0102153 -0 0.017039 0.0102299 4.62631e-06 0.0056739 -0 0.00502024 0.00826608 0.00359278 -0 0.0067974 0.000520396 0.0136219 0.00955342 -0.0135608 0.0131833 -0.0076604 -3.1276e-05 0.000530153 0.0160494 0.0212265 -0 0.000541928 0.00084501 4.57395e-06 0.00717208 0.000136984 0.000955868 -0 0.0089045 -0 -0 -8.53063e-05 0.0110152 -0 -0.00137245 0.0168409 0.00802484 -0 0.0320936 0.000432368 0.0175269 -0.00455688 -0 -0.00278876 8.51979e-05 0.0115832 -0.015614 0.00722887 0.00127839 0.0082378 -0 0.00690168 -0.00299945 0.00120851 0.00276375 0.00836309 -0 0.00165586 -0 0.000984473 -0 -0 0.00648159 4.12609e-06 0.017683 0.00359405 -0 -0 -0 0.00161176 0.0108254 0.00581396 -0 0.0018793 -0.004361 -0.0135893 -0.0046772 0.00523998 0.00940174 -0 6.06813e-05 -0 0.00616848 0.00695005 -0 0.0035583 4.49983e-06 7.9226e-06 7.91287e-06 -0 -0 0.00267662 0.00152588 0.00674304 -0.00533282 -0 -0 -0.000463465 0.00250473 -0.0114833 -0.00123141 0.00236937 0.00318062 0.00251567 -0.00114373 0.00127709 -0 7.09405e-06 -0 0.0032583 0.0028743 -0.0103799 -0 7.50076e-06 7.48655e-06 -0 -0.00140369 0.00105058 -0 -0 -0 -0
0.00178395 0.00991373 0.00106557 -0.000538473 -0 -0.017324 -0.00217361 0.00443298 0 0.00602817 -0.040708 0.00387196 0.00581625 1.98166e-06 0.0745873 0.00822313 -9.57146e-09 0.0110288 0.000949143 0.0100884 0.00121042 0.0164063 0.00234185 0.00909986 0.0115291 0.0165522 5.85803e-08 0.0172952 0.0477992 -0 -1.20376e-06 7.02734e-08 0.0435011 -0.0464793 0.0195429 0.00170331 0.00109693 -0.0465258 -0 0.00491025 0.00194583 0.0452414 -0.042889 -0.325149 -0 0.0037204 -0 -0.0237763 0.00168271 0.00659353 0.00906015 0.00833184 0.00526074 0.0313936 0.00172413 0.0135101 0.00183792 -0 0.00210235 -0 1.26107e-06 0.0153908 -0.143406 -0 -0.0171559 0.0254417 0.00625075 0.00304248 0.0188992 -0 -1.13215e-06 3.52948e-08 0.000284046 -0.00263971 -0 -0.0441009 -0 0.0442986 -0 -0 0.000480982 -0.00370972 -0 -0 0.0216073 0.00780152 -4.648e-07 0.0227999 0.0184905 0.0180046 0.0172348 -0 -0.0095371 0.00994407 0.0061166 0.0162417 0.0694333 0.0118226 0.00904991 0.0120534 0.0145119 0.0265006 -0 -0 0.00776702 -0.00266921 0.00978704 0.0016038 -0 0.0182363 -0 0.00241608 0.00553258 -0 -0 0.00224428 0.0201159 -0 0.000619537 0.0111507 0.00164794 -0 -0.0246975 0.00909744 -0 0.00117184 -0 0.00295195 0.0259626 9.2852e-07 0.0100149 -0 -0 0.00138745 -0.00702277 6.49313e-08 0.000585584 -0 0.0025777 0.00858424 0.0158595 0.00127027 -0 0.0218802 -0 0.000782833 2.17003e-07 -0 0.00321694 0.00906082 0.00561543 0.0075514 -0 0.00243838 -0 -0 0.00840346 3.23159e-07 -0.00325344 0.00973781 -0 -0 0.00114605 -0 0.00513455 0.00444756 0.0116732 0.0206047 0.0142307 0.0146971 0.0259541 0.000655661 0.00243379 0.00310412 -0 -0 0.00223636 0.00778947 0.000996453 0.0129092 -0 -0 -0 -0 -0 -0 0.00351932 -0 -0.00253538 0.016462 -0 -0 0.00598339 0.0193111 -0 0.00314063 0.000363986 -0 0.0132269 -8.43975e-08 -0 -0 -0 0.00509737 -0 -0 -0 -0 -0 0.0109374 7.95677e-08 -0 3.04075e-08 0.000471145 -0 -0
0.0807279 0.0660793 -0.0132419 0.000454717 0.127195 -0.00287859 0.0133178 0.00364266 0.00602817 0 0.0873268 0.0321515 0.0633375 0.017211 0.0368674 0.0432708 -0.00846507 -0.00961573 -0 0.0556368 0.00108725 0.0314733 0.0212424 0.000337069 0.00335036 0.0251313 -0.00371026 0.000997973 0.0134351 -0.00708864 1.52376e-06 0.00202021 0.000654396 -0.00759571 2.56162e-06 0.0372891 0.00119417 0.00376935 0.000471271 -0.000512989 0.00113958 -3.97876e-06 -0 0.000794357 0.00292358 0.000671351 0.000721997 0.00103008 0.0242453 0.00274792 -0 -0 0.00818454 -0 0.00238194 -0 0.0010493 -0 0.00078724 0.0429234 0.0435858 0.0153759 -0 -0 -0.0078594 0.000359786 0.0283643 0.00316478 0.010401 -0.00937437 2.37673e-06 -0 0.00172878 5.58962e-06 -0 0.00130963 -0 9.10444e-06 -0 -0 0.00220296 0.00443059 0.031842 0.00330803 -0 -0.00300561 -0 0.00186636 -0 0.022461 -0 0.00615859 0.00161893 0.0176263 0.00235966 0.000415592 0.0210848 -0 -0 -0 -0 0.0181147 -0 -0 0.00337002 -0.0145136 0.00159563 0.0038769 0.00236202 0.00686513 -0.00254247 0.00939736 5.78591e-06 0.000424465 0.00194313 2.7536e-06 0.00525431 0.0237799 -0 -0 0.00824645 -0 -0 -0 -0 -0.0137042 -0 -0 -0 0.00207786 0.0154441 -0 0.00163039 -0 -0.00094418 -0 3.84313e-05 -0.00278593 0.0011175 -0.000509645 -0 0.000496569 -0 4.65025e-06 -0.00574037 -0 -0 0.00169559 -0 -0 0.00418399 -0 -0 1.3335e-05 -0 -0 0.00307967 0.0167418 0.00523965 0.0110386 -0 -0 0.000515592 -0 -0 -0 -0 0.000503016 2.28039e-06 -0 -0 3.87597e-06 0.000683952 -0 -0 3.14699e-05 -0 -0 0.00919819 -0 0.0121466 -0 -0 -0 -0 -0 -0 -0 0.00619565 -0 -0 -0 -0 -0 -0 -0 -0 -0 -0 -0 0.00517059 -0 -0 -0 -0 -0 -0 -0 -0 -0 -0 -0 -0 -0 -0 -0
0.0933691 0.0489418 -0.00102253 0.00520947 0.0365218 0.00425661 -0 0.00132677 -0.040708 0.0873268 0 0.0213519 0.0404653 0.235388 -0.0324062 0.037754 0.00679651 -0.0047519 2.59827e-06 0.108939 -0.0110616 -0.0446019 -0 -0 -0.0133597 0.00309191 0.00128662 0.00034796 -0.0273998 -0 -0.00600274 -0.00647412 1.74266e-06 -0.0116366 -0.0355228 0.0339239 0.00296679 0.00868236 0.0022526 -0.00862507 0.0148037 -0.0115586 -0.0158467 0.000888454 0.00791113 0.00149729 0.00921267 -0.00155728 0.0312856 -0.00299985 -0 -0 0.0230554 -0 0.000180236 -0 -0.0136666 0.00538422 -0 0.0289957 -0.0324597 0.0209703 3.38264e-05 -0 0.00493493 2.91444e-06 0.0188139 0.0031401 -0.0179099 0.00369738 0.0226432 3.56915e-06 0.00342148 0.0025307 0.0175802 0.00274921 -0 1.48336e-06 0.02431 -0 0.00256335 0.0106738 0.0248515 0.00701701 1.79954e-06 0.00261774 -0 2.99194e-06 -0.0247871 -0.000477949 1.71695e-06 0.0683551 0.00259224 -0 0.00697883 -0 0.001283 -0.0137502 -0 -0 -0 0.0168215 -0 -0 0.00121224 0.00351737 4.77554e-06 0.00485012 -0.00952421 -0.0116786 -0.008402 2.09038e-05 -0.00381173 0.0038075 -0 -0 0.000667475 0.0193824 -0 -0 0.00244596 -0 0.00119814 -0.0121166 0.030801 0.00182616 0.00178118 -0 -0 0.00320975 0.0221025 -0 -9.62336e-05 0.00570597 0.00282375 0.00524685 -0 2.25143e-05 1.56009e-06 -0.00335105 -0 0.00275369 0.000724796 -0.00991788 0.373136 -0 -0 0.0516423 -0 -0.00639598 0.00113109 -0 -0 0.000221571 -0 -0 0.00164024 -0.00702929 0.00269194 0.00531115 -0 -0 -0 -0 -0.00537551 -0.00405227 -0 0.0023955 -0 2.89747e-06 -0.0313961 3.41256e-06 0.00054069 -0 0.00576599 -0 -0 -0 -0 2.54719e-06 0.0108875 -0 -0 -0 -0 -0 -0 0.000756441 0.0176211 -0 -0 -0 2.4367e-06 1.61997e-06 -0 -0 0.00127525 -0 2.1841e-06 -0 8.96065e-05 -0 -0 -0 -0 -0 -0 -0 -0 1.56479e-06 -0 -0 -0 -0 -0 -0
0.0873759 0.0753051 0.00303447 4.15942e-06 0.0804474 0.000324359 -0.0132722 0.0217329 0.00387196 0.0321515 0.0213519 0 0.0890069 0.0607235 0.0733736 0.0428553 0.00165661 -0.0117565 -0.00792678 0.0261997 0.00262256 0.0596299 -0 -0 0.00762692 -0 0.00178837 -0.01128 0.0394564 -0.00710246 -0.0130388 -0.000192398 2.22808e-06 -0.00481418 0.00388402 0.0338054 0.00267515 0.00443739 -0 0.00224348 0.000405703 0.00208727 -0 0.00688049 0.00325991 0.000503356 0.00162681 -0 0.0178575 0.00285666 -0 -0 0.0103874 -0 0.00180108 -0 0.00210875 -0 -0 0.0445562 0.0152249 0.0267177 -0 -0 0.00217019 -0.0164953 0.0639007 0.00333974 -0.00669673 -0 -0 -0.0226789 -0 -0 -0 -0.00494876 -0 2.09777e-06 -0 -0 0.00258716 -0.0011808 0.018357 0.00200092 2.27241e-06 -0 -0 -0.00785348 -0 0.0246707 -0 0.00561339 -0 0.0164435 0.00418149 -0 0.0194799 -0 2.26638e-06 -0 -0 0.0299819 -0 -0 0.000786444 -0.0166545 0.00142024 -0.00224517 -0.000258776 0.00642414 -0 0.00169672 0.00229217 0.00119362 0.00295439 0.00188395 0.00122046 0.026871 -0.00133549 -0 0.00178607 -0 -0 -0 -0 0.000765618 0.000161683 -0 -0 -6.37126e-05 0.0405471 -0 0.000901141 -0 0.000893258 0.0187262 0.00302375 -0 0.00975638 0.00146953 -0 -0 -0 -0.00167437 0.006021 0.000960022 0.0179163 -0 -0 -0 0.0105035 0.000369409 -0.00293904 0.000996318 -0 -0 0.00176832 0.0173699 0.00200157 0.014215 -0 -0 0.0122285 -0 -0 -0.00989875 -0 0.000436521 2.31243e-06 -0 -0 -0 0.000421889 -0 0.00296914 0.00684975 -0 -0 0.0102893 -0 0.00783842 -0 -0 -0 -0 -0 -0 -0 0.00445896 -0 -0 -0 -0 2.16442e-06 -0 -0 -0 -0 -0 -0 0.000807428 -0 -0 -0 -0 -0 -0 -0 -0 -0 -0 -0 -0 -0 -0 -0
0.0521625 0.0572624 0.00201296 -0.000324218 0.037032 0.00172856 0.0191824 0.00261743 0.00581625 0.0633375 0.0404653 0.0890069 0 0.0597161 0.0205968 0.0437907 -0 -0.0125189 -0.00457138 0.0550478 -0.0153931 0.0505696 -1.76725e-07 -0 0.00364891 0.00133971 -0.0323259 0.00176379 0.0623419 0.0366349 -0.00931642 3.5283e-06 -0.011793 -0.00406178 0.00790575 0.0257403 0.00083515 0.00266679 -0.0131618 4.38446e-06 0.00441552 0.00818665 -0.0162421 0.00516825 0.00104595 -0 -0.0121057 -0 0.0160271 -0.00384001 0.000966131 -0 0.0258374 -0 0.0075267 -0 -0.000491112 -0 -0 0.028426 0.0194372 0.0469503 0.000782507 -0 -0.00503143 -0.00281069 0.0330353 -0.00365157 0.0302734 -0 6.27484e-07 -0 -0.0146001 0.000664391 0.0018816 -0.000769901 -0 0.00468634 0.00131597 -0 -0 -0 0.0191843 0.0108104 0.000544481 -0 -0 0.00630826 0.000689246 0.0793663 0.000179813 0.029024 -0.00265819 0.00939603 0.00220123 0.00281299 0.0148759 -0 0.000848611 -0 -0.00410371 0.0302884 -0 -0.0402643 0.0084235 -0.00141915 3.89518e-06 0.00139062 0.00231828 0.0167339 -0 0.00929149 -0.00249381 0.000360305 0.00202951 0.00904666 0.0046016 0.0157695 -0 0.00088401 0.0123685 -0 -0 -0 0.000434209 0.000176977 -0.00175848 -0 -0 -0.00305854 0.0644274 -0 3.87482e-06 0.00960014 8.56466e-05 -0 0.00454999 -0 0.0123025 0.00302589 -0.00296895 -0 -0 -0.000188655 -0.00343596 0.00061805 0.0183102 0.00335949 -0 -0 0.0390789 0.0142353 -0 0.00266034 -0 -0 0.00249491 0.0127748 0.00204345 0.0364814 -0 -0 0.00390855 -0 3.66228e-06 -0 0.0005331 0.00256204 0.000507195 0.00234318 0.000130948 -0 -0 0.0007202 -0 0.00515955 -0 0.000111546 0.00449458 0.00143182 0.00593598 -0 -0 -0 -0 -0 -0 -0 -0 0.00392008 -0 -0 -0 0.00186955 -0 -0 -0 -0 0.00213443 -0 0.00594763 -0 -0 -0 -0 -0 -0 -0 -0 0.00241429 -0 -0 -0 0.000891377 -0 -0
0.0272158 0.0283139 0.00558667 0.00887193 0.0275175 -0.00295115 0.00137592 0.00813048 1.98166e-06 0.017211 0.235388 0.0607235 0.0597161 0 -0.288336 0.0765343 0.00243725 -0.0102265 -0.00785316 0.0435365 -0.0191931 0.0283991 0.00461332 -0.0308608 0.000209445 2.08222e-06 0.000274401 -0.000439635 0.00319188 -0 -0.00494006 0.00302428 -0.00775899 0.00243952 0.00897277 0.0398779 0.003006 0.0103786 -0.000990698 0.00183194 0.00650824 -0.000259155 -0.010082 0.0229764 0.0090787 -0.0125324 0.0036799 0.00467876 0.0574505 0.00576841 0.00400697 0.00346664 0.0471226 -0.0147626 0.0127288 -0 0.00422372 0.0140315 0.00204989 0.0382246 0.0267627 0.0414026 0.000995187 -0 0.00727182 0.00369318 0.0402083 0.00699005 0.00620715 0.00186897 1.70264e-06 -0 0.00526199 -4.47709e-05 0.0174051 0.0101994 -0 -0.0138978 0.0375084 -0 0.00206407 0.0181355 0.0254087 0.00741868 0.00319407 -0.0252335 -0 -0.00883012 1.56725e-06 -0.00557626 -0 0.0476845 -0.00156606 0.00225214 0.00552827 -0.0117368 0.00281006 3.03737e-06 0.000609035 -0 -0 0.00433588 -0 0.00355322 0.00291096 0.0029874 0.00418893 0.00526005 0.00131611 0.00924597 -0.000460202 0.00327526 -0.0185007 0.00470529 0.00618318 0.0256185 -0.00206228 0.0148851 0.00120459 0.000199044 0.012274 -0 0.0020294 -0 0.0147183 0.00216845 -0.0112762 -0 2.20444e-06 0.00646157 0.0338018 -0 0.00404699 0.009146 -0.00180818 -0 -0 -0 0.0102091 0.00435017 -0.00610135 -0.00893228 0.000235325 -0.00286399 0.0546363 0.00497208 0.0175023 0.0281822 -0 -0.00580556 0.00161987 -0 -0 -0 -0 -0 0.00153695 2.15724e-06 0.00360668 0.0172307 -0 -0 0.00128787 -0 0.00167284 -0 -0 0.00195348 0.00146113 0.00281476 1.7231e-06 0.00229155 0.000192751 0.00183344 0.0149269 -0 0.00149139 0.00137454 0.000939738 2.63884e-06 1.98766e-06 -0 -0 -0 -0 -0 -0 0.00164201 -0 -0 -0 -0 -0 1.97872e-06 -0 -0 0.000604147 7.33479e-05 -0.000952139 -0 0.0056045 -0 -0 -0 0.000250202 -0 -0 -0 -0 -0 -0 -0 -0 -0 -0 -0
0.0237437 0.0205614 -0.010795 0.00058065 0.126726 -0 0.0173906 0.0257864 0.0745873 0.0368674 -0.0324062 0.0733736 0.0205968 -0.288336 0 2.78391e-06 0.00984267 4.29092e-06 -0.00490495 -0.0636564 -0 0.0310977 -0.0151092 -0 0.00350379 -0 0.0239753 -0.0163705 0.104209 -0.0293791 0.0378167 0.0114641 -0.00327742 0.00914018 9.10075e-07 0.032094 0.00365674 0.0132728 -0 0.00563957 -0 0.0365174 -0.0111079 0.00863306 0.00388228 -0 0.00243256 4.49642e-06 -0.0313662 0.00161676 -0.0133539 -0 0.0942447 -0 -0 -0 0.000136271 -0.00201944 -0 0.0181423 0.0575502 -0.0233006 0.00358845 -0.000348049 -0 -0.00263609 0.00792309 0.00441619 0.0710788 -0.00690974 0.0016849 -0 -0.0247953 -0.00131561 -0.0238107 -0 -0 -0 -0.022547 -0 0.0149311 0.0580398 0.00296146 3.93833e-05 -0.00292383 -0 0.000254892 -0.000236765 -0 0.022919 -0 -0 -0 0.000944307 0.000769389 -7.08591e-06 0.0260904 -0.0010769 -0.00498998 -0.00266904 0.00976353 0.0295254 -0 -0 -0 6.89589e-05 -0 -0 4.60382e-06 -0 -0 0.000645987 4.17312e-06 0.00330482 0.0286518 -0 -0 0.0445418 -0 -0.000630549 -0 -0 0.0273094 -0.000205568 -0.0135318 -0 -0 -0 -0.00036442 -0 0.0103169 -0 0.0171129 -0 -0 -0 -0 -0 -0 -0 -0.0101502 -0 -0 2.88056e-06 -0.0145579 -0 -0 -0 -0 -0 -0 -0 -0.00966632 0.00232717 -0 -0 -0 0.0260844 -0 -0 -0 -0.0130004 0.000568185 0.000594096 -0 -0 -0 0.00957215 -0.0121533 -0.000917146 -0.000958629 -0 -0 -0.00938616 0.00125662 0.00313525 -0.000354217 -0 0.000907958 -0.00238122 0.011539 3.47799e-05 0.000432176 0.0029249 -0 -0 -0 -0 0.0163985 -0 -0 0.0149762 -0 -0 -0 -0 -0 -0 -7.82691e-05 0.000823948 -0 -0 -0 -0 -0 0.00501644 0.00253045 -0 -0 -8.2802e-05 -0 -0 0.00322193 -0 -0 -0
0.0296606 0.0580429 0.00126277 -0.019081 0.0115839 0.0118034 0.00408103 0.0144781 0.00822313 0.0432708 0.037754 0.0428553 0.0437907 0.0765343 2.78391e-06 0 -0 0.0151684 0.0276389 0.0554205 0.0117973 0.0535055 0.0214106 0.00800323 0.0115919 1.63072e-06 -0.00922833 0.0187104 0.11391 -0.0183316 -0.00625534 -0.0147969 -0.00708833 0.0233974 0.0234158 0.030408 0.00575459 -0.0256771 -0.0150721 0.00250493 0.00394695 0.00152292 0.00727137 0.00439958 0.00669196 0.000222072 -0.0117043 -0.00594604 0.0111885 0.00544926 -0.00266176 -0.000278685 0.0270336 0.0101651 0.0185477 0.00256484 0.0060373 0.00379229 0.00415742 0.0134687 -0.0162943 0.115126 0.002866 -0.0153801 0.00254196 0.0192807 0.0351756 0.0108477 0.044158 0.00207103 1.14088e-06 0.00128317 -0.00443912 -0.00533852 0.00155009 0.0157273 -0 0.00818755 0.00276986 -0 -0.000281057 -0.0117958 0.00661168 0.00764324 0.0130509 -0.00714079 -0 0.00267258 0.00701354 0.0298638 0.011587 0.0137707 -0.00989956 0.0222739 -0.0121188 0.000674258 0.01711 0.00498131 -0.0175645 0.000174585 0.0101012 0.00793395 -0 -0.00351562 0.00882298 -0.0105041 -0.00946665 0.00600681 -0.00281909 0.0518369 -0.000945303 0.045159 0.0370668 0.00158462 -0 0.024638 0.0091246 -0.00147467 -0.00590392 0.00708077 0.013563 -0 -0 0.00213746 -0.000823318 -0.000742547 -0.000523198 -0 0.00427073 0.00809177 0.0765764 -0 -0.0498583 0.00736659 -0.00668623 -0.000623902 0.0139257 -0 0.00705152 0.0125956 -0.0181438 -0.000103067 -0 0.00506342 0.0269658 0.00173128 -0 0.00332182 0.00281708 0.00869435 0.0119746 -0.102623 -0 0.00450769 -0 -0 0.0226687 -0.00764432 0.00601352 0.0195177 -0 -0 0.0118288 -0 -0.0212869 -0.000941686 0.00462232 0.00868515 -0.00237886 -0.0135609 -0.00960702 0.00326512 0.00469795 0.00127299 -0 0.00351618 -0.00447869 0.00665297 0.0109102 0.00872941 -6.86811e-05 -0 -0 -0 -0 -0 0.000176609 0.00337369 -0.00163816 0.00281642 -0 -0.00128397 0.00174352 0.00675702 -0 0.00359544 0.00104167 -0 0.00648244 -0 0.0106995 -0 -0 0.00374811 2.46806e-06 -0.000688907 -0 -0 -0 0.0043612 -0 -0 -0 0.00382248 -0 -0
0.00552247 0.00257927 0.0273179 0.0265606 0.0190263 0.00644236 0.0100417 0.0110188 -9.57146e-09 -0.00846507 0.00679651 0.00165661 -0 0.00243725 0.00984267 -0 0 0.0078258 -0 0.0146004 0.00631471 -0 -0 0.00515363 0.00589063 0.0201486 0.0944017 0.00534631 -0.00872526 -2.81126e-07 0.0175692 0.0551616 -0.00809492 -0.00447687 -2.92147e-07 0.00488263 0.0361456 0.00818885 0.058082 0.0346914 -0 -0.0347031 -0.00743223 -0 0.00783963 0.0740151 0.0216007 0.0282384 -0 0.00785882 -0 -0 0.0030804 -0.00653875 -0 -0 0.016903 -0 0.00557568 0.00647804 0.0125029 -0 -0 -0 0.00841212 -0 -0 0.00999123 -0 0.00305616 0.0153405 0.00800736 0.0139942 0.00461062 -0 -0.00156265 -0 -0.032033 -0 -0 0.016004 0.064406 0.00443727 0.00822648 -0.0188359 -0.00325744 0.0283002 -0 -0.0112596 0.000543205 -0 0.00179197 0.00896451 -0 0.00582892 -0.00148937 -0.00361772 -0 -0 -0 -0 0.00613655 0.0003772 0.00506813 -0 0.0257317 0.00473972 0.00859205 0.0173716 -0 -0 -0 0.00424206 0.0134927 -0 -0 -0 0.0184938 0.00163341 -0 -0.000785172 -0 0.00388896 -0 -0 0.0159586 0.0109503 -0 -0 0.00476093 6.15921e-05 0.00300977 0.00951577 -0 0.00706064 -0.0147288 -0 0.0171773 -0 0.00160596 -0.0131254 0.015006 0.00106137 0.000725539 -0 -0 -0.00995054 -0 -0 -0 -0 -0 -0 9.7431e-05 -0 -0 0.00305682 0.022649 0.00453375 -0.00638053 0.000226342 -0 -0 0.00558904 0.00236363 0.00058634 -0.00763269 -0 -0 -0 -0.00525397 -0 0.00356486 -0 0.0406497 -0 -0 0.000108736 -0 -0 0.0249941 0.00227875 0.00384179 0.00488599 -0.00135836 0.0125319 -0 0.00156823 0.0340898 -0 -0 0.00833112 -0 -0.00945052 -0.00331593 -0 0.000397081 0.00424766 -0 0.00251024 -0 0.00132324 0.00238583 -0 -0 0.0163129 -0 0.00672618 0.00630124 -0.00604194 -0.00498025 0.000858268 -0 -0 -0 -0
-0.000885145 0.0039888 0.0166755 0.0284305 0.000285041 0.0632388 -6.99895e-08 0.0147475 0.0110288 -0.00961573 -0.0047519 -0.0117565 -0.0125189 -0.0102265 4.29092e-06 0.0151684 0.0078258 0 0.0167886 -0.044512 -0.00639454 -0.00869946 1.1101e-06 0.0315031 -0.0311506 0.0735087 0.0081482 0.107624 -0.00156095 -3.88212e-07 0.0296748 0.0199805 -0.0149989 0.0172105 -0.00112372 0.0405515 0.0198328 0.0108863 0.0347951 0.0140525 0.000345927 0.0070546 0.0210138 0.000314665 0.0142096 0.0192205 0.00696878 0.0278386 0.000179928 0.0303814 -0.00783631 0.00847573 0.00109118 0.019096 0.0193912 0.00561406 0.0148618 0.000880808 0.0324694 -0.0128443 0.00298801 0.0100112 5.86221e-05 0.00159633 0.0185235 0.020622 -0.0152333 0.0573174 0.00703961 0.016011 0.0131585 0.00892121 0.0195506 -0.00355944 1.08243e-06 0.0167408 -0 0.00652351 1.87637e-06 -0 0.00939302 -0.00965433 0.000730375 0.0115289 0.018958 0.0141449 0.00492227 0.0152112 0.00358429 0.0023803 0.00432658 0.00405444 0.0169073 -0 0.00453608 0.0197112 0.00493788 0.00950157 0.00778342 0.00925233 0.0117952 -0 0.001583 0.0142516 0.00182114 0.0135748 0.0110276 0.0149782 0.00150254 0.0102922 -0 0.00256338 0.0183153 -0.000702304 -8.59855e-05 0.00179781 0.00213388 -0.00484411 0.0194239 -0.0110215 -0 -0 -0.00792332 0.00120233 1.45853e-06 0.0121282 0.0188483 0.000807388 0.00618407 0.0146303 -0.000546752 0.000902621 -0.0124204 0.000921478 0.0105387 -0.00304546 -0 0.00117774 -0 0.0173116 -0.00667882 0.0180957 0.00141237 0.00974807 -0 -0.0381373 2.01479e-06 3.42355e-06 0.00199304 0.0150796 -0 0.00232575 -4.15486e-08 0.000428793 -0 -0 0.0411815 -0.0133485 0.0130407 -0.0131528 0.00165818 -0 -0 0.00255604 -0.0147261 0.0109654 3.22535e-05 -0 -0.00869897 0.00336676 -0.00243671 0.00539234 0.0158674 -0 -0.0212326 -0 0.0069045 0.00713848 -0 0.00859588 -0.00250522 0.00812161 0.00206427 -0.00358997 -0 0.00273138 0.00364975 0.00814 -0.00306955 -0 -0 -0.0267296 0.00330492 0.0060531 -0 0.00669386 0.00570003 7.76088e-06 0.00594816 0.00124787 -0 0.000773634 -0 0.0036613 5.95545e-05 -0.00349365 -0 0.000365729 0.00030968 0.00304794 -0.000521881 0.00138631 -0 -0 -0 -0
3.29174e-06 -0.00437742 0.00417989 -0.0140591 -0.0022488 0.0260018 -0.0462945 -0.00602903 0.000949143 -0 2.59827e-06 -0.00792678 -0.00457138 -0.00785316 -0.00490495 0.0276389 -0 0.0167886 0 0.00353535 0.0122464 0.0167369 -0.0686254 -0.0180475 -0.0305794 0.0346068 3.56362e-06 0.000330475 0.00550111 -0.0242497 1.0208e-06 -0.0192857 0.0633238 0.0543334 -0.0948966 1.79269e-06 0.00933315 -0.0312735 -0.0174557 -0.0119227 0.00337277 0.0199975 0.0175033 -0 0.00870665 -0.00768134 -0 -0.00101411 -0.0108775 0.0180822 0.055338 0.0116173 0.00410396 0.138815 0.0383288 0.00899669 0.00343788 0.00875379 0.0122815 2.98929e-06 -0.0182792 0.0223875 -0 -0.00971359 0.0303522 0.0283995 0.00979691 0.00793595 0.0089938 -0.0224732 1.6392e-06 0.0016791 -0.0276978 -3.01354e-05 0.000914498 0.0331089 0.00461378 0.0373273 0.00281427 0.00789639 -0.0172079 -0.00715205 -0 0.000366845 0.0789875 0.0166829 -0 0.0544004 0.0164223 0.00192836 0.0104326 0.0435757 -0.0109498 0.00212673 -0.0131301 0.0265915 -0.00295574 0.0676159 -0.0184966 0.0374615 0.0432655 -0.0328064 -0 0.0103028 0.00879784 -0.00773443 0.0162377 -0.00287463 0.00517867 0.0205572 -0 0.00567122 0.0226229 -0.000868068 -0 0.013119 0.0118119 -0.0343352 0.0131157 0.0683515 0.0077028 -0 0.0053533 0.0205896 0.00276935 -0.033417 -0.00222273 0.011504 0.0254313 0.0179837 0.0154879 -0 -0.00884054 0.0419091 0.0119928 -0 -0 2.59946e-06 0.00718607 0.0492872 0.0348572 -0.0121623 0.000225168 -0.00628403 -0 0.0158997 -0 0.00237557 0.0123396 0.0278096 0.00327658 0.00994068 -0.0163706 0.00506533 -0 0.00460887 0.00268479 -0.0202777 0.000233823 0.00884049 0.000312375 0.00338999 -0 0.000559883 0.0172851 0.0315042 0.0312639 0.00688424 0.0300292 0.0262538 0.0280084 0.0851046 -0.00783125 0.0141195 -0 -0 0.0182574 0.0335185 -0 0.0476439 -0.0333458 -0 2.37049e-06 -0.0189206 -0 2.55642e-06 0.0109649 0.0103836 -0.0214777 5.46334e-07 -0 -0.00897052 0.0212967 0.0209308 -0 0.0110182 0.00871952 -0 0.0223725 -0 0.00323863 -0 -0 0.0150572 0.0101609 -0.0092009 -0 2.28947e-06 2.30288e-06 0.00487061 -0 -0 -0 6.55058e-07 -0 -0
0.0211924 0.056998 0.00544126 -0.0378816 0.00566048 0.00468014 0.0649557 0.00205027 0.0100884 0.0556368 0.108939 0.0261997 0.0550478 0.0435365 -0.0636564 0.0554205 0.0146004 -0.044512 0.00353535 0 0.000244051 0.015632 0.0488466 0.00250391 0.00607645 0.0332423 -0 -0.000522475 0.0054667 0.0050834 -0.0510794 -0.00403137 0.000865349 -0.0031193 0.00707738 0.006769 0.000562116 0.00751023 0.00247675 -7.49641e-05 0.0332537 -4.11312e-05 -0.00322946 -0 0.00599554 0.00159425 0.000793363 0.00485008 0.0655994 -0.00140295 0.00762201 0.00313526 0.00486887 -0.0415522 0.0111042 0.00350396 0.00324101 0.014782 0.00300246 0.0146431 0.0159033 0.0396208 -0 0.000165336 -0.0256272 -0.00955643 0.0219784 0.00158411 0.00752916 0.00312279 1.08732e-06 0.000849531 0.00467729 -0.00101151 0.0397032 0.0075667 0.0045418 -0.00282026 0.0595061 -0 -0 -0.000182036 0.0200232 0.00516595 0.0056675 0.00323808 -0 0.00892582 -0.000259718 0.0120385 0.000768258 0.0461314 0.00299723 0.00654054 -0.0065488 0.00433715 0.00980659 0.0034045 0.00463762 2.61562e-06 -0.00181325 0.0217057 -0 -0 0.00449793 -0 -0.00170455 0.0177378 -0.00263781 0.0174576 -0 0.0437626 -0.00747835 -0.0113277 -0 0.00171078 0.0147729 0.00795285 0.000174954 0.00464954 0.0118006 -0 -0 -0 0.0386876 0.00330294 0.0003304 -0 0.00225921 0.00129375 0.0357698 -0 -0.000249642 0.000962368 -0.00650133 -0 0.00568316 -0 0.00986264 -0.00574075 0.00467579 0.00290507 0.000427713 0.00415574 0.0079052 3.13856e-06 -0 0.0299378 -0 -0.0106189 0.0366634 0.000780583 0.00129806 -0 -0 -0 0.00459419 -0 0.00382695 0.0261128 -0 0.00322714 -0.0666504 0.000401989 -0.00609333 -0 0.00201404 0.00424886 -0.00602903 0.00414686 0.000384133 3.15911e-06 0.00111351 0.0325894 -0 -0 7.65835e-05 -0.00814675 0.00334819 0.00403241 -0 -0 -0 -0 -0 -0 -0 0.000901932 -0 0.000954355 -0 -0 2.35007e-06 0.003043 -0 0.00264546 0.000881655 -0 0.00345993 -0 0.00984885 -0 -0 4.96675e-05 2.15657e-06 -0 -0 -0 -0 0.00419296 -0 -0 -0 -0 -0 -0
0.0039539 0.004195 0.015515 0.0147279 0.00205095 0.0192092 0.00171014 0.0349348 0.00121042 0.00108725 -0.0110616 0.00262256 -0.0153931 -0.0191931 -0 0.0117973 0.00631471 -0.00639454 0.0122464 0.000244051 0 0.00871098 0.00428075 0.0239084 0.0623065 -0.0274875 0.00798495 0.00604594 0.00582487 -0.00582848 0.00176695 0.0167699 0.00406534 0.0132561 0.0145964 0.00257079 0.0253674 0.014145 0.0099604 0.0222113 0.00217963 -0.00804644 0.0202683 -0 0.032226 0.00835136 0.0143111 0.0115083 -0.0185823 0.0268518 0.0115393 0.00510074 -0.0147654 0.00899196 0.0120316 0.00269939 0.0223928 0.00108362 0.00787822 0.00316166 0.000405189 0.0126875 -0 -0 0.0560054 0.0147048 0.00405818 0.0131739 0.00722514 0.00985855 7.09757e-06 -0.000111304 0.0114471 0.0117122 -0 0.0166838 0.00114514 0.00558942 0.00446916 -0 0.01142 -0.00098805 0.00221664 0.00164729 0.000570484 0.0312335 0.00481764 -0.00374604 0.00423968 0.00100198 0.00150907 0.00534813 0.0124308 0.000857252 0.0156739 0.0032673 -0 0.00741544 0.0145933 0.00833948 0.0100245 0.000158319 -0 0.00546705 0.000828684 0.0107638 0.0414405 0.00662126 0.0104027 0.00840409 -0 0.00206396 0.0201965 0.0102501 -0 0.00136982 0.00135135 -0.00059711 0.00414836 0.0108618 0.000570596 -0 0.00588116 -0.00299754 -0 0.0109414 0.0118029 0.00171076 -0.0019166 0.0147788 0.00814463 0.000486915 0.0142919 0.00222303 0.0214363 -0.00174198 -0 7.66654e-06 0.000543131 0.0131141 0.00393799 0.00836421 0.000590923 0.0175421 -0 0.0173025 -6.89494e-06 0.000924882 0.00927562 0.0106996 -0 0.00125234 0.00012402 0.00396531 -0 -0 0.0085272 -0.00148671 0.0104014 0.00101481 -0 -0 -0 7.41769e-06 0.0117295 0.0056735 -0.00530464 0.00250316 0.000183983 0.00909291 0.000817325 0.00649884 0.0132993 -0 0.000247336 -0 0.00472137 0.00762206 0.000741369 -0.00589832 -0 7.18034e-06 7.12226e-06 -0 -0 0.00291716 0.00405716 0.006552 -0.00212987 0.000121401 -0 -0.000914971 0.00416595 0.00211268 -0 0.00422912 0.00351396 0.00146723 -0.000144273 0.000688727 -0 6.3974e-06 -0 0.00405397 0.00936823 -0.00197709 0.00088612 6.76938e-06 6.75398e-06 -0.00481383 -0 -0.0515421 -0 -0 -0 -0
