0.856796 -0.0895588 -0.0042886 -0.00916997 -0.0660959 -0.00302218 0.0220929 -0.0180956 -0.00079949 -0.0619216 -0.0613713 -0.0676201 -0.0385066 -0.0168806 -0.0154958 -0.0208181 -0.00479562 0.000656749 -2.2312e-06 -0.0131542 -0.00295633 -0.0164097 0.00992078 0 -0.00509211 0 -0.00249332 0.00476935 -0.0213689 0.015585 0 -0.00437835 -1.67051e-06 0.00490826 6.36986e-05 -0.010997 -0.00244231 -0.007237 0.00565784 -0.000936362 0 0.00137501 -0.000457613 -0.00675239 -0.00283001 -0.000912126 -0.00270222 -0.0013386 -0.0186342 -0.00322744 -3.10839e-06 -2.09655e-06 -0.0446995 0 0.00222166 0 -0.00262178 0 0 -0.0517692 -0.0174486 -0.00883534 0 0 -0.00274056 0.00729238 -0.0117227 -0.00388 -0.0152013 -0.000769902 0 0.00196116 0.00238329 -0.000848075 0 -0.0032128 0 0 0 0 -0.00484642 -0.00936962 -0.0629217 -0.00379651 0 -0.000552821 0 -2.99994e-06 0 -0.0184452 0 -0.00452226 -0.00225416 -0.00508525 -0.00464704 -4.1858e-06 -0.0111581 -2.91065e-06 -1.73877e-06 -2.58001e-06 -2.45495e-06 -0.0321076 0 0 -0.00117348 -0.00286873 -0.00134827 -2.53688e-05 -0.00725352 -0.00691719 0.00446503 -0.00319897 0.00179656 -0.00997781 0 -0.000952485 -0.00124732 -0.034085 0 0 -0.00340273 0 -0.00111039 0 0 -0.00163055 -0.00176069 0 -2.03299e-06 -0.00279273 -0.0180271 0 -0.0103512 -0.000267462 -0.00289715 0.000467168 -0.000249374 -3.94796e-06 -0.000742485 1.29722e-05 0 -0.000733912 0 -0.000252216 -0.00211339 -4.85754e-05 0 -0.000314846 0 0 -0.00132749 0 0.00710775 -0.00307067 0 0 -0.0014441 -0.0150471 -0.00225427 -0.00675428 0 0.00420411 -0.00303162 0 -0.000180836 0.000460567 0 -0.000498401 0 0 0 0 -0.000785532 0 -0.00055008 -0.00107283 0 0 -0.000718952 -2.52175e-06 -0.0181599 -3.79624e-06 0 0 0 0 0 0 -0.00641366 0 0 0 0 0 0 0 0 -9.70325e-05 0 0 -0.000294113 0 0 0 0 0 0 0 0 0 0 0 0 0 0 0
-0.0895588 0.733755 -0.00343809 0.0170473 -0.0811372 -2.14729e-05 0.0290287 -0.00534619 -0.00411153 -0.0469051 -0.02977 -0.0539319 -0.0391186 -0.0162519 -0.0124181 -0.0377005 -0.00207274 -0.00273882 0.0027458 -0.0327401 -0.00290266 -0.0413193 0.0189154 0.00312565 0.000471268 -0.000221995 -0.00121546 -0.00516221 -0.0412336 0.0210095 -6.54091e-07 -0.00165631 0.00536215 0.00369452 -0.00291129 0.000798725 -0.00169898 -0.0024405 0 -0.0024586 0 0.000454073 0 -0.0048332 -0.00304365 -0.00102399 -0.00124729 0.0139767 -0.0165442 -0.0013179 0 0 -0.0230609 0.00343995 -0.00311663 0 -0.00238538 0 -0.000427025 -0.0219538 -0.0192955 -0.0175971 0 0 -0.00264289 0.00450262 -0.0251395 -0.00555428 -0.0244211 -0.000402447 0 0.00263227 0.000896989 -0.00065787 -0.000391807 -0.000224565 0 0.00348229 -0.00132667 0 -0.00614774 0.000180492 -0.0130641 -0.00365959 0 8.64605e-05 0 -8.52864e-05 0 -0.0123258 0 -0.00524401 0.00450577 -0.00553507 -0.00352553 -0.00221778 -0.00977126 0 -1.58594e-06 0 0 -0.00825439 0.00110885 -0.000353757 -0.00884554 -0.00165715 -0.00101557 -0.000344824 -0.00299793 -0.0171967 0.000638074 -0.00200851 -0.00456493 -0.00109456 0 -0.00073598 -0.0119833 -0.014381 0 0 -0.00751483 0 0 0 0 -0.000711706 -0.000909059 0 0 -0.00179116 -0.0276652 0 -0.000685272 0 -0.00430828 0 -0.00651728 0.00382586 -0.00579837 0.000364728 0 -0.000176332 0 -0.0021713 0.00761362 -0.000551207 0 0 -0.000439288 -0.0027097 -0.00680252 -0.00920762 0.0122933 -0.00135671 0 0 -0.00730165 -0.0142989 -0.00313056 -0.00521453 0 0.00384821 -0.00574723 0 -0.00112421 0 0 -0.000366088 0 -0.000681964 0 -0.000422589 -0.000104337 0 0 -0.0433189 0 -0.000451105 -0.00463409 0 -0.0107114 0.0099928 0 0 0 0 0 -0.000340718 -0.000828872 0 0 0 0 -1.75244e-06 0 0 0 0 0 0 -0.00614512 0 0 0 0 0 0 0 0 0 0 0 0 -0.00022088 0 0
-0.0042886 -0.00343809 0.819944 -0.0274734 -0.0116755 -0.0987463 0.000192305 -0.09283 -0.000467161 0.00993622 0.000657497 -0.00229731 -0.00145367 -0.0033898 0.00689198 -0.000867044 -0.0232066 -0.0121037 -0.00277161 -0.00330397 -0.0113484 -0.00224874 -0.000804197 -0.0104699 -0.0129282 0.00946677 -0.00734506 -0.00657687 -0.000142587 -0.000714804 -0.00198943 -0.0213883 0.0042174 -0.00940326 -0.00395449 0.00667578 -0.00991741 -0.0135417 -0.0254253 -0.00946981 -0.000904145 0.0115239 -0.0374665 9.62191e-05 -0.00926837 -0.00701714 -0.0255741 -0.0103889 0 -0.00947358 -0.00265054 -0.000665872 -0.00639863 0.0067635 0.00510561 -0.00100122 -0.0265183 -0.000409028 -0.00529411 -0.00198923 -0.00047379 0.000250953 0 -0.000683914 -0.016965 0.0128849 -0.000553919 -0.0153404 -0.0025069 -0.0203005 -0.00811219 -0.00234501 -0.00827011 -0.00800689 -0.000119176 -0.0105942 -0.000603231 0.00754434 0 0 -0.0587535 -4.40916e-06 -0.00185252 -0.0124979 0.011558 -0.00693296 -0.00326601 -0.00259864 0 -0.00162324 -0.0013975 -0.00357402 -0.00913524 0 -0.00872505 -0.00588669 0.00425906 0.000967068 0.00584554 0.00127523 0.0125108 -0.00387094 -0.0016808 -0.00329066 0 -0.030421 -0.00697003 -0.00533085 -0.0166802 -0.00178056 0 -1.06276e-05 -0.00938654 -0.00754423 0 0 -5.3874e-05 -3.7599e-06 -0.00286478 -0.00421952 0 0 -0.00394566 0 -0.000220684 -0.00878904 -0.0126219 0 0.00313268 -0.00964744 -0.00459497 -0.000598454 -0.025721 -0.000878026 -0.0143971 0.00291016 0 -0.00126804 0 -0.00751615 -0.000616346 -0.00701846 -0.00150116 -0.00547629 0 -0.00290163 0.00159907 -0.00120661 -0.00100828 -0.00532775 0 0 0 -0.00138873 0 0 -0.00471023 -3.38046e-06 -0.00774762 -0.00109209 -0.00200695 0 0 -0.00168502 -0.00563234 -0.00290711 0 -0.00117821 0.0022722 0.00330112 -3.30541e-05 -0.00182649 -0.00599073 0 0 0 -0.00420075 -0.00802385 0 0.0014989 0 -0.000592257 -0.000233618 0 0.00013799 -0.00227854 -0.000938519 -0.0039683 0 0 0 0.00134217 -0.0011104 0 0.000892369 -0.00146713 -0.00158785 -0.000931616 0.00591027 -0.00122999 0 -6.27596e-06 -0.00101286 -0.00128936 -0.00123971 0.000446028 0 -0.000200249 -6.69062e-06 0 0.000735275 -0.00080213 0 0 0 0
-0.00916997 0.0170473 -0.0274734 0.807239 -0.00642378 -0.0163851 0.0210101 -0.0161691 0.000234237 -0.00033855 -0.00332368 -3.12449e-06 0.000232314 -0.00534131 -0.000367827 0.0129995 -0.0223878 -0.0204754 0.00924981 0.0228231 -0.0106889 0.00790274 0.00832613 -0.00978615 -0.00773853 -0.043191 -0.0165802 -0.0170766 0.00167287 0 -0.0171236 -0.0361318 0.0115178 0.0065767 0.00794271 -0.000435863 -0.0100529 -0.0255592 -0.0224138 -0.0113648 -0.00113564 0.0101116 -0.0104871 0.00479295 -0.0130421 -0.00938736 -0.0741629 -0.025026 0 -0.0136491 0.000157338 -0.00160375 -0.00262056 -0.00237524 -0.00190533 -0.00528852 -0.0167727 -0.000666054 -0.0096566 -0.0016875 -0.00144208 0.0135719 0 -0.00276937 -0.0179734 0.0124171 0 -0.0204206 0.00430181 -0.0034126 -0.0166216 0.000531875 -0.0101914 -0.026393 0 -0.004998 -0.000188348 2.1955e-07 0 0 -0.0232747 -0.0106776 -0.00169344 -0.0194898 -7.62537e-07 -0.00783359 -0.0256954 0.0085765 2.51282e-07 0.00787875 0 -0.00286106 -0.0269673 0 -0.00922877 -0.00686706 0.0224161 -0.00265653 0 0.00194454 0.00319296 -0.00131283 -0.00144042 -0.00669044 0 -0.205782 -0.00758987 -0.00826477 -0.0234216 0.00579689 0 0 -0.0100281 -0.0222642 0 0 0 -3.31151e-06 -0.0053926 0.00606815 0 0 -0.0223396 0 0 -0.0155713 -0.0284039 0 0 -0.0124134 0.00731716 -0.00328766 -0.0309896 0 -0.0158124 0.00376003 0 -0.00295738 0 -0.00238186 0 -0.0117906 -0.00161319 0.00402698 0.00826471 -0.00158596 -0.00330497 -4.90906e-05 0 -0.00386747 0.00177858 0 0 0 0 0 -0.00460894 -2.99842e-06 -0.0180268 0 -0.00206602 0 0 0.010203 -0.00585945 -0.00404453 0 0 0 0.00410465 0.0162566 -0.00261189 -0.00703247 0 -0.00036077 0 -0.00471943 -0.00277434 0 0.00406422 -0.00923375 -0.00156695 -0.00139792 0 0 -0.0087023 -0.000751343 -0.00477439 -0.00851313 0 0 0.0086312 0 0 -0.00224486 -0.00140306 -0.0027605 -0.00894903 0 -0.00247337 0 -0.000868448 -0.00164181 0 -0.000920596 0 0 -0.00133555 -0.00120542 0 0.00600025 -0.00810823 0 0.0173304 0 0
-0.0660959 -0.0811372 -0.0116755 -0.00642378 0.837799 -0.00104765 0.0173783 -0.00260105 0 -0.096476 -0.0237381 -0.0615641 -0.0270324 -0.0168775 -0.0817832 -0.00803984 -0.0163379 -0.000209133 0.00150728 -0.0034743 -0.0015164 -0.0150981 0.0068074 0 -0.0050017 0 -0.00578215 0.00217656 -0.028032 -0.0027582 -0.0155732 -0.010975 0.00905012 -3.51707e-06 0 -0.0102814 -0.00208814 -0.00881307 -0.00141011 -0.00824422 0 0.00209111 0 -0.000457584 -0.00902999 -0.00139337 -0.0146888 0.00342637 0.00236797 0.00218858 0 0.00562404 -0.0263233 0.00940871 -2.58749e-06 0 -0.00187272 0 0 -0.0298351 0.00330516 -0.00021149 0 0 -0.00535637 0.0139319 0.000287993 -0.00638719 -0.00570219 0 -0.00281133 0.00102028 0.0106346 -0.000438486 0 -4.50592e-06 0 0.0100982 0 0 -0.0127455 -0.0137413 -0.0285713 -0.00444633 0.0137398 0 -0.00121419 0.00281973 0.00849447 -0.00751108 0 -0.000690383 0.00366426 -0.0030478 -0.00243376 0 -0.0115679 0.00106616 0.00390004 0.00460804 0.00656802 -0.0141498 0 -0.00120763 0 -0.00352642 0 -5.04004e-06 -0.0112385 -0.000325231 0 0 -0.00055376 -0.0011008 -2.33576e-05 0 0 -0.0217763 0 0.00168893 0 0 -0.0219256 0.00390494 0 -0.00100345 -0.00215001 0.000583091 0.00056199 -0.000637144 -0.0090478 0 -0.00706382 0 -0.00643616 3.73135e-06 0 0 0 -4.67276e-06 0.00677083 -0.000319515 0 0.00522998 0.00423249 0 -0.00733716 0 0 0 0 0 0.00467345 0 0 0 -0.000516694 -0.0177696 -0.00168297 0 0 0.00296942 0 -4.12867e-06 0 0 0.00779612 0 0.0100711 0.00227517 0.0105165 0 -0.000236522 0.00605693 -0.00371835 -0.00462685 0 0 -0.00258461 0.00465854 -0.0201025 -4.0497e-06 0 -0.00162342 0 -0.00479513 0 0 -0.00956609 0 0 -0.00276897 0 0.00766403 0 0 0 -0.00562862 0.00822076 -0.000122667 0 0 0 0 0 -0.0053829 0 0 0 0.00964688 0 0 0 0 0 0
-0.00302218 -2.14729e-05 -0.0987463 -0.0163851 -0.00104765 0.747888 0.00360798 -0.0381303 0.00725365 0.0020629 -0.002614 -0.000234525 -0.00119218 0.00171017 0 -0.00774013 -0.0052268 -0.0438377 -0.0164663 -0.00271407 -0.0134188 0.00531665 -0.00458355 -0.0179303 -0.00810908 -0.00637691 0.00265193 -0.00438736 0.0117646 -0.00282542 0.00873309 -0.0105238 0.00359837 -0.0335921 -0.00200037 0.00218017 -0.0102906 -0.016228 -0.0168524 -0.00477289 -0.00430007 -0.00821162 -0.0315067 0 -0.0126325 -0.00624538 -0.0116257 -0.0091525 0 -0.0161035 -0.00737641 -0.00227406 -0.00323678 -0.0118509 0.0118302 -0.00587846 -0.0175356 -0.00160805 -0.00838438 -0.000164117 0.00826065 0.00683345 0 -0.00270753 -0.0195367 0.00652085 0.00620664 -0.0415941 0.00128579 -0.148352 -0.00165262 0.0013062 -0.00956115 -0.00895583 0.000430047 -0.0154958 -0.00157132 0.00373088 0 0 -0.00958322 0.0249113 -0.000446597 -0.0113909 -0.00860696 -0.0110838 0.00268667 -0.0042304 0.00781728 -0.000421584 -0.000964075 -0.00462172 -0.0119101 -0.000176194 -0.00194279 -0.00739377 0.0102286 -0.00772394 0.000460326 -0.00646289 -0.0081159 -4.19372e-06 -0.000713161 -0.00257095 -0.00108345 -0.0122541 -0.00862612 -0.00719748 -0.00976265 0.00591333 0 -0.000953806 -0.0100989 -0.00613131 0.000125007 -0.00024831 -0.00185671 0.00322737 -0.00613518 0.00836775 -0.000738219 0 -0.00540143 0.00211734 -0.00124561 -0.0100117 -0.008731 -0.00203829 -0.00205632 -0.0175746 -0.00431156 -0.000244277 -0.0112115 -0.000230527 -0.0116621 0.00228282 0 0.00646389 -0.00035816 -0.0256329 -0.00720157 -0.012202 -0.00156117 0.00713086 -0.000106341 -0.0046659 -0.0115919 0.000925627 -0.00180105 -0.0131845 0 -0.00120313 -0.000888263 -0.000710141 0 0 -0.00632188 0.00468614 -0.00837983 0.00251335 -0.000875604 -0.00141523 0 -0.00176208 -0.00928081 -0.00705075 0.00140582 -0.000597632 -0.00173763 -0.00751249 0.0110669 -0.00487519 -0.00734603 -0.00181608 0 0 -0.00788818 -0.00592184 0 -0.00500776 0.00267292 0.00143041 -3.84768e-05 0.00195445 0 0.000234847 -0.00195788 -0.00600047 0.0117567 0 0 0.0148565 -0.00322422 0.000631186 0.000272186 -0.00453345 -0.00287563 -0.00160781 -0.00287061 -0.00109164 -0.000165006 -5.39955e-06 0 -0.00306639 -0.00236843 0.0307136 0 -5.78444e-06 -5.76344e-06 0.0167491 -0.000786891 -0.000605516 0 0.00836859 0 0
0.0220929 0.0290287 0.000192305 0.0210101 0.0173783 0.00360798 0.582907 0 0.000803473 -0.0084258 0 0.00847203 -0.01168 -0.000703915 -0.00936141 -0.00236261 -0.00719248 4.2833e-08 0.0258823 -0.0332553 -0.00105468 0.0272875 -0.226526 -0.00510004 -0.019014 0.00083776 0 0 0.0151809 -0.210695 0.00773761 0 -0.00683963 -0.00284975 0.00594546 0.0129719 0 -0.00312037 -0.00251392 0.00652376 -0.0162335 0.000741483 -0.00623522 0.00759035 -0.00179242 -0.00139411 0.00622661 -0.00680977 0 0 -0.0317381 -0.00754769 0.0143258 -0.00662309 9.73363e-05 0 -0.00100016 -0.00954559 -0.00257742 0.00676984 0.0153155 0.00623794 0.00181673 -0.030631 0.00164913 0.0228862 -0.00311821 0.00856418 0.0168142 -0.00396411 0 -7.2986e-05 -0.00426405 -0.00433456 -0.0274463 -0.007846 -0.019828 7.28463e-05 -0.00949166 0 0.0269421 0.0062935 0 -0.00280617 -0.0115958 1.15639e-07 0 -0.00748179 -0.00338469 0 0 -0.00315768 -0.00135288 0 -0.00434965 -0.00564154 0.00886797 -0.00689218 -0.0167061 0.0136997 -0.00757049 -0.020424 0 0.00246934 0 0.00789452 -0.00130341 -0.0125656 -0.00264358 0.00552204 0 -0.000440694 0.0498136 0 0.000660247 0 0 0.0043219 -0.00111037 -0.00631575 0 0 -0.00424231 -0.00518985 -0.0146912 -0.00340486 -0.0001901 -0.0149645 -0.00484906 -0.00553542 -0.0116273 0 -0.00318997 2.02748e-07 -0.00364548 0 0 0 0 -0.00452267 -0.00851394 -0.00409508 -0.00795149 -0.00161062 0.0042833 -0.00102382 0 -0.0274227 0 -0.0013246 0 0 -0.139878 0 0 0 0 0.00211868 -0.000481723 -0.0107314 0 -0.0298925 0 -0.000138355 -0.00188398 -0.00336412 -0.00327858 0 -0.00571866 -0.0064479 0.00920523 0.0224641 -0.000615784 -0.0245266 0 0.000203741 -0.00371192 0.00285957 0 -0.00623132 -0.00559724 0 0 -0.00496027 0 0 -0.00138907 -0.00276952 -0.00515434 0 0 0.00206359 0 -0.000904597 0 -0.00203148 -0.00230654 0 -0.00418629 0 0 0 0 -0.00212752 0.0151595 -0.00218597 0.000956328 0 0 -0.000363205 0 0.00386671 0 0 0 0
-0.0180956 -0.00534619 -0.09283 -0.0161691 -0.00260105 -0.0381303 0 0.650905 -0.00173159 -0.00243532 -0.00076011 -0.0146596 -0.00168412 -0.00439545 -0.0146682 -0.00885715 -0.00834003 -0.00953725 0.00356189 -0.00110921 -0.022767 -8.33514e-06 0.00811807 -0.0120582 -0.011989 -0.00743118 -0.00609162 0.00715466 -0.0044118 0 -0.00195011 -0.00930466 0.00249246 -0.0026116 0.00124472 0.000270649 -0.00954913 -0.0160235 0.00439353 0.00437847 -0.00155245 0.0019394 -0.0127252 0 -0.0160657 -0.00181921 -0.0277406 -0.00866262 0 -0.00756963 -0.00290353 -0.000289483 -0.0167476 -0.00646794 0.0129429 -0.000776713 -0.00963235 -0.00105622 -0.00320841 -0.0015443 -0.000249353 0.0077876 0 -0.000185737 -0.0178013 0.00295753 0.0005332 -0.0176682 -0.00344445 -0.00769377 -0.00670399 0.00132638 0.00493733 -0.00335388 0 -0.0117239 0 0.00169288 0 0 -0.0230192 -3.94414e-06 -0.000960542 -0.0159952 0.00268327 -0.00846122 -0.00255115 -0.00678867 0.0015083 0.0044458 -0.000662518 -0.00510536 -0.00726617 0 -0.0121244 -0.00657869 -3.38011e-06 -0.00357224 0 -0.00327625 -0.00516699 -0.00265885 0 -0.0044275 -0.000339552 -0.0104698 -0.00587256 0.0090445 -0.00929734 0.00506181 2.01605e-05 -0.000331338 -0.0106785 -0.0138179 0 -0.000360454 -0.000537243 -3.43583e-06 -0.00475806 -8.63796e-05 -0.000617879 0 -0.00596265 0 0 6.46545e-05 -0.00768804 0 0.000907319 -0.011471 -0.00571746 0 -0.0230016 -0.00028982 -0.0126636 0.00305878 0 0.00211096 -5.66447e-05 -0.008273 0.0108925 -0.00502866 -0.000912031 -0.00565832 0 -0.00460078 0.00209388 -0.000810262 -0.00185398 -0.00557572 0 -0.00110462 0 -0.000660456 0 0 -0.00441878 -3.09667e-06 -0.0121342 -0.00238908 0 0 0 -0.00122157 -0.00723821 -0.00393872 0 -0.00132025 0.00302587 0.00967988 0.00331905 -0.00352913 -0.00628778 0 -4.09784e-05 0 -0.00408654 -0.00470933 0 -0.00241806 -3.34028e-06 -6.17691e-06 -6.19299e-06 0 0 -0.00203108 -0.00101766 -0.00464248 0.00406453 0 0 0.000352894 -0.00171974 0.00858844 0.000959482 -0.00162487 -0.00217446 -0.00185682 0.000838172 -0.000965711 0 -5.64646e-06 0 -0.00227298 -0.00204106 0.00818678 0 -6.05138e-06 -6.02362e-06 0 0.00110321 -0.000765164 0 0 0 0
-0.00079949 -0.00411153 -0.000467161 0.000234237 0 0.00725365 0.000803473 -0.00173159 0.234413 -0.00241855 0.0139957 -0.00156736 -0.00224581 -6.42909e-07 -0.0254615 -0.00301892 4.34752e-09 -0.00428023 -0.000336509 -0.00327534 -0.000473388 -0.00556821 -0.000897495 -0.00339535 -0.00455209 -0.00568967 -2.57561e-08 -0.00529507 -0.0183247 0 3.35702e-07 -3.1299e-08 -0.0172534 0.018819 -0.0060453 -0.000522032 -0.000435171 0.0186276 0 -0.00219402 -0.000643186 -0.0170179 0.0158318 0.111898 0 -0.00166945 0 0.0103574 -0.000550986 -0.00247375 -0.00319341 -0.00248519 -0.0018738 -0.0107734 -0.000642429 -0.00437287 -0.000806939 0 -0.000840281 0 -5.09761e-07 -0.006402 0.0577625 0 0.00747309 -0.010801 -0.00223324 -0.00130014 -0.00696805 0 4.32883e-07 -1.51982e-08 -0.000117098 0.00104887 0 0.0190078 0 -0.0176309 0 0 -0.000209506 0.00160736 0 0 -0.00893702 -0.00289404 1.92167e-07 -0.00954283 -0.00734885 -0.00697951 -0.00599927 0 0.00407103 -0.00394617 -0.0026119 -0.00626807 -0.0304436 -0.00446689 -0.0033929 -0.00472056 -0.00544372 -0.0117693 0 0 -0.0030413 0.00123117 -0.00361037 -0.000641924 0 -0.00723142 0 -0.000906177 -0.00220909 0 0 -0.000895812 -0.00767503 0 -0.000246652 -0.00421965 -0.000639262 0 0.00992466 -0.00365614 0 -0.00053299 0 -0.00120712 -0.0103002 -3.79543e-07 -0.00428199 0 0 -0.000558116 0.00304505 -2.61557e-08 -0.000235872 0 -0.00102848 -0.00367934 -0.00663944 -0.000530286 0 -0.00901904 0 -0.000313168 -9.09092e-08 0 -0.00129503 -0.00362522 -0.00226188 -0.00302307 0 -0.00098169 0 0 -0.00343805 -1.45548e-07 0.00133977 -0.00388454 0 0 -0.000461628 0 -0.00206027 -0.00180816 -0.00508066 -0.00868676 -0.00592547 -0.00628258 -0.0110526 -0.000265002 -0.000976796 -0.00124543 0 0 -0.000889104 -0.00316746 -0.000444254 -0.00526449 0 0 0 0 0 0 -0.00140856 0 0.00115965 -0.00663084 0 0 -0.00246536 -0.00866734 0 -0.00129252 -0.000149333 0 -0.00581701 3.8299e-08 0 0 0 -0.00213394 0 0 0 0 0 -0.0048612 -3.75278e-08 0 -1.42338e-08 -0.000222211 0 0
-0.0619216 -0.0469051 0.00993622 -0.00033855 -0.096476 0.0020629 -0.0084258 -0.00243532 -0.00241855 0.686687 -0.0513867 -0.0222754 -0.041858 -0.00955684 -0.0215402 -0.0271893 0.00658086 0.00638715 0 -0.0309162 -0.000727779 -0.0182825 -0.0139336 -0.000215257 -0.0022641 -0.0147855 0.00279203 -0.000522941 -0.00881545 0.0049851 -7.27309e-07 -0.00154001 -0.000444225 0.00526371 -1.35622e-06 -0.0195602 -0.000810843 -0.00258296 -0.000353364 0.000392314 -0.000644713 2.56157e-06 0 -0.00046789 -0.00181858 -0.000515611 -0.000515363 -0.000768013 -0.0135877 -0.00176454 0 0 -0.00498952 0 -0.00151906 0 -0.000788505 0 -0.000538537 -0.0297882 -0.0301551 -0.0109467 0 0 0.00585954 -0.000261427 -0.0173446 -0.0023147 -0.00656343 0.00598317 -1.55538e-06 0 -0.00121979 -3.80134e-06 0 -0.000966099 0 -6.20193e-06 0 0 -0.00164234 -0.00328565 -0.0215874 -0.00243008 0 0.0019083 0 -0.00133699 0 -0.0149025 0 -0.00382379 -0.00118278 -0.0119719 -0.00172458 -0.000274509 -0.0158229 0 0 0 0 -0.0137694 0 0 -0.00225853 0.0114577 -0.00100745 -0.00265586 -0.00171095 -0.00465933 0.00168332 -0.00603248 -3.95408e-06 -0.00028381 -0.00139636 -1.88118e-06 -0.0034312 -0.0183472 0 0 -0.00547511 0 0 0 0 0.0106682 0 0 0 -0.0014537 -0.0113019 0 -0.0012002 0 0.000700695 0 -2.64948e-05 0.00216601 -0.000763128 0.000373872 0 -0.000354799 0 -3.28075e-06 0.00417125 0 0 -0.00116766 0 0 -0.00288447 0 0 -9.18871e-06 0 0 -0.00215648 -0.0129056 -0.00369299 -0.00753671 0 0 -0.000355453 0 0 0 0 -0.000362962 -1.62515e-06 0 0 -2.68126e-06 -0.000469824 0 0 -2.4316e-05 0 0 -0.00701884 0 -0.0092611 0 0 0 0 0 0 0 -0.00485022 0 0 0 0 0 0 0 0 0 0 0 -0.00392531 0 0 0 0 0 0 0 0 0 0 0 0 0 0 0
-0.0613713 -0.02977 0.000657497 -0.00332368 -0.0237381 -0.002614 0 -0.00076011 0.0139957 -0.0513867 0.504251 -0.0126767 -0.0229163 -0.112005 0.0162248 -0.0203287 -0.00452774 0.00270481 -1.35109e-06 -0.0518742 0.006345 0.0222019 0 0 0.0077365 -0.0015588 -0.000829683 -0.000156246 0.0154062 0 0.00245525 0.00422914 -1.01373e-06 0.00691028 0.0161164 -0.015249 -0.00172624 -0.0050984 -0.00144737 0.00565239 -0.00717688 0.00637688 0.0085794 -0.000448444 -0.00421697 -0.000985422 -0.00563517 0.000994965 -0.0150248 0.00165071 0 0 -0.0120443 0 -9.84983e-05 0 0.00880048 -0.00293096 0 -0.0172436 0.0192444 -0.0127935 -1.99832e-05 0 -0.00315282 -1.81471e-06 -0.00985858 -0.00196806 0.00968484 -0.00202221 -0.0126981 -2.25413e-06 -0.00206874 -0.00147482 -0.00954176 -0.0017379 0 -8.65891e-07 -0.0134827 0 -0.0016376 -0.00678304 -0.0144377 -0.00441721 -1.09166e-06 -0.00142424 0 -1.83666e-06 0.0144487 0.000271742 -8.76562e-07 -0.0363688 -0.00162292 0 -0.0043708 0 -0.000825066 0.0076196 0 0 0 -0.010957 0 0 -0.000696188 -0.0023795 -2.58378e-06 -0.0028472 0.0059119 0.0067922 0.00476692 -1.1499e-05 0.00223223 -0.00218157 0 0 -0.000373516 -0.0128148 0 0 -0.00139161 0 -0.000706158 0.00714193 -0.0181918 -0.00121821 -0.00109419 0 0 -0.0019243 -0.0138603 0 6.07058e-05 -0.00336643 -0.00179574 -0.00309988 0 -1.5e-05 -9.12947e-07 0.00210659 0 -0.00168602 -0.000455119 0.00599598 -0.232348 0 0 -0.0304752 0 0.00375324 -0.000668218 0 0 -0.000130833 0 0 -0.000984221 0.00464337 -0.00162587 -0.00310741 0 0 0 0 0.00316354 0.00241627 0 -0.00148122 0 -1.81659e-06 0.0196096 -2.02294e-06 -0.000318274 0 -0.00342719 0 0 0 0 -1.52353e-06 -0.00711345 0 0 0 0 0 0 -0.000458389 -0.0118209 0 0 0 -1.47254e-06 -1.0664e-06 0 0 -0.00076736 0 -1.40879e-06 0 -5.82932e-05 0 0 0 0 0 0 0 0 -1.02004e-06 0 0 0 0 0 0
-0.0676201 -0.0539319 -0.00229731 -3.12449e-06 -0.0615641 -0.000234525 0.00847203 -0.0146596 -0.00156736 -0.0222754 -0.0126767 0.699022 -0.0593481 -0.0340197 -0.0432526 -0.027169 -0.00129939 0.00787898 0.00485307 -0.0146888 -0.00177117 -0.0349481 0 0 -0.00520019 0 -0.00135782 0.00596363 -0.0261208 0.00503948 0.00627925 0.000147976 -1.52602e-06 0.00336599 -0.00207474 -0.0178913 -0.00183267 -0.00306793 0 -0.00173106 -0.000231577 -0.00135583 0 -0.00408897 -0.00204592 -0.000390044 -0.0011716 0 -0.0100973 -0.00185077 0 0 -0.00638907 0 -0.00115889 0 -0.0015988 0 0 -0.0311978 -0.0106276 -0.0191914 0 0 -0.00163244 0.012093 -0.0394243 -0.00246451 0.00426369 0 0 0.0168639 0 0 0 0.00368329 0 -1.44177e-06 0 0 -0.00194601 0.000883488 -0.0125565 -0.00148302 -1.62306e-06 0 0 0.00567625 0 -0.0165149 0 -0.00351645 0 -0.0112684 -0.00308341 0 -0.0147492 0 -1.46728e-06 0 0 -0.0229937 0 0 -0.000531773 0.0132654 -0.000904724 0.0015518 0.000189123 -0.00439902 0 -0.00109892 -0.00158047 -0.000805226 -0.00214204 -0.00129857 -0.00080412 -0.0209176 0.000918147 0 -0.00119644 0 0 0 0 -0.000601335 -0.000116943 0 0 4.49728e-05 -0.0299373 0 -0.000669296 0 -0.000668832 -0.0130262 -0.00210323 0 -0.00672212 -0.00108768 0 0 0 0.00119183 -0.0044143 -0.000663199 -0.0129612 0 0 0 -0.00730594 -0.000255377 0.00239779 -0.000692667 0 0 -0.00124931 -0.0135095 -0.00142336 -0.00979221 0 0 -0.00850577 0 0 0.00694943 0 -0.000317797 -1.66273e-06 0 0 0 -0.000292397 0 -0.00207786 -0.00533996 0 0 -0.00792162 0 -0.00602979 0 0 0 0 0 0 0 -0.00352188 0 0 0 0 -1.67755e-06 0 0 0 0 0 0 -0.000618449 0 0 0 0 0 0 0 0 0 0 0 0 0 0 0
-0.0385066 -0.0391186 -0.00145367 0.000232314 -0.0270324 -0.00119218 -0.01168 -0.00168412 -0.00224581 -0.041858 -0.0229163 -0.0593481 0.636028 -0.0319123 -0.0115815 -0.0264815 0 0.00800296 0.00266969 -0.029439 0.00991635 -0.028271 1.11562e-07 0 -0.00237315 -0.000758558 0.0234113 -0.000889488 -0.0393679 -0.024795 0.00427967 -2.58852e-06 0.00770455 0.00270894 -0.00402826 -0.0129946 -0.000545749 -0.00175873 0.00949786 -3.227e-06 -0.00240415 -0.00507253 0.00987588 -0.00292975 -0.00062616 0 0.00831623 0 -0.00864435 0.00237311 -0.000560922 0 -0.015159 0 -0.00461963 0 0.000355175 0 0 -0.0189856 -0.0129422 -0.032169 -0.000519174 0 0.00361014 0.00196552 -0.0194415 0.00257033 -0.0183855 0 -3.95201e-07 0 0.00991428 -0.000434848 -0.00114695 0.000546596 0 -0.00307232 -0.000819693 0 0 0 -0.0125171 -0.00764278 -0.000370956 0 0 -0.00434912 -0.000451224 -0.0506787 -0.0001031 -0.0173432 0.00186905 -0.00614191 -0.00154831 -0.0017882 -0.0107438 0 -0.000524062 0 0.00253568 -0.0221574 0 0.0259248 -0.00543305 0.00107823 -2.36688e-06 -0.000916828 -0.00161614 -0.0109303 0 -0.00574029 0.00164019 -0.000231853 -0.0014036 -0.00594806 -0.002892 -0.0117095 0 -0.000551034 -0.0079032 0 0 0 -0.000288021 -0.000132591 0.00121322 0 0 0.00205936 -0.0453749 0 -2.74517e-06 -0.0063611 -6.11706e-05 0 -0.00301887 0 -0.00808546 -0.00213632 0.00204735 0 0 0.000128093 0.00240289 -0.000407267 -0.0126352 -0.00222653 0 0 -0.0259285 -0.00938712 0 -0.00176423 0 0 -0.00168134 -0.00947738 -0.00138612 -0.0239716 0 0 -0.00259329 0 -2.42059e-06 0 -0.000382196 -0.0017792 -0.000347872 -0.00164991 -9.18553e-05 0 0 -0.000475973 0 -0.00383679 0 -7.47145e-05 -0.00330073 -0.000961813 -0.00435571 0 0 0 0 0 0 0 0 -0.00260093 0 0 0 -0.00138218 0 0 0 0 -0.00154622 0 -0.00434547 0 0 0 0 0 0 0 0 -0.00176752 0 0 0 -0.0006925 0 0
-0.0168806 -0.0162519 -0.0033898 -0.00534131 -0.0168775 0.00171017 -0.000703915 -0.00439545 -6.42909e-07 -0.00955684 -0.112005 -0.0340197 -0.0319123 0.449011 0.136225 -0.0388873 -0.00153215 0.00549291 0.00385343 -0.0195626 0.0103887 -0.0133398 -0.00244694 0.0159366 -0.000114452 -9.90595e-07 -0.000166975 0.000186284 -0.00169355 0 0.00190671 -0.00186422 0.00425909 -0.00136703 -0.00384142 -0.016915 -0.00165047 -0.00575097 0.000600678 -0.00113288 -0.00297737 0.000134918 0.00515073 -0.0109436 -0.00456657 0.00778313 -0.00212404 -0.00282083 -0.0260352 -0.00299524 -0.00195467 -0.00143109 -0.0232297 0.00701154 -0.00656419 0 -0.00256654 -0.00720769 -0.00113393 -0.0214507 -0.0149726 -0.0238352 -0.000554779 0 -0.00438396 -0.00216998 -0.0198819 -0.00413409 -0.00316736 -0.000964583 -9.0101e-07 0 -0.00300225 2.46207e-05 -0.00891428 -0.00608408 0 0.00765542 -0.0196302 0 -0.00124431 -0.0108752 -0.0139294 -0.00440684 -0.00182841 0.0129551 0 0.00511504 -8.62079e-07 0.00299173 0 -0.0239409 0.000925199 -0.00123693 -0.00326718 0.00626884 -0.00170522 -1.58828e-06 -0.000316014 0 0 -0.00266508 0 -0.00192224 -0.00157753 -0.00190706 -0.00213866 -0.0029138 -0.000770895 -0.00507431 0.000246382 -0.00170014 0.0102238 -0.00254402 -0.00359299 -0.0141525 0.001089 -0.00928667 -0.000663735 -0.000104246 -0.00658964 0 -0.00112867 0 -0.00820302 -0.00136501 0.00653664 0 -1.2104e-06 -0.00365549 -0.0200021 0 -0.00240902 -0.00509186 0.00108509 0 0 0 -0.00563751 -0.00258054 0.00353514 0.00516077 -0.000139438 0.00163387 -0.0321039 -0.00275286 -0.0101479 -0.0156935 0 0.00321476 -0.000903035 0 0 0 0 0 -0.000870266 -1.3447e-06 -0.00205557 -0.00951302 0 0 -0.000717957 0 -0.000928993 0 0 -0.00113982 -0.000842022 -0.00166527 -1.01556e-06 -0.00128185 -0.000107067 -0.00101809 -0.0083722 0 -0.000820614 -0.000773571 -0.000579854 -1.48938e-06 -1.22546e-06 0 0 0 0 0 0 -0.000938945 0 0 0 0 0 -1.22914e-06 0 0 -0.000343045 -4.49648e-05 0.000579535 0 -0.00344049 0 0 0 -0.000147565 0 0 0 0 0 0 0 0 0 0 0
-0.0154958 -0.0124181 0.00689198 -0.000367827 -0.0817832 0 -0.00936141 -0.0146682 -0.0254615 -0.0215402 0.0162248 -0.0432526 -0.0115815 0.136225 0.497113 -1.48835e-06 -0.00651048 -2.42507e-06 0.00253243 0.0300964 0 -0.0153698 0.00843237 0 -0.00201461 0 -0.0153507 0.00729869 -0.0581778 0.0175791 -0.015358 -0.00743561 0.00189297 -0.00538924 -4.0996e-07 -0.0143239 -0.00211258 -0.00773863 0 -0.0036696 0 -0.0200036 0.00597108 -0.00432654 -0.00205472 0 -0.00147737 -2.85241e-06 0.0149565 -0.000883324 0.00685432 0 -0.0488843 0 0 0 -8.71272e-05 0.0010915 0 -0.0107125 -0.0338775 0.0141142 -0.00210485 0.000176216 0 0.00162973 -0.00412226 -0.00274819 -0.0381631 0.00375231 -0.000938164 0 0.0148855 0.000761254 0.0128316 0 0 0 0.0124161 0 -0.009471 -0.0366213 -0.00170826 -2.46157e-05 0.00176109 0 -0.000153464 0.000144311 0 -0.0129382 0 0 0 -0.00054571 -0.000478442 3.98229e-06 -0.0166589 0.000592521 0.00272435 0.00152222 -0.00533352 -0.0190954 0 0 0 -4.63192e-05 0 0 -2.8374e-06 0 0 -0.000352827 -2.42651e-06 -0.0018801 -0.0175184 0 0 -0.0292399 0 0.00034748 0 0 -0.0159813 0.000120309 0.00793541 0 0 0 0.00021054 0 -0.00642367 0 -0.0107184 0 0 0 0 0 0 0 0.00618808 0 0 -1.72911e-06 0.00900064 0 0 0 0 0 0 0 0.00665042 -0.00136438 0 0 0 -0.0171083 0 0 0 0.00771853 -0.000333283 -0.0003935 0 0 0 -0.00587675 0.00736933 0.000570928 0.000594493 0 0 0.00548412 -0.000741603 -0.00206119 0.000205077 0 -0.00058949 0.00141414 -0.00748558 -2.36974e-05 -0.000295594 -0.00186696 0 0 0 0 -0.0109226 0 0 -0.00996547 0 0 0 0 0 0 5.01266e-05 -0.000544495 0 0 0 0 0 -0.00345767 -0.00159029 0 0 5.35926e-05 0 0 -0.0021963 0 0 0
-0.0208181 -0.0377005 -0.000867044 0.0129995 -0.00803984 -0.00774013 -0.00236261 -0.00885715 -0.00301892 -0.0271893 -0.0203287 -0.027169 -0.0264815 -0.0388873 -1.48835e-06 0.574972 0 -0.00921951 -0.0153468 -0.0281798 -0.00722596 -0.0284404 -0.0128509 -0.00467679 -0.00716809 -8.77897e-07 0.00635453 -0.00897143 -0.0683926 0.0117965 0.0027321 0.0103214 0.00440301 -0.0148367 -0.0113441 -0.0145956 -0.00357543 0.0161006 0.0103411 -0.00175293 -0.00204327 -0.000897182 -0.00420373 -0.00237128 -0.00380903 -0.000156067 0.00764482 0.00405665 -0.00573768 -0.00320191 0.00146933 0.000130186 -0.0150804 -0.00546332 -0.0108238 -0.00130018 -0.00415135 -0.00220439 -0.00260241 -0.00855302 0.0103157 -0.0749998 -0.00180795 0.00837454 -0.00173415 -0.0128196 -0.0196824 -0.00725993 -0.0254982 -0.00120954 -6.8319e-07 -0.000865363 0.00286608 0.00332216 -0.000898379 -0.0106162 0 -0.00510354 -0.0016404 0 0.000191732 0.00800446 -0.00410162 -0.00513775 -0.00845409 0.00414862 0 -0.00175189 -0.00436556 -0.0181309 -0.00631677 -0.00782373 0.00661814 -0.0138433 0.00810476 -0.00040753 -0.0117493 -0.00294759 0.0103132 -0.000107084 -0.00593438 -0.00551845 0 0.0021522 -0.00541068 0.007588 0.00546927 -0.00376537 0.00186856 -0.0321927 0.000572699 -0.0265264 -0.0231794 -0.000969516 0 -0.015402 -0.0054524 0.00104111 0.0036812 -0.00419649 -0.00823995 0 0 -0.00134534 0.000519252 0.00052894 0.000343204 0 -0.00265356 -0.00518019 -0.0512774 0 0.0335846 -0.00464095 0.00454045 0.000393606 -0.00878487 0 -0.00440634 -0.00845508 0.0118961 6.73858e-05 0 -0.00326878 -0.0179302 -0.00108469 0 -0.00209323 -0.00177611 -0.00544799 -0.00755407 0.0643424 0 -0.00284223 0 0 -0.0145249 0.00539212 -0.00387837 -0.0121938 0 0 -0.00746208 0 0.0133772 0.000599589 -0.00315082 -0.00573457 0.00155131 0.00907881 0.00640738 -0.00206681 -0.00295299 -0.000799904 0 -0.00248606 0.00278864 -0.00423693 -0.00761797 -0.00557536 4.79169e-05 0 0 0 0 0 -0.000110703 -0.00218305 0.00117347 -0.00177671 0 0.000918855 -0.0011251 -0.00474971 0 -0.00231742 -0.000669316 0 -0.00446491 0 -0.00743259 0 0 -0.00245743 -1.64719e-06 0.000510674 0 0 0 -0.00303575 0 0 0 -0.0028235 0 0
-0.00479562 -0.00207274 -0.0232066 -0.0223878 -0.0163379 -0.0052268 -0.00719248 -0.00834003 4.34752e-09 0.00658086 -0.00452774 -0.00129939 0 -0.00153215 -0.00651048 0 0.880127 -0.00588501 0 -0.00918507 -0.00478536 0 0 -0.00372602 -0.0045067 -0.0134202 -0.0804247 -0.00317162 0.0064815 2.23823e-07 -0.00949395 -0.0476055 0.00622111 0.0035123 1.7511e-07 -0.0028996 -0.0277855 -0.00635284 -0.0493045 -0.0300359 0 0.0252942 0.00531602 0 -0.00552085 -0.0643555 -0.0174558 -0.0238358 0 -0.00571317 0 0 -0.00212601 0.004348 0 0 -0.01438 0 -0.00431817 -0.00508965 -0.0097931 0 0 0 -0.00710024 0 0 -0.00827301 0 -0.0022083 -0.0113655 -0.00668118 -0.0111787 -0.00354983 0 0.00130505 0 0.0247038 0 0 -0.0135076 -0.0540728 -0.00340572 -0.00684162 0.0150959 0.00234144 -0.0226717 0 0.00867109 -0.000408025 0 -0.00125961 -0.00741475 0 -0.00482299 0.00111374 0.00307359 0 0 0 0 -0.00528082 -0.000298895 -0.00383864 0 -0.0229977 -0.00338793 -0.00666363 -0.0142458 0 0 0 -0.00328204 -0.0102136 0 0 0 -0.016154 -0.00126007 0 0.00059018 0 -0.00302815 0 0 -0.0140645 -0.00888717 0 0 -0.00377088 -5.10276e-05 -0.00243575 -0.00793043 0 -0.00593214 0.0114964 0 -0.0151195 0 -0.00133378 0.0106473 -0.0121384 -0.000880493 -0.000579497 0 0 0.00807736 0 0 0 0 0 0 -7.60066e-05 0 0 -0.00242329 -0.019766 -0.00361766 0.00493192 -0.000191799 0 0 -0.00492573 -0.00183773 -0.000461898 0.00643709 0 0 0 0.0043354 0 -0.00277233 0 -0.0319206 0 0 -8.56759e-05 0 0 -0.0215744 -0.00206592 -0.00349634 -0.00414974 0.00121101 -0.0110579 0 -0.0012555 -0.0302129 0 0 -0.00737639 0 0.00821896 0.00300438 0 -0.000315669 -0.00364568 0 -0.00220727 0 -0.00122472 -0.00220249 0 0 -0.0149611 0 -0.00631003 -0.00589543 0.00520338 0.00455144 -0.000726877 0 0 0 0
0.000656749 -0.00273882 -0.0121037 -0.0204754 -0.000209133 -0.0438377 4.2833e-08 -0.00953725 -0.00428023 0.00638715 0.00270481 0.00787898 0.00800296 0.00549291 -2.42507e-06 -0.00921951 -0.00588501 0.642528 -0.0098545 0.0239259 0.00414041 0.00488824 -7.04351e-07 -0.0194607 0.0203627 -0.0418336 -0.00593123 -0.054552 0.000990737 2.64087e-07 -0.0137011 -0.0147333 0.00984893 -0.0115368 0.000575492 -0.0205762 -0.0130263 -0.00721603 -0.0252369 -0.0103955 -0.000189309 -0.00439337 -0.0128424 -0.000179285 -0.00855 -0.0142792 -0.00481173 -0.0200775 -9.75402e-05 -0.0188713 0.00457284 -0.00418554 -0.000643466 -0.0108495 -0.0119623 -0.00300844 -0.0108029 -0.000541241 -0.0214857 0.0086224 -0.0019997 -0.0068944 -3.90925e-05 -0.000918855 -0.0133587 -0.0144946 0.00901056 -0.0405513 -0.00429706 -0.00988494 -0.00832973 -0.00636005 -0.0133437 0.00234155 -6.63176e-07 -0.0119458 0 -0.00429855 -1.17472e-06 0 -0.00677373 0.00692545 -0.000478975 -0.00819227 -0.012982 -0.00868721 -0.00336926 -0.0105405 -0.00235847 -0.00152766 -0.0024934 -0.00243507 -0.0119486 0 -0.00320688 -0.0125942 -0.00358447 -0.00594349 -0.00483117 -0.00599917 -0.00732541 0 -0.00107177 -0.0092229 -0.0011806 -0.0103663 -0.006735 -0.00992534 -0.00105281 -0.00675696 0 -0.00159173 -0.0121075 0.000454231 5.97704e-05 -0.00118806 -0.00134793 0.00361527 -0.0128029 0.00690512 0 0 0.00527138 -0.000799986 -9.72408e-07 -0.00913276 -0.0130702 -0.000546611 -0.00406186 -0.00990099 0.000387029 -0.000624135 0.00884423 -0.000613689 -0.00756533 0.00203105 0 -0.000885741 0 -0.0122846 0.00462911 -0.0125068 -0.0010011 -0.00665246 0 0.0252589 -1.39742e-06 -2.28055e-06 -0.00132834 -0.00998876 0 -0.00154148 3.24984e-08 -0.000285808 0 0 -0.027894 0.00995349 -0.00889089 0.00868661 -0.00120057 0 0 -0.00192475 0.00978282 -0.00738066 -2.32414e-05 0 0.0059968 -0.00238272 0.00171798 -0.00360829 -0.0105434 0 0.0142459 0 -0.00454461 -0.00480578 0 -0.00580365 0.00184765 -0.0062912 -0.00160516 0.00260515 0 -0.00205925 -0.00241844 -0.00556809 0.00232443 0 0 0.0202211 -0.00225449 -0.00449793 0 -0.00456091 -0.00387171 -5.69132e-06 -0.00433091 -0.000937521 0 -0.000611793 0 -0.00253762 -4.20171e-05 0.0027377 0 -0.000293154 -0.000247558 -0.00224279 0.000407514 -0.00100316 0 0 0 0
-2.2312e-06 0.0027458 -0.00277161 0.00924981 0.00150728 -0.0164663 0.0258823 0.00356189 -0.000336509 0 -1.35109e-06 0.00485307 0.00266969 0.00385343 0.00253243 -0.0153468 0 -0.0098545 0.536228 -0.00173601 -0.00724388 -0.00859138 0.0397779 0.0101848 0.0182612 -0.0179919 -2.36975e-06 -0.000153027 -0.00318969 0.01507 -4.30566e-07 0.0129915 -0.0379861 -0.0332725 0.0443978 -8.3098e-07 -0.00560007 0.0189376 0.0115661 0.0080574 -0.00168618 -0.0113771 -0.00977214 0 -0.0047859 0.00521321 0 0.000668157 0.00538697 -0.0102606 -0.0295003 -0.0052409 -0.00221087 -0.0720499 -0.0216005 -0.00440429 -0.00228291 -0.00491399 -0.00742431 -1.83322e-06 0.0111755 -0.0140846 0 0.00510779 -0.0199968 -0.0182353 -0.00529391 -0.00512915 -0.00501528 0.012675 -9.47947e-07 -0.00109356 0.0172699 1.81104e-05 -0.000511844 -0.0215831 -0.00281079 -0.0224696 -0.00160957 -0.00532012 0.0113365 0.00468689 0 -0.000238138 -0.0494123 -0.00936008 0 -0.0344374 -0.00987164 -0.00113061 -0.00549246 -0.0239086 0.00706932 -0.00127646 0.00848007 -0.0155213 0.0019601 -0.0386388 0.0104882 -0.0221898 -0.0245468 0.0220362 0 -0.00609099 -0.00521032 0.00539569 -0.00905962 0.00174019 -0.00331488 -0.0123292 0 -0.00321708 -0.0136621 0.000512902 0 -0.00791999 -0.00681625 0.0234097 -0.00789756 -0.0391206 -0.00451929 0 -0.00325362 -0.0125151 -0.00168671 0.022988 0.00140807 -0.00711495 -0.0152597 -0.0111181 -0.0100156 0 0.00575087 -0.0254976 -0.00786486 0 0 -1.78595e-06 -0.00433649 -0.0319511 -0.0220708 0.00767914 -0.000145803 0.0039177 0 -0.00962013 0 -0.00144564 -0.00751315 -0.0168285 -0.00199614 -0.00601893 0.0116977 -0.00308435 0 -0.0032344 -0.00166129 0.0138131 -0.000145633 -0.00533381 -0.000206614 -0.00209037 0 -0.000385153 -0.01049 -0.0193716 -0.0205806 -0.00438966 -0.0189115 -0.0169739 -0.0180398 -0.0520243 0.00475374 -0.0085681 0 0 -0.0109782 -0.0206145 0 -0.0293865 0.022467 0 -1.68391e-06 0.0125431 0 -1.76071e-06 -0.0066375 -0.0064887 0.0148579 -3.32835e-07 0 0.00619955 -0.0132717 -0.0142085 0 -0.00685829 -0.00541062 0 -0.0148813 0 -0.00217265 0 0 -0.00953376 -0.00654895 0.00658666 0 -1.67648e-06 -1.68175e-06 -0.00327412 0 0 0 -4.67277e-07 0 0
-0.0131542 -0.0327401 -0.00330397 0.0228231 -0.0034743 -0.00271407 -0.0332553 -0.00110921 -0.00327534 -0.0309162 -0.0518742 -0.0146888 -0.029439 -0.0195626 0.0300964 -0.0281798 -0.00918507 0.0239259 -0.00173601 0.449665 -0.000132194 -0.00734809 -0.0259275 -0.00129397 -0.00332291 -0.0158262 0 0.000221547 -0.00290265 -0.00289288 0.0197294 0.00248682 -0.000475356 0.00174923 -0.00303217 -0.0028733 -0.00030886 -0.00416457 -0.00150279 4.63921e-05 -0.0152239 2.14287e-05 0.00165109 0 -0.00301794 -0.000990821 -0.000458263 -0.00292624 -0.0297498 0.000729013 -0.00372085 -0.00129523 -0.00240192 0.0197497 -0.00573055 -0.00157081 -0.00197083 -0.00759872 -0.00166208 -0.00822335 -0.00890368 -0.022826 0 -7.96144e-05 0.0154611 0.00561911 -0.0108756 -0.000937565 -0.00384475 -0.00161286 -5.75808e-07 -0.000506658 -0.00267059 0.000556662 -0.0203494 -0.00451694 -0.00253378 0.00155463 -0.0311656 0 0 0.00010924 -0.010985 -0.00307091 -0.00324667 -0.00166367 0 -0.00517424 0.000142964 -0.00646351 -0.000370384 -0.023178 -0.00177199 -0.00359484 0.00387313 -0.00231824 -0.00595525 -0.00178155 -0.00240811 -1.41878e-06 0.000942068 -0.0133512 0 0 -0.00243933 0 0.000870891 -0.00983299 0.00154619 -0.00958792 0 -0.0227331 0.00413566 0.00612903 0 -0.000945777 -0.00780656 -0.00496533 -9.64705e-05 -0.0024369 -0.0063401 0 0 0 -0.0215776 -0.00208067 -0.000191667 0 -0.00124138 -0.000732443 -0.0211821 0 0.000148711 -0.00053617 0.00390428 0 -0.00317052 0 -0.00545017 0.00340792 -0.00271114 -0.00167967 -0.00025362 -0.00237253 -0.00464841 -1.73897e-06 0 -0.0166833 0 0.00588435 -0.0204538 -0.000432805 -0.000849378 0 0 0 -0.00260325 0 -0.0021827 -0.0144273 0 -0.00182227 0.037183 -0.000253233 0.00338634 0 -0.00121409 -0.00248095 0.00347695 -0.00245516 -0.000226566 -1.76843e-06 -0.00061897 -0.0181098 0 0 -4.21695e-05 0.00458819 -0.00206746 -0.00227758 0 0 0 0 0 0 0 -0.000516124 0 -0.000532416 0 0 -1.34112e-06 -0.00189162 0 -0.00150791 -0.000500983 0 -0.00210747 0 -0.00605041 0 0 -2.8798e-05 -1.27284e-06 0 0 0 0 -0.00258108 0 0 0 0 0 0
