0.926292 0.0144324 0.00890639 -0.00469339 -0.0461261 0.0336622 -0.0368248 0.0372929 0.128786 -0.0887028 0.167504 0.00283884 -0.0492833 0.0463698 0.0348343 0.126404 -3.69736e-07 0.00862623 -0.052388 -0.0587687 0.0430148 0.00635327
0.0144324 0.925545 0.0664238 -0.0186129 0.167781 -0.0427101 0.0884585 -0.0263117 -0.0129828 0.0802256 0.0289655 -0.0465848 0.0776649 -0.0565918 -0.10147 0.0511337 -4.38183e-07 0.117162 0.0951653 0.050161 0.0997049 0.0300397
0.00890639 0.0664238 0.866426 -0.0563304 -0.0167756 0.0114502 0.0623286 -0.0268282 -0.0771296 0.0602499 0.0358127 -0.0746388 0.188873 -0.0242145 -0.100385 0.0385771 -6.28437e-08 0.0661944 0.142063 0.1127 -0.0726295 0.0885568
-0.00469339 -0.0186129 -0.0563304 0.477845 0.0484038 0.0666986 -0.0472035 0.0575151 0.122065 -0.0143102 -0.0169379 0.102949 -0.086714 0.0630477 0.204837 0.00511926 -6.39251e-07 -0.0674411 -0.0676104 -0.0376808 0.0866208 -0.0015841
-0.0461261 0.167781 -0.0167756 0.0484038 0.73459 -0.133848 0.0609992 -0.0740821 0.0793231 0.10625 0.0524362 -0.0441939 -0.0139167 -0.114621 -0.00903049 0.0371845 -3.19593e-07 0.125848 0.0180067 0.0012816 0.257381 -0.0569779
0.0336622 -0.0427101 0.0114502 0.0666986 -0.133848 0.62907 0.0138909 0.36439 0.0792178 -0.157524 -0.0024436 0.29199 0.00185257 0.556034 0.0987662 0.0735038 3.08867e-08 -0.0315637 -0.0302873 -0.0380202 -0.188092 0.218529
-0.0368248 0.0884585 0.0623286 -0.0472035 0.0609992 0.0138909 0.242049 0.0324053 -0.0250742 0.0200152 0.0673934 -0.0255928 0.0246712 0.0143875 -0.0932993 0.0207628 3.45328e-07 0.112885 0.0379339 0.0142708 -0.00291597 0.0445276
0.0372929 -0.0263117 -0.0268282 0.0575151 -0.0740821 0.36439 0.0324053 0.709522 0.153683 -0.139765 0.0819752 0.442893 -0.00844945 0.447376 0.0578171 0.174623 -4.63307e-07 -0.00428072 -0.0192159 -0.0359702 -0.146952 0.43533
0.128786 -0.0129828 -0.0771296 0.122065 0.0793231 0.0792178 -0.0250742 0.153683 0.960108 -0.306872 0.0991488 0.0876048 -0.108547 0.118897 0.0574612 0.0546793 -1.09066e-06 -0.0255669 -0.180469 -0.151908 0.16815 0.122547
-0.0887028 0.0802256 0.0602499 -0.0143102 0.10625 -0.157524 0.0200152 -0.139765 -0.306872 0.97903 0.0199779 -0.0802864 0.127833 -0.189637 0.00402004 -0.0216593 3.19643e-07 0.0541235 0.134381 0.137909 0.0803824 -0.0576295
0.167504 0.0289655 0.0358127 -0.0169379 0.0524362 -0.0024436 0.0673934 0.0819752 0.0991488 0.0199779 0.725372 0.0505645 0.0128544 0.0143862 -0.015946 0.101487 3.11621e-07 0.0793776 -0.0153928 -0.0310654 0.0552818 0.0934987
0.00283884 -0.0465848 -0.0746388 0.102949 -0.0441939 0.29199 -0.0255928 0.442893 0.0876048 -0.0802864 0.0505645 0.796119 0.00236953 0.382771 0.114521 0.174445 1.9664e-07 -0.0603521 -0.00802782 -0.0146876 -0.0756704 0.193409
-0.0492833 0.0776649 0.188873 -0.086714 -0.0139167 0.00185257 0.0246712 -0.00844945 -0.108547 0.127833 0.0128544 0.00236953 0.992219 -0.000739136 -0.116265 0.0658056 5.14413e-08 0.0601594 0.36399 0.315016 -0.100076 0.062822
0.0463698 -0.0565918 -0.0242145 0.0630477 -0.114621 0.556034 0.0143875 0.447376 0.118897 -0.189637 0.0143862 0.382771 -0.000739136 0.770136 0.0778972 0.112865 -6.4134e-08 -0.0277144 -0.0428217 -0.0455903 -0.185423 0.228553
0.0348343 -0.10147 -0.100385 0.204837 -0.00903049 0.0987662 -0.0932993 0.0578171 0.0574612 0.00402004 -0.015946 0.114521 -0.116265 0.0778972 0.742248 -0.0625882 -6.20752e-08 -0.0973129 -0.103605 -0.0578398 0.131552 -0.0289302
0.126404 0.0511337 0.0385771 0.00511926 0.0371845 0.0735038 0.0207628 0.174623 0.0546793 -0.0216593 0.101487 0.174445 0.0658056 0.112865 -0.0625882 0.654325 -1.95511e-06 0.042769 0.0650161 0.00743798 -0.047725 0.147271
-3.69736e-07 -4.38183e-07 -6.28437e-08 -6.39251e-07 -3.19593e-07 3.08867e-08 3.45328e-07 -4.63307e-07 -1.09066e-06 3.19643e-07 3.11621e-07 1.9664e-07 5.14413e-08 -6.4134e-08 -6.20752e-08 -1.95511e-06 3.37482e-09 7.75386e-07 9.64723e-07 9.74041e-07 -1.48042e-07 8.81097e-10
0.00862623 0.117162 0.0661944 -0.0674411 0.125848 -0.0315637 0.112885 -0.00428072 -0.0255669 0.0541235 0.0793776 -0.0603521 0.0601594 -0.0277144 -0.0973129 0.042769 7.75386e-07 0.291682 0.0698204 0.0454883 0.0400263 0.0270241
-0.052388 0.0951653 0.142063 -0.0676104 0.0180067 -0.0302873 0.0379339 -0.0192159 -0.180469 0.134381 -0.0153928 -0.00802782 0.36399 -0.0428217 -0.103605 0.0650161 9.64723e-07 0.0698204 1.06213 0.522979 -0.0898233 0.0344441
-0.0587687 0.050161 0.1127 -0.0376808 0.0012816 -0.0380202 0.0142708 -0.0359702 -0.151908 0.137909 -0.0310654 -0.0146876 0.315016 -0.0455903 -0.0578398 0.00743798 9.74041e-07 0.0454883 0.522979 0.961819 -0.040322 0.021991
0.0430148 0.0997049 -0.0726295 0.0866208 0.257381 -0.188092 -0.00291597 -0.146952 0.16815 0.0803824 0.0552818 -0.0756704 -0.100076 -0.185423 0.131552 -0.047725 -1.48042e-07 0.0400263 -0.0898233 -0.040322 0.904757 -0.141913
0.00635327 0.0300397 0.0885568 -0.0015841 -0.0569779 0.218529 0.0445276 0.43533 0.122547 -0.0576295 0.0934987 0.193409 0.062822 0.228553 -0.0289302 0.147271 8.81097e-10 0.0270241 0.0344441 0.021991 -0.141913 0.782504