1.05545 0.0612097 0.0500694 0.0548939 0.00299157 0.0454876 -0.0310678 -0.0479084 0.0571702 0.0379162 0.100214 0.0031498 0.0145203 0.0161898 0.00267533 0.0965416 0.179738 0.0265063 0.00067457 0.00247509 0.0510812 0.0821365
0.0612097 1.10341 0.0555462 0.0316923 0.0806401 -0.011508 -0.0140692 -0.030402 0.00335578 0.0428863 0.0386514 0.02118 0.0348409 -0.00309517 -0.0279945 0.00281506 -0.269054 0.0169301 0.0354328 0.0636878 0.0444642 0.0145829
0.0500694 0.0555462 1.1371 0.165778 0.00525897 0.0652153 -0.0445824 -0.0705463 0.0311551 0.122041 0.0175333 -0.00962486 0.0999856 0.0246046 0.0132317 0.111904 -0.036353 -0.000766286 0.0776422 0.0927173 0.0172327 0.066829
0.0548939 0.0316923 0.165778 1.44622 0.0116524 0.128727 -0.125648 -0.122074 0.0662402 0.106425 -0.0252584 0.00513327 0.076833 0.0384979 0.109123 0.0812686 -0.108214 -0.147817 -0.00691915 0.0708384 0.0468791 0.0472551
0.00299157 0.0806401 0.00525897 0.0116524 1.15932 -0.0513929 0.0384063 0.00287957 0.0317608 0.0460401 0.0760977 -0.0336202 -0.00567951 -0.0501821 0.00405372 -0.0188094 0.0126076 0.15287 -0.0167355 0.0202876 0.0835735 -0.0143276
0.0454876 -0.011508 0.0652153 0.128727 -0.0513929 1.36331 -0.0344664 0.0462952 -0.0144021 0.0276361 0.0256679 0.0147937 0.0490623 0.227652 0.0526539 0.0966278 -0.0299952 -0.0861188 0.0697494 0.075958 -0.0618459 0.0810699
-0.0310678 -0.0140692 -0.0445824 -0.125648 0.0384063 -0.0344664 1.38498 0.158197 -0.0322479 -0.0709112 0.100381 0.0246703 -0.00350813 0.0480519 -0.01916 -0.0164756 0.196574 0.140653 0.0106289 -0.0182204 -0.0673184 0.0418366
-0.0479084 -0.030402 -0.0705463 -0.122074 0.00287957 0.0462952 0.158197 1.2675 -0.0215907 -0.110252 0.063921 0.0926377 -0.0588531 0.152928 -0.0543605 -0.0496816 0.0963836 0.126527 -0.0234976 -0.0789362 -0.0175718 0.0922371
0.0571702 0.00335578 0.0311551 0.0662402 0.0317608 -0.0144021 -0.0322479 -0.0215907 1.03396 -0.0404891 0.0355097 0.00918585 -0.0200922 -0.0151826 0.0408955 0.000578037 0.100058 -0.038522 -0.040713 -0.0516512 0.0715873 0.0912541
0.0379162 0.0428863 0.122041 0.106425 0.0460401 0.0276361 -0.0709112 -0.110252 -0.0404891 0.985543 -0.0095677 -0.0147739 0.0803997 -0.00976605 0.0326123 0.0653977 -0.065564 -0.00036106 0.0766532 0.0942627 0.0353624 0.0425267
0.100214 0.0386514 0.0175333 -0.0252584 0.0760977 0.0256679 0.100381 0.063921 0.0355097 -0.0095677 1.19398 -0.0260774 -0.00966537 0.0390977 -0.00598759 0.0347945 0.0997958 0.0762349 -0.0156111 0.00322596 0.0189686 0.0649863
0.0031498 0.02118 -0.00962486 0.00513327 -0.0336202 0.0147937 0.0246703 0.0926377 0.00918585 -0.0147739 -0.0260774 1.29681 0.00565131 0.0566129 0.00457585 -0.010889 -0.0260301 0.0253839 0.0144545 -0.00850723 -0.0224769 0.0176393
0.0145203 0.0348409 0.0999856 0.076833 -0.00567951 0.0490623 -0.00350813 -0.0588531 -0.0200922 0.0803997 -0.00966537 0.00565131 0.945973 0.0445546 -0.0175892 0.0588174 -0.0955984 0.0134838 0.123932 0.187134 -0.0448695 0.0108304
0.0161898 -0.00309517 0.0246046 0.0384979 -0.0501821 0.227652 0.0480519 0.152928 -0.0151826 -0.00976605 0.0390977 0.0566129 0.0445546 1.29041 0.0109669 0.0474255 0.00939909 -0.0414191 0.0379791 0.0258333 -0.0678042 0.0595187
0.00267533 -0.0279945 0.0132317 0.109123 0.00405372 0.0526539 -0.01916 -0.0543605 0.0408955 0.0326123 -0.00598759 0.00457585 -0.0175892 0.0109669 1.28708 -0.0068339 -0.00159616 -0.097894 -0.0442862 0.00803358 0.0495599 -0.00642814
0.0965416 0.00281506 0.111904 0.0812686 -0.0188094 0.0966278 -0.0164756 -0.0496816 0.000578037 0.0653977 0.0347945 -0.010889 0.0588174 0.0474255 -0.0068339 1.48145 -0.0158602 0.0221233 0.0384502 0.0517445 0.0272701 0.114833
0.179738 -0.269054 -0.036353 -0.108214 0.0126076 -0.0299952 0.196574 0.0963836 0.100058 -0.065564 0.0997958 -0.0260301 -0.0955984 0.00939909 -0.00159616 -0.0158602 2.16188 0.180138 -0.125539 -0.103963 0.0168777 0.0894573
0.0265063 0.0169301 -0.000766286 -0.147817 0.15287 -0.0861188 0.140653 0.126527 -0.038522 -0.00036106 0.0762349 0.0253839 0.0134838 -0.0414191 -0.097894 0.0221233 0.180138 1.40354 0.0156756 -0.0330922 0.0404431 0.0217932
0.00067457 0.0354328 0.0776422 -0.00691915 -0.0167355 0.0697494 0.0106289 -0.0234976 -0.040713 0.0766532 -0.0156111 0.0144545 0.123932 0.0379791 -0.0442862 0.0384502 -0.125539 0.0156756 0.883312 0.20146 -0.0337845 0.000969357
0.00247509 0.0636878 0.0927173 0.0708384 0.0202876 0.075958 -0.0182204 -0.0789362 -0.0516512 0.0942627 0.00322596 -0.00850723 0.187134 0.0258333 0.00803358 0.0517445 -0.103963 -0.0330922 0.20146 0.934942 -0.0153533 -0.00313184
0.0510812 0.0444642 0.0172327 0.0468791 0.0835735 -0.0618459 -0.0673184 -0.0175718 0.0715873 0.0353624 0.0189686 -0.0224769 -0.0448695 -0.0678042 0.0495599 0.0272701 0.0168777 0.0404431 -0.0337845 -0.0153533 1.09331 0.0439709
0.0821365 0.0145829 0.066829 0.0472551 -0.0143276 0.0810699 0.0418366 0.0922371 0.0912541 0.0425267 0.0649863 0.0176393 0.0108304 0.0595187 -0.00642814 0.114833 0.0894573 0.0217932 0.000969357 -0.00313184 0.0439709 1.27673