0.0101569 -0.025674 0.00930154 0.0224444 -0.0200985 1.0096e-06 0.0331094 -0.010502 -0.00892269 -0.0266289 0.0212474 0.0225177 -0.00126898 -0.0115431 -6.21388e-07 0.0118658 8.25467e-07 3.68596e-07 2.15747e-07 -1.00439e-06 -0.00905331 0.0221769
-0.025674 0.0648972 -0.0235178 -0.0567442 0.05081 -2.55224e-06 -0.083692 0.0265495 0.0225599 0.067311 -0.0537079 -0.0569258 0.00319737 0.0291779 1.57094e-06 -0.0299974 -2.08751e-06 -9.32269e-07 -5.45325e-07 2.53999e-06 0.0228934 -0.0560608
0.00930154 -0.0235178 0.086332 0.158644 -0.099284 4.45256e-07 0.0303284 -0.0518861 -0.0828033 -0.0243905 0.0194636 0.111237 0.133855 -0.0105724 7.4952e-07 0.0586149 -1.67429e-07 1.81775e-06 3.45495e-09 -4.42197e-07 -0.126528 0.0641034
0.0224444 -0.0567442 0.158644 0.294655 -0.187941 1.38053e-06 0.0731772 -0.0982177 -0.152161 -0.0588511 0.0469617 0.210568 0.2368 -0.0255102 9.66926e-07 0.110956 1.85738e-07 3.44035e-06 1.31049e-07 -1.37227e-06 -0.229833 0.126724
-0.0200985 0.05081 -0.099284 -0.187941 0.123834 -1.49989e-06 -0.0655247 0.0647144 0.0952273 0.0526977 -0.0420502 -0.138743 -0.137823 0.022843 -1.40318e-07 -0.0731089 -6.73835e-07 -2.26747e-06 -2.24889e-07 1.49135e-06 0.140808 -0.0894026
1.0096e-06 -2.55224e-06 4.45256e-07 1.38053e-06 -1.49989e-06 3.80434e-09 3.29063e-06 -7.83718e-07 -4.2745e-07 -2.6469e-06 2.11229e-06 1.68011e-06 -9.57536e-07 -1.14703e-06 -4.01002e-10 8.85698e-07 4.26951e-10 -2.15885e-11 -1.21222e-10 2.84011e-10 -1.71918e-07 1.93549e-06
0.0331094 -0.083692 0.0303284 0.0731772 -0.0655247 3.29063e-06 0.10793 -0.0342383 -0.0290932 -0.0868048 0.0692622 0.0734116 -0.00412392 -0.0376281 -2.02624e-06 0.0386847 2.69254e-06 1.20225e-06 7.03129e-07 -3.27561e-06 -0.0295231 0.0722963
-0.010502 0.0265495 -0.0518861 -0.0982177 0.0647144 -7.83718e-07 -0.0342383 0.0338191 0.049766 0.0275359 -0.0219723 -0.0725054 -0.0720292 0.011936 -7.33692e-08 -0.0382059 -3.52059e-07 -1.18486e-06 -1.17733e-07 7.79536e-07 0.0735876 -0.0467194
-0.00892269 0.0225599 -0.0828033 -0.152161 0.0952273 -4.2745e-07 -0.0290932 0.049766 0.0794187 0.0233971 -0.0186708 -0.106692 -0.128381 0.0101418 -7.18842e-07 -0.0562199 1.60061e-07 -1.74271e-06 -3.22368e-09 4.24378e-07 0.121356 -0.0614855
-0.0266289 0.067311 -0.0243905 -0.0588511 0.0526977 -2.6469e-06 -0.0868048 0.0275359 0.0233971 0.0698145 -0.0557056 -0.0590407 0.00331984 0.0302631 1.62979e-06 -0.0311118 -2.16542e-06 -9.66951e-07 -5.65308e-07 2.63408e-06 0.0237418 -0.0581448
0.0212474 -0.0537079 0.0194636 0.0469617 -0.0420502 2.11229e-06 0.0692622 -0.0219723 -0.0186708 -0.0557056 0.0444479 0.0471116 -0.00264512 -0.0241472 -1.2999e-06 0.0248257 1.72741e-06 7.71936e-07 4.50878e-07 -2.10205e-06 -0.0189471 0.0463954
0.0225177 -0.0569258 0.111237 0.210568 -0.138743 1.68011e-06 0.0734116 -0.0725054 -0.106692 -0.0590407 0.0471116 0.155446 0.154417 -0.0255925 1.57534e-07 0.0819105 7.55679e-07 2.5407e-06 2.51475e-07 -1.67129e-06 -0.157762 0.100165
-0.00126898 0.00319737 0.133855 0.2368 -0.137823 -9.57536e-07 -0.00412392 -0.0720292 -0.128381 0.00331984 -0.00264512 0.154417 0.23443 0.00143964 2.36628e-06 0.0813671 -1.70635e-06 2.52111e-06 -3.64966e-07 9.5521e-07 -0.204026 0.0732177
-0.0115431 0.0291779 -0.0105724 -0.0255102 0.022843 -1.14703e-06 -0.0376281 0.011936 0.0101418 0.0302631 -0.0241472 -0.0255925 0.00143964 0.0131184 7.06137e-07 -0.0134861 -9.38795e-07 -4.19398e-07 -2.45875e-07 1.14239e-06 0.0102911 -0.0252044
-6.21388e-07 1.57094e-06 7.4952e-07 9.66926e-07 -1.40318e-07 -4.01002e-10 -2.02624e-06 -7.33692e-08 -7.18842e-07 1.62979e-06 -1.2999e-06 1.57534e-07 2.36628e-06 7.06137e-07 3.61179e-09 8.29912e-08 -1.48056e-10 4.22304e-10 -3.22769e-10 3.82259e-10 -1.45023e-06 -6.15281e-07
0.0118658 -0.0299974 0.0586149 0.110956 -0.0731089 8.85698e-07 0.0386847 -0.0382059 -0.0562199 -0.0311118 0.0248257 0.0819105 0.0813671 -0.0134861 8.29912e-08 0.0431618 3.9842e-07 1.33935e-06 1.31836e-07 -8.80733e-07 -0.0831299 0.0527814
8.25467e-07 -2.08751e-06 -1.67429e-07 1.85738e-07 -6.73835e-07 4.26951e-10 2.69254e-06 -3.52059e-07 1.60061e-07 -2.16542e-06 1.72741e-06 7.55679e-07 -1.70635e-06 -9.38795e-07 -1.48056e-10 3.9842e-07 3.5872e-09 -1.11305e-10 1.37372e-11 -1.26924e-10 6.67287e-07 1.28354e-06
3.68596e-07 -9.32269e-07 1.81775e-06 3.44035e-06 -2.26747e-06 -2.15885e-11 1.20225e-06 -1.18486e-06 -1.74271e-06 -9.66951e-07 7.71936e-07 2.5407e-06 2.52111e-06 -4.19398e-07 4.22304e-10 1.33935e-06 -1.11305e-10 3.46157e-09 2.01865e-10 2.28345e-10 -2.57689e-06 1.63743e-06
2.15747e-07 -5.45325e-07 3.45495e-09 1.31049e-07 -2.24889e-07 -1.21222e-10 7.03129e-07 -1.17733e-07 -3.22368e-09 -5.65308e-07 4.50878e-07 2.51475e-07 -3.64966e-07 -2.45875e-07 -3.22769e-10 1.31836e-07 1.37372e-11 2.01865e-10 3.58823e-09 -5.09628e-10 1.03987e-07 3.60691e-07
-1.00439e-06 2.53999e-06 -4.42197e-07 -1.37227e-06 1.49135e-06 2.84011e-10 -3.27561e-06 7.79536e-07 4.24378e-07 2.63408e-06 -2.10205e-06 -1.67129e-06 9.5521e-07 1.14239e-06 3.82259e-10 -8.80733e-07 -1.26924e-10 2.28345e-10 -5.09628e-10 3.17896e-09 1.69279e-07 -1.92475e-06
-0.00905331 0.0228934 -0.126528 -0.229833 0.140808 -1.71918e-07 -0.0295231 0.0735876 0.121356 0.0237418 -0.0189471 -0.157762 -0.204026 0.0102911 -1.45023e-06 -0.0831299 6.67287e-07 -2.57689e-06 1.03987e-07 1.69279e-07 0.187731 -0.0863122
0.0221769 -0.0560608 0.0641034 0.126724 -0.0894026 1.93549e-06 0.0722963 -0.0467194 -0.0614855 -0.0581448 0.0463954 0.100165 0.0732177 -0.0252044 -6.15281e-07 0.0527814 1.28354e-06 1.63743e-06 3.60691e-07 -1.92475e-06 -0.0863122 0.0730695