0 0.0859218 0.00536435 0.0042692 0.094051 0.00386227 -0.0281714 0.00695465 0.00182622 0.0496521 0.0463716 0.0972026 0.0517486 0.0416633 0.0526993 0.00984731 0.00312037 0.00181248 2.0035e-05 0.0722497 0.00411 0.0243379 -0.0120784 3.34871e-05 0.0116535 -0 0.00304098 -0.00180934 0.0286022 -0.0244089 -0 0.00428145 1.41225e-05 0.000316015 -0.00126668 0.019516 0.00333416 0.00511537 0.00108911 0.00387582 -0 -0.00196642 -0.00382621 0.00918337 0.00104159 0.00110733 0.00562859 0.00165898 0.0201629 0.00476426 2.92147e-05 -0 0.0714355 3.07273e-05 0.00100555 -0 0.00558985 -0 2.72249e-05 0.0675685 0.0216424 0.0147684 -0 -0 0.00341761 -0.0102237 0.0307279 0.00499961 0.0196571 0.00114766 -0 -0.0118571 0.00206223 0.00116314 -0 0.00401041 -0 1.14188e-05 -0 -0 0.0142585 0.0123272 0.0874745 0.0047511 1.55879e-05 0.000955631 -0 1.92703e-05 1.20952e-05 0.0169677 -0 0.0103558 0.0028393 0.00647837 0.00670135 3.11611e-05 0.0159341 2.62079e-05 1.81617e-05 2.56625e-05 2.54544e-05 0.0242829 -0 -0 0.00162015 0.00337338 0.00199732 4.08989e-05 0.00517146 0.00552264 -0.00771481 0.00832709 0.00307832 0.00978932 -0 0.00130021 0.00175219 0.0219085 -0.00484632 2.4172e-05 0.00167306 -0 0.00147048 1.29093e-05 -0 0.00193616 0.00230117 -0 1.96565e-05 0.00764098 0.0233668 -0 0.0128401 -0.000143493 0.00362103 0.000723 0.000344664 2.44548e-05 0.00101818 0.000468384 1.68255e-05 0.000959784 -0 0.000368292 0.00524932 8.80402e-05 -2.08422e-05 0.000676751 -0 2.91452e-05 0.00179007 -0 -0.0107287 0.00572844 -0 -0 0.00194331 0.0225134 0.00297931 0.00759028 -0 -0.00550124 0.00564714 -0 0.000271772 3.05444e-05 1.35868e-05 0.000660941 1.49518e-05 2.27738e-05 1.2309e-05 -0 -0.000928216 -0 0.00122853 0.00240181 2.78404e-05 -0 0.00276746 1.96443e-05 0.0175363 2.4512e-05 -0 -0 -0 -0 -0 3.15038e-05 0.0103784 -0 -0 -0 -0 1.23705e-05 -0 2.24471e-05 -0 0.000118387 1.80477e-05 -0 0.00044115 -0 -0 2.12362e-05 -0 -0 -0 -0 -0 1.18225e-05 -0 -0 -0 -0 -0 -0
0.0859218 0 0.00455228 0.00663603 0.0878063 0.00336979 -0.0382453 0.00609121 0.00987835 0.0566838 0.0476071 0.132102 0.051565 0.0558872 0.0444362 0.0658994 0.00260562 0.017536 -0.0132753 0.0329729 0.00401289 0.0777247 -0.0279484 0.00101606 0.00589969 0.000225805 -0.0159722 0.00579019 0.0469448 -0.0308549 1.24925e-05 0.00214529 -0.0089971 -0.000776577 0.0053839 0.0214151 0.00249246 -0.00778891 2.29202e-05 0.00315879 -0 -0.00072404 2.4794e-05 0.014125 -0.00567998 0.00133522 0.00173807 -0.00197053 0.0326678 0.00328187 2.40249e-05 -0 0.0396048 7.3288e-05 0.00484034 -0 0.00310217 -0 0.000638289 0.0388035 0.0127606 0.0201238 -0 -0 0.0035232 -0.00102293 0.0207858 0.00619357 0.0152093 -5.73403e-05 1.36864e-05 1.89106e-05 -0.000279078 0.000958401 0.000615735 0.00401869 -0 1.1221e-05 0.00119103 -0 0.00420547 -0.00576229 0.0249221 0.01951 1.4351e-05 0.00201639 -0 0.0033614 1.19267e-05 0.0258469 -0 -0.00583796 0.00177664 0.00925275 0.00477886 0.00322513 0.0227786 2.191e-05 1.62121e-05 2.15746e-05 2.14079e-05 0.0391778 -0.00162386 0.000516289 0.0132056 0.00205344 -0.00455364 0.000529885 0.00395884 0.0205442 -0.00209201 0.00391792 0.00646192 0.00245792 -0 0.000724289 0.0121967 0.0135704 -0 2.04683e-05 0.0047724 -0 -0 1.20218e-05 -0 0.000920634 0.00123184 -0 1.72636e-05 0.00250243 0.0331037 -0 0.000951178 -0 0.00293097 -0 0.0070204 -0.0170224 0.00665301 0.00191818 1.53766e-05 0.00027435 -0 0.00306891 0.00159638 0.000821451 -0 -0 0.000627938 0.00054173 0.0170892 0.0121873 -0.0122486 0.00645796 -0 -0 0.00432326 0.0185499 0.00432409 0.0172949 -0 -0.00571527 0.0108212 -0 0.00158093 -0 1.30257e-05 0.000512632 1.40979e-05 0.000915404 1.21497e-05 0.000606981 -0.00586941 -0 -0 0.0552229 -0 0.000643941 0.00893349 1.74522e-05 0.00912813 -0.0172523 -0.0085307 -0 -0 -0 -0 0.000495923 -0 -0 -0 -0 -0 1.20794e-05 -0 -0 -0 -0 1.63416e-05 -0 0.00338339 -0 -0 -0 -0 -0 -0 -0 -0 1.16564e-05 -0 -0 -0 0.000247603 -0 -0
0.00536435 0.00455228 0 0.0346729 0.00543971 0.132015 0.00308952 0.0639256 -0.0217182 0.00231715 0.0051115 0.00307852 0.00203928 0.00571707 0.00210819 0.00761326 0.026423 0.0170409 -0.000823906 -0.0014265 0.0252287 0.0035775 0.00241236 0.0148661 0.0158277 0.0096068 0.0121404 -0.00671336 0.00414757 0.000946573 0.00387838 0.0239952 -0.00883726 0.00749131 -0.00137605 0.00110089 0.0326017 0.0198908 0.0193692 0.0383118 0.0015228 -0.035373 0.0230906 8.1659e-06 0.0137743 0.00850499 0.0169138 0.013067 2.44443e-05 0.0147288 0.00653684 -0.00211324 0.0149835 0.00868311 -0.0182072 0.00165028 0.0180231 0.000620867 0.0072783 0.00268318 0.000614606 0.000524735 -0 0.00109491 0.0227183 -0.0183825 0.000932754 0.0232308 0.00367042 0.0364571 0.00318616 -0.00376299 0.0109854 0.0110098 0.000203573 0.0163443 0.000830501 -0.00662474 -0 -0 0.0262192 1.31851e-05 0.00257086 0.0130574 -0.00980686 0.0101556 0.00433368 0.00868024 -0 0.00228521 0.0021991 0.00545895 0.0115951 -0 0.0123112 0.00824038 -0 0.00347007 -0.00851572 0.00116921 -0.00730437 0.00446573 0.00098891 0.00455012 -0 0.0270757 0.0103687 0.00728357 0.0123782 0.000944617 -0 3.97645e-05 0.0129208 0.0170922 -0 -0 0.000104164 -0 0.00396068 0.00605877 -0 -0 0.00531613 -0 0.000323504 0.0109318 0.0151195 -0 -0.00461084 0.0129154 0.0175676 0.00081369 0.0492078 0.00119993 0.0252388 -0.00398595 -1.04283e-05 0.00156614 -0 0.00976726 -0.0136186 0.00919569 0.00194053 0.00744546 -0 0.00400611 0.00479627 0.0016489 0.00137343 0.00728999 -0 -0 2.51099e-05 0.0018878 -0 -0 0.00639581 -0 0.00998916 4.40626e-05 0.00098279 -0 -0 0.00206519 0.00754977 0.00374042 -0 0.00155385 -0.00433993 0.00371434 -0.0045253 0.00248025 0.00815972 -0 -0 -0 0.00574302 0.00495237 -0 -0.000535003 0.00256794 0.000736312 0.000320583 -0 -0.000233035 0.002783 0.00130062 0.00528152 -0 -2.34801e-06 -2.78602e-05 -0.00162048 0.00150902 -0 -0.00106866 0.00197829 0.00214255 0.00119527 -0.000912709 0.00149415 -0 5.1279e-05 0.000603697 0.00172652 0.0015969 -0.000531209 -0 0.000271234 5.19876e-05 -0 -0.00088247 0.00100822 3.76763e-05 -0 -0 -0
0.0042692 0.00663603 0.0346729 0 0.0117114 0.0202777 1.92957e-05 0.0184866 2.67275e-06 0.000448279 0.0103178 -0.0373975 -0.00286247 0.000662584 0.000606596 -0.0142409 0.0277912 0.0233468 -0.0197099 -0.0211523 0.0218027 1.3127e-06 -0.0233883 0.0144808 -0.0294068 0.0496782 0.0103078 0.0479281 0.000220214 -0.00244797 0.016369 0.0678261 -0.00905016 -0.00152673 -0.0326018 0.000804095 0.0136567 0.0371675 0.0302027 0.011548 0.00185428 -0.0262157 0.0158233 -0.0152059 0.0386056 0.0124318 0.106503 0.0250255 -0 0.0220248 7.11846e-05 0.00289405 0.00250466 0.0109115 -0.00459465 0.0208987 0.0216315 0.000978081 0.0115354 0.00222888 0.00195157 -0.0211512 -0 0.0151906 0.0238455 -0.00328281 1.28241e-06 0.017782 -0 0.0116688 0.0178159 0.00584369 0.0133253 0.0402754 1.92497e-05 0.0102572 0.000267533 9.74631e-06 -0 -0 0.0343081 0.0125541 0.00230059 0.0240966 -0 0.0112843 0.0110817 -0.0344204 1.08805e-05 -0.00673259 -0 0.0041859 0.013902 -0 0.0118721 0.0104751 -0.0234886 0.000660166 -0 -0.000520654 -0.00446787 0.00334863 0.00192884 0.00910973 -0 0.21572 0.0110882 0.0110863 0.0150081 -0.0171682 -0 -0 0.0154263 0.018931 -0 -0 -0 3.28334e-06 0.00729141 -0.00899169 -0 -0 0.00957277 -0 -0 0.0117107 0.0251777 -0 -0 0.0209782 -0.0101518 0.00393898 0.0195841 -0 0.0175855 -0.00376333 -1.03816e-05 0.00439078 -0 0.00100568 -0 0.012076 0.00305558 -0.00487712 -0.00537869 0.00216102 -0.00897137 8.13002e-05 -0 0.00529677 -0 -0 2.14842e-05 -0 -0 -0 0.00685849 -3.54632e-06 0.0620805 -0 0.0024184 -0 -0 0.000723492 0.00775133 0.00578015 -0 -0 -0 -0.0145649 -0.0178903 0.00347603 0.00943074 2.12406e-05 0.000501259 -0 0.00634566 0.00367244 -0 -0.0220665 0.018794 0.00339062 0.0037518 -0 -0 0.0190696 0.00102117 0.00625356 0.010894 -0 -2.42603e-05 -0.00355017 3.25879e-05 -0 0.00975749 0.00186942 0.00364019 0.0128725 -0 0.00668266 -0 0.000858903 0.00443368 3.34708e-05 0.00117272 -0 -0 0.00200244 0.00137191 -0 -0.00235433 0.00996197 3.24059e-05 -0.024132 -0 -0
0.094051 0.0878063 0.00543971 0.0117114 0 0.00135602 -0.0213115 0.0112643 -0 0.142194 0.0322161 0.0754644 0.0271109 0.0441703 0.103585 0.0162968 0.013402 0.000330862 -0.00697298 0.0104454 0.00211028 0.0218845 -0.00288257 3.21033e-05 0.00384177 2.13764e-05 0.012001 2.72823e-05 0.0278212 -0.00128103 0.0135377 0.0090273 -0.0145496 -0.0106147 -0 0.0165646 -0.00794821 0.00592836 0.00171933 0.00666937 -0 -0.00228602 2.89105e-05 0.000687177 0.0177079 0.00166562 0.0233285 0.000292306 -0.00729757 0.0037067 2.62073e-05 -0 0.0444424 -0.0114332 1.58004e-05 -0 0.00227579 -0 2.71349e-05 0.051269 0.00280836 0.000745708 -0 -0 0.00258557 -0.01479 0.0177341 0.00382917 0.00866077 3.16846e-05 0.00235085 -0.0090222 0.000183075 0.000628702 -0 2.38193e-05 -0 -0.0198832 -0 -0 0.0237052 0.0171272 0.0274129 0.00822862 -0.0147418 -0 0.00155759 -2.20844e-06 -0.0129169 0.00815984 -0 0.00105833 0.00062771 0.00350056 0.00310907 2.87009e-05 0.0145366 -0.00531689 -0.0105944 -0.00561089 -0.0100207 0.018349 -0 0.0032823 -0 0.00481262 -0 -0.0003912 0.0174288 0.00044737 -0 -0 -0.00208872 0.0105844 1.83882e-05 -0 -0 0.0365125 2.67375e-05 -0.00188307 -0 -0 0.0134698 -0.00643366 -0 0.00119203 0.0026447 8.75344e-06 -0.00688241 0.000854099 0.0124714 -0 0.00654894 -0 0.00275117 -2.27962e-05 -0 2.45625e-05 -0 2.78371e-05 -0.00424462 0.000440659 -0 -0.0110195 0.00484577 -0 -2.11939e-05 -0 -0 -0 -0 -0 -0.00641399 -0 -0 -0 0.000704396 0.0157071 0.00219527 -0 -0 -0.00325595 -0 2.51327e-05 -0 -0 -0.00700491 -0 -0.00789342 -0.00284414 -0.0144168 -0 0.00032809 -0.00615657 0.0069671 0.0056146 -0 -0 0.0018352 -0.0102578 0.0225252 2.44795e-05 -0 0.00409645 -0 0.00163584 -0 2.99351e-05 0.0128796 -0 -0 0.00198527 -0 -0.0132639 -0 -0 -0 0.00709321 -0.00160938 0.000162504 -0 -0 -0 -0 -0 0.00384548 -0 -0 -0 -0.00827044 -1.91827e-05 -0 -0 -0 -0 -0
0.00386227 0.00336979 0.132015 0.0202777 0.00135602 0 -0.00626343 0.0594664 -0.0116111 -0.00327087 0.00422755 0.0042165 -0.00727616 0.0013323 -0 0.00232515 0.00648382 0.0564593 0.0254879 -0.00130807 0.0192811 -0.0236418 0.00660391 0.0419925 0.0168362 0.0168295 -0.00435643 -0.0100563 -0.00486931 0.00380604 0.00255336 0.0132999 2.51895e-05 0.055847 0.00636658 -1.15461e-05 0.0146194 0.0362366 0.0135072 0.00975922 0.00632396 0.00839021 0.0486103 -0 0.0227053 0.00776408 0.0165773 0.0184287 2.35629e-05 0.013066 0.0118183 -0.0195834 0.00530585 0.0195964 0.000993688 0.00528468 0.0192658 0.00245226 0.0118139 -0.0064713 -0.00614665 -0.0305575 -0 0.0043552 0.0293579 0.00957814 -0.00779265 0.0287522 0.000367215 0.199182 0.0025368 0.00307982 0.00312303 0.0126649 -0.0004522 0.0199711 0.00219968 0.00359028 1.99292e-05 -0 0.0125515 -0.00852159 0.000656983 0.0148205 0.0139599 0.0198168 0.00252896 -0.00433253 -0.00959013 0.000588461 0.00157919 0.00724922 0.00872971 0.000282715 0.011458 0.0160672 -0.00484243 0.00880585 -0.000407356 0.00928826 -0.000881348 -0.0118955 0.00063128 0.00670858 0.00157493 0.0149198 0.0201209 0.00312723 0.0127916 -0.00758652 -0 0.00143907 0.0151719 0.00877616 -0.000174396 0.000369963 0.002716 -0.00404853 0.00867455 0.00578352 0.00109359 -0 0.0108497 -3.87067e-05 0.00176965 0.0122412 0.0117841 0.0028213 0.00361685 0.0284977 0.00785602 0.000356838 0.0144905 0.000346448 0.0168859 -0.00324481 -0 0.000130651 0.000517378 0.0200857 0.00963496 0.0125385 0.00207911 -0.0059914 0.000129432 0.00655575 0.0268343 0.00264716 0.00252193 0.0175587 -0 0.00170393 0.00106777 0.00100616 -0 -0 0.00878766 -0.0244617 0.0114996 0.00231013 0.00114178 0.00196858 -0 0.00791415 0.0127616 0.00816204 -0.00620646 0.000799287 -0.00193892 0.00982957 -0.00569798 0.00673947 0.0102892 0.00256006 -0 -0 0.0110599 0.00815299 -0 0.00983659 -0.00337455 0.00065832 0.000100474 -0.00251663 -0 -0.00806031 0.00276761 0.0201912 -0.00918723 -0 -2.58434e-05 -0.0155694 0.00440994 -0.00925799 -0.000353558 0.00621339 0.00396231 0.0020691 -0.00116437 0.00136563 0.000234351 4.75108e-05 3.6186e-05 0.00415452 0.00311828 -0.0370406 -0 4.8263e-05 4.82322e-05 -0.0140627 -8.61072e-05 0.000792338 3.48997e-05 -0.0141203 -0 -0
-0.0281714 -0.0382453 0.00308952 1.92957e-05 -0.0213115 -0.00626343 0 2.35223e-05 -0.00727695 0.0102303 9.34686e-06 -0.00353036 0.00839543 0.00137375 -0.0552258 0.00651233 -0 2.18568e-05 -0.0544606 0.0832508 0.00262371 -0.0449609 0.403977 0.00849689 0.0166524 -0.0203317 2.22404e-05 2.01361e-05 -0.0342786 0.305854 -0.0137135 2.20281e-05 0.0203434 0.0166884 -0.00959126 -0.00288878 2.34829e-05 0.0087347 0.00350488 -0.00349942 0.024221 -0.00121198 0.0047615 -0.0151339 0.00294078 0.00188779 -0.0120126 0.0138829 -0 2.24526e-05 0.0687906 0.0265366 -0.013722 0.00794269 0.00564213 -0 -0.000703407 0.0193925 0.00392516 -0.0141931 -0.025086 -0.0108187 -0.00131784 0.0608015 0.000170286 -0.00256173 0.00116263 -0.0140562 -0.0290308 0.00656253 1.60132e-05 0.000152358 0.00627028 0.0066072 0.0519235 0.0109055 0.0360227 -0.0318017 0.0208604 -3.55953e-06 -0.0314154 0.0423951 -0 0.00395207 0.0196199 2.22726e-05 1.98894e-05 0.0107985 -0.0083891 -0 -0 0.0053068 0.000384926 -0 0.00458757 0.00443718 -0.0102309 0.024359 0.0248669 -0.00729219 0.0186375 -0.00175347 1.22507e-05 1.86437e-05 -0 -0.00794406 0.000544628 0.0380617 0.00376231 -0.000673462 -0 0.000746186 -0.0777545 2.25571e-05 -0.000941029 -0 -0 -0.0122544 0.00170834 0.0100316 -0 -0 0.00577534 0.0081202 0.031507 0.00450551 0.000288687 0.024662 0.00734927 -0.00303403 0.00112705 -0 0.00444619 6.46116e-06 0.00509945 -1.65723e-05 -0 1.78862e-05 -0 -0.00212215 0.0122743 0.00597305 0.0145987 -0.00353785 -0.00773066 0.0015334 -1.53841e-05 0.064927 -0 0.00134816 -0 6.94545e-06 0.201743 6.52937e-06 -0 -4.84786e-06 1.95192e-05 -0.00535646 -0.00287077 0.00740059 -0 0.042629 -0 0.000224192 0.00280826 0.00500225 0.00456358 -0 0.00845208 0.00911363 0.00351331 -0.0424727 0.000987639 0.0488861 -0 -0.000356923 0.00565192 -6.67227e-05 -0 0.00928511 -0.00465559 1.76979e-05 1.78392e-05 0.00955434 -0 1.904e-05 0.00213455 0.00409124 0.000812923 -0 -0 -0.00407387 1.31441e-05 -0.0208279 -0 0.00298666 0.0041034 -0 0.00341648 0.00201318 -0 1.67704e-05 -0 0.00312335 -0.0343958 0.00031789 -0.00166993 1.71521e-05 1.71617e-05 -0.00051663 -0 -0.00659518 -0 -0 -0 -0
0.00695465 0.00609121 0.0639256 0.0184866 0.0112643 0.0594664 2.35223e-05 0 -0.000355847 0.00370487 -0.00058672 0.00192796 0.00341411 0.0082489 0.0226573 0.0188059 0.0110465 0.0149467 0.0110618 0.00596087 0.0351959 0.00626448 -0.0121315 0.016693 0.0214035 0.0194209 0.00838295 0.0133402 0.00756344 2.23262e-05 0.00834646 0.0127519 -0.00490465 0.0174665 0.00684154 0.00176833 0.0161762 0.0160494 -0.0163517 0.00915838 0.002883 -0.0117248 0.0205607 -0 0.0203792 0.000496472 0.0314935 0.00562378 2.58189e-05 0.0131588 0.00743566 0.000645567 0.0148755 0.011819 -0.0129184 0.00140512 0.0191786 0.00453935 0.00836483 0.00232299 -0.00586919 -0.000285378 -0 0.000362601 0.0185292 0.00306663 -0.016824 0.0373228 0.00559334 0.0176557 0.0116688 0.0016367 0.000924841 0.010198 2.47186e-05 0.0163937 -0 -0.0113376 -0 -0 0.0443012 1.28835e-05 0.00150533 0.0266879 -0.00658325 0.0137783 0.00375234 0.0051794 -0.000474906 0.00276987 0.00117396 0.00865191 -0.0105559 -0 0.0134493 0.0102541 -0 0.00581089 3.32553e-05 0.00505812 0.00835032 0.00844556 3.99871e-05 0.00679996 0.000554728 0.0269184 0.0097266 -0.0173572 0.0169259 0.00563933 -4.98861e-05 0.000561572 0.0152064 0.0154772 -0 0.000567788 0.000879425 -0 0.0072846 0.00473731 0.000976232 -0 0.00830217 -0 2.39891e-05 0.00873977 0.0112722 -0 -0.00417928 0.0171741 0.00800009 3.30643e-05 0.0489863 0.000455238 0.0269463 -0.0069725 -1.01186e-05 0.000350604 9.71009e-05 0.011977 -0.00193256 -0.0186542 0.00133854 0.00857196 2.23314e-05 0.008355 -0.00300355 0.00123996 0.00280752 0.00849156 -0 0.00169357 2.60884e-05 0.00100101 -0 -0 0.0067011 -0 0.0111938 0.00364693 4.14776e-05 -0 -0 0.00168313 0.0107823 0.00592035 2.14786e-05 0.00195249 -0.00434773 -0.00594453 -0.0115142 0.00529159 0.0095458 2.77865e-05 9.50351e-05 -0 0.00622374 0.00701533 -0 -0.0106686 -0.000391017 5.50371e-05 5.59288e-05 -0 -0 0.00275789 0.00156969 0.00688305 2.64635e-06 -0 -0 -0.000492852 0.00258306 -0.00705083 -0.00127458 0.00244051 0.00325917 0.003044 -0.00511895 0.00131804 -0 5.33612e-05 4.0408e-05 0.00335887 0.00290931 -0.0194852 -0 5.42221e-05 5.41977e-05 -0 -0.00145338 0.00107343 -0 -0 -0 -0
0.00182622 0.00987835 -0.0217182 2.67275e-06 -0 -0.0116111 -0.00727695 -0.000355847 0 0.00608511 -0.048187 0.00381048 0.0208899 8.86085e-06 0.0682397 0.00690926 2.40263e-06 0.011194 0.0129605 0.0100552 -0.0127234 0.0164139 0.00235778 0.00940617 0.0116451 0.00772721 3.53447e-06 0.0177081 0.0374467 -0 -1.91483e-06 4.22783e-06 0.0540697 -0.0405064 0.0198631 0.00183823 -0.0129353 -0.0470106 4.0875e-06 0.00495629 0.00199423 0.026212 -0.0272171 -0.332364 -0 0.00372046 -0.00457669 -0.0102897 0.00174608 -0.00189699 0.00916803 0.00829459 0.00548532 -0.00447299 0.00476573 0.00866562 0.00185897 -0 0.00217503 6.57016e-06 2.89086e-06 0.0174154 -0.156508 -0 0.000766945 0.0253021 0.00660423 0.00409132 0.0204775 -0 -2.09608e-06 3.41719e-06 -0.0267396 0.00106808 6.31993e-06 -0.0313849 -0 0.0656631 6.44424e-06 -0 -0.00900959 -0.00372909 -0 -0 0.0221154 -0.00213616 1.14948e-06 0.0235206 0.0178084 0.013538 0.0161586 8.97351e-06 -0.00953086 0.00993646 0.00631333 0.016179 0.0634965 0.0120417 0.00926254 0.012188 0.0145375 0.0380158 -0 1.81759e-06 0.00777322 3.51283e-06 0.00981996 0.00166845 6.05674e-06 0.0184503 -0 0.00245711 0.0101073 -0 -0 0.00229179 0.0271883 -3.69976e-06 0.000697672 0.0111789 0.00165695 -0 -0 0.00916537 6.16166e-06 -0.00809132 -0 0.00300741 0.0200248 8.78294e-06 0.00994394 -0 -0 0.00141923 0.00352099 -2.40532e-06 0.000596686 2.36717e-06 0.00330046 0.00563962 0.00348667 0.0013504 3.73316e-06 0.0487097 -0 0.00160329 -1.2452e-06 -0 0.00326429 0.00913074 0.00567562 0.0152112 -0 0.00248678 -0 -0 0.0103178 -4.20318e-06 0.00208711 0.0151389 -0 4.12634e-06 0.00116483 3.35376e-06 0.00509849 0.00448919 0.0117218 0.0115084 0.014644 0.0147336 0.0215367 -0.0102889 0.00249563 0.00314509 -0 -0 0.00227461 0.00784866 0.00101553 0.0130357 -4.99258e-06 2.96727e-06 2.67855e-06 -0 -0 1.88055e-06 0.00356154 8.4749e-06 -0.00136433 0.018489 -0 -7.00252e-06 0.0059836 0.035902 -0 0.00317139 0.000403949 -0 0.0134706 1.87154e-06 6.031e-06 -0 -0 0.00517954 7.29305e-06 -6.72465e-06 -0 -0 -0 0.010923 -1.46647e-06 -0 1.9181e-06 0.000490215 -0 -0
0.0496521 0.0566838 0.00231715 0.000448279 0.142194 -0.00327087 0.0102303 0.00370487 0.00608511 0 0.0513255 0.0807194 0.0480874 0.0130368 0.028236 0.0252402 0.0014023 0.00162311 1.62564e-05 0.0667976 0.0008338 0.0210247 9.62783e-06 0.00036692 0.00340311 0.00739814 0.00131695 -0.00214353 0.0178086 -0.00686148 1.20885e-05 0.00204906 0.000671998 -0.0076626 7.24161e-06 0.0173154 0.00123614 0.00382472 0.000495345 -0.00173957 0.00115876 -1.65335e-05 -0 0.000787734 0.00785665 0.000695573 -0.017587 0.0010544 0.0169454 0.00285272 2.24651e-05 -0 0.00692289 2.3402e-05 0.00246935 -0 0.00106442 -0 0.000804111 0.0311347 0.024871 0.0147746 -0 -0 0.00202939 -0.00135192 0.0305756 0.00326344 0.0222631 0.000303448 1.3254e-05 -0 0.00175898 2.4686e-05 -0 0.00222951 -0 2.94226e-05 -0 -0 0.00255869 0.00310111 0.0191047 0.00423669 1.32569e-05 0.000455024 -0 0.0018995 1.08827e-05 0.0369819 -0 0.00966977 0.00165277 0.0234077 -0.00601533 -0.000715214 0.0199214 -0 -0 2.02029e-05 1.99966e-05 0.0198588 -0 -0 0.00223448 -0.0112001 0.00158468 0.00244729 -0.00418601 0.00978727 -0.00389705 0.0135207 -0.023483 -0.0137828 0.00289157 9.17053e-06 0.00486714 0.028622 -0 -0 0.00950677 -0 -0 -0 -0 0.000996512 -0 -0 -0 0.00211718 0.0265305 -0 0.00164531 -0 0.000859455 -0 3.90667e-05 -0 0.00369113 -0.00177482 1.41832e-05 0.000535716 -0 1.88196e-05 -0.00533036 -0 -0 0.0042669 -0 -0 0.00460867 -0 -0 4.30403e-05 -0 -0 0.00195422 0.0186474 0.00285989 0.00867299 -0 -0 0.000537188 -0 -0 -0 -0 0.000500803 1.28883e-05 1.83915e-05 1.10396e-05 1.78739e-05 0.000714313 -0 -0 3.04742e-05 -0 -0 0.0103411 -0 0.0141779 -0 -0 -0 -0 -0 -0 -0 0.00511575 -0 -0 -0 -0 -0 -0 -0 -0 -0 -0 -0 0.00413319 -0 -0 -0 -0 -0 -0 -0 -0 -0 -0 -0 -0 -0 -0 -0
0.0463716 0.0476071 0.0051115 0.0103178 0.0322161 0.00422755 9.34686e-06 -0.00058672 -0.048187 0.0513255 0 0.0268851 0.0600846 0.21098 -0.0707604 0.0538716 0.00322708 -0.0084027 1.73547e-05 0.114888 -0.0131023 -0.0631535 -0 3.14432e-05 -0.0137645 0.0238772 0.00127064 0.00397796 -0.00193025 -0 -0.00874999 0.00401309 1.14347e-05 -0.0164435 4.04674e-06 0.0431684 0.00298089 0.00958678 0.00224895 0.00120884 0.0207935 -0.00514683 2.86015e-05 0.003553 0.00788925 -0.00998721 -0.00961972 -0.0175194 0.0238733 0.00553367 2.63333e-05 -0 0.00970892 2.81168e-05 -0.00385983 -0 0.00324177 0.00298379 2.61148e-05 0.0322603 0.00987985 0.00329313 0.000222297 -0 0.00496822 1.4762e-05 0.0110008 0.00417679 -0.0495789 0.00375304 0.0287204 2.40214e-05 0.00348723 0.00255248 0.0246983 0.0034181 -0 -0 0.0141097 -0 0.00263109 0.0129397 0.0328145 0.00704117 1.26843e-05 0.00263445 2.59735e-05 1.66239e-05 -0.0199453 0.01001 1.12178e-05 0.0284787 0.00139633 -0 0.00616151 2.87098e-05 -0.0276127 -0.0156217 -0 2.28233e-05 2.25666e-05 0.0215645 -0 2.45124e-05 0.0012169 0.00359506 -0.00730378 0.00489018 0.00534529 -0.0114523 -0.0117422 2.70068e-05 0.00175733 0.00383498 -0 -0 0.000629749 0.0251568 2.57689e-05 -0 0.00243308 -0 0.00121913 -0.0150847 0.0260597 0.00183087 0.00181993 -0 -0 0.00323497 0.00341355 -0 0.0063352 0.00279398 0.00281912 -0.000967333 -0 0.00564579 6.43999e-06 0.000693402 -0 0.00279472 0.00139713 -0.0261533 0.381443 -0 -2.02903e-05 0.0360302 -0 -0.00817122 0.00114255 -0 -0 0.00022112 -0 -0 0.00164723 0.00923369 0.00274101 0.00534297 -0 -0 -0 2.42186e-05 -0.0116062 -0.00830363 -0 0.00246651 -0 1.975e-05 -0.0336566 -0.0134046 0.000562961 -0 0.00518092 -0 -0 -0 -0 1.65667e-05 0.00237968 2.35302e-05 2.36688e-05 -0 -0 -0 -0 0.000790787 0.0167828 -0 -0 -0 1.83615e-05 -0 -0 -0 0.00131112 -0 1.4975e-05 -0 7.22995e-05 -0 -0 -0 -0 -0 -0 -0 2.27376e-05 -0 -0 -0 -0 -0 -0 -0
0.0972026 0.132102 0.00307852 -0.0373975 0.0754644 0.0042165 -0.00353036 0.00192796 0.00381048 0.0807194 0.0268851 0 0.0855545 0.033213 0.0754386 0.0466464 0.0114867 -0.0168885 0.00133968 0.0288416 -0.00196256 0.0688984 0.00458356 -0 0.00610284 7.31551e-06 0.00177299 -0.0128401 0.026014 0.00518977 6.07262e-06 0.00077592 1.05947e-05 -0.00788475 0.00391717 -0.0119361 0.0026647 0.0104786 -0 0.00225236 0.000389763 -0 -0 0.00596105 0.00320469 0.000539586 0.00162135 -0 0.0209216 0.00293091 1.66842e-05 -0 0.0261311 -0 -0.00288952 -0 -0.0140211 -0 -0.00607138 0.03278 -0.0141771 0.0144004 -0 -0 0.00215632 -0.0205374 0.0551563 0.00338464 0.0107375 -0 6.64658e-06 -0.0135751 -0.00681546 -0.00274079 -0 -0.00413481 -0 9.75122e-06 -0 -0 0.00261518 0.00419667 0.0189841 0.00266502 1.15197e-05 -0.00521094 -0 0.000995211 1.0197e-05 0.0234203 -0 0.0105031 -0 0.0136106 0.00690808 1.74599e-05 0.0209777 1.55722e-05 1.24282e-05 1.55647e-05 -0 0.0271902 -0 -0.00485071 0.00076672 -0 0.00142522 -0 0.00206801 0.00639802 -0 0.00167203 0.00225854 0.00117222 0.0047161 0.00187964 0.00118458 0.0192683 -0 -0 0.001763 -0 1.16361e-05 9.55351e-06 -0 0.000752617 0.000158956 -0 1.30311e-05 0.00122854 0.0330292 -0 0.000881976 -0 0.000871872 0.0214789 0.00245187 -0 0.0140738 0.00148725 1.22198e-05 -0 -0 0.000641287 0.00575289 0.000967196 0.0328658 -0 -0 -0 0.00959273 0.000364211 -0.00190192 0.000979865 -0 -0 0.00178082 0.0147513 0.00199704 0.0240361 -0 -0 0.0109741 -0 -0 -0 1.08359e-05 0.000444861 1.15171e-05 1.47896e-05 1.03351e-05 -0 0.000417085 -0 0.00185312 0.00621283 -0 -0 0.008315 1.34681e-05 0.00375143 -0 -0 -0 -0 -0 -0 -0 0.00395873 -0 -0 -0 -0 1.02985e-05 -0 -0 -0 -0 1.2907e-05 -0 0.000795777 -0 -0 -0 -0 -0 -0 -0 -0 9.93273e-06 -0 -0 -0 -0 -0 -0
0.0517486 0.051565 0.00203928 -0.00286247 0.0271109 -0.00727616 0.00839543 0.00341411 0.0208899 0.0480874 0.0600846 0.0855545 0 0.0985693 0.0348611 0.049177 -0 -0.015579 -0.00542969 0.045906 -0.0052499 0.0626685 0.0145875 -0 -0.00375508 7.77325e-06 -0 0.00234313 0.046312 0.0102874 -0.00895597 1.54017e-05 0.000403552 -0.00816035 0.00790814 0.0196462 0.00081767 0.00266641 -0 -0.00126772 0.00174185 -0 -0.0258865 0.00474236 0.00101629 -0.00973559 1.38405e-05 -0.00075321 0.0189015 -0.0136558 0.000951044 -0 0.0333893 1.94372e-05 0.00760895 1.35203e-05 -0 -0 -0 0.0311735 0.021828 0.0292112 0.00395126 8.16673e-06 -0.00392617 -0.000960782 0.0256345 -0.010018 0.0552877 -0 6.83574e-06 -0 1.80786e-05 0.000636233 0.0018651 0.00424911 -0 0.0046236 0.00130347 -0 -0.0100516 -0 0.0253615 0.00459072 -0.00144262 1.99633e-05 -0 0.00622043 0.000668934 0.0932171 0.000155087 0.0280662 -0.00358465 0.0164539 0.00222107 0.00273988 0.0166076 1.79867e-05 0.000846056 1.79903e-05 0.000787527 0.0121049 -0 -0.0090036 0.0147658 -0 1.94535e-05 0.0013649 -0.0135852 0.0272494 -0 0.0171307 0.000990693 0.000339711 0.00290348 0.0069923 0.00536612 0.0162521 -0 0.000856 0.0109947 -0 -0 -0 0.000423273 -0.00942831 -0.00114352 -0 1.52711e-05 0.000873241 0.0636144 -0 1.67595e-05 0.00767898 0.000594877 -0 0.00465802 -0 0.0118966 0.00305579 0.00230147 -0 -0 -0.00172091 0.00649141 0.000618436 -0 0.00399065 -0 1.90148e-05 0.0465241 0.0115269 0.000504154 0.00436181 -0 -0 0.00250053 0.014717 0.00202302 0.0445373 -0 -0 0.00387363 -0 1.88496e-05 -0 0.000513741 0.00254472 0.000500087 0.0022986 0.00010858 1.57751e-05 -0 0.000701076 -0 0.00481631 -0 9.46909e-05 0.00373938 0.00140435 0.008758 -0 -0 -0 -0 -0 -0 1.835e-05 -0 0.00232364 -0 -0 1.50554e-05 0.00183888 -0 1.56975e-05 -0 -0 0.00212365 -0 0.0065471 -0 -0 -0 1.01466e-05 -0 -0 -0 -0 0.00256536 -0 -0 -0 0.000861883 -0 -0
0.0416633 0.0558872 0.00571707 0.000662584 0.0441703 0.0013323 0.00137375 0.0082489 8.86085e-06 0.0130368 0.21098 0.033213 0.0985693 0 -0.296982 0.0323795 0.00246244 -0.0057339 0.00718295 0.0246659 -0.00362263 0.0283643 0.00461914 -0.0199743 0.00571478 0.00552025 0.000286826 -0.00914614 0.0107164 -0 -0.00559848 0.00306251 -0.0228373 -0.0040908 0.00901391 0.0438102 0.00306416 0.0188221 0.000644125 -0.0124039 0.00488214 0.0224342 -0.00600761 0.0203829 0.00904878 0.00040144 0.00626224 0.00473382 0.055609 0.00593069 0.00415986 0.00349995 0.0473203 -0.0035999 0.0130935 -0 0.00424388 0.0103561 0.00209704 0.0527832 0.00988748 0.0689715 0.00112449 -0 0.00517678 0.0071807 0.0255521 0.00232784 -0.0355064 0.00408155 -0 2.45034e-05 0.00533345 0.00378234 0.0252104 0.0101775 -0 -0.0210176 0.0299341 -0 0.00213635 0.0173164 0.0223861 0.00746083 -0.000943842 0.000199059 -0 -0.000767631 1.31402e-05 -0.0188201 1.36522e-05 0.0702738 -0.00260379 0.00358428 0.00570037 0.00249369 0.00279429 2.63899e-05 0.000683478 2.59763e-05 2.56216e-05 0.0145496 -0 0.00133689 0.0029133 -0.00416142 0.00420968 0.00530088 0.00596135 0.00932295 -0.000505185 0.00395401 -0.0272941 0.00470734 0.00700857 0.0258105 -0.00833535 0.0180485 0.0012549 1.0397e-05 0.0102433 -0 0.00201027 1.3787e-05 0.0243236 0.00285835 0.00210299 -0 2.02635e-05 0.0065542 0.0217796 -0 0.00408695 0.0169092 -0.0037982 -2.2177e-05 -0 -0 0.018776 0.00268163 0.00261537 0.000832256 0.00027052 -0.00251223 0.04927 0.00501731 -2.01606e-05 0.0310423 -0 -0.00216762 0.00163976 -0 -0 -0 -0 -0 0.00158056 -0 0.001271 0.00909046 -0 -0 0.0013246 -0 0.00171019 -0 1.45868e-05 0.00193885 -0.00194182 -0.00349208 1.34009e-05 0.00229449 -0.0110016 0.0018352 0.013116 -0 0.00149977 0.0014333 0.000394001 2.02544e-05 -0 2.38491e-05 -0 -0 -0 -0 -0 0.00167307 -0 -0 -0 -0 2.13685e-05 1.33641e-05 -0 2.28014e-05 0.000621245 9.71536e-05 0.00111716 -0 0.00689985 -0 -0 2.16202e-05 0.000261366 -0 -0 -0 -0 1.2867e-05 -0 -0 -0 -0 -0 -0
0.0526993 0.0444362 0.00210819 0.000606596 0.103585 -0 -0.0552258 0.0226573 0.0682397 0.028236 -0.0707604 0.0754386 0.0348611 -0.296982 0 3.61042e-06 0.0102308 -0 -0.0079479 -0.0620301 0.00369566 0.0245052 0.0265042 -0 0.00155857 -0 0.0197206 8.64213e-06 0.0690973 -0.023537 0.0342761 0.0196703 -0.00332153 -0.00315889 -0 0.0199647 0.0061136 0.016499 -0 0.002459 -0 0.0479788 -0.0141717 0.012543 0.00685356 -0 0.00217614 -0.00344568 -0.00111705 0.00712048 -0.0065085 -0 0.0556025 -0 -0 -0 0.000162837 -0.00226525 -0 0.0343301 0.0406189 -0.00730102 0.00375027 -0.000343781 0.00291037 -0.000405058 0.00660508 0.00146737 0.0871057 -0.00842436 0.00296091 -0 -0 1.03902e-05 -0.0214231 -0 -0 -0 -0.0160064 -0 0.0149709 0.0623451 0.00162148 6.11368e-05 -0.00836313 -0 0.000245866 -0.000241896 -0 0.0284763 -0 -0 -0 0.000383418 0.000809266 5.82304e-06 0.033702 -0.00109432 -0.00543063 -0.000709149 -0.000163711 0.0239452 -0 -0 -0 8.01224e-05 -0 -0 -0 -0 -0 0.000119677 9.9453e-06 0.00552163 0.0273276 -0 -0 0.0490437 -0 -0.000344827 -0 -0 0.00522247 -0.000209996 -0.0199507 -0 -0 -0 -0.000352134 -0 0.00717179 -0 0.0128274 -0 0.0064621 -0 -0 -0 -0 -0 -0.0124356 -0 -0 5.96802e-06 -0.0026448 -0 -0 -0 -0 -0 -0 -0 -0.000708312 0.00232077 -0 -0 -0 0.0335279 -0 -0 -0 -0.0118095 0.000145175 0.000230902 -0 -0 -0 0.0154435 -0.00826755 -0.000919363 -0.000974696 -0 -0 -0.00717497 0.000358141 0.00270411 -0.00034787 -0 0.000700854 -0.000793324 0.00542092 4.96654e-05 0.000247259 0.0047052 -0 -0 -0 -0 0.0083381 -0 -0 0.0206224 -0 -0 -0 -0 -0 -0 -7.90509e-05 0.000813478 -0 -0 -0 -0 -0 0.00349227 0.00185863 -0 -0 -9.16902e-05 -0 -0 0.00372456 -0 -0 -0
0.00984731 0.0658994 0.00761326 -0.0142409 0.0162968 0.00232515 0.00651233 0.0188059 0.00690926 0.0252402 0.0538716 0.0466464 0.049177 0.0323795 3.61042e-06 0 -0 0.0247351 0.0265072 0.0428956 0.0116009 0.0984195 0.0170179 -0.00317188 0.00044419 0.0214955 -0.00586428 0.0169617 0.134694 -0.0218797 -0.00361117 -0.00907466 -0.0259399 0.0355686 0.0169762 0.0373329 0.00570148 -0.0005269 -0.0364662 -0.00366711 0.00385271 -0.000764112 -0.00860438 0.00444116 -0.0013005 0.00203864 -0.0353359 -0.0161775 0.0105337 0.00932438 0.00522185 -0.0235547 0.0183856 0.00656946 0.0185705 0.00245295 0.0059056 0.00353819 0.00411448 0.0137401 0.00103761 0.14157 0.00496179 -0.0131583 0.00792126 0.0266244 0.0244081 0.0108648 0.0745486 0.00563762 1.10168e-05 0.00132492 0.000412573 -0.00329026 0.00154645 0.0126244 -0 0.0121563 0.00272404 -0 -0.00279313 -0.00654024 -0.0135035 0.00748717 0.00706516 0.00723823 -0 0.00211952 0.0073875 0.0303794 0.0139798 0.0151866 -0.00879804 0.0141393 -0.0130248 -0.00438129 0.009888 0.00548322 -0.0124241 -0.00601152 0.0176114 0.00982069 -0 -0.00292543 0.0193899 -0.00668195 0.00668468 0.00591804 0.00285938 0.0388828 -0.000973606 0.03144 0.0106795 0.00160193 -0 0.0131133 0.00827525 -0.012676 -0.0202026 0.00690786 0.0355921 -0 -0 0.00209572 0.000372243 0.000276583 0.00310533 1.40605e-05 0.00418471 0.00799941 0.108569 -0 -0.025406 0.01408 -0.000742524 -0.000665251 0.0146372 -0.012484 0.00798142 0.0130744 0.00700838 -1.02718e-05 -0 -0.0287871 0.0122981 0.00301551 -0 0.00327304 0.0027785 0.0085506 0.0206641 -0.0963327 -0 0.00695885 -0 -0 0.0135687 -0.0149048 0.00511055 0.0321885 -0 -0 0.0096353 -0 -0.0239713 -0.0066066 0.00452463 0.00680258 -0.00739215 -0.00315916 -0.0144951 0.00321098 0.00463595 0.00126741 -0 0.00466322 -0.00530961 0.006502 0.00966414 0.00856581 -0.00011408 -0 -0 -0 -0 -0 0.000201704 0.00333639 -0.00311163 0.00584103 -0 -0.00236985 0.00173691 0.00662902 -0 0.0035519 0.00105191 -0.000663567 -0.00301233 -0 0.017483 -0 -0 0.00369353 1.30826e-05 -0.000714159 -0 -0 -0 0.00387447 -0 -0 -0 0.00189993 -0 -0
0.00312037 0.00260562 0.026423 0.0277912 0.013402 0.00648382 -0 0.0110465 2.40263e-06 0.0014023 0.00322708 0.0114867 -0 0.00246244 0.0102308 -0 0 0.00830369 3.15448e-05 0.000254211 0.00878542 1.11853e-06 2.72843e-05 0.00536004 0.00597574 0.0155693 0.0832659 -0.0430225 -0 -0 0.0247028 0.0488287 -0.0181156 -0.00671141 -1.27062e-06 0.00881124 0.0160051 0.00782152 0.0693075 0.0261652 -0 -0.0384189 0.000408233 -0 0.00782504 0.0597809 0.0285119 0.0200203 -0 0.00812175 5.21294e-05 3.58362e-05 0.00323572 0.000685901 -0 -0 0.0206527 -0 0.0126908 0.00461772 0.0141457 -0 -0 3.54521e-05 0.0112377 -0 1.02045e-06 0.0316943 -0 0.00316757 0.0168589 0.00690278 0.0368774 0.00467499 -0 -0.00595371 -0 -0.0155102 -0 -0 0.0253605 0.0548807 0.00627839 0.0208274 -0.0242478 0.00132803 0.0218087 -0 -0.00425818 0.000548525 -0 0.00186519 0.0152113 -0 0.00601883 0.000128538 0.00102817 4.5608e-05 -0 4.3948e-05 4.35679e-05 0.0172006 0.000395356 0.0067886 -0 0.014976 0.00480783 0.0125598 0.0230024 -0 -0 -0 0.0043072 0.0235921 -0 -0 2.1242e-05 0.0149994 0.00167862 4.08254e-05 -0.00362572 -0 0.00502967 -0 -0 0.0126475 0.0249046 -0 -0 0.00483692 8.36059e-05 0.0020686 0.0104558 -0 0.0099224 -0.0103604 -1.13933e-05 0.0198996 -0 0.0017006 -0.0162944 0.0267206 0.00110959 0.000793001 -0 -0 -0.0108239 -0 -0 5.23665e-05 -0 -0 -0 0.000124466 -0 -0 0.00408021 0.0213098 0.00461743 -0.00557965 0.000254134 -0 -0 0.00182446 0.00238699 0.000637973 -0.00974565 -0 -0 -0 -0.00930108 4.00054e-05 0.00361518 -0 0.0309382 -0 5.15308e-05 0.00015368 -0 -0 0.0239087 0.00462354 0.00532052 0.00278572 -0.000461575 0.0138188 -0 0.00162801 0.0375653 -0 -0 0.00695478 3.51092e-05 -0.0128371 -0.00595621 -0 0.000432635 0.0078687 -0 0.00173909 -0 0.00485025 0.00179171 3.61329e-05 -0 0.0135107 -0 0.00806214 0.00805371 -0.00464238 -0.00595368 0.00249774 -0 -0 -0 -0
0.00181248 0.017536 0.0170409 0.0233468 0.000330862 0.0564593 2.18568e-05 0.0149467 0.011194 0.00162311 -0.0084027 -0.0168885 -0.015579 -0.0057339 -0 0.0247351 0.00830369 0 0.0232619 -0.0400119 0.0164808 -0.0140492 2.82568e-05 0.031583 -0.0151402 0.0771035 0.00812984 0.0846743 0.0072862 2.09404e-05 0.0274635 0.0305479 0.00596939 0.0261918 0.0112822 0.0131554 0.0242159 -0.0183063 0.0494753 0.0125701 -0.00279956 -0.00364888 0.024151 0.000330756 0.0120444 0.0204742 -0.00542371 0.0258322 0.00148571 0.0491535 0.0102035 0.00921402 -0.0198391 0.0194568 0.0188932 0.005595 0.016714 0.000913578 0.0219958 0.00136536 0.0128858 0.0105262 -0 0.00161542 0.0192339 0.0186919 -0.00554537 0.0575711 0.00701244 0.0300266 0.0125203 0.00888097 0.0156171 0.0100137 2.35008e-05 0.0101928 2.60718e-05 0.00827007 2.09015e-05 -0 0.0096387 -0.0050719 0.000759556 0.0115726 0.0117222 0.0141844 0.00499996 0.01529 0.012266 0.00234414 0.00435672 8.23533e-06 0.0182753 -0 -0.0355013 0.0196008 -0 0.00965584 0.00794327 0.00934351 0.0118214 -0.0105798 0.00590646 0.0234846 0.00185255 0.0167039 0.0110854 0.0203398 0.0109144 0.0104411 -0 0.00257744 0.0177143 -0.00674709 -0.000101123 0.001828 0.0021383 -0.00491743 0.0228683 0.00053481 -0 -0 0.00375783 -0.00413056 2.28156e-05 0.0144699 0.0337704 0.000459418 0.00618853 0.0161148 -0.00642337 0.000947503 -0.00226741 0.000945019 0.0106514 -0.00311553 -0 0.00123412 -0 0.0177188 -0.00698937 0.0139166 0.00145902 0.0100315 -0 -0.0498911 -0.00148903 3.65233e-05 0.00202595 0.0151884 -0 0.00235764 2.44632e-05 0.000450786 -0 -0 0.0346429 -0.00682446 0.0151388 -0.0139721 0.00145853 -0 -0 0.00262515 0.00324805 0.0110408 -0.00371823 2.5035e-05 -0.0129345 0.00929241 -0.00341739 0.00542646 0.00995918 2.63331e-05 -0.0187385 -0 0.00693682 0.00717677 -0 0.00867998 -0.00255764 0.00437691 0.00115139 -0.0102964 -0 0.00280344 0.00369247 0.00822638 -0.00312991 -0 -2.71855e-05 -0.00912457 0.00333166 0.00376391 -4.0518e-05 0.00676317 0.00577607 5.21831e-05 -0.00117105 0.00429509 -0 0.000822373 3.7908e-05 0.00373098 8.96111e-05 -0.00352851 -0 0.000415256 0.00035364 0.00325342 -0.000546744 0.00365902 3.65877e-05 -0 -0 -0
2.0035e-05 -0.0132753 -0.000823906 -0.0197099 -0.00697298 0.0254879 -0.0544606 0.0110618 0.0129605 1.62564e-05 1.73547e-05 0.00133968 -0.00542969 0.00718295 -0.0079479 0.0265072 3.15448e-05 0.0232619 0 -0.0207322 0.0183149 0.0112942 -0.0160135 -0.010705 -0.0131848 0.020232 3.39719e-05 0.0251822 0.0115186 -0.0217952 -0 -0.0120025 0.0452001 0.0487419 -0.0286762 -1.02081e-06 0.0065907 -0.00658262 -0.0154975 -0.00277719 0.00331022 0.0318346 0.0406796 -0 0.00453763 -0.00825075 3.13395e-05 -0.0169415 -0.00489302 0.0182003 0.0257633 0.00682424 0.0077869 0.0475579 0.0381427 0.0158268 0.003746 0.00575959 0.0110784 1.90995e-05 -0.0296553 0.0223496 -0 -0.00963547 0.00567095 0.0595515 0.00163744 0.0041952 -0.0025229 -0.0470778 2.11121e-05 0.0017305 -0.0044981 0.00154342 0.00379297 0.0314891 0.0045323 0.00229619 0.00276351 0.011295 -0.0142028 -0.0293613 -0 0.0019637 0.0607845 0.0214537 2.90982e-05 0.0390216 0.0346291 -0.00823278 0.0111799 0.0151598 -0.00683097 0.00209973 -0.00561222 0.0258082 -0.00462067 0.0364468 -0.0503081 0.0361392 0.0742388 -0.0327525 -0 0.0063948 0.0086101 -0.0205861 0.0159559 -0.00286763 -0.00390286 0.0238845 -0 0.00861791 0.0225849 -0.00720536 -0 0.0208845 0.0126557 -0.0215212 0.012913 0.0638044 0.00760197 -0 0.00521962 0.0193096 0.00174975 -0.0122131 -0.00887699 0.0139491 0.0242481 0.0138576 0.010367 -0 -0.00344903 0.0337262 0.0122894 -0 -7.11608e-07 2.72373e-05 0.00477287 0.0513461 0.0399245 -0.00777443 0.0002389 -0.00976533 -0 0.024334 -2.28956e-05 0.00235516 0.00899303 0.0348392 0.00320548 0.0168834 -0.00429853 0.00494888 -0 0.00198292 0.00977619 -0.0240717 0.00835049 0.010947 0.00031871 0.00333544 -0 0.000582648 0.0166965 0.0231101 0.0215723 0.00672077 0.0460346 0.025666 0.0334467 0.065248 -0.0245899 0.00955163 -0 -0 0.0202799 0.0425483 -0 0.0421742 -0.0304772 2.73055e-05 2.73831e-05 -0.0164115 -0 2.83151e-05 0.0122197 0.0102313 -0.0204098 3.27548e-06 -0 -0.00889298 0.0206004 0.000140519 -0 0.010841 0.00860885 -0 0.022196 -0 0.00320565 2.58839e-05 -0 0.0148686 0.00783319 -0.00899338 -0 2.63575e-05 2.64134e-05 0.00352883 -0 -0 -0 2.31282e-06 -0 -0
0.0722497 0.0329729 -0.0014265 -0.0211523 0.0104454 -0.00130807 0.0832508 0.00596087 0.0100552 0.0667976 0.114888 0.0288416 0.045906 0.0246659 -0.0620301 0.0428956 0.000254211 -0.0400119 -0.0207322 0 0.00866436 0.0187114 0.0417821 -0.00352919 -0.000968941 0.0179767 -0 0.00841573 0.00279969 0.00497988 -0.0266774 -0 0.00791165 0.00895698 0.00711814 -0.0360193 0.000601948 0.00744429 -0.00190802 0.00117418 0.0404123 -0.000132717 0.000258311 -0 -0.000633609 0.00160784 -0.00257587 -0.0122124 0.0546556 -0.00395548 0.00759725 0.00304195 0.00503687 -0.0362052 0.0112541 0.0030634 -0.000128409 0.0207075 0.00300182 0.0358988 0.0230347 0.0276582 -0 0.000165035 -0.00301692 -0.00973293 0.0478097 -0.020636 0.0248349 0.00466798 1.00539e-05 0.000889952 0.00466739 0.00219492 0.0356923 0.00745097 0.00332328 -0.00376074 0.0436669 -0 -0 -0 0.0345271 0.00511419 0.00323949 -0.0014401 -0 -0.00199478 0.00321206 -0.00481119 0.000770057 0.0333996 -0.00405459 0.0115971 -0.00810494 -0.00178791 0.0100563 0.00346997 0.00473576 2.03154e-05 0.0036821 0.0189118 -0 1.50021e-05 0.00442582 -0.0156681 0.00322328 0.00810084 0.00353853 0.023943 -0 0.0540382 -0.00347555 -0 -0 0.00170453 0.011963 0.00420004 0.000188655 0.00460384 0.0190839 -0 -0 -0 0.026864 0.00244268 -0.000384541 -0 0.0022067 -0.0235446 0.0193104 -0 -0.0178678 0.000959164 -0.0133446 -0 0.0108556 -0 0.0163223 0.0061435 0.00465211 0.00291678 0.000453035 0.00428194 0.0188108 1.67539e-05 -0 0.0262301 9.65179e-06 0.0020755 0.0246767 0.0007708 0.00132654 -0 -0 -0 0.00463762 -0 0.00382418 0.0146394 -0 0.00157288 -0.0686261 0.000419386 0.0019861 -0 0.00199912 0.00267474 0.00233307 0.00175151 -0.00561034 1.80192e-05 -0.00275917 0.0357149 -0 -0 0.000101652 -0.00208835 0.00398029 0.00400524 -0 -0 -0 -0 -0 -0 -0 0.000910327 -0 0.000991775 -0 -0 1.69087e-05 0.00303295 -0 0.00263535 0.00088917 -0 0.00348479 -0 0.00421891 -0 -0 8.10519e-05 1.13241e-05 -0 -0 -0 -0 0.00411672 -0 -0 -0 -0 -0 -0
