0.787326 -0.0799612 -0.00388652 -0.00144622 -0.066971 -0.0100609 0.0176451 -0.00368982 0 -0.0425949 -0.0349763 -0.0790701 -0.0152619 -0.0115966 -0.0207412 -0.00324976 0 0.00824761 0 -0.0183512 -0.0015988 -0.0216425 0.00369391 0 -0.00432713 0 -0.000181062 0 -0.0149735 0.0141642 0 -0.000338611 0 0 0 -0.0135454 0 -0.00357417 0 -0.000377043 0 0.000445596 0 0 -0.00169577 0 -0.0042728 0 -0.0116923 -0.00319713 -1.36652e-07 0 -0.0301423 0 0 0 -0.000529498 0 0.00627771 -0.0690217 -0.0219502 -0.00659371 0 0 0.00111734 0 -0.0111155 -0.00121176 -0.0104178 -0.00107676 0 0 0 -0.00209776 0 -0.00242121 0 0 0 0 -0.00483802 0.00119654 -0.0807137 -0.00369034 -8.72019e-08 -0.000270705 0 0 0 -0.0120543 0 -0.0107523 0 -0.00328807 -0.00383424 0 0.00126446 0 0 -2.32044e-07 0 -0.019039 0 0 -0.00200618 -0.00128406 -0.000734943 0 -0.00540934 -0.00282528 0.00683829 -0.00110072 -0.00153095 -0.00297836 0 0 -0.00542599 -0.027264 0 0 -0.000365732 0 -0.000675588 0 0 0 -0.00154323 0 0 -0.00152589 -0.0222193 0.00102133 -0.00797517 0 -0.00376868 0.000319327 0 0 -0.000318292 0 0 0 0 0 -0.000375547 0 0 -3.35805e-05 0 0 -0.00170263 0 0.0054281 -0.000277477 0 0 -0.00424771 -0.011326 -0.00159622 -0.00285356 0 0.00528477 -0.00327301 0 0 0 0 0 0 0 0 0 -0.00136357 0 0 -0.00643987 0 -0.000278412 -0.00260161 0 -0.0186834 0 0 -0.00797522 0 0 0 0 -0.007861 0 0 0 0 0 0 0 0 0 0 0 -0.000367947 0 0 0 0 0 0 0 0 0 0 0 0 0 0 0
-0.0799612 0.664187 -0.00377573 0 -0.0456181 0.00327614 0.0263059 -0.00239394 -0.000559676 -0.0500735 -0.0212678 -0.0667762 -0.0342825 -0.0188737 -0.0303795 -0.0248414 0 -0.000966879 -6.80575e-05 -0.0273678 -0.00212049 -0.0316197 0.0191155 0 -0.00539867 -0.00614166 0 -0.00165544 -0.0208252 0.0204393 0 0 -0.00112873 -0.0034637 -0.000249517 -0.0208951 -0.000643285 0.00253953 0 -0.00100034 0 0.000305616 0 -0.000411534 0 0 -0.00207159 0.00146237 -0.0209983 -0.00172716 0 0 -0.00923194 0 -0.00132085 -0.000308452 -0.00140436 0 0 -0.00473867 0.0062852 -0.0237264 0 0 0.00306972 0.00609817 -0.023123 -0.00238052 -0.0240308 -0.00110863 0 0 0.0119645 -0.000762404 0 -0.00474277 0 0.000677175 0 0 -0.00239662 0.0083478 -0.0198204 -0.00402877 0 -0.00155673 0 -0.00250887 0 -0.0280278 0 -0.0026459 -0.00188177 -0.0133202 -0.003819 0.00101268 -0.00874915 0 0 0 0 -0.0298263 0 0 -0.00600031 -0.000468928 -0.000965766 0 -0.00275278 -0.0113363 0.00155082 -0.00167891 -0.00493903 -0.0019787 0.013945 0 -0.00403915 -0.011554 0 0 -0.00872237 0 0 0 0 0 -0.000691416 0 0 -0.00144808 -0.0154544 0 -0.0027774 0 -0.00223018 0 -0.00288717 -1.95669e-07 -0.00570356 0.00028442 0 0 0 -0.00169542 0.00586582 0 0 0 -0.000132268 0 -0.0055155 -0.000199289 0.0112357 -0.00142443 0 0 -0.00319555 -0.00156273 -0.00196496 -0.0171826 0 0.00751071 -0.00765487 0 -0.000543801 0 0 -0.000476909 0 -0.000300049 0 0 -0.000795741 0 0 -0.052153 0 -0.000794737 -0.00662406 0 -0.0109885 0 0 -0.00379477 0 0 0 0 -0.00541568 0 0 0 0 0 0 0 0 0 0 0 -0.00781552 0 0 0 0 0 -0.000257572 0.00348001 0.0113146 0 0 0 0 -0.000297609 0 0
-0.00388652 -0.00377573 0.721557 -0.0204994 -0.00651133 -0.0752444 -0.00243431 -0.0303099 0 0.00881089 -0.00391177 -4.5644e-05 0.0023729 0.0091273 0 -0.0094052 -0.0109006 -0.0139972 0.022472 -0.00330551 -0.0123848 -0.00174858 -0.0025098 -0.0119165 -0.0155919 -0.00953702 -0.00771578 -0.00765753 -0.00418721 0.000105748 -0.00124294 -0.0141735 0.0113662 -0.0126708 -0.00384488 -0.000918934 -0.0119395 -0.0254648 -0.0234804 -0.0206504 -0.000915823 0.0113336 -0.013683 0 -0.00623448 -0.0092462 -0.0131649 -0.013732 0.000980021 -0.00263137 0.00329364 -0.00116006 -0.00673401 -0.000352283 0.00135129 -0.00206339 -0.011547 -0.000317254 -0.00646398 -0.00093476 0 -0.00574362 0 -0.0029508 -0.0212885 0.00480848 0.00562887 -0.0188425 -0.0019604 -0.0109389 -0.00263034 0.00360199 -0.00827336 -0.0014395 -0.000427714 -0.00733484 -0.00182854 0.0234273 -0.000205555 0 -0.0431671 0.0185628 -0.00359502 -0.0121293 0.00445679 -0.00795351 -0.00315887 -0.00406581 -6.27815e-07 -0.00118508 -0.00169538 -0.00293779 -0.0116027 -6.14163e-05 -0.0174035 -0.00688261 0.000679137 -0.000386502 0.00178882 -0.00168269 0.000304256 -0.000429217 -0.000891909 -0.00197527 -0.00169697 -0.0180253 -0.00732848 -0.0065086 -0.0114967 -0.00396669 0.00077719 -0.000365258 -0.00944831 -0.00621656 0.00818493 0 -0.00186425 0.0014356 0.00560156 -0.0017049 -0.000271126 0 -0.00450957 0 -0.000473922 -0.0173316 -0.0260006 0 0.00342496 -0.008688 -0.00485748 -0.000447834 -0.0174758 -6.92158e-05 -0.017896 0.0046626 0 -0.00122972 0 -0.0093052 0.00556038 -0.00860495 -0.00230707 0.00134523 -0.00144993 -0.0034882 -0.000570625 -0.00132223 -0.000192984 -0.00588017 0 -0.00040595 -0.000853855 -0.000960944 0 0 -0.00623316 0.00732225 -0.00849075 0.00109747 -0.000835968 -0.00149945 0 -0.0046411 -0.00539369 0.00221463 -7.46199e-07 -0.00219347 0.0033974 -0.000954945 0 -0.00560221 -0.00736634 0 0 -0.00051269 -0.00424965 -0.00433062 0 -0.00154731 7.15058e-07 -0.00113006 -0.000724738 0 0.000978523 -0.00281023 -0.00167992 -0.00410885 -0.000986735 0 0 0.00589279 -0.00102418 -8.5776e-07 0.00335384 -0.00222918 -0.00271214 -0.00152011 0.00441376 -0.000887284 0 -0.000694345 -0.000418188 -0.00113225 -0.00152068 0.0113562 0 -0.000628782 0.000764476 0 0.00217265 -0.00250893 0 0 0 0
-0.00144622 0 -0.0204994 0.763283 -0.0104488 -0.0201949 0.0112256 -0.0157492 0.0126834 0.00809093 -0.00326116 0 0.00707433 -0.00208557 0 0.00743908 -0.0172943 -0.0180499 -7.80208e-05 0.00992974 0.0127177 0.00964395 0.0045201 -0.0124285 -0.00950456 -0.0277913 -0.00962557 -0.0134926 0 -0.00104813 -0.0165909 -0.046814 -1.31059e-06 0.00284706 0 0 -0.0116103 -0.0510771 -0.0263871 -0.0154233 -0.000291118 0.013629 0.00430147 0.00261029 -0.0136175 -0.0106973 -0.0767862 -0.014995 -0.000564265 -0.0166271 0.00733087 -0.00071767 -0.00137724 -0.00531661 0.0212022 -0.00220395 -0.0114196 -0.000699399 -0.0094415 -0.000376042 0 0.0199333 0 -0.0032071 -0.0183232 0.0116196 0.00355982 -0.0198535 0 -0.0100815 -0.0227736 0.0244497 -0.0105019 -0.0212311 0 0.00570262 -0.00156183 -1.08662e-06 0 0 -0.0188122 0 -0.000485493 -0.0447777 -4.92872e-05 -0.00847464 -0.0067598 0.00584926 -1.10373e-06 0 0 -0.00291788 -0.0136561 0 -0.0101317 -0.00748017 0.0120185 -0.00297513 -1.6465e-06 0.00932791 0.016935 0 -0.000948762 -0.00924703 0 -0.23968 -0.00678147 -0.00770962 -0.0123832 0.00334652 0.000578073 0 -0.00996346 -0.0125713 0 0 0 0 0.0012698 0.0102387 0 0 -0.00677099 0 0 -0.0106015 -0.0155974 0 -1.54822e-06 -0.0111508 0.0140409 -0.00113193 -0.0184618 0 -0.0117608 0.000373089 0 0.010808 0 -0.00130167 -1.41813e-06 -0.010967 -0.001657 0.00218327 -0.00106074 -0.00108477 0.00568901 -0.00148399 0 0.020261 -5.97172e-07 0 -0.000192437 0 0 0 -0.00482345 0 -0.0163853 -9.42129e-07 -0.00104387 -0.000726801 0 -0.00258686 -0.00217066 -0.00403141 -1.22645e-06 0 -1.3145e-06 0.00628409 -1.2707e-06 -0.00221927 -0.0074779 -1.14403e-06 0 0 -0.00492147 -0.00355399 0 0.00280263 0 -0.00177151 0.00172522 0.000284191 0.00125476 -0.00671487 -0.000200523 -0.0052638 0 0.00455497 0.000428608 0.00708519 0 -1.43793e-06 0.00122696 -0.00114886 -0.00278376 -0.00307029 -1.68997e-06 -0.00509124 0 -0.000862066 -0.00141119 0 -0.000402047 0.00192243 0 -0.00269293 0.00244391 -1.19996e-06 0.00370889 -0.0100218 0 0.00923301 0 -7.09661e-05
-0.066971 -0.0456181 -0.00651133 -0.0104488 0.760807 0 0.0187284 -0.0069774 0 -0.116894 -0.00989136 -0.0424074 -0.0339013 -0.0308587 -0.0450615 -0.00759822 -0.0127328 -6.87611e-07 0.0052139 -0.0118933 -0.000104128 -0.0173025 -0.00501959 0 -0.00182652 -0.000123325 -0.00529661 0.005467 -0.00159751 0.0111787 -0.031621 -0.00138304 0.0277122 0.0105335 0 -0.00583246 -0.0014319 -0.00442126 -0.000242372 -0.000600063 0 -0.00562271 0 0 -0.00129344 0 -0.0279211 0 0 -0.000290668 0.00528631 0 -0.0128016 0.00436312 0.00853924 0 0 0 0 -0.0419759 0.00354336 -0.010091 0 0 -1.17387e-05 0.011318 -0.00946474 -0.000287703 -0.00799348 0 -0.000320334 0 0 -2.30424e-05 0 0 0 0.0104116 0 0 -0.0107074 -0.0129235 -0.0224882 -0.00552063 0.00814433 0 0 0.00309087 0.00335814 -0.020542 0 -3.94973e-05 0 -0.00540707 -0.00140867 0 0.00834438 0 0.00929537 0.000208221 0.00790809 0.00242331 0 0 0 -0.00718207 0 0.0011596 -0.00934666 0 0 0 0 -0.00239673 0 0 0 -0.0214475 0 0.00144511 0 0 -0.0235206 0.000389798 0 0 -0.00170376 0 0.00202963 0 -0.0123189 0 -0.0212031 0 -0.00974137 0 0 0 0 0.000898819 0.0094583 0 0 -5.12006e-07 -0.00215203 0 0 0 0 0 0 0 0.00506738 0 0 0 -4.49626e-05 -0.00949996 -0.000305704 0 0 0.00358976 0 0 0 0 0.0040482 0 0.00458997 0.000427283 0.00452758 0 -0.000407777 0 0 -0.00546313 0 0 -0.00159923 0.00355467 -0.0164377 0 0 -0.00872913 0 0 0 0 -0.0130279 0 0 0 0 0.00832523 0 0 0 0 0.0051896 0 0 0 0 0 0 -0.00257524 0 0 0 0.00344651 0 0 0 0 0 0
-0.0100609 0.00327614 -0.0752444 -0.0201949 0 0.755625 -0.00228964 -0.0497128 0.0129376 -0.00105246 0.00124737 0 0.00917537 0.00526732 0.00115166 -0.00860198 -0.00139228 -0.0393288 -0.0120575 -0.00299749 -0.0189149 0.00222709 0.00351828 -0.0224407 -0.0158144 -0.00291393 -0.00284532 -0.00229085 0.00424105 0.0041445 -1.22695e-06 -0.0131778 -0.00267012 -0.0363812 -0.00423388 0 -0.0140194 -0.0164962 -0.0118293 -0.00938746 -0.00284807 -0.00492928 -0.0395853 0.00605333 -0.011561 -0.00885816 -0.0125705 -0.0165895 -0.00125932 -0.0145209 -0.00763706 -0.00169699 -0.00406098 -0.00468247 0.0223126 -0.00361432 -0.0147697 -0.0017815 -0.00891451 0 0.00135574 -0.000785744 0 -0.00414609 -0.0274152 -0.0113885 0.0032751 -0.0176506 -0.000582224 -0.146873 0.0172624 0.00582732 0.00333804 -0.0109146 -0.00145215 -0.0161827 -0.00306316 0.0058083 -0.0016071 0 -0.0124248 0.0115058 -0.00146191 -0.0137348 -0.00201712 -0.0115861 0.0109269 0.0019185 0.0166142 0 -0.00212606 -0.00437221 -0.0141098 0.00228727 -0.0104604 -0.0108908 0.00869304 -0.0057043 0.00112538 0.00158754 -0.00721312 0.000355108 -0.00097598 0.0028919 -7.95637e-05 -0.0100173 -0.00866293 -0.00765861 -0.0108059 0.0148722 0.000810649 -0.00175254 -0.0128138 -0.00569203 0.00346801 0 -0.000372736 0.00668833 -0.00603045 0.00183148 -0.00217818 0 -0.00516334 -0.000755895 -0.00128824 -0.0110599 -0.0147949 -0.00225022 -0.000725554 -0.0193697 -0.00218335 0 -0.0115088 -0.000995687 -0.0140307 -0.00889858 0 -0.000146815 -0.00152217 -0.0267192 0.000443756 -0.0116398 -0.00205076 -0.000535207 -0.000743768 -0.00527749 -0.00975029 0.000255066 -0.000758184 -0.0111261 0.00197179 -0.00176076 -0.00280941 -0.00161435 0 0 -0.00781524 0.0149079 -0.00952517 -0.00118312 -0.00123264 -0.00387583 0 -0.00225008 -0.00923275 -0.0059006 -0.00161337 -0.00274226 -0.0019212 -0.00602814 -0.00157422 -0.00447005 -0.00942455 -0.00141557 0.000563714 0 -0.00807736 -0.00573751 0 -0.00570287 0.00327813 -0.00090524 0.0119864 0.00382878 0.000427744 -0.00216765 -0.00328943 -0.00663766 0.0107665 0 0 0.0160679 -0.00350188 0.00277313 0.000975989 -0.00524226 -0.00598887 -0.00154861 -0.00251506 -0.000792735 -0.0011642 -0.000462309 -7.93503e-05 -0.00356368 -0.00365323 0.0141868 0 -1.94393e-06 -2.02423e-06 0.00270677 -0.00572593 -0.00122256 0 0 0 0
0.0176451 0.0263059 -0.00243431 0.0112256 0.0187284 -0.00228964 0.658905 0.0108211 -0.000573064 0 -4.59793e-07 -0.0173895 -9.47778e-08 -0.000136427 -0.00338212 0 -0.000467437 0.0279838 0.0225739 -0.0280977 0.00441395 0.0247349 -0.281128 -0.00577514 -0.0114927 -0.00263803 -1.14038e-06 -4.75286e-07 0.0287274 -0.24555 0.000567511 -1.20627e-06 -0.00896624 -0.0282408 0.00424114 -0.00303851 -8.49983e-07 -0.00344471 -0.0028736 -1.00012e-06 -0.0125675 0.00255288 -0.0117987 0 0.000361772 -0.00216315 -1.04547e-06 -0.0070305 0.00552046 -8.46501e-07 -0.00903177 -0.0175732 0.0179329 -0.00619322 -0.00673224 -0.000679257 -0.00125604 -0.00977682 -0.00385432 0.00787998 0.0102962 0.00686642 0 -0.0346031 -0.0023835 0.00318117 0 0.0111225 5.01955e-09 -0.0051818 -8.31579e-07 -6.85443e-07 -0.00683525 -0.00307736 -0.0158397 0.00431019 -0.0139271 0.00889506 -0.0105151 0 0.0358251 0.00378648 0 -0.00188636 -0.010685 -7.56091e-07 0 0.000568547 -0.000585625 0 0 -0.00713546 -0.00508021 0 0.00511781 -0.00532576 0.00591769 -0.00962702 -0.0197501 0.0167646 -0.00766633 -8.8203e-05 -3.70583e-07 -9.09498e-07 -0.000156894 -1.20268e-06 0 -0.0148728 -0.00301495 -0.00252633 0 -0.0011019 0.051036 0 0 0 -2.58652e-07 -0.0110187 0.00526662 -0.0031497 0 0 -0.00214071 -0.00307868 -0.0106867 -0.0097638 -0.0015677 -0.00487352 -0.0126201 -0.000546406 -0.00199561 -3.03956e-07 -0.00203934 0 0.00243447 0 0 -8.09711e-07 0 -0.00553285 -0.0131569 -0.00651069 -0.00112323 0.0010784 -5.4962e-07 0 0.000297743 -0.0433371 0 -0.00356467 0 -8.69567e-08 -0.185363 0 0 0 0.000105832 -0.00424183 -0.00171196 -0.00242689 0 -0.0378972 0 -7.59958e-07 0.00539748 -0.00146846 -0.00174378 0 -0.00225963 -0.00989699 0.00266296 -3.93683e-07 -0.000974511 -0.0179625 0 0.00495942 -0.00338384 -5.26947e-07 0 -0.00839819 -0.00417091 -7.44429e-07 -7.39431e-07 0.00213916 0 -0.000395213 0 -0.00334729 -0.00618236 0 0 -0.00275347 -3.10913e-07 -0.000898476 0 -0.00433583 -0.00187828 -3.70334e-05 -0.0046441 0 0 -6.80587e-07 0 -0.00164089 0.0203783 0.00164405 0 -7.33019e-07 -7.67346e-07 -0.00076166 0 -3.14387e-07 0 0 0 0
-0.00368982 -0.00239394 -0.0303099 -0.0157492 -0.0069774 -0.0497128 0.0108211 0.560279 0 -0.00174431 -0.00244106 -0.000624279 -0.000129804 -0.00169008 -0.0067033 -0.00372409 -0.00692495 0.0121051 -0.00473106 0.000861823 -0.0269122 -0.00159354 0.00323437 -0.0118014 -0.0135407 -0.00805179 -0.00641344 0.0257149 0.016156 0.00186827 -0.011046 -0.0121697 0.0100054 -0.0019321 -0.00286078 0 -0.0135621 -0.018044 0.00716846 -0.00727969 -0.0016636 0.0104983 -0.0147786 0.000909387 -0.012326 -0.00205974 -0.0159588 -0.00222473 -0.000667152 -0.0116516 0.00254146 0 -0.0047867 -0.00781175 0.00645724 -0.00237622 -0.00912375 -0.00122906 -0.00671263 -0.000555004 -3.45989e-07 -0.0016484 0 -0.00178643 -0.0139069 0.000344232 0.0031277 -0.0133168 -0.000670841 -0.00948576 -0.00960349 0.00080165 0.0107311 -0.0103284 -0.000384605 -0.0129961 -0.00156557 -0.00134814 0 0 -0.0135568 0.000893375 -0.00228838 -0.0119287 -0.00233763 -0.0175614 -0.00367312 0.00169698 0 0.000839549 -1.78148e-05 -0.00408924 0.0131373 0 -0.0118681 0.00369558 0 -0.00381239 0.0110587 -0.00438755 -0.00596011 0 0 -0.00504579 0.00314587 -0.0165595 -0.0070217 0.010693 -0.0107273 -0.00332239 0.00144728 -0.000691307 -0.0099062 -0.00846255 0 0 -0.00205028 0 -0.00446005 0.00120976 -0.0027535 0 -0.024507 0 -0.000132116 -0.00807937 -0.00993193 -0.00110823 0.00431634 -0.0124168 -0.000872544 0 -0.0409078 0 -0.0474637 0.00505184 0 -0.00159833 0 -0.0090395 0.00922945 0.000931743 -0.00293367 -0.00489561 -0.000222633 -0.00525612 -0.000193921 -0.00240114 -0.000221996 -0.00249642 -2.42966e-07 -0.000487602 -9.9451e-05 -0.000902499 0 0 -0.00509848 0.00193798 -0.00790611 0.0067512 -0.000269137 0 0 -0.00351715 -0.00664341 -0.00414137 0 -0.00112413 -0.000392238 0.00937746 0.00173901 -0.00392806 -0.00831759 0 -2.41117e-07 -0.000394228 -0.004939 -0.00501997 0 0.00200593 0 -0.00124165 -0.00162287 -0.000113085 0.0013339 -0.00329159 -0.00143561 -0.00535165 0.00114976 0 0.000418749 0.0033485 -0.00174131 -7.58859e-07 0.00134886 -0.00206662 -0.00280996 -0.00371291 0.00424716 -0.00190686 -0.00111984 -0.000997101 -0.000300131 -0.00190285 -0.00978903 0.0110062 0 -0.00263975 -0.000452413 -6.20335e-07 0.00242124 -0.0029781 -0.000552041 0.00498802 0 0
0 -0.000559676 0 0.0126834 0 0.0129376 -0.000573064 0 0.248182 0 0 0.0137959 -0.00433945 0 -0.0136742 0.0224254 0.00589425 -0.00410761 0.000696147 0.000784126 -0.00173199 -0.00729935 0 -0.000258875 -0.00358244 -8.72182e-08 0 0.00274398 -0.00471264 0 -1.51392e-07 0 -0.0079185 0.0156768 -0.00489647 -0.000121849 0 0.0131258 0 -0.000111558 0 0 0.00400954 0.0969058 0 -0.0123305 0.00739852 0 0 -0.00107396 -0.00624915 -0.0015587 -0.00156099 -0.00477061 -0.0160875 -0.00982707 0 0 0 0 -3.55742e-08 -0.00192917 0.0702648 0 0 -0.0226072 -0.00248513 -0.00146443 -0.0124826 0 0.00676428 0 0 0 0 0.00203967 -0.000352126 -0.010778 0 0 0 0.00274218 0 0 -0.0064131 -0.000682623 0 -0.00881582 -0.0123299 -0.00983437 -0.00207141 -0.000569926 0 -0.0129934 -0.0018814 -0.00605739 -0.0392697 -0.00200517 -0.00382757 -0.00218727 -0.00363443 0 0 0 -0.00717214 0.0143493 -0.00325986 -0.000265755 0 -0.00992177 0.000377152 -0.0131491 -0.00367313 0 0 -0.00922915 -0.00232428 -0.00266084 0 -0.00230284 -0.00177266 0 0.00508959 -0.00200075 0 0 0 -0.000198799 -0.00377766 0 -0.00403135 0 0.0178509 -0.00488602 0 0.000356211 -0.00677732 0 0 0.00437904 0.020702 0 0 -0.0321751 0 0 0 0 -0.00638907 0.00124262 -0.0102134 -0.00502344 0 -0.000480314 0 0 -0.00257026 0 0 -0.00461351 0 0 0 0 -0.000605719 0 -0.00371718 -0.00558344 -0.00342422 -0.00371516 -0.0094172 0 -0.000980576 -0.00229428 0.000100746 0 0 -0.00198231 -0.00744285 -0.00355984 0.00123877 0 0 0 0 0 -0.000732272 -0.00172333 0.000861543 -0.00586184 0 7.84902e-05 -0.00193952 -0.0168956 0 -0.00154972 -3.35075e-06 0 0.0112979 0 -7.86511e-05 0 0 -0.000721443 0 0 0 0 0 -0.00937837 0 0 0 -0.0102949 0 0
-0.0425949 -0.0500735 0.00881089 0.00809093 -0.116894 -0.00105246 0 -0.00174431 0 0.665875 -0.0468736 -0.0191365 -0.0260995 -0.0181164 -0.00839345 -0.0191522 0 0 0 -0.0309643 -8.32979e-05 -0.0164107 -2.99572e-07 0 0.00770002 -0.0209373 0 0 -0.01155 0.00684183 -2.36195e-07 0 0 0 0 -0.0104082 0 -0.00125395 0 0.00335014 -9.07138e-05 1.24611e-07 0 0 0 0 0.0137423 0 -0.00157772 -0.000736831 0 0 -0.0060742 0 -0.00115404 0 0 0 0 -0.0230427 -0.0179717 -0.0129407 0 0 0 0.00247723 -0.019538 -0.000665257 -0.00345501 0 0 0 -0.000275113 0 0 -0.00142059 0 0 0 0 -0.000378631 -0.00656334 -0.0278198 0.00302277 0 0 0 -0.00109893 0 -0.0126564 0 -0.00253975 -0.000409649 -0.0174067 0.00523808 0 -0.015078 0 0 0 0 -0.00347253 0 0 -0.00450721 0 0 0 0.00458086 -0.0032044 0.00101582 -0.00542241 0 -0.000346429 -0.000758027 0 -0.00256633 -0.0224158 0 0 -0.00218916 0 -0.000573431 0 0 0 0 0 0 -0.00134869 -0.0254875 0 -0.00198268 0 -0.000731647 0 0 0 -0.000190282 0 0 -3.19023e-07 0 0 0.0142409 0 0 -0.0053282 0 0 -0.00461178 0 0 -3.93491e-05 0 0 -0.000873707 -0.0121279 -0.000233962 -0.0131324 0 0.00237385 -0.000120124 0 0 0 0 0 0 0 0 0 -0.000353705 0 0 -0.00271532 0 0 -0.00772643 0 -0.00694902 0 0 0 0 0 0 0 -0.00624987 0 0 0 0 0 0 0 0 0 0 0 -0.000630411 0 0 0 0 0 0 0 0 0 0 0 0 0 0 0
-0.0349763 -0.0212678 -0.00391177 -0.00326116 -0.00989136 0.00124737 -4.59793e-07 -0.00244106 0 -0.0468736 0.418688 -0.0195745 -0.0381925 -0.0916455 0.0154733 -0.0153155 -0.00135429 0.00198421 -3.68347e-07 -0.0637942 0.0153573 0.0736022 -5.53412e-07 -0.00250193 -0.000264697 -0.00203197 -0.00124488 0.00528148 0.0287512 -5.45506e-07 0.00637583 -0.00144611 0 0.00543044 0 -0.0114099 -0.00126144 -0.00496002 -0.00174055 0.0175839 -0.00547669 0.0018006 0.0103885 0 -0.000193125 -0.00108802 -0.00800016 -0.0026606 -0.0145484 -0.00104899 0.00562673 -2.33621e-07 0.0242279 0.00503519 -0.00129654 0 -0.00143207 -0.00360364 0 -0.0278309 -0.00216859 -0.00881237 0 0 -0.00281282 0 -0.00763775 -0.00350712 0.0358212 -0.00306555 0 -0.000824716 0.0040196 -0.00172187 -0.0123126 0.0136382 -0.000952796 0 -0.0131272 0 0.00640651 0 -0.0149596 -0.00519663 0 -0.00175318 -5.6767e-07 0.00625595 0 -0.00993595 0 -0.00474848 -0.00657539 0 -0.00262139 0 0.0200266 0 0 0 -0.000399872 -0.00641398 0 0 -0.00393099 -0.00248466 -4.84927e-07 -0.00231522 -0.0151834 -0.0032198 0.00244125 -0.000463983 0.0177911 -0.00116848 0 0 -0.00945179 -0.0116521 0 0 -0.00361681 0 -0.000664113 0 -0.0133461 -0.000234657 -0.00221033 0 0 -0.017417 -0.0110704 0 -0.00510913 0 -0.00312591 0.00026737 0 -4.41898e-07 0 0.00153229 0 -0.00172124 0 0.0147038 -0.250589 -0.000168261 4.11699e-07 -0.017546 0 -0.00111267 -0.000404153 0 -6.99116e-07 -0.000823458 0 0 -0.000171871 0 -0.00687466 -0.00472161 0 0 0 -0.000282723 0 0 0.00596294 -3.88523e-05 0 -4.63258e-07 0.00602697 -0.000331727 -0.000267304 0 0 0 -0.000245644 -0.00217154 -4.7883e-05 -4.2197e-07 -0.00913763 -0.00602314 -0.000286483 0 0 0 0 -1.05325e-05 -0.0115605 0 0 0 0 0.00144209 0 -0.000210904 -0.00271391 0 0 0 -0.00111177 -0.000573339 0 0 0 0 0 -4.01799e-07 0 0 4.51839e-07 -0.00166373 0 0 0 0
-0.0790701 -0.0667762 -4.5644e-05 0 -0.0424074 0 -0.0173895 -0.000624279 0.0137959 -0.0191365 -0.0195745 0.622582 -0.0572539 -0.032364 -0.027396 -0.0259368 0 0 0 -0.00818676 0 -0.0427646 0 0 -0.00242249 0.00857319 0 6.4815e-06 -0.0159267 0.00649933 0.000131549 0.00186384 0 0.0155917 0 -0.0136152 0 -6.70079e-05 0 0 0 -0.019542 0.0076632 0 0 0 0 0 -0.00170543 0 0 0 0.00466474 0 0 0 0 0 0.0119612 -0.0239258 0.00071979 -0.0163105 0 0 0 0.0118971 -0.0345065 0 -0.0107696 0 0 0 0 0 0 0.00327611 0 4.04745e-07 0 0 -0.000123268 0 -0.0170936 -0.00159046 0.00721794 0 0 0 0 -0.0123413 0 -0.00116416 0 -0.0132725 -0.000902578 0 0.00475328 0 0.00662615 0 0 -0.0178632 0 0.00367202 -0.000591632 0.0062963 0 0 -0.00177692 -0.00213141 0 -0.000209971 0 0 0 0 -0.000400875 -0.01586 0.00774658 0 -0.000586863 0 0 0 0 0 0 0 0 0 -0.0295718 0 -0.00171553 0 -0.00105818 0 0 0.0144847 -0.00107707 0 0 0 0 0 -0.00699723 0 -0.00766123 0 0 0 -0.00712271 0 0.00221549 -0.00264841 0 0 -0.00132756 -0.0131657 0 -0.00340567 0 0.00314214 -0.00410344 0 0 0.00808319 0 0 0 0 0 0 0 0 0 -0.00903908 0 0 -0.00652318 0 -0.0104863 0 0 -0.0130111 0 0 0 0 -0.00504149 0 0 0 0 0 0 0 0 0 0 0 -0.000179626 0 0 0 0 0 0 0.00438887 0 0 -0.0118428 0 0 0 0 0
-0.0152619 -0.0342825 0.0023729 0.00707433 -0.0339013 0.00917537 -9.47778e-08 -0.000129804 -0.00433945 -0.0260995 -0.0381925 -0.0572539 0.604515 -0.0141835 -0.0246495 -0.0232469 0 0.0046451 0.00986359 -0.0358873 0.00387271 -0.0200265 -8.62984e-08 0 0.0145265 0 0 0 -0.0328939 -1.24649e-07 0.0109992 0 -0.00694195 0.00278521 -0.00319441 -0.0111531 0 0.0166095 0 0 -0.00357687 0 0.00898976 0 0 0 0.00822186 0 -0.00328752 0 -0.000916792 0 -0.0139931 0 -0.00337935 0 0 0 0 -0.0217848 -0.00935824 -0.0202361 -0.00336095 0 -0.000102361 -0.00362465 -0.0412065 0.00303551 -0.0162679 -0.00079211 0 0 0 -0.00128376 -0.00138712 -0.00379943 -0.000813993 -0.00323823 -0.000699103 0 0 0 -0.00772897 -0.00410227 -0.000269008 0 0 -0.00538176 0 -0.0458838 -0.000892824 -0.0089242 -0.000454744 -0.0116828 -0.0022472 0.00129847 -0.00853937 0 -3.62346e-05 0 -0.000921077 -0.0223696 0 0.00676956 -0.00484971 0 -0.000607785 -0.000190813 -0.0025564 -0.00707477 0.00267954 -0.00911564 0 0 0 -0.00501391 -0.00751843 -0.0077081 0.00633114 0 -0.0102263 0 0 0 -0.00360745 0 0 0 0 -0.00146621 -0.0389712 0.000490974 0.00122766 -0.00808696 -0.00214798 0 -0.000544192 0.00650689 -0.00375034 0.0020952 -0.000865229 0 0 -0.000379283 -0.0137829 -0.000449123 0 -0.00175337 -0.000492139 -9.36595e-05 -0.0086179 -0.00142407 0 -0.00486489 0 0 -0.00205036 0 -0.000766009 -0.0186818 0 0 -0.00465225 0 0 0 0 -0.00343263 -0.000218008 -0.00104422 -1.79996e-05 0 -0.000324819 -0.00149724 0 -0.00564348 0 -0.00162995 -0.00499097 -0.00124111 -0.00362277 0 0 0 0 0 0 0 -0.0041975 -0.00355525 0 0 0 -0.00100502 0 0 0 0 -0.00127239 0 -0.00466051 0 0 0 0 0 0 0 0 -0.00141147 0 0 0 -0.000556287 0 0
-0.0115966 -0.0188737 0.0091273 -0.00208557 -0.0308587 0.00526732 -0.000136427 -0.00169008 0 -0.0181164 -0.0916455 -0.032364 -0.0141835 0.376981 0.142297 -0.0171902 0 -0.000136407 0.0201377 -0.0206618 0.00716524 -0.00300502 -0.00561016 -0.00219141 -0.00210444 0 0 -0.00112006 0.00261262 -4.8003e-07 0.00367557 0.00123881 0.00466105 -0.000970512 -0.000164647 0.0113164 -0.000554422 -0.00354864 0.0012797 -6.23897e-07 -0.0029986 5.74559e-07 -0.000954552 0 -0.00290768 -7.9756e-07 -0.00318965 -0.002417 -0.0216421 -5.85414e-07 -2.79017e-07 0 -0.000592145 -0.00106211 -0.00309532 0 0.00307163 -0.0077479 0 -0.0132877 -0.00857986 0.00316067 0 -4.57026e-07 -0.00289138 0.00453217 -0.0134285 -0.00230607 0.000214339 -0.00276532 0 0 -0.000962093 -0.00138973 -0.00899394 0.00284084 -0.00415148 0.00235464 -0.0212663 0 -0.000144357 0 -0.00409488 -0.00517608 -0.00233779 -0.0021067 0 0.00854266 -0.000139864 -0.00340349 -7.08068e-08 -0.00241711 -0.00370781 0.00025181 0.00180134 0.004856 2.89163e-07 0 -0.000301339 0 -0.000320618 -0.00235715 -2.52643e-07 0 -0.00181199 -0.00151449 -0.000466744 -0.00125221 -0.00620687 -0.00336283 0.000335793 -0.00121726 0 0 0 -0.000556543 -0.00832272 -0.00995411 0 -3.26685e-05 -0.00185582 0 -0.000598863 0 -0.00870102 -0.000930931 -0.000816577 0 0 -0.00423374 -0.0279877 -2.09007e-07 -0.00182585 -4.62975e-05 -0.0030818 5.19193e-07 0 -5.50685e-07 -0.006678 -0.00146841 0 -0.00154004 0 0 -0.0298258 -3.00373e-05 -0.0129668 -0.00522162 0 -0.00255253 -0.000287339 0 -6.04429e-07 -0.000652224 0 0 -0.000533132 2.09183e-07 -0.00202493 -0.00789706 0 -0.0022577 0 0 -0.00173288 0 0 -9.83395e-05 0 -0.000298719 0 -0.00100207 -0.00152432 0 0 -0.000860999 -0.00184423 -0.00213249 -0.000147944 0 0 0 0 3.06119e-07 0 0 0 0 0 0 0 0 0 0 3.86403e-07 -0.00116398 -0.00166211 0 0 0 -0.000577229 0 -3.16659e-07 0 0 0 0 -4.7923e-07 0 0 0 -0.00168813 0 0 0 0
-0.0207412 -0.0303795 0 0 -0.0450615 0.00115166 -0.00338212 -0.0067033 -0.0136742 -0.00839345 0.0154733 -0.027396 -0.0246495 0.142297 0.42425 -0.00269366 -0.000192363 0.00622515 -0.0118227 0.0511826 0 -0.0251676 0.0103261 0.00127381 0 4.7292e-07 -0.00638661 0.000114224 -0.0299751 -0.00977217 -0.0230828 0 0.00402001 0.0039477 0 0.00512732 0 -0.0075331 0.000689103 -0.013154 4.60366e-05 -0.0105258 0.0105104 -0.00551964 0 0 -0.00541177 0.000852454 0 -0.00491642 0.000760825 0 -0.0257147 0.00329565 0.00692726 0 0 0 0 -0.0224554 -0.0260762 0 -0.00433711 1.68799e-07 0 -0.000492872 -0.00609935 0 -0.0260223 0.000225004 -0.00847614 -0.00379784 4.92931e-07 0 0.0103888 0.000105474 0.00286452 0 0.0056436 0 0 -0.0142329 0.00751723 0 0.00686012 1.92454e-07 0 -1.34985e-07 3.34386e-05 -0.032781 0 2.86522e-07 0 -0.00167848 -0.0049929 0.000284161 -0.0290127 0.000965109 0.011696 0.000523107 0.00184967 -0.00938534 0.00406011 -0.0022633 0 0 0 0.00667282 0 0 0 0 0 -0.0129696 -0.0340371 0 0 -0.0241136 0 0.00134893 0 0 -0.00240781 0.000320113 0.009978 0 0 0.000333173 0.00083128 0 -0.00767101 0 -0.0219823 0 0 0 0 0 0 0.00491197 0.013514 0.000822788 0 0 3.60597e-07 0 0 2.82099e-07 0 0.00655515 0 0 0.00921267 0 0 0 0 -0.0324181 0 0 0.00840778 0.0171307 -0.00042093 -0.00195988 0.0001583 5.65253e-05 0 0 0.00104156 0.00315847 0 0 0 0.000774874 0 -0.00219582 0.00115155 0 -0.00239629 0.00138239 -0.0191936 -0.00156902 -0.00220472 -0.0148301 0 0 0 0 -0.00927384 0 0 -0.00501368 0 3.57692e-05 0 0.000809857 0 0 0.00173676 0 0 -0.000321908 0 0 0 0.0109976 -0.00683861 0 0 0.0018139 0 0 -0.00478551 0 0 0
-0.00324976 -0.0248414 -0.0094052 0.00743908 -0.00759822 -0.00860198 0 -0.00372409 0.0224254 -0.0191522 -0.0153155 -0.0259368 -0.0232469 -0.0171902 -0.00269366 0.53628 -1.20313e-06 -0.00812498 -0.0109166 -0.0452886 0.0239126 -0.0252881 0.00442677 -0.000369693 -0.00503975 0 0 -0.0058503 -0.0466833 0 0.00937568 0.00895974 0.011658 -0.0082951 -0.00750978 -0.00558955 -0.00369882 -0.00292986 0.00347915 -0.00284514 -0.00442015 -0.00237687 0.0052544 0 0.016462 0.00517632 0.00658817 0.00470258 -0.0135159 0.00776274 -0.00660647 0 -0.0183592 -0.00199174 -0.010649 -0.0048775 -0.0045904 -0.000778624 0 -0.00979382 -0.00882762 -0.0635131 -0.00230975 0 -0.00596809 -0.00827524 -0.0313776 -0.00715437 -0.0583792 -0.00317746 0.00118123 -0.00591781 0.000449881 -0.0012621 -0.00250177 -0.0166502 -0.000381006 -0.000776813 -0.00158344 0 0.00318153 0.00761562 0.0046369 -0.00796572 -0.00151514 0.00342417 0.00830485 0.00250368 0.000480042 -0.00843237 -0.00156683 -0.00683212 -0.000250336 6.09849e-05 0.00325545 -0.00735428 0 0.0159151 -0.00361799 -0.00382231 -0.0130208 -0.00957867 0 0.0109773 -0.0182565 0.00375076 -0.00423051 -0.00286136 0.012932 -0.0299479 0.00263399 -0.0316317 0.00158295 -0.000977597 0.00132837 -0.00920143 -0.00929149 0.00914494 0 -0.00472365 -0.0159602 0 0 -0.00111959 -0.00227741 -0.000943582 -0.00285953 -0.000578079 0.000928421 -0.00685672 -0.0510256 0 0.00318391 -0.00755716 -0.00232292 0.00120877 -0.0042123 0.00387666 -0.0115066 -0.0103928 -0.00513826 0.0107204 -0.000124809 0.00943048 -0.0103767 -0.00297363 0 -0.00113216 -0.00213803 -0.0057602 -0.00493714 0.0424949 0 -0.0173015 0 0 -0.00543764 0.0110763 -0.00418392 -0.0165017 0 0 -0.0237602 -0.000705063 -0.00368452 0 -0.00298764 -0.0103805 -0.000160357 -0.00277928 0.000986264 -0.00370868 -0.00438713 -0.00225359 0.000176644 -0.0116924 -0.00225956 -0.0061133 -0.00518367 -0.00514577 0.000919156 -0.00140797 0 0 0 0 -0.00111142 0.00348742 0.000695801 -0.00557314 0 0.00531109 -0.002753 -0.00449062 0 -0.00210631 -0.00294238 0 -0.00505454 0 -0.0187126 -0.000832776 0 -0.00250978 -0.00079957 -0.00056878 0 0 0 -0.00337775 0 0 0 -0.00496932 0 0
0 0 -0.0109006 -0.0172943 -0.0127328 -0.00139228 -0.000467437 -0.00692495 0.00589425 0 -0.00135429 0 0 0 -0.000192363 -1.20313e-06 0.830899 -0.00576781 0.0127962 0 -0.00282494 0 0 -0.00515975 -0.000729538 -0.0256882 -0.0971719 -0.00168048 0 0 -0.0128077 -0.0574025 0.010116 -2.89277e-06 0 1.37729e-07 -0.0139515 0.0015918 -0.0526921 -0.0350836 0 0.023699 -2.86967e-06 0 -0.00406358 -0.0591516 -0.0135284 -0.0303842 -9.519e-07 -0.00262803 0 0 0 -2.84773e-06 0.00504993 0 -0.0150382 0 -0.00924713 -0.000486352 -0.0027057 -1.7834e-06 0 0 -0.00936058 0.0261967 0 -0.00643287 0 0.00910187 -0.0156036 -0.00296106 -0.0179343 -0.0035119 0 -3.00776e-06 0 0.0198958 0 0 -0.0196918 -0.0407988 -0.000635611 -0.00661441 0.0137722 0.00189237 -0.0303118 0 0.0072481 -0.000180561 0 -0.00156613 -0.0104008 0 -0.00371081 -2.91873e-06 -0.00164828 0 0 -2.39368e-06 -2.6291e-06 -0.00166633 0 -0.003359 0 -0.0142482 -0.00259094 -0.0112156 -0.0127618 -2.02789e-06 0 0 -0.00065092 -0.00580624 -0.002429 0 0 -0.019471 0.000492201 0 0 0 -0.00822648 0 0 -0.0212713 -0.00904056 0 0 -0.00298044 0 -0.00109365 -0.00913732 0 -0.00660962 0.00777777 0 -0.00869518 0 -0.000247909 0.0150701 -0.0153588 -0.00151803 0 0 0 0.00715797 -0.000276447 0 0 0 0 0 0 0 0 -0.00108993 -0.0199534 -0.00421611 0.00440616 0 0 0 -0.00103863 -0.000196682 -0.000387405 0.00774776 0 0.00951863 0 0.00509009 0 -0.000925739 0 -0.0264851 0 0 0 0 0 -0.0108921 -0.00121765 -0.00174834 -0.00344977 0.00356433 -0.0141863 0 -0.000307394 -0.0283221 0 0.000169537 -0.00853828 0 0.00871645 0.000632061 0 0 -0.00181448 0.0025453 -0.00350627 0 -0.00058549 -0.00291103 -1.8637e-06 0 -0.021556 0 -0.00811756 -0.00338244 0.00472097 0.0101532 -0.0015133 0 0.00395187 0 0
0.00824761 -0.000966879 -0.0139972 -0.0180499 -6.87611e-07 -0.0393288 0.0279838 0.0121051 -0.00410761 0 0.00198421 0 0.0046451 -0.000136407 0.00622515 -0.00812498 -0.00576781 0.546977 -0.00203569 0.00186447 0.0227415 0.00113406 0.018239 -0.0484073 0.0390718 -0.0282188 -0.00612582 -0.0604242 -0.00346807 -9.58272e-07 -0.0112066 -0.0218388 0.00504236 -0.0272418 -0.00487345 0 -0.0107709 -0.00884184 -0.035222 -0.015542 0 -0.0149059 -0.013488 0 0.00951835 -0.0161838 -0.00267038 -0.0148091 -0.00203148 -0.0123661 0.00642344 -0.00262791 0.00085551 -0.00919767 -0.00884381 -0.0039312 -0.022336 -0.00129359 -0.0106293 0 0 0.00182434 0 -0.00277155 -0.014347 -0.0143697 8.50811e-08 -0.039653 -0.00493726 -0.0147189 -0.00562493 -0.00835646 -0.009913 -0.00551128 -8.43524e-07 -0.0120433 -0.00112315 -0.00183623 0 0 -0.00875838 0.0362564 0 -0.0103345 -0.00105689 -0.00558514 -0.00377383 0.00888971 -0.00299527 -0.000414768 -0.00399321 0.0264243 -0.0130161 -0.000843651 -0.00823266 -0.0128452 3.62382e-07 -0.00466189 -0.0023509 -0.00652121 -0.00785884 0 -0.00128852 -0.00473633 0.000609852 -0.0122573 -0.00582124 -0.00921261 -0.00566551 -0.00681703 0 -0.00121433 -0.013516 -0.00459791 0.0133297 0 0.0124372 0.010957 -0.0057802 -0.0048183 -0.00150407 0 0.0171275 -0.000866739 -8.26985e-07 -0.00951554 -0.00954267 -0.000588836 -0.00258995 -0.0111813 -0.00475452 -0.000107803 0.0198945 -0.000380062 -0.00150198 0.00324101 0 -1.87087e-06 0 -0.0274307 0.0046195 -0.011216 -1.59653e-06 -0.00707848 -0.000182842 -1.02973e-06 0.00283142 -1.30443e-06 -0.00111082 -0.0218971 -0.000165561 -0.00152649 -1.27253e-06 0 0 0 -0.0438725 0.00510826 -0.0214991 0.016099 -0.000930865 -0.00137613 0 0.00413741 0.00421084 -0.00461966 -0.000506722 -0.000969093 0.0138968 -0.00580977 0.00197407 -0.001857 -0.0068734 -2.79755e-05 0.00897723 0 -0.0048369 0.000585022 0 -0.00491005 0.00323653 -0.00180972 -1.70597e-06 0.00440675 0 -0.00248029 -0.00310348 -0.00645401 0.00375773 0 0 0.0207543 -0.00269696 -0.00355126 1.55154e-06 -0.00443828 -0.0039426 -1.73783e-06 -0.00384645 -0.00063255 -0.000691282 -1.60958e-06 -9.88811e-05 -0.00259949 -0.000308217 0.00523373 0 -1.72753e-06 -1.78738e-06 -0.00260107 0.00202932 -0.000744467 0 0 0 0
0 -6.80575e-05 0.022472 -7.80208e-05 0.0052139 -0.0120575 0.0225739 -0.00473106 0.000696147 0 -3.68347e-07 0 0.00986359 0.0201377 -0.0118227 -0.0109166 0.0127962 -0.00203569 0.544802 0.0299867 -0.0115655 -0.000605026 -0.00221269 0.00137655 0.00127846 -0.00076916 -1.79994e-06 -0.00378256 0.00467063 0.0374643 -0.0252587 0.0142865 -0.0205224 -0.0298905 -0.00420445 0 -0.00100896 -0.000920873 0.00678774 0.00312023 -0.00445154 -0.0140578 -0.0261424 0 0.000197626 0.00510329 -1.52208e-06 0.00572795 0.00518617 -0.00880375 -0.0144962 0.0186848 0.00413628 -0.0411548 -0.0176769 -0.00767412 -0.000406774 0 -0.00920452 -2.10698e-07 0.0112694 -0.000178603 0 -0.00222938 -0.0045845 -0.0266973 -0.00357313 -0.00756795 -0.00438243 0.0196021 0 -0.000893615 0.0104797 0.003983 -0.00379166 -0.0166276 0.0011819 -0.0272075 -0.00171168 -0.0093535 0.00079515 0.0135973 0 0.0113453 -0.0293708 -0.0137219 0 -0.0193159 -0.0108352 0 -0.00761543 -0.00126197 0.0069172 -0.00219576 -0.000536607 -0.0129405 0.00100204 -0.035461 -0.0145015 -0.0250778 -0.0152989 0.0198127 -0.000560677 -0.0243359 -0.0119304 0.00184713 -0.00653956 -0.00479773 0.0282325 -0.0172766 0 -0.00277586 -0.0127327 0.00136913 0.00265223 -0.00317447 -0.00628001 0.0222127 -0.0227337 -0.0550118 -0.0122376 0 -0.00397259 -0.0084619 -0.00209527 0.00341074 0.00276235 -0.0273095 -0.0150437 -0.0116716 -0.00387662 0 -0.00209968 -0.00346658 0.00186721 1.17891e-06 5.64631e-07 0.00490349 -0.00866798 -0.0303252 -0.0300658 0.00236391 0 -0.00348488 0 -0.00772494 1.27981e-06 -0.00204695 -0.00296048 -0.0133447 -0.0022258 -0.0212649 0.0147423 -0.00445355 0 0 -0.00445751 0.019361 -0.00220422 0.0019806 -0.000793711 0.00326982 0 -0.000647179 -0.0291566 -0.0278505 -0.0084645 -0.00353904 -0.0241892 -0.012072 -0.00998884 -0.0353754 -0.0071591 -0.00348213 0.00209856 -7.38374e-06 -0.00792237 -0.0347016 -0.000677007 -0.0211298 0.0207314 0 0 0.00762515 0 0 -0.00659545 -0.00674939 0.0218845 -0.000174297 0 0.00820811 -0.0170633 -0.0120129 0 -0.00961931 -0.00430442 -0.000274722 -0.00932675 0 -0.0029163 0 0 -0.00740867 -0.00990011 0.0094055 0 -1.22999e-06 -1.30774e-06 -0.00557027 1.3051e-06 0 0 6.33554e-07 0 0
-0.0183512 -0.0273678 -0.00330551 0.00992974 -0.0118933 -0.00299749 -0.0280977 0.000861823 0.000784126 -0.0309643 -0.0637942 -0.00818676 -0.0358873 -0.0206618 0.0511826 -0.0452886 0 0.00186447 0.0299867 0.396962 0.0176994 -0.00515154 -0.0169131 -0.000362473 0.0174987 -0.0063736 0 -0.00265558 -0.00614357 -0.00421404 0.00569317 -8.21465e-07 0.00506498 -0.00598105 0.0310258 0.0106073 0.000214873 -0.00292567 -0.00157087 0 -0.0118124 0.000904754 0.00155392 0 -0.000787596 -0.00046202 0.00595725 -0.00366778 -0.00784477 -5.52421e-07 -0.00212451 -0.000553441 -0.000899681 -0.00156116 -0.00570462 0 -0.00199773 -0.00932775 -0.00132949 -0.0158278 -0.0107912 -0.00959005 0 -0.00137642 0.00503129 -0.00462975 -0.00851905 0.00209852 0.00397094 -0.00264169 0 -0.0010617 -0.00177191 -0.000767078 -0.00784952 0.0046027 -0.0156031 -0.00335065 -0.0103368 0 0 0.000398553 -0.00453385 -0.00416372 1.72007e-05 0.0104273 0 -0.00427862 -0.000203831 -0.0127675 0 -0.0423884 -0.00299961 -0.0112502 0.0147215 -0.00296743 -0.00448385 0 -0.00574311 0 -0.000255633 -0.0154852 0 0 -0.00990355 -0.000767127 -0.00169947 -0.0375175 -0.00240565 -0.01864 0.00230838 -0.00693708 0.0148969 -0.000211103 0 -0.00066256 -0.0218687 0 0 -3.47302e-05 -0.00653685 0 0 0 -0.00932618 -0.0025659 0.00212133 0 0 0.0117808 -0.0123424 0.00991147 0.00147414 -0.000280989 0.013243 5.56172e-05 0 -5.54991e-07 -0.000810328 -0.00326771 0.00666123 -0.0014425 -0.000596836 0.0225602 -0.00842723 0 0 -0.0258506 0 -0.00218739 -0.0291517 -1.09346e-05 -0.00110302 -0.00127727 0 0 -0.00614723 0 -0.00189639 -0.0159786 0 -0.000822658 0.0373912 -0.000678364 0.00133861 0 0 -0.00176442 0 -0.00220421 0 0 0.00367799 -0.0190784 0 -0.000311851 -0.000908552 -0.0015483 -0.00394817 -0.000200861 0 0 0 0 0 0 -0.000111532 -0.000797396 0 0 0 0.00688564 0 -0.00117807 0 -0.0012826 -6.96499e-06 0 -0.00254336 0 -0.00187307 -0.000148787 0 -0.000139427 0 0 0 0 0 -0.00156017 0 0 0 -0.000389704 0 0
-0.0015988 -0.00212049 -0.0123848 0.0127177 -0.000104128 -0.0189149 0.00441395 -0.0269122 -0.00173199 -8.32979e-05 0.0153573 0 0.00387271 0.00716524 0 0.0239126 -0.00282494 0.0227415 -0.0115655 0.0176994 0.587403 -0.00292765 0.00374276 -0.00953423 -0.0287007 -2.03278e-06 -0.00452842 0.0114247 -0.000276158 0.00150201 -1.05873e-06 -0.00896 -0.00968888 0.000783104 -0.0133828 -0.013303 -0.0164144 -0.00909787 0.00595462 -0.00788086 -7.58866e-05 0.00678775 -0.0124461 0 -0.0677368 0.00975345 -0.00926476 -0.00350212 -3.37527e-07 -0.0294013 -0.00736565 -0.00156942 -0.00797142 -0.00996905 -0.00724839 -0.0033401 -0.00833687 -0.000171832 0.00225767 -0.000284634 0.00130368 -0.00482584 0 0.000895208 -0.0551401 -0.00932571 -0.00283654 -0.0107606 -0.00237505 -0.00704938 -1.86746e-06 -1.44593e-06 -0.00356521 -0.00912311 -0.000701479 -0.0121451 -0.00124189 -0.00268996 -0.000672636 0 -0.0162966 0.00442326 -0.00449867 0.00154694 0.00945308 -0.023928 -0.00194257 -0.0040639 -0.00216923 0 -0.00113595 -0.00339925 -0.00589533 -0.00126157 -0.00973708 0.0102048 0.00230825 -0.00434178 -0.000410708 -0.00526498 -0.0059592 0 0 0.000624737 -0.00302158 -0.00806902 -0.0137566 0.00492186 -0.00174332 -0.00416278 0 -0.00120416 -0.0144595 -0.0048741 9.37874e-05 -0.000774577 -0.0020199 0.00319845 0.00434407 -0.0072 -0.00203936 0 -0.0108819 -0.000125374 0 -0.0071405 -0.00693106 -0.00212875 -0.00102562 -0.0110095 -0.00552818 0 -0.024818 -0.00163964 -0.0158191 0.00201805 -0.00143629 -1.77344e-06 -0.000564169 -0.0089255 -0.00427109 0.00603759 -0.000632429 -0.00811162 0 -0.0106463 -0.0110269 -0.00220406 -0.00265576 -0.00714635 -0.000152241 -0.00113194 -0.000283256 -0.00190024 0 0 -0.00569554 0.00260003 -0.00627934 -0.0021749 -9.36541e-05 -0.000276756 0 -0.000165773 -0.014983 -0.00307999 -0.00122214 -0.00372598 -0.00236572 -0.0038877 -0.00303178 -0.00431805 -0.0144912 -0.000148168 0 -0.000599854 -0.0048744 -0.00519229 -0.000445211 -0.00337019 0.000734908 -1.58751e-06 -1.56602e-06 0.000111786 0 -0.00146672 -0.00280767 -0.00388545 0.00294571 -0.00119132 0 0.0029626 -0.00316608 0.00717427 0 -0.00267056 -0.00186977 -0.00178659 -0.00374892 0 -0.00132499 -1.46797e-06 0 -0.00219757 -0.00958271 0.00394207 -0.00773186 -1.59013e-06 -1.67617e-06 0.00250525 1.7491e-06 0.0342434 0 0 0 0
