0.917002 0.0253732 0.0359342 0.0511382 -0.058074 0.0515912 -0.0382996 -0.00103499 0.0950213 -0.117345 0.151852 -0.0219873 -0.0832614 0.0341198 0.0824102 0.0848402 3.63832e-07 -0.00122182 -0.0279029 -0.00513758 0.0327306 -0.0405192
0.0253732 0.872223 0.108889 -0.042788 0.149309 -0.00958877 0.0946851 -0.000453918 -0.0479944 0.0484639 0.0525763 -0.0400435 0.146376 -0.0154837 -0.132757 0.0550577 -1.39472e-07 0.13094 0.107174 0.0581028 0.0318528 0.0373177
0.0359342 0.108889 0.904928 -0.0766633 0.00343415 0.0446908 0.0783696 0.0459149 -0.0965486 0.0751014 0.0438107 -0.0446484 0.22486 -0.0102598 -0.102849 0.0633335 3.14299e-07 0.0783021 0.0900045 -0.00271726 -0.0864872 0.128669
0.0511382 -0.042788 -0.0766633 0.454445 0.0755525 0.0554365 -0.0528616 0.0184039 0.172851 -0.019558 -0.0202099 0.0925741 -0.12045 0.0515218 0.181455 0.00827236 4.42458e-07 -0.0603535 -0.0564663 0.0092034 0.121302 -0.0458024
-0.058074 0.149309 0.00343415 0.0755525 0.753179 -0.074552 0.0599895 0.0143106 0.131258 0.0869102 0.0629517 0.0262969 -0.00353112 -0.0474243 0.0240907 0.0664198 -4.60486e-07 0.123479 0.0132082 0.0520036 0.265211 -0.031733
0.0515912 -0.00958877 0.0446908 0.0554365 -0.074552 0.474904 0.0209537 0.195767 0.017982 -0.0995896 -0.0193314 0.0876247 0.0143482 0.346067 0.0672697 -0.0425959 2.18147e-06 0.00516383 -0.0519726 -0.0102759 -0.11571 0.124606
-0.0382996 0.0946851 0.0783696 -0.0528616 0.0599895 0.0209537 0.232921 0.0563068 -0.0364103 0.0206843 0.0632113 -0.0137882 0.0447324 0.0246954 -0.0852827 0.0305707 9.20626e-08 0.110002 0.024172 0.0265958 -0.0011561 0.0434802
-0.00103499 -0.000453918 0.0459149 0.0184039 0.0143106 0.195767 0.0563068 0.410888 0.0601464 -0.0667255 0.0061584 0.178522 0.0288729 0.215698 0.0117977 0.0142737 1.60587e-06 0.0407649 0.0226325 0.0498172 -0.0546223 0.24537
0.0950213 -0.0479944 -0.0965486 0.172851 0.131258 0.017982 -0.0364103 0.0601464 0.997026 -0.25458 0.0728259 0.0437151 -0.107073 0.0241166 0.0549209 0.0349576 -1.13402e-06 -0.029232 -0.0841909 0.00430096 0.191743 0.0802437
-0.117345 0.0484639 0.0751014 -0.019558 0.0869102 -0.0995896 0.0206843 -0.0667255 -0.25458 0.990027 0.0176803 0.0174231 0.105099 -0.116074 0.00317754 0.000214983 -2.82366e-07 0.0506474 0.026913 -0.00992957 0.140808 -0.0661698
0.151852 0.0525763 0.0438107 -0.0202099 0.0629517 -0.0193314 0.0632113 0.0061584 0.0728259 0.0176803 0.74025 0.00147754 0.0808794 -0.0173073 -0.0162307 0.0635072 9.2679e-07 0.0780454 0.0503434 0.0309711 0.0482913 0.0268931
-0.0219873 -0.0400435 -0.0446484 0.0925741 0.0262969 0.0876247 -0.0137882 0.178522 0.0437151 0.0174231 0.00147754 0.510016 0.00315259 0.113524 0.0811183 0.00521891 8.68129e-08 -0.0124265 0.00836415 0.00859767 0.0256186 0.0387877
-0.0832614 0.146376 0.22486 -0.12045 -0.00353112 0.0143482 0.0447324 0.0288729 -0.107073 0.105099 0.0808794 0.00315259 0.971883 0.00209757 -0.113606 0.050318 7.60989e-07 0.0554718 0.24922 0.108772 -0.155251 0.0974678
0.0341198 -0.0154837 -0.0102598 0.0515218 -0.0474243 0.346067 0.0246954 0.215698 0.0241166 -0.116074 -0.0173073 0.113524 0.00209757 0.439927 0.0417004 -0.0106168 1.37952e-06 0.00711365 -0.0500394 0.006069 -0.088147 0.104119
0.0824102 -0.132757 -0.102849 0.181455 0.0240907 0.0672697 -0.0852827 0.0117977 0.0549209 0.00317754 -0.0162307 0.0811183 -0.113606 0.0417004 0.696815 -0.078598 1.06869e-06 -0.0974981 -0.0816524 -0.0317772 0.18755 -0.044045
0.0848402 0.0550577 0.0633335 0.00827236 0.0664198 -0.0425959 0.0305707 0.0142737 0.0349576 0.000214983 0.0635072 0.00521891 0.050318 -0.0106168 -0.078598 0.547156 4.34119e-07 0.0598501 0.0490797 0.0261752 -0.0055432 0.0448983
3.63832e-07 -1.39472e-07 3.14299e-07 4.42458e-07 -4.60486e-07 2.18147e-06 9.20626e-08 1.60587e-06 -1.13402e-06 -2.82366e-07 9.2679e-07 8.68129e-08 7.60989e-07 1.37952e-06 1.06869e-06 4.34119e-07 3.25443e-09 1.4913e-06 8.62333e-07 1.15477e-06 -7.99662e-07 2.74044e-06
-0.00122182 0.13094 0.0783021 -0.0603535 0.123479 0.00516383 0.110002 0.0407649 -0.029232 0.0506474 0.0780454 -0.0124265 0.0554718 0.00711365 -0.0974981 0.0598501 1.4913e-06 0.255864 0.0445815 0.0436481 0.0282588 0.0538961
-0.0279029 0.107174 0.0900045 -0.0564663 0.0132082 -0.0519726 0.024172 0.0226325 -0.0841909 0.026913 0.0503434 0.00836415 0.24922 -0.0500394 -0.0816524 0.0490797 8.62333e-07 0.0445815 0.908669 0.318722 -0.0802741 0.0161457
-0.00513758 0.0581028 -0.00271726 0.0092034 0.0520036 -0.0102759 0.0265958 0.0498172 0.00430096 -0.00992957 0.0309711 0.00859767 0.108772 0.006069 -0.0317772 0.0261752 1.15477e-06 0.0436481 0.318722 0.614703 -0.0104094 0.0195011
0.0327306 0.0318528 -0.0864872 0.121302 0.265211 -0.11571 -0.0011561 -0.0546223 0.191743 0.140808 0.0482913 0.0256186 -0.155251 -0.088147 0.18755 -0.0055432 -7.99662e-07 0.0282588 -0.0802741 -0.0104094 0.93278 -0.110462
-0.0405192 0.0373177 0.128669 -0.0458024 -0.031733 0.124606 0.0434802 0.24537 0.0802437 -0.0661698 0.0268931 0.0387877 0.0974678 0.104119 -0.044045 0.0448983 2.74044e-06 0.0538961 0.0161457 0.0195011 -0.110462 0.694055