1.09818 0.0125348 -0.0052375 0.00738131 0.00604885 0.00760374 -0.0573497 -0.0504743 -0.0282707 0.0524055 0.0886258 0.0897435 0.110378 0.0684902 -0.0153085 -0.0424993 5.46359e-07 0.0309003 0.0569832 0.00685598 -0.0439747 0.0726671
0.0125348 1.08776 -0.0746398 -0.0815428 0.0426431 -0.0732087 -0.0761688 -0.0611742 -0.0327022 -0.0332172 0.0095574 0.00815474 -0.0283535 0.0155081 0.0132831 -0.0153429 2.17151e-06 0.0553074 0.0482051 -0.0123728 0.049659 0.0101849
-0.0052375 -0.0746398 1.12356 0.0420863 -0.094255 0.0830276 -0.0300167 0.0420522 0.0204731 -0.0519318 -0.0271244 -0.048382 -0.0326075 -0.0676538 -0.0200653 0.0198133 -3.30089e-06 -0.0971787 0.0921781 0.0520276 -0.106265 0.00725911
0.00738131 -0.0815428 0.0420863 0.455783 0.0279746 0.0770067 -0.0776962 -0.106298 -0.0504031 0.0459145 -0.0520978 -0.0621657 -0.0514588 0.00610118 -0.00268681 0.0257903 -1.42162e-06 0.0196169 0.0486511 0.0398563 0.0386552 0.0610778
0.00604885 0.0426431 -0.094255 0.0279746 1.12681 0.0664546 0.0633379 0.0897826 0.0110664 0.00643056 0.0386236 -0.126018 0.0425428 0.0109434 0.0502038 0.000459252 2.48709e-07 0.0326991 -0.00366594 -0.0153698 0.00844256 -0.0443208
0.00760374 -0.0732087 0.0830276 0.0770067 0.0664546 1.36014 -0.146168 -0.00314394 0.0109346 -0.0181414 0.0730928 -0.0438931 -0.0187086 0.0426397 0.0591276 0.0220801 -2.35739e-08 -0.0247279 0.0204132 -0.0200063 -0.00397398 0.114949
-0.0573497 -0.0761688 -0.0300167 -0.0776962 0.0633379 -0.146168 1.35204 0.00542688 -0.0167873 -0.0686167 -0.00970748 -0.109979 -0.0510635 0.0410017 0.0809489 -0.0197529 -1.2773e-06 -0.0382131 0.0382292 -0.00534002 -0.0756179 -0.0150151
-0.0504743 -0.0611742 0.0420522 -0.106298 0.0897826 -0.00314394 0.00542688 1.25283 -0.0818462 0.0860563 0.0315873 -0.0131024 -0.0266999 0.0503451 -0.0471747 0.0174157 8.51158e-08 0.0102134 -0.0220914 0.00704475 0.0870163 0.0874277
-0.0282707 -0.0327022 0.0204731 -0.0504031 0.0110664 0.0109346 -0.0167873 -0.0818462 0.976282 0.0375755 0.0289722 -0.0314661 0.0680753 -0.0836136 -0.00825387 -0.0210121 -9.44254e-07 -0.0045059 0.0180211 0.0358612 0.0410625 -0.00397534
0.0524055 -0.0332172 -0.0519318 0.0459145 0.00643056 -0.0181414 -0.0686167 0.0860563 0.0375755 0.900725 -0.0784293 0.181214 0.0372898 0.0465671 -0.0100182 0.00275309 4.04217e-06 0.0158599 0.0607136 -0.0138265 0.00681284 0.0417834
0.0886258 0.0095574 -0.0271244 -0.0520978 0.0386236 0.0730928 -0.00970748 0.0315873 0.0289722 -0.0784293 1.21294 -0.149566 0.0669889 -0.0249787 0.0365822 -0.00210337 -1.11293e-06 0.0459998 -0.012387 0.083155 -0.0196728 0.0530368
0.0897435 0.00815474 -0.048382 -0.0621657 -0.126018 -0.0438931 -0.109979 -0.0131024 -0.0314661 0.181214 -0.149566 1.44401 -0.0335328 -0.0657069 -0.107061 0.0538931 -7.15988e-07 0.000726213 0.0193348 -0.105352 0.0339758 0.0157411
0.110378 -0.0283535 -0.0326075 -0.0514588 0.0425428 -0.0187086 -0.0510635 -0.0266999 0.0680753 0.0372898 0.0669889 -0.0335328 0.890745 0.08956 -0.0393463 -0.0206243 -2.45924e-06 0.00841541 0.106773 0.0416724 0.00415516 -0.00420211
0.0684902 0.0155081 -0.0676538 0.00610118 0.0109434 0.0426397 0.0410017 0.0503451 -0.0836136 0.0465671 -0.0249787 -0.0657069 0.08956 1.35474 0.024032 -0.0421268 -2.23963e-06 0.00354618 -0.0218276 0.00960769 -0.0469949 -0.00389101
-0.0153085 0.0132831 -0.0200653 -0.00268681 0.0502038 0.0591276 0.0809489 -0.0471747 -0.00825387 -0.0100182 0.0365822 -0.107061 -0.0393463 0.024032 1.37356 0.0744229 3.00325e-06 -0.029619 -0.0521115 -0.11005 -0.0142918 0.0267661
-0.0424993 -0.0153429 0.0198133 0.0257903 0.000459252 0.0220801 -0.0197529 0.0174157 -0.0210121 0.00275309 -0.00210337 0.0538931 -0.0206243 -0.0421268 0.0744229 0.605339 -1.37601e-07 -0.0607649 0.00189343 -0.0214615 0.0234653 -0.0214052
5.46359e-07 2.17151e-06 -3.30089e-06 -1.42162e-06 2.48709e-07 -2.35739e-08 -1.2773e-06 8.51158e-08 -9.44254e-07 4.04217e-06 -1.11293e-06 -7.15988e-07 -2.45924e-06 -2.23963e-06 3.00325e-06 -1.37601e-07 3.21073e-09 1.3059e-06 -8.5578e-07 2.37227e-06 2.9407e-06 5.56566e-07
0.0309003 0.0553074 -0.0971787 0.0196169 0.0326991 -0.0247279 -0.0382131 0.0102134 -0.0045059 0.0158599 0.0459998 0.000726213 0.00841541 0.00354618 -0.029619 -0.0607649 1.3059e-06 0.904863 0.0641641 0.0264531 0.066607 0.0994145
0.0569832 0.0482051 0.0921781 0.0486511 -0.00366594 0.0204132 0.0382292 -0.0220914 0.0180211 0.0607136 -0.012387 0.0193348 0.106773 -0.0218276 -0.0521115 0.00189343 -8.5578e-07 0.0641641 0.781607 0.0427009 0.0565028 -0.0469904
0.00685598 -0.0123728 0.0520276 0.0398563 -0.0153698 -0.0200063 -0.00534002 0.00704475 0.0358612 -0.0138265 0.083155 -0.105352 0.0416724 0.00960769 -0.11005 -0.0214615 2.37227e-06 0.0264531 0.0427009 0.840574 0.0415387 0.055879
-0.0439747 0.049659 -0.106265 0.0386552 0.00844256 -0.00397398 -0.0756179 0.0870163 0.0410625 0.00681284 -0.0196728 0.0339758 0.00415516 -0.0469949 -0.0142918 0.0234653 2.9407e-06 0.066607 0.0565028 0.0415387 1.10567 0.0260726
0.0726671 0.0101849 0.00725911 0.0610778 -0.0443208 0.114949 -0.0150151 0.0874277 -0.00397534 0.0417834 0.0530368 0.0157411 -0.00420211 -0.00389101 0.0267661 -0.0214052 5.56566e-07 0.0994145 -0.0469904 0.055879 0.0260726 1.28916