0.915643 -0.0300716 -0.0012731 -0.0307215 0 -0.00440281 0.00414556 -0.0218939 -0.0168077 0 -0.00699647 -0.00408417 0.00423028 0 -0.0374553 -0.0110842 0.00619539 0 -0.00663941 0.00336228 0 0 0 -0.00501012 0 0 0 0 0 0 0 0.00143854 0 0 -0.0196012 0 0 0.00649194 -0.00106692 0 -0.0148875 0.00265254 -0.00298076 0 0 0 0 0.01339 5.80749e-06 0 0 0 0 -0.00808786 0 -0.000505765 0 0 0 0.00960901 0 0 0 0 0 0 -0.00108096 0 0.0107014 0 -0.0131889 0 0 0.0073969 0 0.000877253 0 0 0 -0.000604293 -0.00767971 0.00126326 0 0 0.000649311 -0.00189663 0 0 -0.00388925 0 0 0 0 0.000212106 0.00104785 0 -0.0105221 0.00773279 0 -0.000303919 0.00260349 0.000816804 0.000173185 0 0 0.00337499 -0.0150215 0.00169193 0.00857402 3.04301e-07 0 0 -0.00762325 0 0 0 0 0 0 -0.00637941 0 0 -0.000438851 0 0 0 0 0 0 0 0.000535036 -0.000686348 0 0 -0.00793847 0 -0.00319513 0 -0.000765498 0 0 1.04253e-06 0 -0.00280982 0 0 0 0 -0.029004 0 0 0 0 0 0 -0.00435127 2.9438e-05 -0.00140893 -0.00652299 0 0 0 0.000333456 0 0 0 -0.000277517 0 0 0 -0.0108874 0 0.00494507 0 -0.000869 0 0.000642725 0.00109074 0 0 0 0 0 0.00476518 0 0 0 0 -0.0190346 0 0 0.00249003 0 0 0 0 0 -3.27836e-05 0 0 -7.10048e-05 -0.0230665 0 0 0.000260725 0 -0.00869462 0 0 0 0 0 0 0 0 0
-0.0300716 0.872284 -0.00842678 -0.0447969 0 -4.50162e-05 0.0216331 -0.0171965 -0.0094477 0 0 -0.0235629 -0.00123938 0 -0.00668718 -0.0211767 0.0157634 -0.000229525 -0.0347581 0 -0.0139085 0 0 -0.0119766 0 0.0140946 0 0 -2.71926e-05 -8.27982e-06 0 0 0 0 -0.00925926 0 0 0 -0.0072408 0 -0.000871276 -0.000347677 -0.000792384 -0.00156922 0 0 0 0 0.00815601 0 0 0.0056108 -0.0033449 0 0 0 0 0 0 0 -0.00489385 4.84506e-05 0.000277022 0 0 0.00121581 0 0 0.00775478 -4.81392e-05 -0.010944 0 0 0 0 -0.000196716 0 0 0 0 -0.0160079 0.00475351 0 -0.00606461 0.00581207 -0.00496178 0 0 0 0 0 0 0 0 0 -0.010126 0 0 0 0.000392575 0 0 0 0 -0.000858583 0 0 -0.000118816 0.0109375 0 0 0 -0.0359783 0 0 0 0 -0.00369779 0 0 0 -0.00255934 0 0 0 8.56213e-06 -0.00947427 0.00280952 0 0 0 -0.00374075 0.00134945 0.0142915 0 0.00135516 0 0 0 0 0 0.00176757 0.0124456 -0.00164175 0 0 0 0 0 0 0 0 -0.010706 0 -0.0131098 0 0.00882804 -0.00288196 0 0 0 0 0.000387664 -3.51895e-06 0.00325815 0 0 0 -0.00953684 0 0 0 0 0 0 0 0 0 0 0 0.000466242 0 0.00410002 0 0 0 0 0 -0.00402941 0 0 0 0 0 0.00464371 0 0 0 -0.00424354 0 0 -0.00390491 0 0 0 0 -0.0100662 0 0 0.000646669 0 0 3.10385e-05 0 0 0
-0.0012731 -0.00842678 0.915654 -0.014538 -0.0313227 -0.0455627 -0.000790113 0 0 0.0232709 -0.033914 0 -0.00739275 0.000239277 -0.00974295 0 -0.000120566 -0.00232143 -0.00114311 -0.00842841 0 0 -0.000100569 0 -0.00159391 -0.000514227 0 -0.0168523 0 0 -0.0186396 0 0 -0.00677513 0 -0.00250813 -0.00897893 4.81675e-05 0 -0.00490127 0 0.00460251 -0.0102318 -0.0176682 -0.0094729 0 -0.00334874 -0.00181643 -0.00303696 -0.0115992 -8.42294e-06 -0.00226576 -0.00754694 -0.00673861 0 -0.0128918 -0.00197154 0.000518607 0 4.6277e-05 0 0 0.00334466 -3.19597e-05 0 -0.00293034 -0.00644503 0 0.0190099 -0.00448689 -0.00751958 -0.0027966 -0.014416 4.9673e-05 -0.0126168 0 -0.00269746 -0.0183054 -0.0066931 -0.00823694 -0.00103349 0.0166891 0 0 3.06045e-05 -5.76917e-05 0 0 -0.0102316 0 -0.0068913 0 0.000354872 -0.00217122 -0.00280812 0 0 0 0 0.00089162 0 0 -0.00267099 0 0.00385957 -0.0038098 0 0.0121245 0.000265965 0 0.00054457 -0.00325335 -0.000697789 -0.00854508 -0.00458458 0 -0.00487717 -0.00274139 0 -0.00146891 -0.000695499 -0.03073 -0.010464 -0.00426576 0.0057084 0.00293253 0 -0.00367065 0 -0.00479904 0 -0.00787765 -0.00597312 -0.00124018 -0.000354294 -0.00557276 -0.0239147 -0.00501466 -0.0208044 -0.000851108 -0.00528134 -0.00205316 -0.000771795 0 0 0.00469714 -0.000251013 0.000545594 0 -0.0125993 -0.00274687 -0.000932223 0 0 0 0.00160042 0.00610025 -0.0271342 -0.00454221 -0.00570178 -0.000220223 -0.00355146 0.0104645 -0.0150664 -0.000869185 -0.00606486 -0.0174086 -0.00545123 0 -0.00205051 -0.0139224 -0.00487518 0 -0.00591606 -0.0159773 -0.00863846 0 0 -0.00302814 0 0.00331814 0.000504171 -0.00311146 -0.000721691 -0.0018753 -0.00277554 -0.0125808 0 -0.0253025 0 0 0.00928039 0.000517259 0.00325897 -0.00381907 -0.0035466 0.00391327 -0.018829 -0.00550626 -0.0141944 0 -0.0284895 -0.00678412 0 -0.000343479 -0.0197065 -4.05272e-05 0.00656451 -0.00190288 0.00310356 -0.00341661 -0.00657869 0.00270824 -0.000996279 0 0
-0.0307215 -0.0447969 -0.014538 0.915673 -0.0050208 -3.72785e-05 0.00269966 -0.0440691 -0.0333645 0.00181498 0 -0.0152302 0.00508905 0.00925823 -0.0155023 0 0.00165713 0 0 -0.00485309 -0.00604098 0 0 -0.0162795 0.00192684 0.00384794 0 0 0.00061405 -0.0234721 -0.0064272 0.0134448 0 -0.00217814 0 0 0 0.0175477 0 -0.000111259 0 0.011155 0 0.000151713 0 0.000332886 0.00167197 0.000665366 9.33875e-06 0 0.000609727 0.000351664 0.00329944 0 6.93366e-05 -0.00064309 0 0 0 0.018913 5.86017e-05 0 0 0.000774415 0.000257008 0 -0.0127644 0 0.0148389 0.00441389 -0.00938293 0 0 0.01592 0 0.00336247 0.00188678 0 0 -0.00172112 0 0.00606098 0 0 0.00150072 0 0.00114933 0.00447797 -0.00406215 0.00793917 0 0 0 0.00346267 0.00537791 0 0 0.0247263 0.000240453 -0.00355208 0.00401912 0.00945506 0.00579349 0 0.0052988 0 -0.0136193 0.0208975 0 0.00264225 0 0 0 0 3.78819e-05 0 0 0.00315439 0 0 0 0 0 0 0 0 -0.00979366 -0.000150855 0 0 0.00842066 0.00105237 0 0 0 0 -0.00042212 0 0 0 0 0 0 -0.00226878 0.0025014 -0.00100012 6.76214e-05 0.00140778 -9.00088e-06 -0.00330512 0.00110593 0.000733223 0 0 -1.61191e-05 -0.00311421 0 -0.00147125 0 0 0.00086718 0 0.00273288 0 0 0 -0.00483354 0 0 0.00131178 -0.0118017 -0.000878538 0.0104682 -0.00274101 0 0 0.00520288 0.00423999 0 0.00336232 -0.000518907 0 0 0.00297795 0 0.00154439 0 0 -0.0208213 -0.000692925 0 0.00582501 -0.0102649 -0.00202899 0 0 -0.0032361 0 0 0 -0.00568138 -0.0108474 0 0.00487963 0.00175263 -0.00653446 -0.0130165 0.010198 0 0 -0.000620333 0 0 0 0 0
0 0 -0.0313227 -0.0050208 0.890052 -0.0111344 -0.00110708 0.000373425 0 0 -0.0228111 0.000124062 -0.00443083 0.0173763 -0.0109167 0.00226513 -0.000653161 -0.00600659 0 -0.026982 0 0.000295304 0 0 -0.00195844 -0.000259122 0 -0.030107 0 0 -0.0418968 0 0 -0.0108056 0 -0.00329436 -0.0210855 0.0152997 0 -0.0133531 0 0 -0.00476045 -0.0144684 -0.010809 0 -0.00612013 -0.0237324 0.00183941 -0.00767318 -0.00109492 -0.00270723 -0.0043031 -0.025721 0 -0.0257319 -0.00468743 0 0 0.00490653 0.00991817 0 0.000982339 0 0 -0.00529833 -0.0228323 0 0.00877764 -0.00668388 0 -0.00679671 -0.0109116 0.0121 -0.0203856 0 -0.00462662 -0.019569 -0.00708542 -0.0100158 -7.67657e-05 0.0155681 0 0.00291261 -0.000152631 0 0.00310398 0 -0.0333467 0 -0.0133261 0.000536727 0 -0.00141905 -0.00607602 0.0104669 0 0 0.00123188 0 0 0 -0.00131371 0 0 -0.0129975 0 0.0243004 0.00018736 0.0117105 0.0177371 -0.00460203 0 -0.00917713 -0.0238435 0 -0.0068396 -0.000173169 0 -0.00136067 -0.000722941 -0.0145715 -0.0086698 -0.00832409 0.00496335 0 0 -0.00962691 0.00174705 -0.0140073 3.94485e-05 -0.00353711 -0.00557623 -0.00432395 -0.000287119 -0.00620206 -0.025632 -0.00903019 -0.0182023 -0.000556904 -0.0141201 -0.0100792 -0.00842351 0 -0.000937056 0.00203851 0 0.017723 0 -0.110781 -0.0022465 -0.00131508 0.000302925 0.00558153 0 0 0.0112074 -0.013185 -0.0134062 -0.0209822 -0.000786426 -0.0127537 0.0196853 -0.00993998 -0.00292983 -0.00608442 -0.0205816 -0.00693924 0.00567871 -0.0027157 -0.0299686 -0.00536048 0.0128078 -0.0156936 -0.022769 -0.00773156 0.0212001 4.03826e-05 -0.0105379 0 0.00319111 0.00171608 -0.0076331 0 -0.00996881 -0.00230655 -0.0203138 0 -0.0201118 0 0 0.0141494 -4.30578e-05 0.000277794 -0.00515636 -0.00835224 0.00258756 -0.0087456 -0.00460946 -0.00776717 0 -0.0158758 -0.00845753 0 0 -0.0256774 0 0.0133969 -0.00656645 0.00338538 -0.0112766 -0.00958153 0.00162621 -0.00333114 0 0
-0.00440281 -4.50162e-05 -0.0455627 -3.72785e-05 -0.0111344 0.897656 -0.00444345 0 0 0.0185845 -0.0480972 0.000175243 -0.0163404 0 -0.00253915 0.00711012 -0.00263427 -0.00979821 -0.00206054 -0.00209193 -0.00065816 0 -0.0020289 0 -0.00484884 -0.00390491 0 -0.0266073 -0.000226713 0.00010682 -0.014357 -0.00281264 -0.00247714 -0.00616824 0 -0.00478672 -0.019643 0.0165555 -0.000727732 -0.00424962 0 -0.0113092 -0.00737118 -0.0336706 -0.0200783 0.00057164 -0.00638373 -0.00263153 -0.00227689 -0.033216 -0.00193825 -0.00481861 -0.0167003 -0.0110291 0 -0.0107484 -0.000146344 0.000395265 -0.0028805 0.00946686 0.00452103 0 0.00721461 -0.00162314 -1.36317e-05 -0.000938521 -0.00717313 -0.000574533 0.0174432 -0.0110255 -0.00435039 -0.00228962 -0.00460789 0.00315192 -0.0171802 0.0152866 -0.007299 -0.0278713 -0.00426029 -0.0107104 -0.00276835 0.0162434 0 0 -0.00261494 -0.00253546 -0.000402868 -0.00171783 -0.0112392 0 -0.0166141 0.000652968 0.0119285 -0.00763174 -0.00753789 -3.59027e-05 0 -0.00446697 0 0.00539418 -0.00148655 -0.0114773 -0.00697183 6.26326e-05 -0.00318425 -0.0107232 0 0.00892217 0.000595936 0 0.00233068 -0.0131786 -0.00196973 -0.020727 -0.00783688 -0.00114882 -0.00237632 -0.00625902 0 -0.0049698 -0.00717726 -0.0199065 -0.0794104 -0.0121106 0.00745333 0.00266124 0 -0.00225585 0 -0.00804354 -0.00255794 -0.0182716 -0.00191088 0 0 -0.00326528 -0.0260147 -0.00836264 -0.0262976 -0.0101611 -0.0138585 -0.00829127 -0.00695804 0.00172215 -0.00171694 0.00628865 -0.000672203 0.011704 0 -0.0235503 -0.0147767 -0.0118027 0.00347616 0.00122111 -0.000435921 0.00985026 0.00471691 -0.00549833 -0.00650607 -0.0120436 -0.00423999 -0.0222837 0.0084967 -0.018126 -3.56139e-06 -0.00961527 -0.0268662 -0.0130787 -0.000191498 -0.0111939 -0.0136919 -0.00783208 -0.000411941 -0.0092083 -0.0163564 -0.00428096 -0.00261732 -0.00338844 -0.00276336 -0.00142622 0.00823497 0.00508066 -0.00148969 -0.00561885 -0.00408888 -0.0128405 -0.0267173 0 -0.0169623 0 0 0 0.00645912 0.0138053 -0.000992945 -0.00752802 0.0131527 -0.012972 -0.00133878 -0.0126736 0.00432237 -0.0127694 -0.0214337 -0.00483519 -0.00328281 -0.0168489 0 0.0166413 -0.00206326 0.00859227 -0.00291963 -0.00280674 0.00206954 -3.5694e-05 0 0
0.00414556 0.0216331 -0.000790113 0.00269966 -0.00110708 -0.00444345 0.815441 0.0146082 0.0125132 0 -0.000483188 0.000973074 0.0110435 0 0 0.0352052 -0.140703 -0.00148249 0 0 -0.000278957 0 -0.0151336 -0.0155041 -0.00439611 -0.18022 -0.0410955 0.000361038 0 0.0196814 0 -0.00467488 -0.0352434 0 0.0199105 -0.038366 -0.00284559 -0.00491896 0 0 0.0193387 -0.00991976 -0.00470274 -0.0112299 0.000936669 -0.00177966 -0.00388413 0 0 -0.0012318 -0.0140902 -0.0508413 -0.00939739 0 0.0111874 0 0.00156215 0 0 -0.00688031 0.0190451 0 1.21072e-05 0 0 0 0 -0.0179037 0.00359922 -0.00633469 0.0182542 0 0 -0.00452695 -0.0020581 -0.00315164 -0.011562 -0.00340865 -2.58832e-05 0 -0.000803566 0 0 0 -0.127229 -0.00384068 -0.00776976 -0.00286941 0 -0.000605897 -0.000979889 0 0.00968835 -0.0046671 -0.0042278 0 0.00687613 -0.00933079 2.50907e-05 0.00321446 -0.00559736 -0.00643247 0.00410832 0 0.00352902 -0.000384791 0 0.0208185 0.00116011 -0.00212976 0 -0.00158972 0 9.10132e-06 -0.00516939 -0.0554122 0 -0.00267271 0 -0.00340439 -0.000179112 0.00581744 -0.00398893 -0.00319161 0 0 0.00464943 0 0 -0.0029462 -0.00124468 -0.0043084 0 0 0 0 0 0.00336926 -0.00211482 0 -0.00163857 -0.00607842 -0.00177748 0.00792988 0 0.00538569 0 0.00461428 0 0 0.000371725 -0.00451057 0.00575288 0.00507957 0.00917887 0.00756124 0.000527461 -0.000611641 -0.000318872 6.87233e-05 -0.00114743 -0.0116383 0 -0.00257343 0 -0.00118146 -0.00215639 -0.0030465 -0.000799709 -0.00329574 -0.00109451 0 0.00103207 -0.000449051 -0.000350876 -0.00102911 -0.00304326 -0.00557137 -0.000553806 0 0.00555532 0.0108173 0 -0.0134627 -0.00147558 -0.00285634 -0.00950599 0 -0.0017966 0.000227103 0 -0.00264041 0.00449446 0.00568155 0 -0.00127099 0.0155832 0.000868122 0 -0.000431497 0.0060651 -0.00141661 -0.00191459 -0.0149205 -0.000898012 -0.000606958 1.85974e-05 0.0150234 0 0.000447276 0.00012617 0 0 0 0 0
-0.0218939 -0.0171965 0 -0.0440691 0.000373425 0 0.0146082 0.889075 -0.0223394 0 0 -0.00507773 0 0 -0.0316838 -0.0020669 0.00104411 0 -0.00375432 0 -0.00209177 0 0 -0.0228141 0 0.00103332 0 0 0 0 -6.56038e-05 0 0 0 0 0.010487 0 0.0014437 0 0 0 0 0 0 0 0 0 0.00218124 0 0 0 0 0 0 0 0 0 0 0 0 0 0.00321959 0 0 0 0 0 0 0.00472513 0 -0.00523201 0 0 0 0 0 3.14883e-05 0 0 0 -0.0074134 0 0 -0.0141882 0.000622262 -0.00378256 0 0 0 0 0 -0.00660252 -0.017535 0 0 -0.00923118 0 0 0 0 0 0 0 0 0 0 -0.00738425 0 0.00696007 0 0 0 -0.0127927 0 0.000237047 0 0 0 0 0 0 0 0 0 0.00138708 0 0 0 0 0 0 0 0 0 -0.00276639 0 0 0 0 0 0 1.72475e-05 0 -0.0039801 0 0 0 0 0 0 0 0 -0.00021109 0 0 -0.0115939 0.00195063 0 0 0 0 0 0 0 0 0 0 -0.00103092 -0.00677811 0 0 0 0 0 0 0.000160267 0 0 0 0 0 -0.00996607 0 0 0 0 0 0 0 0 0 0 -8.38765e-05 0 0 0.00595959 0 0 0 0 0 0 0 0 0 0 -0.011024 0 0 0 0 0 0 0 0 0
-0.0168077 -0.0094477 0 -0.0333645 0 0 0.0125132 -0.0223394 0.868638 -0.000289932 0 -0.00369891 0.00884499 0.0218459 -0.0196993 -0.015182 0 0 -0.032034 0.0105643 -0.00236219 0 0 0 0 0.00213398 0 0 -0.00456861 0 0 0 0 0 -0.00254712 0 0 0 -6.10205e-05 0 -0.000310471 0 0 0 0 0 0 0 0.00778679 0 -0.000721991 0 0 0 0 0 0.00672774 0 -1.67108e-05 0 0 0 0.00106732 0 0 4.79813e-05 0 -0.00013367 0.00468108 0 0 0.00257348 0.00589106 0 0 0 0 0 0.00834756 0 -0.00488685 0 -0.00389984 0 0 -0.000559863 -0.000134115 0 0 0 0 0 0 0 0 -0.0221051 0 0 0 0 0 0 0 0 -5.75199e-05 0 0 -0.000183633 0.0098737 0 -0.00722938 0 -0.0233031 0 0 0 0 -0.00185648 -0.00340587 -0.00451906 0 0 0 0 0 0 0 0.00147742 0 0 0 0 0.000874722 0 -0.000885304 0 0 0 0.00125549 0 0 0.00034205 0.0140523 0 0 0.00125214 -0.00330186 0 0 0 -0.000361856 0 -0.0194287 0 -0.012198 0 0 0 0 0 0 0 0 0 3.30152e-05 0 0 0 -0.0152205 0 0 0 0 0 0 0 0 -8.35151e-05 0 0 0.00159722 0 0.00150382 0 0 0 0 0 0 0 0 -0.000300147 0 0 0.000845186 0 0 0 0 0 0 0 0 0 0 0 -0.0246664 0 0.0104456 0 -5.21584e-06 0 0.000618247 0 0 0
0 0 0.0232709 0.00181498 0 0.0185845 0 0 -0.000289932 0.713108 0.00947039 0 -0.0157893 0.0797688 0 -0.022249 0.0203542 0 -0.00120595 0.00159166 0 0.0552578 0 0 -0.00860527 0 0 -0.00202332 -0.00234142 0.00212855 0.00250913 0.00269826 0 0.000409388 -0.000772848 0 0 -0.0152661 0 0 0 -0.00677044 0 -0.00176395 3.22327e-05 -0.000653206 -0.00269502 -0.00212761 0.000291587 0.0100323 0 0 -0.0041344 -0.00249908 -0.00806791 0 0.00438716 0 0 -0.00514441 -0.00123015 0 0 -0.00186146 -0.00194601 0.00275285 0.00800783 -0.000263041 0 -0.00811996 0.00779962 0.00395319 0 -0.00766844 0.00523309 -0.0107973 0.000950305 0 0 0 -0.000253047 -0.000599503 0 -0.00569082 0 -0.00174574 -0.0152115 -0.000831658 0 -0.00457272 0 -0.0111781 0.00301263 -0.00363359 -0.00597273 -0.000926329 -0.00296824 -0.00525392 -0.000297729 0.00893141 -0.00381229 -0.00568557 -0.00275838 0 -0.0127231 0 0 -0.0218415 0.014965 -0.00271599 -0.00857124 0 -0.00130571 0 0 0 0 -0.0115126 0 0 0 0 0.0281127 0 0 8.44104e-05 0.000451092 0.00662661 0 -0.00226381 -0.00492725 0.00298769 0.00385791 0.0017021 0 0.00809658 0 0 0 0 -0.000341027 0 0.000855123 0 -0.00294369 0.00160742 -0.000741953 -0.000260145 0 0 -0.00106511 -0.00339794 -0.0026495 0 -0.019551 0.00219117 0.000369148 0.00650934 0 -0.00184838 -0.000477424 0 0 0.00833252 0.00240366 0 0 0 -0.00368832 0 0 0 -0.0215202 0.0112445 0 -0.000494583 -0.00784611 -0.0054981 0.00505313 -0.00689375 0.00711027 0 0.0027369 -0.00298961 -0.00806185 -0.000820653 0 0 0.0133818 0.00131645 0 -0.0124745 0.0030512 0.00114315 0.00469933 0 0.00261829 0 0 0 0.002374 0.00281449 0 -0.00321416 -0.00121592 0 -6.81398e-05 -0.00371235 0.00230688 0 0.00388286 0.0123939 0 0.00105505 0 0
-0.00699647 0 -0.033914 0 -0.0228111 -0.0480972 -0.000483188 0 0 0.00947039 0.881435 0 -0.00717405 0.00381944 -0.000143054 0 -0.000683155 -0.00319498 0 -0.00546396 -0.000467836 0 -0.00321263 -0.000102472 -0.00239113 -0.000179161 0 -0.00381193 0 0 -0.0124379 0 -0.0052491 -0.00502636 0 -0.00101594 -0.00793235 5.06654e-05 0 -0.00627432 0 0.0193533 -0.0160804 -0.024179 -0.0241925 0 -0.00317255 -0.00156766 0.000929538 -0.0170373 -0.00099556 -0.00175959 -0.00927907 -0.0214441 0 -0.0125285 0 0.000372042 -8.18884e-05 0.0269604 0.0160756 0 0.00834667 0 0 0.000199486 -0.0173574 -1.78246e-05 0.0123346 -0.00664102 -0.0061113 -0.000932748 -0.00414658 5.22262e-05 -0.0154822 0 -0.00607319 -0.00652341 -0.0047165 -0.00540203 -0.00109631 0.0137116 0 0.000158505 -8.4095e-05 0 0 -0.000249738 -0.0195062 0 -0.0138719 0.000136445 0.000403823 -0.00378985 -0.00376792 0 0 0 0 -2.67219e-06 0 -0.00120956 -0.00214253 0 0 -0.0020588 0 4.48019e-05 3.48917e-05 0 0.00764037 -0.0098075 0 -0.00921281 -0.00688151 0 -0.00231344 0.00103193 0 -0.00484815 -0.0180701 -0.0182044 -0.0207237 -0.01607 0.00620584 0 0 -0.00193852 0 -0.0116388 0 -0.0150138 -0.00264828 -0.00269301 0 -0.00594545 -0.035017 -0.0124559 -0.0180235 -0.0138658 -0.0119351 -0.00397723 -0.00388808 0 0 0.00127869 0 0.00376738 0 -0.0176137 -0.00327157 -0.00128919 0 0.000370656 0 4.23656e-06 0.00416271 -0.00715559 -0.00875385 -0.00822379 -0.00200617 -0.0085774 0.0167874 -0.00532235 -5.63437e-05 -0.00409687 -0.0169415 -0.00359437 0 -0.00167674 -0.0210538 -0.0136164 5.42614e-05 -0.024529 -0.0114116 -0.00670565 0 0 -0.007314 0 0.00879261 0.000337544 -0.00586813 -0.00135995 -0.00662665 -0.0030629 -0.00605687 -7.67033e-05 -0.0454008 0 0 0.0205733 0.00253687 0.00260229 -0.00312817 -0.00562116 0.0071034 -0.0137147 -0.00328307 -0.00669284 0.000883456 -0.038903 -0.00788839 0.000473468 -0.00128139 -0.0181435 0 0.0229573 0 0.00443516 -0.00161924 -0.00445151 0.00274055 -0.000539498 0 0
-0.00408417 -0.0235629 0 -0.0152302 0.000124062 0.000175243 0.000973074 -0.00507773 -0.00369891 0 0 0.891764 0.00162393 0 0 -0.0260142 0.000295271 0 -0.00441714 0 -5.7673e-06 0 0 -0.00577026 2.65663e-05 0 -1.55716e-07 0 0 -0.0258294 0.0103577 0 0 0 -0.0156954 0 0.000103215 0.00450281 0 0 -0.00192464 0.000776222 0 0.000484944 0 0 7.28937e-05 0.0116851 0.0102477 0 0 0.000766874 0.000176211 0 0 0 0.000466355 0 0 0.007692 0 0 0 0 0 0.00143719 0 0.000250554 0 0.000257834 -0.00439404 0.000627187 0 0.000858046 0 0.000362778 0 0.00768999 0 0 0 0 0 -0.00831955 7.03329e-05 0 0 0 0 0 0 -0.012333 -9.80105e-05 0.00025328 0.000741025 -0.0281009 -0.00387964 0.0164444 0 0 0.00182812 0.000323112 0.000113612 0 0.0028783 0.011956 0 1.18703e-06 0.00643199 0 0 0 0 0 0 0 0.00016134 0.000130928 0 0 0 0 0.00424675 0 0 0 -0.000156711 0.00634548 0 0.000761493 0.000648491 0 0.00739698 0.00175749 0 0.000717922 0 0 0 0 0.000660862 0.0100561 0.00550046 0 0.00391475 -0.000992193 0 0 0 0 0 0 0 0 0 -0.000382132 0 0 0 0 0 0 0 0 0.00140717 0.00214548 0 4.82685e-05 0 0 0 0 0.0018041 0 0 0.000777191 0 0.00065576 0.00046274 0.000101275 0 0 0.00610332 0 0 0.000434514 0.000954286 0 0 0 0 0 -0.000417665 -0.000710436 0.00563199 0.00901214 0 0 0 0 -0.000185166 0 0 0 0 0.000165954 0 0 0 0 0 0.0085422 0 0 0 0
0.00423028 -0.00123938 -0.00739275 0.00508905 -0.00443083 -0.0163404 0.0110435 0 0.00884499 -0.0157893 -0.00717405 0.00162393 0.827433 0 0.00682492 -0.00168789 0.00490397 -0.00804363 -0.00679332 0.00282524 0.00668931 0 -0.000982677 2.46915e-05 -0.0140986 -0.003102 0.0011918 -0.0085982 -0.00865564 -0.0143544 -0.00468091 -0.0136142 -0.00357122 0.00037006 -0.000980159 -0.0100329 -0.00883854 -0.0255668 0 0 0.001726 -0.0243192 -0.00213742 -0.0265618 -0.00851486 -0.00791256 -0.0179306 -0.0102009 0 -0.00659381 -0.00648725 -0.00473501 -0.0269068 -0.000418265 -0.0128997 -0.00689471 0.000652901 0.000170753 -0.00539004 -0.011536 0 0 0.00601771 -0.0278022 -0.00535409 0 -0.0116323 -0.00378977 0.00378691 -0.0362914 0 0 -0.00159321 -0.0182675 0.00683916 -0.0174998 -0.0202648 -0.00606535 -0.00156879 -0.00169636 -0.00699822 0 -0.00112851 0 0.00351176 -0.0116582 -0.0052201 -0.0121847 0 -0.0108892 -0.00385578 0 0.0107324 -0.0330526 -0.0296931 -0.00398893 0 -0.0627522 -0.00399653 0.0189582 -0.0306247 -0.0262639 -0.0306904 0 -0.023666 -0.0127775 0.00210577 -0.0234979 0.00407262 -0.00207284 0 -0.0244968 -0.00785485 -0.00541075 -0.00762495 -0.00673811 -0.00023964 -0.0172409 -0.0034256 -0.00661953 -0.00566758 -0.0103761 -0.0156003 -0.0243887 0.00352317 0.00764584 0 0.0035143 -0.000794227 -0.0130167 -0.0229341 -0.014579 0 0.0020703 0 0 -0.00217979 -0.0222873 -0.0090107 -0.00928626 -0.0102078 -0.0296119 -0.00176407 0.010478 -0.0121863 0.0245862 -0.0156865 0 0.000163188 -0.00222744 -0.0169936 -0.0128653 0.000487229 0.00656388 -0.00989392 0.0177513 0.00350879 0.00312831 0.00608396 -0.0276399 -0.0145705 -0.00859025 -0.0037645 -0.00613689 0.000163518 -0.00349379 -0.00217735 -0.00512811 -0.00546115 -0.0209132 -0.000838549 0 -0.0462986 -0.00154947 -0.0297086 -0.00470675 -0.0402918 -0.0165032 0 -0.00812669 0.0174433 0.00476683 0.00164611 -0.0200399 -0.00851083 -0.0290922 -0.00417042 0.00123056 -0.00547017 0.011175 0 -0.0184985 0.0335381 0.0159709 0.00186492 -0.0257719 0.019322 -0.0104807 -0.00142834 -0.003076 0.0269211 -0.00285425 -0.016877 -0.020231 -0.0113695 -0.00512706 -0.00213977 0 0.00109509 0.00330371 0.00183571 0.000203442 0.00288512 0 0 0
0 0 0.000239277 0.00925823 0.0173763 0 0 0 0.0218459 0.0797688 0.00381944 0 0 0.823403 0.0110076 0 0 0 0.00280604 0 0.0241117 0.0113947 0.00618653 0.0161927 0.00389606 0 0 0 -0.000592479 0 0.000714386 -0.00580064 0.00121013 0.000703039 -0.000105289 0 0 -0.0137428 0 0 0 0 0.00212323 0.000240432 0.000189046 0 0 0 0 0.00151497 0.00979466 0 0 0.00194906 0 0.0078254 0 0 0 -0.00929984 -4.11174e-05 0 0 0 0 0 2.8881e-05 0.00968163 -0.00293793 0.00725523 0 0 0 0 0 0 0 0.000225082 0 0.000183892 0.00640711 0 0 0 0 0.00510264 0 0 0.00563607 0 0.0149491 0 0 0 0 0.00489087 0 -0.0103628 0 0 0 0 0 0 -0.00705352 0 0 -0.011004 0 0 0 0.00341962 0 0.000445502 0 0.00966284 0 -0.00535081 0 0 0 6.80775e-05 0 0 0 0 0 0 0 0 0 0 0 0 0.000311108 0 0.00112569 0 0.000244191 0 0 0.000260871 0 0 0 0 0 -1.92356e-05 0 0.00604149 0 0 0 0 0 0 -0.000290747 0.00118045 0.00589342 9.95107e-05 0 0.000727041 0 0 0 0 0.00113176 0.00537588 0.0103141 0 0.0107399 0.00489653 -0.0106835 0.0100557 0.00229719 0 0 0 0.000104354 0 -0.000161464 0 0 0 0 0 -1.51579e-06 0 0.002604 0 0 -3.95723e-05 0 0 0 0 0 0 0 0 0 0.0041293 0.00101465 0 0 0 0.000850776 -0.00956623 0 0 0 0 -2.81078e-05 0 0 0
-0.0374553 -0.00668718 -0.00974295 -0.0155023 -0.0109167 -0.00253915 0 -0.0316838 -0.0196993 0 -0.000143054 0 0.00682492 0.0110076 0.728191 0.0163935 0 -0.00165884 -0.00608652 0.00653922 -0.0801527 0 0 -0.0425623 0 0 -0.00471006 0 0 0.0231443 -0.0034112 0.00363717 0 0 0 0 -0.00367654 0.0145818 -0.0238657 0 -0.00907302 0 0 -0.00149374 1.08919e-05 0.00772516 0 0 0 0 -0.0179584 0 0 0 0 0 0 0 0 0 5.0627e-05 0 0 0 0 -0.000384597 0 -0.0145902 0.00277432 0 0 0 0 0.0178953 0 0 0 -0.00138118 0 0 -0.0372333 0.00363024 -0.0116129 0 0 -0.00954586 0 0 -0.000680793 0.00180152 0 0 0 0 0 0 0 0 0 0 0 0 0 0 0 0 -0.0312216 0.0078773 0.00980732 0 0 0 -0.0171952 0 0 -0.000415368 -7.06867e-05 0 -0.000427988 -0.0078313 0 -0.000447831 -0.000149165 -0.0102917 0.000351176 0 0 0 3.27628e-05 0 0.017598 0 0 0 -0.155326 0 0 0 0 0 0 0 0 0 0 0.00326437 0 0.00193391 -0.00812064 -0.00223137 0 0 0 0.0220423 0 0 0 -0.0109225 -6.3891e-05 0 0 -0.00528514 0.00351059 -0.00494508 0 0 -0.00252161 -0.0097613 0 0 -0.011543 -0.00222704 0.0125236 0 -0.00140789 0 0.00232682 0 0 0 0.000308013 0.00512334 0 0 0 0 -0.00184225 0 -0.00298462 0 0 0.00259943 0 0.000127401 0 0 0.00134706 -4.93374e-05 0 0 0 -2.15816e-05 0 0 0 -0.00161258 -0.00121828 0.00424321 0.00176895 0 0 0 0 0 0 0
-0.0110842 -0.0211767 0 0 0.00226513 0.00711012 0.0352052 -0.0020669 -0.015182 -0.022249 0 -0.0260142 -0.00168789 0 0.0163935 0.763652 0.0198342 0 -0.00740575 0.0135577 0 0 0.000237967 0 0 0.0196492 0.023429 0 -0.00795117 -0.026434 0.0196217 0 0 0 -0.0340136 0 0.000320411 0 0 0.00163597 -0.0183913 -0.00116023 -0.0255202 0 0 -0.0013127 -0.00174019 0.00364607 0.00987817 0.000221752 0 0.0167577 0 -0.00782315 0 0 0.00666054 0 0 0 -0.00223034 0.00633211 0 0 -0.0139734 0.00451243 0.00395066 0.00472622 0 0 -0.0091224 0.00613933 0 -0.000559377 0 -0.000489207 0 0.0142702 0 0.000129834 0 -0.00021844 0 0 0.0121543 0 0 0 0 -0.029895 0 0 0 0 0 -0.0292782 -0.0297532 0 -0.00128103 0.000985585 -8.65897e-05 -0.00160202 0 0 -0.00260378 0.00358691 0 -0.00202504 0.0188968 0 -0.00732393 0 -0.00693704 0 0 0 0.000374074 -0.00402823 -0.00805569 0 0 0 0.000914567 0 0 0.0036225 0 0.00539518 0 -0.00107333 -0.00810494 -0.00448453 0.00420059 0.00882472 0.00543576 0.00234774 -4.97094e-06 0 0 -0.000171199 0 0.0151312 0.0245953 -0.00462482 0 -1.7888e-05 -0.0247775 -0.0198534 -0.00780023 0.000568035 -0.00286799 0 0 0 -0.0239583 0.000579944 0.00371765 0 0 -0.0122343 0 0.00845031 0 0.00176244 0.00243024 0.000641698 0 0.0165578 -0.00443541 0 0 0 0 0.00235412 0 -0.00560719 -0.00539788 -0.00103414 0.000692341 -0.00780242 0.00339085 0 0.0100235 0 -0.0172756 0 0.00102924 0 0 0 0 -0.000426534 0 0 0.0143981 0.00958149 0.000113151 0 0 0.00113403 0 -0.00477463 0 0 0 0 -0.0204022 -0.00064006 0.00363093 0 0.00218598 0.0054724 6.42342e-05 0.000690019 0 0
0.00619539 0.0157634 -0.000120566 0.00165713 -0.000653161 -0.00263427 -0.140703 0.00104411 0 0.0203542 -0.000683155 0.000295271 0.00490397 0 0 0.0198342 0.891483 -0.000383766 0 0 0 0 -0.00879569 -0.00147882 -0.00233719 -0.0977931 -0.0307523 0 0 0.00975735 0 -0.00317061 -0.0175772 0 0.00987951 -0.0344372 -0.00132904 -0.000735517 0 0 0.00843729 -0.00853157 -0.00259272 -0.00775842 0 -0.000304091 -0.00236078 0 0 0 -0.00350184 -0.0373302 -0.00588285 0 0 0 0.00315305 0 0 -0.00369255 0.0137737 0 0 0 0 0 0 -0.0116703 0 -0.00343528 0 0 0 -0.00190115 -0.00934899 -0.00283244 -0.00690817 -0.00380549 0 0 0 0 0 0 -0.0931367 -0.00116419 -0.00085198 -0.00259619 0 -2.03158e-05 -0.00120504 0.000600105 0.00160583 0.00265182 -0.000943096 0 0.0078847 -0.00716224 0 0.0028146 -0.00385049 -0.00598482 8.79295e-05 0 0.00301915 0 0 0.0118419 0.000172513 -0.000786217 0 -0.00142468 0 0 -0.00198208 -0.0116925 0 -0.00274676 0 -0.00123874 0 0 -0.00109811 -0.00209532 0 0 0 0 0 -0.00133596 -0.00223318 -0.00453517 0 0 0 0 0 -0.000605121 -0.00158464 0 -0.000185535 -0.00170144 0 0.00175022 0 0.00627037 0 0 0 0 -0.00148838 -0.00406491 4.13742e-06 0.000741792 0 0.0040213 0 0 0 0 -0.000401951 -0.00320809 0 -0.000425598 0 0 -0.000691586 -0.00170022 -0.000241786 -0.00193313 0 0 -0.00194819 -0.00100373 -0.00128505 2.99925e-05 -0.00178837 -0.00436282 0 0 0.00537954 0.00230488 0 -0.0113563 0 -0.00245355 -0.00317889 0 -0.000516021 0 0 -0.00110387 0.00456238 0.00292042 0 -0.000126094 0.00365191 -0.00205461 0 0 0.00487849 -0.000620788 -0.00128431 -0.00505424 -0.000179716 -0.000931406 0 0.00485695 0 0 0 0 0 0 0 0
0 -0.000229525 -0.00232143 0 -0.00600659 -0.00979821 -0.00148249 0 0 0 -0.00319498 0 -0.00804363 0 -0.00165884 0 -0.000383766 0.834361 -0.00411001 2.78042e-05 -0.00951042 0 0 0 -0.0084939 -0.00158065 0 -0.00475846 -0.000483628 -1.42689e-05 -2.72229e-05 -0.0006268 0 0 0 0 -0.00198171 -0.00376995 0 0 -0.00483247 -0.00561864 -0.00279758 -0.00537292 -0.00501331 -0.00347462 -0.0163728 0 0 -0.00065519 -3.42668e-06 -0.00869504 -0.00627162 -0.0081392 0 -0.00132939 0.0015499 0 -0.000425567 -0.00285861 0 0 0.00247677 -0.00117545 0 0 0 0 0.0175161 -0.00540946 -3.33853e-05 0 0 -0.00298987 -0.000548418 -0.0028458 -0.0194909 -0.00161905 0 0 -0.00275178 0.015338 0 0 -0.000650558 -0.00446707 -0.000203646 -0.000591219 -0.00402038 0 -0.00100587 0 0 -0.00453318 -0.00340698 -0.00025664 0 -0.00529818 0 0.00284576 -0.00246803 -0.00414906 -0.00431446 0 -0.00559263 -0.00611865 0 -0.00411519 0.00894685 0 0 -0.00254511 -0.00366472 -0.00269153 -0.0264041 0 0 -0.0129704 -0.00163375 -0.00341658 -0.00103043 -0.00564282 -0.001671 -0.0168089 0.001434 0 0 0 0 -0.00271642 -0.0030425 -0.00392196 0 0.00325372 -0.00340085 0 -0.00168944 -0.00218877 -0.00327583 -0.00035533 -0.00312627 -0.00144501 0 0.000291937 -0.000970663 0.0040917 0 0 0 -0.00537615 -0.0142768 -0.00418279 0 0 -0.00216164 0.00242985 0.00533112 -0.00595014 -0.0014048 -0.00190769 -0.00173725 -0.00285292 0.00635691 -0.00190985 0 -0.000533225 -0.000250483 6.869e-06 -0.00256377 -0.000584559 -0.00102043 -0.0030696 -0.00360991 -0.000157469 -0.00277784 -0.002083 -0.00594791 -0.00384243 0 -0.00154934 0.00460004 4.73069e-05 0 -0.00217793 -0.00421206 -0.00339155 -0.000974462 0 -0.00191593 0 0 -0.00157012 0.00513306 0.00288671 0 -0.00178452 0.00346784 -0.00729042 0 -0.000280391 0.0037908 -0.00118358 -0.00265932 -0.00280326 -0.00136749 -0.00875959 -0.000190538 0 0 0.00309374 0 0 0.00750647 0 0 0
-0.00663941 -0.0347581 -0.00114311 0 0 -0.00206054 0 -0.00375432 -0.032034 -0.00120595 0 -0.00441714 -0.00679332 0.00280604 -0.00608652 -0.00740575 0 -0.00411001 0.828088 0.00995914 -0.0141721 0 -0.000623784 -0.0193498 -0.00320281 0.00590258 0 -0.00202326 -0.00286652 0.00113295 0 -0.00200422 0 0.000596806 -0.0282772 0 -0.00265739 -0.00551887 -0.00228679 0 -0.00496689 -0.0117593 -0.00159878 -0.00510391 -0.000358903 0 -0.00372742 -0.00164849 0 0 -0.00288891 0 -0.0124835 0 0.0223684 0 0 0 -0.0116801 -0.00429034 -0.0135749 0.00229981 0.00456457 -0.000868115 -0.00197926 0 0.0036832 -0.00085083 0.0016417 -0.00610909 0 0.0010418 0 -0.00477071 0 -0.00732031 -0.0027971 0 0 0 -0.0295099 -1.1056e-05 -0.0148686 -0.000585141 0 -0.0212935 -0.0194926 -0.000965959 0 -0.00125851 0 0 0 -0.00682663 -0.00454086 -0.0258048 -0.0215636 -0.00779074 -0.00970775 0.00587034 -0.00463302 -0.00634618 -0.00474518 0 -0.0103286 0 0 -0.00722482 0.0128237 -0.000749632 0 -0.00015507 -0.0530162 0 -0.000854737 0 0 -0.011217 -0.00244259 -0.0141056 -0.000772163 -0.00177207 -0.000605525 -0.00219102 0.00040344 0.00144219 0 0.00288039 0 -0.00387649 -0.00489409 -0.005563 0 0.00113518 -0.0105234 0.00602834 0 0 0 0 -0.000450707 0 0.0184822 -7.87051e-06 -0.000960769 0.00221257 -0.00573491 -0.000438836 0 0 -0.004327 -0.00208366 -0.00614706 0 -0.0431527 0.00418596 0.00486821 -0.00305169 0 -0.00191674 -0.00283246 -0.00053946 6.59123e-05 0 0 0 0 0 -0.0186252 -0.00551845 0 0 -0.00732538 0 -0.00156829 -9.70238e-05 -0.00445689 -0.0175576 0.00541216 -0.00114419 0.0077817 0 0.000958742 -0.00466577 0 -0.00361241 0 0.00130459 -0.00037552 0.00237732 -0.00768261 -0.00362151 0.00409521 0.00442095 0.00367762 0 0.00435064 -0.00228025 0 0 0.00296643 0 -0.00124347 -0.0034468 -0.00122591 0 -0.0341622 -0.000185596 0.00064667 0.00176881 0.00134239 0.000850193 0.00406391 0 0 0
0.00336228 0 -0.00842841 -0.00485309 -0.026982 -0.00209193 0 0 0.0105643 0.00159166 -0.00546396 0 0.00282524 0 0.00653922 0.0135577 0 2.78042e-05 0.00995914 0.751831 0.0201003 0 0 0.000155919 0.00571177 0.00128414 0 -0.0375654 0.0012188 -0.00663568 -0.0400842 0.00180645 0 -0.00792404 0.000562446 0.0195429 0 0.00323539 0.00101304 -0.00112433 0.106396 0.0113715 0.0249327 0.000370545 0 0 0.00195263 -0.0157756 -0.00891608 0 0.0113844 0 0.0019799 -0.00104366 0 -0.00381357 -0.00687905 0 0.0017399 0.00269252 0.00240112 0 0 0.00150986 0.013352 -0.00491703 -0.0432495 0.0147281 0.00477967 0.000691321 0 -0.00324474 -0.00407527 0.00491582 -0.00165141 -0.00504412 0 -0.00294369 -0.011325 -0.00334981 0.00119731 0.010792 0.0027975 0.0130831 4.6436e-05 0.00482604 0.028755 0.0059327 -0.00979018 0.00239842 0 0 0 0.0131288 0.00163147 0.00791006 0 0.00897978 0.00277275 -0.00414291 0.00396291 0.00576024 0.00561467 0 0.00617976 -0.0326668 0 0.00588199 -0.00107298 0.0120833 0.00250823 0 0.00174104 -0.000123734 0 0.0202212 -0.00428241 0.00382267 0.00695478 0.0122969 0.0234278 -0.0128339 -0.000856083 0 0.000766632 -0.00451067 0 -0.00785926 0.0044835 -0.0179542 0.0145785 0.0018687 -0.0064476 -0.00830892 0 -0.00720424 -0.00291231 0 0 0.00397852 0 -0.0117455 -0.0399875 -0.00109829 0 -0.000605026 0.0157138 0.026652 0 -0.0136906 0.00324902 0.00176751 0 0 0.00612431 -0.00713998 0.00565779 -0.000132746 0 0 0 0 0.00911356 -0.00266568 -0.00454843 0 -0.00376399 -0.000203921 0.0189743 0.00413024 -0.00160291 -0.000501508 0.00351767 -0.0065367 0 0 0.0134192 0.00650153 -0.00495766 0.00398173 -0.000859741 -0.00240913 -0.0102039 0.0045089 0 0 -0.00195205 -0.00343655 0 0 0.00651356 0.00767589 -0.00294272 -0.00731459 -0.007631 -0.018472 -0.0020645 -0.00595774 -0.000465069 0 -0.00316777 -0.000563633 0 0.0019836 0.00233803 -0.00304241 0.00196944 0.00375747 -0.000967692 7.70207e-05 -0.00686074 -0.00898588 0 -0.00729221 0 0
0 -0.0139085 0 -0.00604098 0 -0.00065816 -0.000278957 -0.00209177 -0.00236219 0 -0.000467836 -5.7673e-06 0.00668931 0.0241117 -0.0801527 0 0 -0.00951042 -0.0141721 0.0201003 0.749118 -0.00919323 0 -0.0189375 -0.00374915 -0.00015719 -0.0125631 0 0 0.0713559 0 -0.0002713 0 0 0 0 0 -0.000746027 -0.0207343 0.000212932 0 -0.00578618 -7.62604e-05 -0.00442698 0 0 0 0.0112566 0 0 -0.0267345 -0.00491111 -0.00175418 -0.00109879 0 0 0 0 -0.00949089 -0.00337984 0 0 0 0 0 0 0.00804643 -0.02807 0.00145684 -0.000599837 0 0 0.00398126 0 0 -0.00106332 -0.00171656 0 0 0 -0.0142977 0 -0.0132233 0 0 -0.00152461 -0.000419402 -2.98893e-05 -0.00315838 0 0 0 0 -0.00174923 -0.000955274 -0.00444476 0 -0.00627245 0 0.000984607 -0.000853524 -0.00104569 0 0 -0.00181806 0 0 -0.00208578 0.0155628 -0.00460699 0 0 -0.0152539 0 0 -0.00818529 -0.0037711 -0.0006118 -0.000479776 0 0 0 -0.00148619 -0.0032905 0 4.981e-06 0 0 0.0109216 0 0 -0.000833284 0 0 -0.031466 0 0 0 0 0 0 0 0 0 0 0.000157871 0 0 0 0 -0.000980769 -0.00423155 0 0.0084125 -0.0102212 0.000558054 0 0 0 0 0 -0.0184114 0 0 0 0 0 -0.00161186 -0.00222653 0 0 0 -0.000172959 0 -0.000329364 0 -0.000410278 -0.000264229 0 0 0.0047296 0.000144315 0 0 0 0 0 0 0 0 -0.00542311 -0.000165066 0.000707411 0.000989856 0 0 0.00182308 4.5842e-06 0 0 0 0 0 0 0 0 -0.00634095 0 0.00258316 0 0.000164332 0 0 0 0 0
0 0 0 0 0.000295304 0 0 0 0 0.0552578 0 0 0 0.0113947 0 0 0 0 0 0 -0.00919323 0.86902 0 0 0 0 0 0 -0.0126455 0 0.00782986 0 0 0.00204654 0 0 0 0 0 0.0107004 0.0120632 -0.00383806 0 0.00220234 0 0 0 0 0 0 0 0.00964807 0 0 0 0.0013324 5.27382e-05 0 0 -0.000660109 -0.0213601 0 0 0 0 0 0.00824618 0 0 0 0 0.00593518 0 -0.00175757 0 0 0 0.00103529 0 0.00239323 0 0 0 0 0 0 0 0 0.00267269 -0.000128617 0 0 0 0 0 0 0 -0.00845306 -9.88764e-05 0 0 0 0 0 -0.00377857 0 0 -0.000232215 0 0 0 0 0 0 0 0 0.000872419 0 -0.0105808 0.00596854 0 0 0 0 0 0 0 0.00802629 0 0 -5.03853e-05 0 0 0 0 0 0 0 0.00158635 0 0 0 0 0 0.0034381 0 0 -0.000616561 0 0 0 0 0 0 0 0 0 0 0 0 0 0 0 0 0 0 0 0 0 0 0.00199766 0.000319 0 0 0 0 0 0 0 -0.00726676 0 0 0.00104404 0 0 0 0 0 0.000637991 0.000264602 0 -7.38037e-05 0 0 0.000846866 0 0 0 0 0.000160233 0 0.00135702 0 0 0 0 0 -0.00711877 0.00315895 0 0.00584187 0.000410352 0 0 0 0
0 0 -0.000100569 0 0 -0.0020289 -0.0151336 0 0 0 -0.00321263 0 -0.000982677 0.00618653 0 0.000237967 -0.00879569 0 -0.000623784 0 0 0 0.840868 -0.00817828 -0.000162224 -0.0215961 -0.00429975 0 0 0.0143794 -0.000101162 -0.000772586 -0.0453165 0 0 -6.47252e-05 0 0 -0.026134 0 0 -0.000667108 0 -0.00381914 0 -0.000289896 -0.000249444 0 0 0 -0.01126 -0.000865605 -0.00715648 0 0 0.00511797 0 0 0 -0.000195589 0.00310955 0 0 0 0 0 0 -0.0131384 0.00309101 -0.00299161 0.0148218 0 0 -0.00029068 -0.00590283 -0.00137793 0 0 0 0 0 0.000164734 -0.00464199 0 -0.00756799 0 0 -0.00434809 0 0 0 0.00441278 1.11642e-05 -0.000902445 -0.00198863 0 0.00499364 -0.000364562 0 0.000353328 -0.0023031 -0.000335269 -0.000104052 0 0 -0.00092116 0 0 -9.14024e-06 0 0 -0.00112817 0 0 5.48859e-07 -0.00586261 0 0 0 0 -0.00481383 0 -0.00602653 -0.000243938 0 0 0 0 0 0 0 -0.000615541 0 0 0 0 0 -0.000150928 0 0 0 -0.0173271 0 0 -6.73434e-06 0 0 0 0.000903079 0 -0.00063922 0 0.00363293 0 0 0.000139308 0 0 -0.000544391 0 0 -0.000678239 0 0 0 0 0 -5.74772e-05 0 0 0 0 0 -0.00361202 0 0 0 -0.000887022 0 0 0.000230334 0 0 -0.000581028 0 0 0 0 0 0 -7.3866e-05 -0.000702949 0.000738801 0.000245691 0 -0.000189194 0.00028324 0 0.00215434 0 0.000714892 0 0 0 -3.80093e-05 0 0 0 0 4.87739e-05 0 0 0 0 0 0
-0.00501012 -0.0119766 0 -0.0162795 0 0 -0.0155041 -0.0228141 0 0 -0.000102472 -0.00577026 2.46915e-05 0.0161927 -0.0425623 0 -0.00147882 0 -0.0193498 0.000155919 -0.0189375 0 -0.00817828 0.784767 -0.000112066 -0.0245767 -0.0207979 0 0.0164882 0.0341913 0 0 -0.00120467 0 0 0 0 0 0 0 0 -0.00155481 0 0 0 0 -0.00156129 0 0 0 -0.00380476 -8.99182e-05 -0.000863976 0 0 0.00483362 5.97296e-05 0 0 -0.00208245 0 0 0 0 0 0 0 -0.018178 0.00058468 0 -0.00792598 0 0 0 0 0 0 0 0 0 -0.0194015 0 -0.00100835 0 -0.000944751 -0.0199436 0 0 0 1.80275e-05 0 0 0 0 0 -0.010516 0 -0.000147635 0 0.00119496 0 0 0 0 0 0 -0.00199268 0 0.00220438 -0.0218345 0 0 -0.0271462 0 0 -0.0085299 0 0 -0.000564744 0 0 0.00768943 0 -0.000238687 0 0 0 0 0.0141361 0 0 0 0 0 -0.0160161 0 0 0 0 0.004571 0 0 0.000142667 0 0 5.33615e-05 0 0 0 0 0 0 0 0.00538706 -0.00197937 0 0 0 0 2.03963e-05 0 0 0 0 0 0 0 0 -0.00223017 0 0 0 0 0 0 0 0 -0.000790756 0 0.00868304 0.00067894 0 0 -6.78293e-05 0 0 0 0 0 0 0 0 0 0.00124395 0 0 0 0 0 0 0 0 0 0 0 0 -0.0222938 0 0 0 0 0.000177729 0 0 0 0
0 0 -0.00159391 0.00192684 -0.00195844 -0.00484884 -0.00439611 0 0 -0.00860527 -0.00239113 2.65663e-05 -0.0140986 0.00389606 0 0 -0.00233719 -0.0084939 -0.00320281 0.00571177 -0.00374915 0 -0.000162224 -0.000112066 0.91031 -0.00536331 0 -0.00272533 -0.000783971 0.0029635 0 -0.00459865 0 0 0 -0.00406572 -0.0027593 -0.00785344 0 0 0 -0.0141296 -0.00347816 -0.0249517 -0.00289119 -0.0257388 -0.0143891 -0.00363316 -0.0053908 -0.00129355 -0.0237594 -0.0203868 -0.0113721 -0.00288157 0 -6.17137e-05 0 0 -0.000970902 -0.00682194 0 0 0.00131829 -0.00267368 -0.00107329 0 0.0020553 -0.020965 0.0031623 -0.030668 0 0 0 -0.00910132 -0.00108158 -0.00919591 -0.0144409 -0.00274434 0 0 -0.00824482 0.00124715 0 0 -0.00265955 -0.0092036 -0.0104308 -0.00484524 -0.00198918 -0.0043631 -0.00255963 0 0.00138774 -0.00901543 -0.0185196 -0.000497713 0 -0.00966116 -0.000399517 0.00825381 -0.00944908 -0.013261 -0.011619 0 -0.0115295 -0.00218405 0 -0.0102069 0.0100123 -0.00674816 0 -0.00681398 -0.00657226 0 -0.00303793 -0.00122831 -0.000626796 -0.0103425 0 -0.00887576 -0.00557439 -0.00314731 -0.00159816 -0.0179823 0.00270974 0.00167362 0 0 0 -0.0126069 -0.020436 -0.00793707 -0.0065428 0 0 0 -4.6343e-05 -0.0041726 -0.00270576 -0.00250693 -0.00721636 -0.00383961 0 0.00340408 -0.0046341 0.00774323 -0.00305283 0 0 -0.00153666 -0.006916 -0.00580992 0 0.000507704 -0.0152825 0.00696402 0.00397127 -0.000827313 -0.000916609 -0.00258077 -0.00626692 -0.00517394 0.00123972 -0.00378904 0 -0.000440214 -0.000512481 -0.0010103 -0.00255385 -0.0121342 0 -0.000501157 -0.00962804 0 -0.00557203 -0.00171604 -0.0206865 -0.0158768 0 -0.00314849 0.0185334 0.000905515 0 -0.00704283 -0.00447337 -0.00552811 -0.000341846 0 -0.00216279 0.000243375 0 -0.00779412 0.00828585 0.00637257 0 -0.00998721 0.00894589 -0.00478258 0 -0.000748939 0.00899458 -0.00135683 -0.0038612 -0.00873392 -0.00420907 -0.00102369 0 0 0.000739637 0.00206002 0.000391626 0 0.00151402 0 0 0
