0 0.0336484 0.00139038 0 0.0335513 0.00485638 -0.0047976 0.00778791 0 0.0242656 0.0458699 0.00451976 0.0188463 0 0 0.00762479 0 0 -0.00486004 0.00591037 0 0.0132554 0 0 0.00331894 0 0 -0.0155395 0.0224128 -0.00685723 -0.00405238 0.000550081 -0.00294185 0 0 0.0176227 0 0 0.000655774 0 0 -0.0119186 0 0 0 0 0.00430468 0 0.0012308 0.00920563 0 0 0.0151389 0 -0.000984769 0 0 0 -0.00369715 0.0164062 0 0.00833563 0 0 0.000830499 0 0 0 0.0118501 0.000489426 0.0012069 -6.47013e-06 0 0 0 0.000747584 0 -0.00186923 0 0 0.00345505 0.000331569 0.0316761 0.00153353 -0.00841077 0 0 0 -0.00715438 0 0 0.00701296 0 0 0 0 0 0 -0.0106654 -0.00115197 -0.000234205 0.00304051 0 0 0.00211971 0 0 0 0.011905 0 -0.00942424 0 0 0.00714554 0 0 0.00866808 0.00469859 -1.14796e-06 -0.000191164 0 0 0 -0.00156668 0 0 0.000302187 0 -0.0028397 0.000953542 0.00937427 0 0.0250818 0 0.0206483 -3.23134e-05 0 0 0 0 -0.00089202 0 0 0 0.00869161 0 -0.00139875 0 0 0 0 0 -0.000694619 0 0 0 0 0 0 0 0 0 0 0 0 0 -0.00800286 0 -0.000692028 0 -0.000575393 0 3.58393e-05 -3.3244e-07 0 0 0 0 0 -0.00516897 7.70777e-05 0 0 0 0 0 0 0 0 0 0 0 0 -0.00529015 0 0 0 0 -0.00118608 0 0 0 0 -0.000282373 0 0 0 0 0 -0.00264799 -0.000362569 0 0 0 0 0
0.0336484 0 0.00942903 0 0.0501244 5.08727e-05 -0.0256503 0 0 0.0195273 0.00839057 0.0267161 0.0108537 0.0172059 9.95284e-06 0.0408968 0 0 0.00145885 0.0144755 0 0.0259467 -0.016207 0 0.000903947 0 0 0 0.0108474 -0.0178757 0 0 0.000395065 0.00378945 3.25677e-05 0.00105667 0 0 0 0 0 -0.00884887 0.00179474 0 0 0 0 0 0.00855806 0 0 0 0.0128705 5.47131e-05 0.000226247 0.000269044 0 0 0 0 0 0.0403064 0 0 0 0.00096552 0.0118091 0.00288546 0 0 0 -0.00930971 0 0 0 0.00417454 0 0.00013449 0 0 0 -0.000438806 0 0.00321383 0 0 -0.00151665 0.00416886 0 0.0119794 0 0 3.91345e-06 0.00685533 0 0 0 0 0 0 0 0.00182016 0 -0.0140003 0.00568154 0 0 0 0 0.0147163 -0.0123173 0 0 0 -9.42824e-06 0 0.0185118 0 -0.0019941 0 0 -0.000299751 0 0 0 0 0 0 0 0 0.0111196 0 0.00435032 0 0.00447835 -0.00992826 0.00558031 -0.00312778 0 0 0 0 0 0 0 0 -0.00539259 0 0 0 0 0 -0.00637029 0 0 -5.27429e-05 0.00474774 0 0 0.010691 0 -0.00631971 0 -0.00151192 0 0 0 0 0 0 0 0 0 0 0 0.0106012 0 0 0 0 0 -0.00134449 -0.015844 0 0 0 0 0 0 0 -3.36691e-05 -0.000513256 0 0 -0.000704494 0 0 0 0 0 0 -0.00358336 0 0 0 0 0 -0.00450433 -0.00502696 0 -0.000431859 0 0 0 0 0
0.00139038 0.00942903 0 0.0346965 0.015877 0.0502561 0.000914382 0.0377501 -0.0287985 0 0.0119317 0 0 0 0 0.00131276 0.00730338 0.0189083 0.00849325 0 0.0104118 0 0.000577125 0.0100416 0.0113925 0.0216001 0.00531849 0.002108 0 0.000133445 0.0101583 0.0140213 -0.00510447 0.00834501 0 0 0.0127345 0.0140264 0.00893861 0.0155385 0.000114613 -0.021172 0.019723 -0.000275569 0.0076436 0.00719533 0.0113245 0.0199861 0 0.00766986 0.00380038 0 0.00863135 0.00497738 0 0.0026559 0.00921166 0 0.00417344 0 -0.000394823 0.000762992 0 0.00281688 0.0225708 -0.00423625 0 0.0338153 0 0.0116698 0.00719588 0.00338346 0.00661248 0.00505059 9.39425e-06 0.00858043 0.00174583 -0.013395 0 0 0.0258599 -0.000972733 0 0.0295335 0 0.00552922 0.00608735 0.00301655 -5.30823e-05 0 3.55671e-05 0.00161478 0.0163538 0 0.00941669 0.00528396 -0.000543117 0.00296866 -5.1364e-05 0.00308712 0.00239742 0 0.00218731 0.000847396 6.4477e-05 0.0135844 0.00579496 0.00595769 0.0152235 0 -0.000292337 0 0.00623886 0.00497569 -0.00315177 0 0.0011665 -0.00172816 0.00226077 0.00294825 0 -0.00353233 0.00644597 0 0 0.0151203 0.018956 0 0 0.0175315 4.36949e-05 0.00205308 0.0309783 0 0.0274475 -0.00669608 0 0.00398851 0 0.00300944 0 0.0137386 0.00529686 0 0.000387904 0.000761054 -0.0184791 0 0 0.00224431 -0.00060027 0 -3.27398e-05 0 -0.000545611 0 0.00601283 -0.00350929 0.0214795 0 0.00306871 0.00249087 0 0.00653188 0.00741038 0.00387703 -5.37419e-05 0.000273113 0 0 0 0.0035573 0.020584 0 0 0 0.00388467 0.00298768 0 0.000782841 0 0.00316279 0.00134194 -0.00510152 -0.00617629 0.00705818 0 0.00204517 -0.000553879 -0.000596506 -0.00286735 -0.00356517 0.00023879 0 -0.00330004 0.00101531 0.00463851 0.00324816 0 0.00104644 0 0.000933028 0.00364099 0.000371995 0.000929497 -0.00414608 0 0.00333635 0.00403517 -0.00986905 -0.0113781 0.00528771 0 -0.00703617 0 0
0 0 0.0346965 0 0.00556153 0.0124567 0.0012995 0.025754 0 -0.000419784 0.01356 -0.000139253 0 0 0 0 0.0118145 0.0342623 0.00516311 0 0.01205 -0.0027475 0.000294969 0.0239178 0.00537621 0.0492445 0.0146967 0.0279351 0 0.000733256 0.0329843 0.0283861 0 0.00482609 0 0 0.00854453 0.0229869 0.0110242 0.0119292 0 -0.00991556 0.0163816 -0.0202976 0.0149919 0.00772585 0.0374354 0.0216708 0 0.0296936 0.00704473 0 0 0.00752041 0 0.00697016 0.0100343 0 0.0144415 0 0 0 -0.000335773 0.00375273 0.0200298 0 -0.0120842 0.0162635 0 0.00980695 0.0258563 -0.00207854 0.00672854 0.0266422 0.00123862 0.00390769 0.00217575 -0.0272301 0 0 0.0281127 0 0 0.0145559 0 0.010099 0.0068715 0.000193271 -0.0171016 -0.000335556 0 0.00151715 0.0109434 -0.00325934 0.00854845 0.0156429 -0.00187504 0.00516449 -0.00552365 0.00677508 0.00158926 0 0.00527471 0.0093807 0 0.121149 0.0157145 0.00769225 0.0332373 0 -0.000208878 -0.00350484 0.0232865 0.0148953 0 -0.00136567 8.78822e-05 0 0.0112569 0.00147079 0 -0.00105227 0.0173435 0 0 0.00839197 0.0227311 0 0 0.0253407 0 0.00718593 0.0175093 0 0.0221283 -0.0124777 -0.0111959 0.0106099 0 0.00253664 0 0.0225001 0.00753424 0 0.000318846 0.000802379 -0.017484 0 0 0.00301481 -0.0198305 0 0.000165612 0 0 0 0.0051054 -0.000303402 0.0283873 -0.00630208 0.00756452 0.00301869 -0.00193524 0.00618494 0.00937019 0.00926077 -0.0132781 0 -0.0231522 0 -4.30295e-05 0.00510384 0.00969724 -0.012976 0 0 0.0141495 0.00247834 -0.000594007 0 0 0.0058003 0.00474557 -0.00224562 -0.00544685 0.0104267 0.00103813 0.0110271 4.67646e-05 -0.0196535 -0.00174634 -0.00347765 0.000864907 -0.0138972 -0.00365111 0.00145275 0.00918072 0.0114649 -4.45391e-05 0.00354882 0 0.00318994 0.0121888 0 0.000616881 -0.00278065 -0.00618274 0.00830169 0.00552593 -0.0152617 -0.0217095 0.00589711 0 -0.0145646 0 0
0.0335513 0.0501244 0.015877 0.00556153 0 4.11182e-05 -0.00312423 0 -0.00224607 0.0488421 0.0189847 0.0168543 0.0374107 0.00729394 0.0275383 0 0.00234794 0 -0.00584656 0.0192044 0 0 -0.00431856 0 0 0.00744794 0.000120728 -0.000772161 0 -0.00183413 0.00584908 0.000699429 -0.0123715 -0.00364831 -0.000717792 0 0 0 0.00186771 0 0 -0.0165264 -0.000169355 -0.0106623 0 0 0.00449597 0 0 0 -0.00189745 -0.000373737 0.0107701 -0.00489634 -0.00377452 0 0 0 0 0.0148745 0 0 0 0 0 -0.00581588 0 0 0 0 0.0142513 -1.04041e-05 0 -4.1732e-05 -0.000680032 -0.00114624 -0.00211048 -0.023087 0 0 0.000456451 0.00387518 9.82997e-06 0.00160133 -0.0268937 0 0 -0.00347097 -0.0193379 0 -0.000861817 0 0 0 0 0 0 -0.00207645 -0.0209918 -0.00591216 -0.00382338 0.00245501 0 0 0 0.0035635 0 0 0.0129045 1.76604e-05 0 -0.00127948 0 0 0 -0.000262813 0 0.00336273 0 -0.00639482 0 0 0.00298649 -0.0146422 0 0 0.00526313 -0.00483276 -0.00438369 0 0.0140338 0 0.0117949 -0.000280678 0.0225862 0 -6.52194e-05 0.000163917 0 -0.00167453 -0.0103256 0 0 -0.00367386 0 0 -0.00671097 0 -0.00867759 -0.00143575 0 -7.68741e-05 -0.00160541 0 0 0 0 0.00218481 0.00712231 0 0 -0.000386598 0 0 0 0 -0.0172239 -7.35742e-05 -0.0056019 -0.00528076 -0.00905566 0 0 -0.00288654 0.00075687 0.0106958 0 -0.00120287 0 -0.00323025 0.00616719 0 0 0.00108621 0 0 -0.00273216 0 0.0109915 -0.00153913 0 0.000557534 -0.000940282 -0.0111986 0 -0.000798567 0 0 -0.00461052 0 0 0 0.000661065 -0.00189812 0 0.00342859 0 0 0 -0.00619442 -0.00297143 0.000952869 0 -0.0109306 0 0
0.00485638 5.08727e-05 0.0502561 0.0124567 4.11182e-05 0 0.0051936 0.0540717 -0.0232284 0 0.00314059 -0.000195866 0 0.000802604 -0.000126576 0.00238994 0.0067155 0.0301512 0.0189601 0 0.0222886 -0.00858765 0.00442626 0.0221869 0.00828931 0.0168032 0.00465736 0.0030844 0 0.00294475 0.00254643 0.0118067 0.0126678 0.0186506 0.000267662 0 0.0368309 0.0192902 0.0117388 0.00501623 0.0023353 -0.0196209 0.0379614 0 0.0186117 0.00462565 0.0125638 0.0307338 0.00084788 0.0126785 0.00731697 -0.000648198 0.00504341 0.0123528 -0.0173312 0.0113218 0.0225667 0.0027453 0.011864 0 -0.0134037 0.00217528 0 0.00542958 0.028815 0.00352988 4.12742e-05 0.0221236 0 0.0894449 0.00808869 0.00256198 0.010588 0.00871959 0.00218332 0.0201002 0.005364 -0.00995542 0 -6.64105e-05 0.0284114 -0.00594361 0 0.00604421 0.00490705 0.00931271 0.00360238 0.00695594 -0.0184267 -0.00383426 0.00182437 0.00551782 0.0198711 0 0.00471318 0.00894464 -0.00552773 0.00811296 -0.0106123 0.00836946 0.00851088 -0.00188213 0.00016398 0.00771582 0.00286193 0.0256449 0.015358 0.0144364 0.0151209 0.000482374 -0.00066156 0.000452965 0.0133095 0.00719806 -0.00288873 0 0.00315579 -0.0107425 0.00922073 0.0077723 0 -0.00769542 0.0101332 0.00309372 0.000638742 0.0136349 0.0295461 0.00187245 0.00163759 0.0181266 0 0.00224833 0.0140234 1.50358e-05 0.0185838 -0.00522927 -0.00508182 0.00247564 0.00317803 0.0140615 0.0126592 0.0294671 0.00260655 0.00157393 0 0.0079321 -0.0181649 0.00126909 0 0.0123741 -0.00259469 0 0.00282529 0 -0.000419995 0 0.00147652 -0.015014 0.0185481 0.000211617 0.00253746 0.00535018 0 0.00211048 0.0236458 0.00831146 -0.00344412 0.000738682 0.00284619 0.00528491 0.0027783 0.0145536 0.0143224 0 0 0 0.0246175 0.0162324 -0.000719585 0.00615574 -0.00473882 0.00102308 0 -0.00689817 -0.00814467 0.00304135 0.00189405 0.00450375 -0.00698539 -0.0129238 -0.00221299 -0.00893633 0.00464332 0.00044508 -0.00922736 0.0129829 0.0133002 0.00299371 0.00372135 3.78651e-05 0 3.86111e-06 0.0031424 0.00359082 0.0112076 -0.0140742 -0.0013469 0.00161329 0.00105959 0 -0.00933062 0.00857956 0 -0.0180148 0 0
-0.0047976 -0.0256503 0.000914382 0.0012995 -0.00312423 0.0051936 0 0.000569935 0 -0.0171566 0 -0.0011411 -0.014868 0.000356916 -0.0244689 0 0 -0.000429254 -0.0134445 0.0193812 -0.00109094 -0.0446131 0.214333 0.00337226 0.0055487 0 0 0 -0.0241247 0.165025 0 0 0.0116581 0.0110111 0 -0.0242573 0.00143306 0.00242456 0 0 0.018276 -0.00424775 0.0132839 0 0.00115171 2.94856e-05 0 0.00394367 0 0 0.004671 0.00211729 -0.0222033 0.00744646 0.00374898 0.00179729 -1.03967e-05 0.0409805 0.000446669 0 -0.0114222 0 0 0.0456598 0.00243128 -0.00410455 0 -0.00678346 -0.00820598 0.00471404 0 0 0.001365 0.00603463 0.0166527 0.00497277 0.00510244 -0.0243723 0.0482877 0 0 -0.00371614 0 0.000705447 0.0107544 -0.00393665 0 0.00311645 0.00574431 -0.00665773 0 0.00396577 0.00296 0 0.00118876 0.00343746 -0.0123482 0.0134836 0.00809229 0.00492517 0.0054608 -0.0090929 -0.00183653 0.00206804 0.0045485 0 0.0019052 0.0035282 0.0012682 -0.0106567 -0.00135123 0.00916576 -7.96834e-05 0.000370144 0 -2.90605e-05 0.000961096 -0.00865189 0.00709241 -0.00480537 0 -1.35495e-05 0.000518466 0.00539505 0.0208839 0.000487068 0.00248817 0.00328156 0.00646944 0.000407981 -2.12474e-05 0 0.00163227 0 0.00206519 -0.000613525 -0.0224607 0 0 0.00328184 0.00744391 0.0110002 0 0 0 0.000207689 0 0.0642249 0.000701773 0.00382246 0 -0.0131439 0.144227 0 0 0 0 -0.00648298 0.000701041 0.000927208 0 0.0592274 0 0 0.00221611 0.00147231 0.00519001 0 0.00347219 0.0171107 0.00141843 0.00184195 -0.00100566 0.00246551 -0.000262864 -0.00538072 0.0134898 -0.000428438 0 0.0154747 -0.00697663 0 0 -0.00619835 0 0 0 0.00170526 -0.0050998 -0.00534587 0 -0.00632506 0.0013184 -0.00116996 -0.000503969 0.00520572 0.00367757 0.00062949 0.00641979 0 0 0 -0.000142478 0.0010306 0 -0.0174954 -0.0058785 0 0 0.00297543 0 0 0 -0.0170637 0 0
0.00778791 0 0.0377501 0.025754 0 0.0540717 0.000569935 0 -0.0119452 0 0.000178559 0 0 0.000575736 0 0 0.00552243 0.00435921 0.00840045 0.000123208 0.0271016 0 0.00020494 0.00904174 0.0182489 0.0146905 0.00693931 0.00185427 0 0.000770669 0.006712 0.0138882 -0.0218767 0.0104576 0 0 0.0190646 0.0175428 0.00597491 0.00455539 0.00373166 -0.0140016 0.0275099 -0.00448331 0.0156821 0.00516789 0.0220047 0.00725928 0 0.0248769 0.00366965 0 0.00714972 0.00750863 0 0.00372559 0.0101224 0.00587064 0.00229867 0 -0.000457922 0 0 0.00116294 0.0199298 0 0 0.0204172 0 0.0235562 0.0197522 -0.0010555 0.00455267 0.00772675 0.00113171 0.0166676 0.0026694 -5.04482e-05 0 0 0.0385934 2.97134e-06 0 0.00793806 0 0.0139981 0.00661932 -0.00115733 -5.69085e-05 0 0 0.00543207 0.00588823 -0.00017824 0.0074503 0.0130613 -0.000370609 0.00681229 -0.0304994 0.00422191 0.00426513 0 0 0.00435102 0 0.019356 0.0133476 0.00400384 0.0234641 0 -3.90887e-05 0 0.00917143 0.00977363 0 0 0.00126119 -4.66264e-06 0.0044636 0.0024104 0 -0.00898448 0.0272399 0 1.99982e-05 0.00726647 0.0188021 0.00027471 0 0.0127624 0 0 0.0431149 0 0.0501966 -0.00465714 -0.0182351 0.00214688 9.11744e-05 0.00338487 0.00134633 0.00674145 0.00256082 0 0 0.0201535 -0.0154741 0 0 0.0018705 -0.00858376 0 9.16922e-05 0 -0.00039894 0 0.00365404 -0.00285604 0.0201562 0 0.00104318 0.0019716 0 0.0029517 0.00878225 0.006263 -5.75906e-05 0 0 -0.000522246 0 0.01093 0.0152812 0 0 0 0.00956253 0.0036268 -0.000151743 0.00150355 -0.000977448 -0.00021945 0.00297002 -0.00141547 -0.00684359 0.00486778 0 0.00736588 -0.0027687 -0.00419812 -0.00295735 -0.00962885 0.00221713 -5.91636e-05 -0.00480661 0.00143109 0.0178101 0.00799626 0 0.000577555 0 6.1645e-05 0.00175876 0.00141445 0.015434 -0.0076707 -0.000412582 0.00641325 0.00336873 -0.0222989 -0.0186039 0.0150525 8.27308e-05 -0.0250798 0 0
0 0 -0.0287985 0 -0.00224607 -0.0232284 0 -0.0119452 0 0 0 0 0.000368382 0 -0.00282983 0.00156932 -0.000500068 0.00257243 0.020555 0 -4.01448e-05 0.0301499 0 0 0 -0.00329481 0 0.0027979 0.00100137 -0.0255282 -0.00217376 0 0.00850865 0.00518032 0.00310147 0 -0.0124808 -0.00659241 0 0 0 0 0.00223128 -0.1041 0 0 0 0 0 0.00322318 0.00346574 0.000831023 -0.0101449 0.010207 0.0137344 0 0 0 0 0 -0.00379808 0.00161783 -0.0701941 0 0 0.0158243 0.0011948 0 0.00378794 -0.035527 -0.0101312 -0.00036811 0 0 0 -0.00368753 0.0106805 0.0273432 0 0 0 -0.0110413 0 -0.0080283 0.00647542 0 -0.0100218 0.0143549 0.0190638 0.00327886 0.0023474 0 -0.0102488 0.00711463 0.000610927 0.00282444 0 -0.0011851 0.0064702 0.00744042 0.00454637 0 -0.0055154 -0.0010639 0.00221084 0 0.000424017 0 0 0.024273 -0.0186391 0.0191889 0.00229179 0 -0.000102801 0.000368748 0.000323642 -0.00268109 0 0.00345012 0 0 -0.013883 -0.00332988 0.000328104 0 0 0.00101707 0.00471181 0 8.32478e-05 -0.00282038 -0.00346786 0.00240823 -0.0164491 -0.000459157 0.00155137 -0.00815919 0 0.00100829 0.00703584 0 0 0.00853555 0 0 0.000752187 0 0.00566358 0 0.0107059 0.0101361 0 0 0 0 0 -0.00139485 0 0.00457291 -0.00491542 0 0 -0.00478053 0 0 0.0094013 0.000914767 0.00957277 0.00394157 0.00600442 0 0 0.0033622 -0.00162941 -0.000558245 0 0.00131274 0.0138209 0.00367472 -0.00292016 -0.00336685 -0.00208701 -0.00197825 0 -0.0150678 0.0036434 0.00996283 -0.00370225 0.000322291 0 -0.00865685 0.000586605 0.0260872 0 0.00419357 0 -0.00614199 0.0067747 -0.00125572 0 -0.00292376 -0.00468881 0.00149222 0 -0.00314344 0 -0.00332548 -0.00562636 0.0150322 0 0 0 0.0045089 0 0
0.0242656 0.0195273 0 -0.000419784 0.0488421 0 -0.0171566 0 0 0 0.0393773 0.00570264 0.0254204 0.00256313 0 0.00437546 0 0 0 0.0273127 0 0.00250844 -0.00117692 0 0 7.71515e-05 0 -0.00256893 0 -0.00117279 0 0 0 0 0 0 0 0 0 0 0 -0.00534061 0 0 0 0 0 0 0 0 0 0 0.00609467 0 0 0 0 0 0 0.00818455 0.0197985 0.0141956 0 -0.0119527 0 0 0.0106634 0 0 0 0 0 0 -0.000265017 0 0 0 0 0 0 0 0 0 0 0 0 0 0 -0.00161461 0.000233957 0 0 0 0.0158859 -0.000177298 0 0.0108952 -3.51683e-05 0 0 0 0.00437076 0 0 0.00429017 0 0 0.00114341 0 0 -0.00776372 0 0 0 0 0 0.00849161 0.012705 -1.92733e-05 0 0 0 0 0 0 0 0 0 0 0 0.012062 0 0 0 0 -0.00217292 0 0 0 0 0 0 0 0 0.00307376 0 0 0 0 0 0 0 -0.000675556 0 0 -0.00347157 0 0 0 0.0075263 0 0 0 0 0 -0.00661149 0 0 0 0 0 0 0 0 0 0 0 0 0.00731115 0 0 0 0 0 -0.00152304 0 0 0 9.11473e-05 0 0 0 0 0 0 0 0 0 0 0 0 0 0 0 0 0 0 0 0 0 0 0 0 0 0 0
0.0458699 0.00839057 0.0119317 0.01356 0.0189847 0.00314059 0 0.000178559 0 0.0393773 0 0 0.024769 0.108523 -0.0304492 0.00783805 0 0 -0.00879242 0.056303 -1.34243e-05 -0.0219838 0 0.00461064 0 0.00443271 0 0 0 0 -0.00883778 0 0 0 0 0.0120432 0 0 0 0 0 -0.00346483 0.00186981 -0.0142156 0 0 0.000844949 0.001691 0.0308724 0 0 -0.0097258 0 0 0 0.00212817 0 0 0 0.0382375 0 0.0210837 0 0 0 0 0 0.000552596 0 0.000186542 0 0 0 0 0.0224599 0 0 -0.00975885 0.00585656 0 0 0 0.009945 0.013331 0 0 0 0 -0.0180198 0 0 0.00965373 0.00601903 0 0 0 -0.00618888 0 0 0 0 0 0 0 0.0119633 0.00269779 0 0.0119628 0.0141535 0 -0.0120879 0 0 7.84818e-05 0 0 0.0471248 0 0 0 0.0145228 0 0 -0.00444183 0.0180097 0 0.00307897 0 0 0.00173232 0.00147291 -0.0021402 2.63149e-05 0 0.00363055 0 -6.31825e-05 0 0 0 0 0.00225594 8.60859e-05 0 0.190699 0 -0.0045074 0.000509453 -0.00220806 0 0 0 0 0.000524134 0 0 0 -0.000153835 0.00197097 0 0 0 -4.01232e-05 0 0 0 -0.0217107 0 -0.00280932 0 -0.021222 0 6.04811e-05 0 0 0 0.00648255 0 0 0 0 0.000465481 0 -0.00397565 -0.00042607 0 0 0 0 -0.00237096 0 -0.000371107 0 -0.0150233 0 0 0.0125492 0 0 0 0 0 0 0 0 -0.00160039 -0.0269941 0 0 -0.00309977 -0.00428028 0.00270863 0 -0.00510001 0 0
0.00451976 0.0267161 0 -0.000139253 0.0168543 -0.000195866 -0.0011411 0 0 0.00570264 0 0 0.0042027 7.05622e-06 0.0307075 0.00514018 0 0 -0.0018905 0.00689763 0 0.0315237 0 -0.000116967 0 -0.0121626 0 -0.0137412 0.0181855 -0.000331162 0 0 -0.000872333 -0.000197437 0 0.00230853 0 0 0 0 0 0 -0.000548546 0 0 0 0 -0.00850775 0 0 -8.38256e-05 0 0.00511081 -0.000289825 -0.000412656 0 0 0 -0.0132714 0 0.000110495 0 0 0 0 -0.00320125 0.0324118 0 0.00442741 -0.00479915 0 -0.0115689 -0.00237033 0 0 0 -2.94857e-05 -1.32886e-06 1.74963e-07 0 0 0 0 0 -0.0181241 0 -0.000794651 -0.000145986 -0.00502828 0 0 0 0 0.00930101 -0.00085848 -0.000849595 0 0 -0.00865115 -0.000825488 -0.000283389 0 -0.000524279 -0.00611962 0 0 -0.000734781 -5.3455e-05 0 0 -0.00716382 0 0 0 0 0 0 0.000418121 -0.0112203 -0.000127074 0 0 0 0 -0.000279474 0 0 0 -0.00202051 0 0 0 0 0 0 0 0 -0.00698671 0 -0.000477401 -0.000357559 -0.00105597 -0.000177555 -0.000112133 0 0 0 0 0 0 0 0 -7.62413e-05 0 0 0 0 0.000775182 -0.000183293 0 -0.000697369 -0.000854281 0 -0.00819656 0 -0.00998285 -0.000940685 0 0 0 -0.000706681 0 0 0 0 0.000173425 0 0 0.0136361 0 0.000203676 -0.00157184 -0.001927 0.00109195 0 -0.00928675 -0.00433283 0 0.000453185 0 0 0 0 -0.00195567 0 0 0 -0.000502966 -0.000722562 0 0 -0.00153063 0 0 0 0 0 -0.00663154 -0.00602985 0 0 0 0 0 0 0
0.0188463 0.0108537 0 0 0.0374107 0 -0.014868 0 0.000368382 0.0254204 0.024769 0.0042027 0 0.00292833 0 0.0377706 0 0 -0.0104331 0 0 0.0186407 -0.00245896 0 0 0 0 0 0.00299025 0 -0.0130726 0 0 0 0.00548314 0.000377323 0 0 0 -0.00651935 0 -0.0053527 0 -0.0258311 0 -0.00921358 0 0 7.22728e-05 0 0 0 0 0 0 0 0 0 0 0 0 0.0261611 0 0 -0.00139847 6.48196e-05 0.0258333 0 0 0 0 -0.0089069 0 0 0.000826754 0 0 0.000208293 0 0 0 0 0 0 0 0 0 0.00209737 0 0.0217852 0 0.0051005 0 0 0 0 0 0 0 0 0 0 -0.00766339 -0.0158408 0.000642421 0 0 0 0 0.0137214 -0.0111426 0.00015329 0 0 0 0 0.00566306 0 -0.000386696 0 0.00446539 -0.00115731 0 0 0.00015107 0 0 0 0 0 0.0273046 -0.0115711 0 0 0 0 0 -0.00164823 1.87424e-05 0 0 0 0 0 0.000995174 0 0 0 0 0 0.00818164 0 0 0.00381894 0 0 0 0 0 0.0170982 -0.00289929 0 0 -0.000982093 0 0 0 0.00368851 0 0 0 0 0 0 0 0 0 0.000404091 0 0 0 -5.31706e-05 0 -0.00139625 0 0 0 0 0 0 -0.000672052 -0.00176196 0 0 0 0 0 0 9.32397e-05 0 0 -3.63867e-05 5.70681e-06 0 0 0 0 -0.00165558 -0.000916859 0.00032771 0 0 0 0 0 0
0 0.0172059 0 0 0.00729394 0.000802604 0.000356916 0.000575736 0 0.00256313 0.108523 7.05622e-06 0.00292833 0 -0.0925572 0.0179937 0 0 -0.0084965 0.0246989 0 0 0.000195043 0 9.38772e-05 0 -0.000255453 -0.0144427 0 0 -0.0267835 0 0.00709478 0.00214448 0 0 0 0 0 -0.00474433 0 -0.00179384 0.00546359 -0.0307006 0 0 0.0038648 0 0.0264444 0.00138268 0 0 0 0.000735663 0.00131966 0.0120295 0 0 0 0 0 0.0184403 0.011394 0 0 0.00220618 0.00559345 0 0 0.00183245 -0.00993237 0 0 0 0.0329656 0.00100345 0.00454007 0.00254763 0.0154014 0 0 -0.00118759 0 0 0.00754266 0 0 0.000744286 0.000908951 0 0 0 0 0 0 0 -0.000171876 0.0020886 0.00414744 0.00116106 0.00213539 0 0 0 0.00188383 0 0 0.0019476 0 0.0123811 -0.018912 0.000516194 0 0 -5.91862e-06 0 0.0178416 -0.000666217 0 0 0.0163041 0 0 0.00032666 0.0341612 0 0 3.56635e-05 0.00102925 0.000399562 0.00755839 -0.00308131 0 0 0 0 0 0 0.0114625 0 0.00126255 0 0.00452804 0 0.0380884 0 0 0.00989812 0 0 0 0 0 0.000579292 0 0 0 -0.00117842 0 0.00269337 0 0.00596907 -0.013187 0 0 0 0 0 0.000488388 0 0 0 -5.54057e-06 0.00556436 0 0 0.022265 0.00117938 0 0 0 0 0 -0.000189566 0 0 0 0 -0.00083747 0 0 -0.00561825 0 0.000204563 0 0.0050953 0.00395581 0 0.000317659 0 0.00652365 0 -0.000193613 0 0 -0.00213547 -0.0101575 0 0 0.000194069 0 0 0 0 0 0
0 9.95284e-06 0 0 0.0275383 -0.000126576 -0.0244689 0 -0.00282983 0 -0.0304492 0.0307075 0 -0.0925572 0 -0.00139774 0.000530967 -0.00105939 0.0177164 -0.0433311 4.91577e-05 0.0339602 -0.0158598 -0.00161473 0 0 0 -0.000504954 0.00866277 -0.0116019 0.00859172 0 -0.013414 -0.00598795 -0.000215329 0 0 0 0 0 -0.0176048 -0.0143407 0.000219561 0 0 0 0.0179656 -0.000492544 -0.00102439 0 -0.00180623 -0.000238627 0.0275995 -0.00342238 -0.00610565 1.75375e-05 0 -7.69372e-05 0 0.00118084 0.0208492 -0.00151627 0 -0.000492671 0 -0.0061834 0 4.99198e-05 0.0238391 0 0.0116605 -3.8659e-06 0 -0.00200737 -0.0241358 -0.00203975 -0.00348711 -0.00770164 -0.0199029 0 0 0.00736966 0 0 -0.0110092 -0.000506814 0 -0.00420657 -0.0106989 0.00789748 -0.000269217 -0.000860349 0 0 0 -0.0010427 0.000782984 -0.00308406 -0.029624 -0.010143 -0.00424361 0.000193937 0 0 -0.00318867 0 0 -0.00196487 0 -0.00742467 0 -0.0129841 0 0.00617488 0.00156734 0 -0.00241072 0.00418449 -0.00131705 -0.00395987 -0.000253162 0 9.94555e-06 -0.00857894 -0.0413828 0 0 -0.00179214 -0.00584774 0 0 0 0.00340509 0 0.0059145 -0.0162215 0 0 0 -0.00289942 -0.0105331 0 0 -0.000915689 -0.0180334 0 -0.00139607 -0.000599201 -0.000823678 -0.000950296 0 -0.000121307 -0.00780393 0 0 0 0 0.00406451 0 -0.00452185 -1.54598e-05 -0.0134216 0 0 -9.71157e-05 -3.32486e-05 -0.00952833 -0.000474389 -0.00390886 -0.0108225 -0.00442871 -5.12608e-06 0 -0.0116004 0.000459585 0.0110915 -0.00374043 -0.00273996 0 -0.00454968 0.00326025 0 0 0.00283584 0 0 -0.000571251 0 0.00453269 0 0 0.00327255 -0.00120298 -0.00812858 0 -0.0114366 -0.00208256 0 -0.0128654 0 -0.000661645 0 9.59855e-06 -0.0011782 0 0.00345566 0.00165255 0 0 -0.00555399 -0.00112255 0 0 0 0 0
0.00762479 0.0408968 0.00131276 0 0 0.00238994 0 0 0.00156932 0.00437546 0.00783805 0.00514018 0.0377706 0.0179937 -0.00139774 0 -0.000676499 0.0023871 0.00820687 0.0240031 0.00041481 0.00931286 -0.00696602 0.00312509 0.00187192 0 0 0.00201171 0.0339997 0 -0.0126219 0 0.013714 0.0145151 0.00352356 0.00618242 0 0 0 0 0.000747536 -0.00192267 0.00599116 -0.0033982 0 0 0 0 0.002774 0 0.00444818 0 0 0.00712622 0.008641 0.00494456 0 0 0 0 0 0.0609582 0 0 0 0.011921 0.0308865 0.0020505 0.0255367 0.000710112 -0.00432426 0 0 0.000990153 0.00338812 0.00637161 0.00368891 0.00839331 0 0 0 -0.00673449 0 0.00349274 0.00891052 0 -0.00692442 0.0129791 0.00639547 0.00705938 0.0010159 0.0163056 0 0.000678855 0.000111216 0.00448819 0 0.00323699 0.00500741 0.00524932 0.00792637 8.95564e-06 0 -0.0213386 0.0250245 0 0.00052003 0 0 0.0497166 -0.0148218 0.0228186 0.00220539 0 -0.00162991 0.0111575 0.0350244 -0.00475304 0 0.00550774 0.0174367 -0.00506917 0 0.00229524 0.00098485 0 0 0.00109624 0.0053138 0.00180956 0.0387309 -0.000733676 0 0.00227298 0.000428352 -0.00561913 0.0158867 -0.00329114 0.0134169 0.00411873 0.00728775 0 0 0.00131466 0.0121156 0.000888496 1.28728e-05 0 0.00144649 0.00635135 0 -0.0260786 0 0.00280509 0 -0.0025695 0 -0.00500589 0 0.0214291 -0.00120209 0 0 0 0.00142826 0 0.00542755 0.00656146 0.00504609 0.00392245 0.00553449 0.000178298 0.00262126 0.000861158 -0.00273058 0 0.000620488 0.00494892 0 0.00532198 -0.0033861 0 -0.00129164 -0.00252691 -0.000459007 -0.000959176 0.0011035 0 -0.00461117 0.000504516 -0.00452446 -0.00879202 0.00322957 0.00824044 -0.00197773 0.00238635 0.00250528 -0.00610463 0.0200762 0 0.00878998 0 -0.00150428 0.00139612 0 -0.00484706 0 -0.00108103 -0.004086 0.00404973 -7.53606e-05 0 -0.00145172 0.000209184 0 0
0 0 0.00730338 0.0118145 0.00234794 0.0067155 0 0.00552243 -0.000500068 0 0 0 0 0 0.000530967 -0.000676499 0 0.0110882 -0.000419641 0 0.00060915 0 0 0.00282886 0.000257564 0.0258772 0.0309662 0 0 0 0.00942667 0.0358296 -0.00558229 0 -0.00531984 0 0.0168286 0.00624616 0.0192944 0.0114285 0 -0.0134301 0 -0.000799181 0.00395563 0.0274878 0.0141135 0.0169869 -0.0035238 0.012416 0 0 0 0 -0.0119053 0 0.0178139 0 0.00716984 0 0 -0.00119978 -0.00226453 0 0.00607421 -0.00640783 -0.00127172 0.00731365 0 0 0.0216277 0.0040854 0.0104129 0.00379679 0 0 0 -0.0158367 0 0 0.014751 0.0135821 0 0.0147588 -0.0206812 0 0.0118756 -0.00328313 -0.0069343 0 0 0.000667083 0.013485 0 0.000414571 0 0 0 -0.00494404 0 0 0 0.00323453 0.00339797 -0.00315448 0.0236638 0.00763431 0.0122337 0.0284843 -0.00343885 0 -0.00125948 0 0.00962212 0 -0.00578034 -0.000496799 0.00234366 0.000578694 -2.89001e-05 2.40631e-08 0 0.0107457 -0.000950484 0 0.0136897 0.023327 -0.000156969 -0.00694215 0.0100976 0 0.00172353 0.00744701 -0.00037153 0.0185367 -0.00748546 -0.00257378 0.00996446 -0.000229088 0 -0.0134115 0.0249563 0.00554608 0 0 0 -0.0169394 0 -0.00015003 0 -0.00377422 0 0 0 0 0 0.000208687 0.00127126 0.00878618 -0.00836471 0.00615331 0 0 0.00329035 0.000698781 0.00105577 -0.0194613 0 -0.00416672 -0.000786624 -0.0063867 0 0.0021593 -0.00262813 0.0100938 0 0.000389411 0 0 -0.000865728 0.000416412 0.00446266 0.00232553 0.000340029 -0.00600657 0.010504 -8.2891e-05 0.00095102 0.0123573 -0.00112784 -0.000300546 0 0 -0.0111628 -0.0013196 0 0.00121883 0.0055325 -0.00922059 0.00295198 0 0.00221355 0.0136226 -0.000916582 0 0.00358976 -0.00136431 0.00576104 0.00645233 -0.0105774 -0.0109626 0.0052388 0 -0.00986268 0 0
0 0 0.0189083 0.0342623 0 0.0301512 -0.000429254 0.00435921 0.00257243 0 0 0 0 0 -0.00105939 0.0023871 0.0110882 0 0.0101484 0 0.00231451 0 -0.00203935 0.0218609 0.00388962 0.0429159 0.0035985 0.0268383 0.00388993 0 0.0465141 0.0108203 0.00608529 0.0128586 -1.41554e-05 0 0.00589199 0.0068356 0.0147896 0.0170371 0 -0.00759206 0.0127153 0 0.00347247 0.0121684 0.00626462 0.0112145 0 0.0356222 0.00544312 0.00238651 0 0.0108538 0.00401717 0.00559303 0.0147799 0 0.0164965 0 -0.000652768 0.00142841 0 0.00195243 0.0151876 0.01182 0 0.0238491 0 0.0082989 0.00820565 0.00153169 0.00252567 0.0133979 -4.18327e-06 0.00529422 0.00306678 0.00388542 0 0 0.00493919 -0.00382521 0 0.00638692 0.000439322 0.00399087 0.00047316 0.00973225 0.0051207 0 0.00278585 0.000154465 0.0105924 0 0.00648567 0.0204454 0 0.0057772 0.00413177 0.00582488 0.00589761 0 0 0.00497659 0 0.0113843 0.00630451 0.0065768 0.00503999 0.00647964 -0.0026903 0 0.00806485 0.00641306 -0.00121781 0 0 -0.00368004 0.00380584 0.00568757 4.44191e-05 -0.00206287 0.000985237 0.00237581 0 0.00352524 0.0279032 1.18949e-05 0.00332002 0.00923459 0 0 0.00314575 0 0.00345199 -0.00775135 -0.000340313 0 0 0.0126085 0.00483119 0.00625387 0.00121933 0.00152199 0 -5.75585e-05 -0.022718 0 0.00182807 0.00379176 -7.25612e-05 0.000602317 0.000100651 0 0 0 0.0362073 -0.00312255 0.0104413 0 0.00163107 0.0023934 0 0.00375551 0.00132353 0.00291357 0.00288188 0 0.000770233 0.00318613 0.00149127 0.00310968 0.00577507 0 -0.00656626 0 0.00370659 0.00349057 0 0.00415269 -0.00199718 0.00562135 0 -0.00457466 -0.00401314 0.00131094 0.00408715 0.00772306 -0.00362848 0 -0.00209849 -0.0127828 0.00152866 0.00448836 -0.00539753 0.00378718 0.00525475 0 0.00387337 0.000354501 0 0 0 0.00228253 0 -0.0121727 -0.00298973 0.000536389 0 0.00210638 -0.0197174 0.00117451 0 0 0 0
-0.00486004 0.00145885 0.00849325 0.00516311 -0.00584656 0.0189601 -0.0134445 0.00840045 0.020555 0 -0.00879242 -0.0018905 -0.0104331 -0.0084965 0.0177164 0.00820687 -0.000419641 0.0101484 0 -3.06415e-05 0.00984513 0.00212339 0.00366232 0.0103982 0.00250357 0.00570622 0 0.0124534 0.00117898 -0.00570985 -0.00358202 0.00788844 0.028373 0.0312981 0.0106438 -0.00214925 0.00761536 -0.00799834 0.00193651 0.00180649 0.0011781 -0.00443676 0.0311915 0 0.00449891 0.00177413 0 0.00696632 0 0.000500803 0.0214062 0.00934526 0 0.0423505 0.0206652 0.00968073 0.0061359 0.00412236 0.0147244 -0.00241937 -0.012561 0.0090351 0 0.0118534 0.0102837 0.0273254 0.00477636 0.0120111 0 0.0183021 0.0136623 0 0.00400719 0.00883647 0.00761128 0.0167047 0.0162449 0.027309 -0.0013902 0 0.00247957 -0.0217575 -0.000187482 -0.00358185 0.0718001 0.025851 0 0.0199571 0.0296395 -0.000559763 0.032548 0.007655 0.00700741 0 0.00539737 0.0150767 -0.00540188 0.023461 0.0134694 0.0343393 0.0383924 -0.0119273 -0.000761995 0.00203751 0.0137063 0.00252638 0.0117826 0.00589576 0.00096456 0.0114034 -0.00470904 0.00611321 0.0318148 -0.00701087 -0.00864444 0.00459519 0.00830927 -0.0201641 0.0343004 0.0356365 0.00132395 -0.00668559 0.00177598 0.0155973 0.00438846 0.0034469 0.00249409 0.0138336 0.0351386 0.0342924 0.00242689 -0.00124292 0.00326486 0.00615107 0.00624224 -0.00405162 0 -0.00401704 0.006194 0.033183 0.0301726 0.00479086 0.000273784 0.00934117 0 0.00652403 0 0.00775292 0.0125206 0.0240792 0 0.0150453 -0.00395199 0.00393553 -0.000188978 0 0.00164079 -0.0180912 0.00587872 0.00628579 0 0.00547591 0.000912464 0 0.0193928 0.0296368 0.0207908 0.0179544 0.0456365 0.0230319 0.0259454 0.0281773 0.0120529 0.00238217 -0.0128407 0 0.00988443 0.0194439 0 0.0228674 -0.0307419 0 -0.00235658 -0.0280902 -0.00401001 -0.000229612 0.0140023 0.00976408 -0.0377785 0 -0.00321334 -0.0197158 0.0166198 0.0521027 -0.00369538 0.01474 0.0278978 0 0.0188781 0 0 -0.000184649 -0.00205791 0.0129532 0.0106685 -0.0215352 -0.007541 -0.0018568 -0.00207283 0.020694 0.00430583 0 -0.00136989 0 0 0
0.00591037 0.0144755 0 0 0.0192044 0 0.0193812 0.000123208 0 0.0273127 0.056303 0.00689763 0 0.0246989 -0.0433311 0.0240031 0 0 -3.06415e-05 0 0 0 0.0297943 0 0 0 0 0 0 0.00176802 -0.000202988 -0.00567863 0.00186264 0.00103194 -0.0208194 0 0 0 0 0 0.0100676 -0.000703387 0 -0.0201439 0 0 0 0 0 0 0.00191393 0 0.00982728 0 0 0 0 0.00142789 0 0.00235085 0 0.0320627 0 0 0 0 0.0129297 -0.00913986 0 0 0 0 0 0 0.00458375 0 0.000132589 0 0.0249108 0 0 -0.0014082 0 0 0.000173452 0 0 0 0 0 0 0 0 0 0 0 0 0 0.00249669 0 0 0 -7.15798e-05 -0.000169201 0.0240763 0 0 0 0 0.00234254 -0.00261723 0 -2.41069e-05 0 0 0 0.0236541 0 0 0 0.00121472 0 0 0 0.0216144 0 0 0 0 0 0.0259635 0 0 0 0 0 0 0 0 0 0 0 0 -0.0102484 0.0189414 0 0 0.0100778 -2.12843e-05 0 0 0 0.0010917 0.000666216 0 0 0 -0.00144689 0 0.00263578 0 0.000106777 -0.0166762 0 0 0 0 0 0 0 0 0 0 0.0257659 0 0 0 0 0 7.94758e-05 0 0 0 -6.26021e-05 0 -0.000205971 0 0 0 0 0 -0.000787976 0 0 0 0 0.000280353 0 0.000928811 0 0 0 0 0 -0.00539224 0 -0.00635502 0 0 0 0 0 0 0 0 0
0 0 0.0104118 0.01205 0 0.0222886 -0.00109094 0.0271016 -4.01448e-05 0 -1.34243e-05 0 0 0 4.91577e-05 0.00041481 0.00060915 0.00231451 0.00984513 0 0 0 0.000398302 0.00526597 0.0160718 0 0.00258927 0.00416843 0 0 0 0.0094879 0.00483416 0.00773016 0 0 0.00789959 0.00517199 0.0013243 0.00731828 0 -0.00459374 0.0161465 -0.000219115 0.0282947 0.000379325 0.00924809 0.00897527 0 0.0273414 0.00615116 0.00119909 0.00168266 0.0130721 0.00385315 0.00577242 0.0065659 0 0.000765342 0 -0.00169103 0.000282155 0 0 0.0255981 0.00440126 0 0.0156531 0 0.00496802 0 0 0.00293073 0.00615808 0 0.0150683 0.00318708 0.00154092 0 0 0.0267016 -0.0027855 0 0.00382026 -0.00282145 0.0264923 0.00149916 0.00996387 0.000777297 0 0.000802599 0.0017048 0.00580163 0 0.00445556 0.00540535 -0.000784706 0.00552366 0 0.00493883 0.0056201 -7.88311e-05 0 0.000412853 0.000952088 0.010512 0.0143576 0.000452694 0.00502217 0 -0.00150057 0 0.0147134 0.00175591 -0.000742447 0 0.000265316 -0.00271812 0.00255921 0.00685533 0 -0.00238108 0.00617187 0.00173375 0 0.0152015 0.00482591 0.000851407 0.00182113 0.0174679 0 0 0.0170068 8.22541e-05 0.0314716 -0.00458873 0 0 0 0.00327065 0.00419188 0.00207769 0.000743958 0.00343294 0 0.00567138 -0.00274134 0 0.000495537 0.00564353 0 0 0 0 0 0 0.00168516 -0.00299033 0.00420981 -1.40407e-06 0 0 0 0.000299407 0.0219924 0.000793419 0.00100856 0 0.00134036 0.00148576 0.00245418 0.00371594 0.00725023 0 0 0 0.003578 0.00399161 0 0.00257635 -0.0018995 0 0 -0.00339948 -0.00189633 0.000189998 0.00130353 0.00319882 -0.00732185 0 -0.000987052 -0.00259289 0.00235339 -0.00154166 -0.00157405 0.00183406 0.00392081 0.00212619 0.00219965 0 0 0 0 0.00219113 0.0225297 -0.0052629 0 0 0 0 -0.00473297 0 0 0 0 0
0.0132554 0.0259467 0 -0.0027475 0 -0.00858765 -0.0446131 0 0.0301499 0.00250844 -0.0219838 0.0315237 0.0186407 0 0.0339602 0.00931286 0 0 0.00212339 0 0 0 -0.0241478 -0.000392379 0.0311153 -0.0248985 -0.00194389 -0.00463335 0.0425874 -0.0240386 -0.0178928 0 0.00140903 0 0.0101777 0.0238383 -0.000266588 0 -0.00015428 0 -0.000296965 0 0 0 0 0 0 -0.0170607 0 0.00975028 0.00216252 0.00161383 0.011466 0 0.000601337 0 0 0 -0.0043026 0 0 0.00830593 0 0 0 0.00312943 0.0364925 0 0.0366918 -0.00111686 -0.00482999 -0.0120508 -0.000766112 0 0 0.0053487 0 0.00244979 -0.0284475 0 5.88598e-06 -0.00117741 0.00932818 0 0 0 -0.00280819 0.00485369 0 0 0 0 -0.0020948 0 0.00669307 0.00129406 0 0 0 0 0 0.00547999 -0.00809157 -0.0295703 0 -0.000670636 0 -0.0198154 0 0.0287436 -0.0227439 0 0.0146585 0 -0.00426323 0.0015332 0 -0.000685729 -0.0182442 0 0 0 -0.00280867 0 -0.00569681 -0.00132277 0 0 0.000103419 0 0.0240868 -0.00428973 0.00568501 0.0167104 0 -0.00446847 0.00271807 -0.00641936 0 0 0.00191575 -0.00123074 -0.000444863 0.00933546 -0.00651686 0 0.000264849 0 0.0357804 0 0.00884006 0 -0.0142377 0.0096336 0 -0.00736707 0 0 0 0.00531407 -0.00737672 -0.020173 0 -0.00502996 0 -0.0114693 0.000662698 0.0295204 0.0063641 0 0.00954435 0 0 0 0 0 -0.0101213 0.00341579 0 0 0 -0.00533312 -0.0104561 2.12738e-05 0 -0.00642909 0 0.0206306 0 0.0237683 -7.44696e-05 -0.00398945 0 0 0 0 0 -0.000813204 0.00123137 -0.000793618 0 -0.0028566 -0.00255087 0 0.00020473 -0.000131273 0 -0.0117691 -0.0166582 0.000496684 0 0 0 0.000751229 0 0
0 -0.016207 0.000577125 0.000294969 -0.00431856 0.00442626 0.214333 0.00020494 0 -0.00117692 0 0 -0.00245896 0.000195043 -0.0158598 -0.00696602 0 -0.00203935 0.00366232 0.0297943 0.000398302 -0.0241478 0 0.00252566 0.00412229 0 0 0 -1.92827e-05 0.111233 -0.0015905 0 0.0141817 0.0103414 0.00156612 -0.020827 0.00215733 0.00237347 0 0 0.0252925 -0.00231843 0.00996914 0 0.0002088 0 0 0.00225862 0 0 0.00537999 0.00579004 -0.00377971 0.00904116 0.0168256 0.0018584 0 0.0387122 0 0 -0.00226867 -0.00259013 0 0.0148686 0.0022557 -0.00613831 0 0.00106087 0 0.001882 -0.000140301 0 0.00279564 0.00509766 0.0129873 0.0135746 0.00603696 -0.0057311 0.0364553 0 0 -0.006753 -0.000894698 0.000997123 0.0113383 -0.0106729 0 0.00455832 0.00853452 -2.00148e-05 0.00076109 0.00269986 0.00109522 0 0.00149773 0.00324394 -0.00302597 0.00598115 0.0252441 0.00428599 0.00622341 -0.00206177 -0.00890166 0 0.00528039 0 0 0.00173279 0.000637084 0.00291318 -0.00830248 0.00462307 0 0.000424568 0 0 0.00119503 -0.00875744 0.00201584 0.00513415 0 -0.00103026 0 0.00561292 0.0166397 0 0.000548908 0.00458733 0.00673766 0.0028156 0.000800452 -0.000444766 0.00137656 0 0.00125433 -0.000970414 -0.00870131 -3.73472e-05 0 0.0041046 0.0089636 0.00197766 0 0 0 0.00314468 0 0.0544133 0.00163348 0.00331441 0 0 0.0941215 0.000536852 0 0 0 -0.00567376 0.000292714 0.00217835 -0.000227862 0.0265269 0 0 0.00221585 0.000440557 0.00658768 0.000886443 0.00450406 0.0129644 0.00578805 0.00395772 0.00206292 0.00214427 -0.0013942 0 0.0052906 0.00430245 0 0.0103707 -0.0069673 0 0 -0.00608484 -7.02153e-05 0 0 0.00801604 -0.0102739 0 -0.000516795 -0.00743487 -0.00308294 0.00890278 -0.000888369 0.0057513 0.00291375 0 0.00745409 0 0 0 -0.00108548 0.00153769 0 -0.00664592 -0.00172728 0 0 0.00461656 0 0 0 0 0 0
0 0 0.0100416 0.0239178 0 0.0221869 0.00337226 0.00904174 0 0 0.00461064 -0.000116967 0 0 -0.00161473 0.00312509 0.00282886 0.0218609 0.0103982 0 0.00526597 -0.000392379 0.00252566 0 0.0114502 0.00936629 0.00464702 0.00360199 0 0.00150635 0 0.0281374 0.00637037 0.0201023 0 6.22481e-06 0.0367765 0.00910153 0.0170689 0.00528591 0 -0.00952106 0.0161925 0 0.011391 0.00524972 0.00275839 0.0150655 0 0.0131033 0.00528325 0 0 0.013393 0.00411647 0.00232171 0.020777 0 0.00621861 0 -0.00126752 0.000289282 0 0.00120249 0.0227318 -1.64909e-05 0 0.0177977 0 0.0138327 0.00792712 0 0.0133537 0.00867644 0.000764666 0.00713337 0.00309492 0.000636288 0 0 0.00609334 -0.0041616 0 0.00394462 0.00591023 0.00553642 0 -3.04149e-05 0.00192124 0 0.00144843 0.00201275 0.0100662 0 0.0036454 0.00598325 -0.0018123 0.00560181 0.00029525 0.0122858 0.0127138 -0.00181111 0 0.00150857 0.000688341 0.0122302 0.00317873 0.00636526 0.0093958 0.00183368 -0.000233165 0.000799352 0.00441257 0.0050264 -0.00133413 0 0.00196095 -0.00445034 0.0033434 0.00978648 0 -0.00059544 0.00203666 0.00172006 0.0022247 0.00828946 0.0233347 0.000808588 0.00330954 0.0307 0 0 0.00449309 0 0.00602363 -0.00277196 -0.00489368 0 0 0.0167239 0.00520398 0.00679737 0.000713665 3.28629e-05 0 0.00151003 -0.00413443 0.000172543 0.000905737 0.00753217 -0.00765657 0 0.00151609 0 0 0 0.00239916 -0.00909914 0.0126037 0 0.00228024 0.00531172 0 0.00100748 0.00405626 0.00255871 0.00215261 0 -0.00262679 0.00338819 0.00124941 0.0032759 0.00751516 0 -0.000797008 0 0.0109802 0.00319192 0 0.00501667 -0.00466628 0.00109393 0 -0.00406941 -0.00350022 0.000725124 0.00102534 0.00700702 -0.00668615 -0.000142642 0 -0.00715851 0.0030402 0.00343111 -0.000903614 0.00575255 0.00639583 0 0.00331084 0 0 0 1.76613e-05 0.0064493 0.00221665 -0.0123573 -0.00504241 0 0 0 -0.00348336 0.0019361 0 -0.00343011 0 0
0.00331894 0.000903947 0.0113925 0.00537621 0 0.00828931 0.0055487 0.0182489 0 0 0 0 0 9.38772e-05 0 0.00187192 0.000257564 0.00388962 0.00250357 0 0.0160718 0.0311153 0.00412229 0.0114502 0 -3.37696e-05 0.000511159 -0.000246921 0.000181158 0.00292574 -0.030637 0.00923563 0.00743392 0.01372 9.91306e-05 0.032532 0.00235732 0.0486581 0.00139392 0.00580815 0 -0.00757992 0.0218274 -0.00249302 0.0217036 0 0.0341208 -0.0033774 0 0.0337411 0.0120885 0.00151056 0.0227268 0.00896099 0.00127447 0.00326319 0.00433174 0 -4.60694e-05 0 -0.00235638 0.0022511 0 0 0.00837139 -0.00124859 0.00558783 0.0357165 0.00460566 0.00894357 0 -2.20051e-05 0.000612477 0.0232102 0.00597276 0.0227527 0.00388411 0.00129867 7.20838e-05 0 0.0187547 -0.00433292 0.00409838 0.0039397 0.00402598 0.00894442 0 0.0118624 0.00108934 0 0.000896742 0.00655616 0.00240699 0 0.0510227 0.00596486 -0.00360448 0.00529873 -0.00801105 0.00436325 0.00614645 5.8353e-05 -0.0130442 0 0.00222101 0.00736248 0.00341012 0 0.0189026 0.00274771 -0.00269458 0.000568551 0.0147934 0.0257388 -0.00728251 0 0.00558148 -0.00379902 0 0.00515008 0 -0.00970784 0.0144425 0.00258163 0.00328547 0.00166247 0.00499267 0.00128201 -0.00536779 0.0135282 0.00111255 0 0.0453094 0.00171389 0.0185483 -0.0137475 0 0 0.000239324 0.00698961 0.00469361 0.00620801 0.00226173 0.00541997 0 0.0375697 -0.0114508 0.00138932 0.00435327 0.00275275 0 0 0.00178974 0.00204436 -0.00111136 -0.00508102 0.000578301 -0.00353744 0.00279878 0.0152156 -4.32781e-06 0 0 0 0.00985782 0.000746586 0.000586409 0.00966974 0.00218626 0.00253354 0.00387857 0.00939865 0.0178357 0 0 0 0.00324594 0.0275026 0 0.00286946 0.00672305 0 -0.0062843 0.0010814 -0.0024615 0 0.00154698 0.0214642 -0.00364606 0.00335279 -0.00260902 -0.00639751 0.00221806 -0.000660059 -0.00944247 0.00275666 0.00523894 0.000298675 -0.0017676 0 0 0 0 0.00452912 0.0150337 -0.00650479 0 0 0 0 -0.00488185 0.000232624 0 -0.000212408 0 0
