0 0.0738751 1.08872e-05 0.0488927 9.34938e-06 1.86756e-05 0.000377882 0.0226929 0.0394646 -0 0.046889 -0.0005128 -0 0.0560466 0.0129797 -0 -0.0139885 -0.0218365 0.0110115 -0.0030793 -0.0127486 -0 0.0115069 0.00701988 -0 -0 -0 -0 0.000750822 -0.0102999 -0.00319215 0.0201647 0.000893056 0.014483 0.0248111 -0.0196851 -0.00129479 -0 0.00509593 -0 0.0106838 -0.00885344 0.00798469 -0 -0 -0.00458439 -0 -0.0016835 0.0316452 -0.000877497 -0.00102552 -0.00672431 -0.000468903 -0 -0 -0 -0.00119318 -0.00260113 -0.00680092 -0 0.00952092 -0.00526018 0.0150375 -0 -0.00417133 -0.000840331 -0.00216478 -0 -0 -0.0205628 -0.00183388 -0.0190815 -0 -0 0.0147356 -0 0.0103818 -0 -0 -0 0.00283263 0.0227841 -0 -0 0.000650594 -0.000789706 -0.000454675 0.0100057 0.065782 0.021 -0 -0.000925402 0.0462239 -0.00731318 -0.00249295 0.0010353 -0.000864756 -0 -0 0.0201373 -0 -0 -0 -0 -0 -0 0.0192376 -0.0010333 -0 -0 -0 -0 -0.00558295 -0.000626105 -0.000837018 -0 -0 -0 -0 -0.00137648 -0 -0 -0.00392932 -0.00018851 -0.00236969 -0.0117375 -0.0184255 0.0302327 -0 0.000319227 -0 -0 -0.030766 0.000605314 -0 -0 -0.00985363 -0.0253034 0.0083817 -0 0.0115493 0.0076013 0.0104829 -0 -0 -0 0.00192288 0.00205465 -0 0.0042805 -0 -0 -0 -0 0.0341277 -0.00526051 -0 0.000275156 -0 -0 -0 -0.0014915 -0.00194521 0.00247866 1.07591e-05 -0.00746158 -0 -0 -0.00552498 -0 -0.0272884 -0.00271773 -0 -0.00147135 0.0112709 -0 -0 -0.000173944 -0.00104992 0.00575491 -0 -0 0.014059 1.38164e-05 -0 -0 -0.0116713 1.6812e-05 -0 -0 0.00163873 -0 -0.00606967 -0 -0 0.0154504 -0 -0 -0 -0 0.00256683 -0 -0 -0 -0 -0 -0 -0 -0 -0.00742988 -0.000869464 -0 -0 -0 -0 -0
0.0738751 0 -0 0.0595507 -0 -0 0.00306254 0.0068437 0.00470603 -0 0.05707 -0.00176353 -0 0.0709521 0.00563529 -0 -0.0181331 -0.0350682 0.0294195 -0.00605187 -0.0039675 -0 0.0454285 0.024945 -0 -0 -0 -0 0.0113699 -0 -0.00988697 0.0365955 0.0200322 0.0285261 0.0210317 -0.0108227 -0.0049398 -0 0.0160879 -0 0.0265362 -0.00785838 0.00630437 -0.00772348 -0.000569594 -0.00366637 -0.00109876 -0.000681024 0.0447075 -0.00496603 -0 -0.024902 -0 -0.00233356 -0 -0.0045039 -0 -0.00290315 -0.010584 -0.000727632 -0 -0.00237616 0.0205368 -0.000494985 -0.00902784 -0.00368459 -0.000677274 -0 -0 -0.0132514 -0.00622137 -0.0126818 -0 -0 0.0267941 -0 -0 -0 -0.000281973 -0.00286683 0.0194341 0.00664261 -0 -3.05849e-05 0.0106395 -0 -0.00953482 0.00235254 0.036186 0.0441058 -0.000950447 -0.000211158 0.00907183 -0.00351144 -0 -0 -0 0.00268908 -0 0.00315041 -7.96263e-05 -0 -0.0107971 -0 -0 -0 0.0262103 -0.00486407 -0 -0.00142377 -0 -0 -0.00128786 -0 -0.00172731 -0 -0 -0.0140379 -0.000524484 -0 -0 -0 -0.00811195 -0 -0 -0.00543493 -0.0227701 0.00586295 -0 -0 -0 -0 -0.025935 -0 -0 -0 -0.00150287 -0.0253171 0.0186493 -0 0.0215388 0.00869828 0.0238983 -0.00324683 -0 -0.000375445 -0 0.0344732 -3.83856e-05 0.00304444 -0.000819572 -0.0026165 -0 -0 0.00379075 -1.57068e-05 -0 -0 -0 -0.0125464 -0.000815297 -3.60734e-06 -0 -0 -0 -0.00528007 -0.00107984 -0 -0.00341507 -0 -0.0108856 -0.00256104 -0 -0.0217203 0.00917237 -0.00217536 -0 -0 -0.0147278 0.0135762 -0 -0.000155516 0.00239489 -0 -0 -0 -0.00993516 -0 0.000835285 -0 0.000990341 -0 -0 -0.00593878 -0 0.00519617 -0.000151722 -0 -0 -0 0.000649539 -0 -0.0109937 -0 -0.000134233 -0 0.00333644 -0 -0 -0.0152026 -0.000522397 -0 -0 -0 -0 -0
1.08872e-05 -0 0 -0 0.0227608 0.0443484 -0 -0 -0 0.0636465 -0 0.00353228 0.0064235 -0 -0 -0 0.000270816 0.000494163 0.000900184 0.00106011 -0.00196238 -0.00330176 -0 -0 -0.0057777 -0 -0 -0 -0 -0.0102682 0.000772232 -0 -0 0.000400975 -0 0.00432978 0.00902382 0.0368451 0.00763121 0.00417875 -0 -0 -0 -0.00459373 0.00866263 0.00152569 0.000861492 -0 -0 0.00678142 -0 0.00016675 -0 0.00870389 0.00166464 0.00785017 -0 0.0127882 -0.027585 0.0122756 0.0129837 -0 0.0055491 0.00655853 -0.0139153 0.0033672 0.00446557 -0 0.000184649 -0 0.00948629 0.00204477 -0 -0 -0 0.000734787 0.00962116 -0.000199249 0.0119654 0.0114279 -0.00024258 0.0113505 0.026748 0.00235427 -0 -0 0.00421305 -0 -0 -0 0.0175523 0.000481234 -0 0.00136248 -0 -0 -0 -0 -0 -0 0.00623766 -0 -0.000381997 0.00197262 0.0120781 -0.000700622 0.0013909 -0 -0 0.00355764 0.00808148 0.0101471 -0 -0 0.000321771 0.000442879 -0 0.0054934 0.00972599 -0.0121225 0.00392023 0.00292228 -0 0.000633567 9.25345e-05 -0 0.00279775 0.00245284 0.0042242 -0.00123957 -0.00475183 -0 -0 -0 0.0194876 0.00147204 -0.0122459 -0.0101696 -0 0.00842271 -0 0.00111687 0.00146737 0.00781032 0.00556413 0.000313563 0.0141354 -0 0.00705749 -0 0.000426381 0.00377957 -0 0.0109504 -0.000580493 -0.0138201 0.0234012 0.0112978 0.00512113 0.00194511 0.00257173 -0.0152585 -0 0.0176328 0.0221727 0.000653544 0.0084632 -0 0.00139791 0.00709912 -0 6.62695e-05 0.00967734 -0 -0 0.00472098 0.00125119 -0 0.00259496 -0 0.00340697 0.0173156 0.0138051 0.0300622 0.00113601 -0 0.000268769 0.0164189 -0 0.00219048 -0 -0 -0 0.00511392 -0.0107535 0.0208795 0.000663109 9.80056e-05 -0 -0 -9.8508e-05 -0.00210906 -0 -0 -0 0.000844825 -0 0.00176725 -0 -1.08856e-07 -0.0113259 0.000191132 0.00157647 -0 -0 -0
0.0488927 0.0595507 -0 0 0.00493483 -0.000620115 -0 0.0168844 0.00834908 3.14077e-05 0.0752227 -0 -0.00211175 0.0333395 0.028909 -0 -0.00394933 -0.017879 0.00505248 -0.00574102 -0.00950672 -0 -0 0.00982648 -0 -0 -0 -3.46368e-05 -0 -0.00674371 -0.00205273 0.0244625 -0 0.0034598 0.0152266 -0.00342951 -0 -0 4.48692e-05 -0.00819927 -0 -0.00275702 -0 -0 -0 -0.00591153 -0.000449017 -0.0255173 0.0160234 -0.00740894 -0.00413143 -0.00401472 -0.00487563 -0 -0 -0.00507271 -0.00505971 -0.00184182 -0.00173329 -0 0.0148419 -0.00544328 0.0221223 -0 -2.36519e-05 -0.00286272 -0.00251355 -0 -0.00209612 -0.0028305 -0.0160572 -0.0158416 -0 -0.000156844 0.00902944 -0 -0 -0 -0 -0 0.000352604 4.04485e-05 -0 -0 0.000565484 -0.00462471 -0 -0 0.0457468 0.0131956 -9.97385e-05 -0.00338238 0.0230487 -0.000260937 -0.00248491 -0 -0.0165727 -0 -0.000375772 0.00635562 -0 -0 -0 -0.00358141 -0.000506839 -0 4.10661e-05 -0.00260359 -0.00109465 -0 -0 -0 -0.00966756 -0.0076522 -0.00381433 -0 -0 -0.00075979 -0 -1.62359e-05 -0.000681647 -0 -0.00692441 -0.00678774 -0.00344887 -0.00026599 -0.00619952 0.0187721 -0.000550631 0.0016169 -0 -0 -0.0239574 0.00297681 -0 -0.000939448 -0 -0.0118578 0.000322771 -0 0.0136449 0.00149174 -0 -0 0.0137753 -0.00250622 -0 0.00645907 -0 0.00826442 -0.0084173 -0 -0.00234305 -0 0.00906713 -0 -0 0.0138249 -0 -0 -0 -0.0140181 -0.0107418 0.00862514 -0 -0.000754926 -0 -0 -0.0105893 -0 -0.0170418 -5.57425e-05 -0 -0.00395547 0.00620388 -0 -0.000235321 -0.00452835 -0 0.00706719 -0.000903064 -0 -0 3.14232e-05 -0 -0 -0.00644163 -0 -0 -0 0.00346986 -0 -0.0129223 -0 0.00134127 0.0157725 -0.000136321 -0 -0.000945097 -0 0.00768237 0.00194834 -0 -0 -0 -0.0015641 -0 -0 -0.00174009 -0.00459209 -2.08583e-05 0.00043282 -0 -0 -0 -0
9.34938e-06 -0 0.0227608 0.00493483 0 0.037406 -0.00632157 -0 0.00255956 0.0173487 -0 0.0253625 0.00998972 -0.000454873 -0 -0 -0 0.00152506 -0.00131693 0.00170968 -0.0115953 -0.0046697 -0 -0.00706982 -0.0108824 0.00230126 0.000451556 0.000962662 -0.0013182 -0.0136418 0.000730388 -0 -0.00105537 -0 -0 0.0506862 0.0261899 0.0110716 0.00302103 0.0148465 -0 -0 -0.0117829 0.00172159 0.0269358 0.00135447 0.000169907 -0.0444721 -0 0.0360204 -0.00819928 0.0113927 -0.0197153 0.00673619 0.000843318 0.00383579 -0 0.0124685 -0.0111575 0.00652912 0.0473484 -0 -0 0.014709 -0.0211523 0.00589602 0.0129939 0.00142458 -0 0.00216624 -0 0.00154532 -0.000163213 -0 -0.00426669 -0 0.0387229 -0.00646137 0.0189668 0.0159581 -0.00811131 0.0134811 0.00933495 0.0152141 -0.0016397 -0.014219 0.00972075 -0 -0 -0 0.0222757 -0 -0 0.00867093 -0 -0.00584497 -0 -0.0106591 -0 0.00038166 0.0178659 -0.00105502 -0.00204803 -0 0.0112275 -0.000959492 -0 0.000474457 -0 0.00710489 0.0131225 0.0151326 -0 -0.0215125 0.00102231 0.00101165 -0.00803442 0.00618811 0.00700223 -0.0126999 0.00220691 0.0103369 -0 -0 -0 0.00392687 0.00357787 0.00931682 0.0118733 -0.00108433 -0.0208444 -0 0.00238012 0.00271436 0.02365 0.000568742 -0.0221302 -0.00146446 -0 0.0199047 -0 -0 -0 -0.00338613 0.0159833 0.00056982 0.0365763 -0 0.0117705 -0 0.00145973 0.00795179 -0 0.0157412 -0.00184334 -0.0300897 0.0190485 0.0229566 0.0368923 0.00503712 0.00235592 -0.024755 -0 0.024376 0.129878 0.00485504 0.0189716 0.00351167 0.003707 0.0250454 -0.00461296 0.0039198 0.0171711 -0 0.00403711 -0.0035654 0.00202841 -0.0196828 0.00332934 -0.00147979 0.00430554 0.00674064 0.0108905 0.0169363 0.0159389 -0.00685321 0.00375868 0.0332211 -0.00373689 0.0420714 -0 -0.00362084 -0 0.0107329 -0.0137509 0.0201845 -0 0.0025918 -0 -0 -0 -0.00467082 -0 0.00157524 -0.00236335 0.000213662 -0.0123176 0.00493596 -0 0.00385333 -0.00895098 0.0114207 0.00484087 0.000199814 -0 -0
1.86756e-05 -0 0.0443484 -0.000620115 0.037406 0 0.000771178 -0 -0 0.0303768 -0 -0.00192733 0.00976338 -0 -0.00487075 -0.0126112 0.00339042 0.00340933 -0 0.00997056 -0.00223328 -0.00178508 0.00160953 -0 -0.0204749 -0 0.000240062 0.00214787 -0 -0 0.00329556 -0 -0 -0 0.000595149 0.0446403 -0 0.00226863 0.0165779 0.00697844 0.00105287 0.00178448 -0 0.00951845 0.0153828 0.00639908 0.00735266 0.00680516 -0 6.74562e-05 0.00213752 0.00347162 -0.00741934 0.0093107 0.00489129 0.0271552 0.00605328 0.041138 -0.00857372 3.41335e-05 0.0124856 0.00424142 -0 0.00279083 -0.00729368 0.00816576 0.00854547 0.00791357 0.00386363 0.000958243 0.00491195 0.00422468 -0 0.000778372 3.20597e-06 0.00116904 0.0385377 -0 0.00555629 0.00248161 -0.00153958 0.00809651 0.00352697 0.0096345 -0 0.00331843 5.41856e-05 0.000992623 -0 -0 0.0177326 0.00417273 -0 0.00191736 0.0040685 -0 0.00279467 -0 0.00282285 -0 0.0131818 0.00149201 0.0029236 0.00716835 0.00744849 -0 0.00221411 0.00418147 0.00016108 0.00257287 0.00800708 0.0864753 0.0069181 0.00626269 0.00423251 0.00672682 -0 0.00737588 0.00417374 -0.00384364 0.00563635 0.00181285 0.00896222 0.00687629 0.00289328 0.00395391 0.0100944 0.000870994 0.0234125 -0.00603126 -0.00318519 -0 -0 -0.00392561 0.0141188 0.00421889 -0.00982994 -0.00230335 -0 0.0018601 -0 -0.000678305 0.00243033 0.00182578 0.00206759 0.00450215 0.0265041 0.000848193 0.0122121 -0.00367692 0.00209576 0.00320811 0.00254556 0.0047123 -0.0117604 -0.00904679 0.00647788 0.00469339 0.00490341 0.00223233 0.00260763 -0.00315255 0.00475833 0.00764941 0.0225374 -0 0.0091237 -0 0.0018096 0.00906239 -0 0.00125406 0.0112241 0.00436716 -0.00410954 0.00116799 0.0118048 0.00471001 0.0010342 0.000236318 0.0176949 0.00445266 0.0105082 0.0158468 0.00486122 -0.00214121 0.00171796 0.0269307 -0 0.00297418 -0.00619966 -0 0.00327667 0.00720365 -0.0136817 0.0114007 0.00628801 0.00222172 0.00255557 -0 -0.00822503 -0.0160526 0.00129001 -0 -0 0.00362051 -0 -0 0.00155909 -0 -0.00504061 -0 -0 -0 -0 -0
0.000377882 0.00306254 -0 -0 -0.00632157 0.000771178 0 0.00274906 -0 0.00153209 -0 -0.00608022 0.00221898 -0 -0 -0.0490479 -0.0173158 -0.0284508 0.0176527 0.0182819 -0 -0.00689927 0.00504335 0.00535918 -0.082435 -0 -0.00339147 -2.34969e-05 -0 0.00699056 -0 -0 0.0479396 0.0106594 0.00372911 0.00157341 -0.0101138 -0.000762811 0.0028533 0.00377785 0.00763324 0.0239965 0.016679 -0.00059357 -0 0.00692356 -0.001892 0.0109998 0.0215731 -0.00402968 0.00948464 -0 0.0143848 -0.0189594 0.000361508 0.00653191 0.0147211 0.00488642 -0 -0.000558349 -0.0028555 0.00479645 0.014661 -0 -0 0.017339 -0.00886592 0.00417173 0.0119005 -0.00215805 -0 -0.0159507 0.00332887 0.00152998 0.00588075 0.00169561 -0.00835736 0.00533567 -0 -0.000157804 0.00253153 -0 -0 -0 0.0113874 0.00767253 -0.00060838 0.00611754 -0 0.00197319 -0.00179525 0.00554071 -0 -0 0.00358099 0.00523772 -5.34771e-05 0.00271456 0.00548732 -0.00180163 0.000868797 0.00514737 -0.00134973 0.0138874 0.0123259 -0 0.0248897 0.00578208 -0 -0 -0 -0.0214144 0.0107661 0.00907818 0.00703589 -0.0292492 0.00289745 0.00308438 -0.00211533 -0 0.00534678 -0 0.00918856 0.0101365 0.00603852 -0 -6.02939e-05 -0 0.00488519 -0.0109194 -0 -0 -0.00703569 -0.00788048 0.000149463 0.00379848 -0.0181189 -0.0129288 0.00302709 -0 -0 -0 0.0198895 -0 -0.00348028 0.00103254 -0 0.00829625 -0 -0.0028315 -0 -0.000428362 0.00471871 0.00950431 0.00868667 -0 -0 -0 0.00378499 -0.00290967 -0 0.00990845 0.00137226 -0.00198699 -0.00307585 -0.00149259 0.000309459 -0.0105747 -0.0113179 0.00111931 0.000312575 -0.000832118 -0 0.0108944 -0.00649985 -0.000955233 -0 0.00926652 -0.00619418 0.00802913 0.00502621 -0.000931843 0.00299435 -0 0.00137856 -0 -0 -0 0.00151212 -0 -0 -0 0.00178906 -0.0158057 -0.00342375 -0.0181624 0.000617326 0.000443258 0.00353571 -0 -0.00925363 -0.00461667 -0 -0.00482181 -0 0.0181421 0.00813545 -0 0.019331 -0.00297905 -0 -0 -0.00116971 -0.00016631 -0 -0
0.0226929 0.0068437 -0 0.0168844 -0 -0 0.00274906 0 0.0563268 -0 0.0296735 -0.00704548 -0 0.0189461 0.0206665 0.00379858 -0 -0.00545241 0.0299257 -0 -4.8324e-05 -0 0.0167334 0.0111865 -0 -0 -0 -0 -0 -0 -0 0.00318935 0.00392954 0.0299093 0.000806582 -0.01811 -0.000354253 -0 -0 -0.000244244 0.0042458 -0 0.00950811 -0.000529386 -0 -0 -0 -0 0.0155617 -0.000438382 -0 -0 0.00324402 -0 -0 -0 -0 -0 -0 -0 -0.000446085 -0 0.00429523 -0 -0 -0.00442956 -0 -0 0.000356822 -0.0143234 -0 -0.00231863 0.00727838 -0 0.0294156 0.000578026 -0 -0 -0 -0 0.00314231 0.00940583 -0 -0 0.0153377 -0 -0 0.00784984 0.00693445 0.00328814 -0 -0 0.00821434 -0.0139277 -0 0.00215233 -0 0.000409749 -0 -0 -0 0.00148868 -0.0045957 0.00156952 -0 -0 0.033192 -0.0112488 -0 -0.000463303 -0 -0 -1.64969e-05 -0 -0 -0 3.29344e-06 -0.000759207 -0 -0 5.33764e-05 -0 -0 0.00216735 -0 -0.00869614 -0.00126333 0.0251583 -0 -0 -0 -0 -0.0236973 -1.04708e-05 -0 -0 -0 -0.0185316 0.000732674 -0 0.0261291 0.010579 0.0150936 -0 -0.00109789 -0 -0 0.0189886 -0 0.00957124 -0 -0 -0 -0 0.00878444 -0 -0 8.34361e-06 -7.79004e-06 -2.21978e-05 -0 0.000459987 -0 -0 -0 -0.0208561 -0 -0.011241 -0 -0 -0 -0.0272115 -0 0.000161589 0.00875638 -0 -0 -0 -0.00667974 0.036441 -0 -0 -0 -0 -0 -0 -0.0358068 -0 -0 -0 -0 -0 -0 -0 -0.000177182 -0 -0 -0 -0 -0 -0 -0 -0 -0.00105597 -0 -0 0.00472441 -0 -0 -0.00887365 -0 -1.27844e-05 -2.77967e-05 -0 -0 -0
0.0394646 0.00470603 -0 0.00834908 0.00255956 -0 -0 0.0563268 0 -0 0.0501302 -0.0286278 0.00924555 0.0178879 -0 -0 -0 -0.0039563 0.0440879 -0.0228009 -0.00120754 -0 0.053328 0.00317002 -0 -0 0.0522753 0.0144327 0.0107637 -0 -0 0.00697072 -5.39827e-06 0.00686052 0.100665 -0.000164756 0.0161813 -0 -0.0160371 -0.00663439 0.00258108 -0.0159322 0.0478303 -0 0.000125585 -0.0299441 -0 -0.000880905 0.00189987 -0 -5.42059e-06 -0.000933759 -0.00612462 -0 -0 -0.000601016 -0.000146697 -0.00233445 -0.00851848 -0 -0 -0.00100967 -0 -0 -0.0115591 -0 -0.000179269 -0 -0 -0.0045674 -0.00993388 0.0106026 -0 -0 0.00296595 -0 0.000371766 -0 -0 -0 -0 0.0348177 -0 -0 -0 -0 -0 0.0465804 0.00610707 0.00121756 -0 0.0112606 0.0542675 -0.00371927 -0.00959677 0.0022349 0.00932241 -0 -0 0.000818062 -0 0.00235939 -0 0.000127167 -0 -0 0.0323448 -0.00313726 0.00906566 -0 -0 -0 -0.0380671 -0.00478445 -0 0.00979778 -0 -0 0.00213474 -0.00423428 -0 0.00530952 -0.00121382 -0 -0.000312764 -0.00745897 -0.000246385 0.187277 -0 -0 -0 -0 -0.00720916 -0 -0 -0 -0.0155241 -0.0445717 -0 -0 0.0127749 0.000541109 0.02804 -0 -0 -0 -0 0.0293384 -0 5.6888e-05 -0 0.000171451 -0 -0.00416835 0.000383286 -0.00815861 0.000258357 0.0256596 -0.0179038 -0 0.00140438 -0 -0.0138777 0.000958845 0.00116666 -0.000337999 -0 -0.00071522 0.000130904 -0 -0.00204006 -0.0142113 0.00736853 -0 0.00529819 -0 0.00866378 -0.00135365 -0 0.0215733 -0 -0 -0 0.00234527 -0 -0 -0.019486 0.000965206 -0 -0 -0 -0.00720078 -8.42856e-05 -0 -0 -0 -0.00788716 -0.0133367 -0 -0 0.013252 -0 -0 5.42998e-05 -0 -0.00349997 -0 9.07108e-05 -0 -0 -0.00280928 -0 -0 -0 -0 -0
-0 -0 0.0636465 3.14077e-05 0.0173487 0.0303768 0.00153209 -0 -0 0 -0 0.0280994 0.00336958 -0 -0 -0 0.000779031 0.00276981 -0 0.00585823 -0.00248554 -0.0049692 -0.0268053 -0 -0.002227 -0 -0 -0 -0.00650568 -0.0253702 0.00157662 -0 -0.00694111 -0 -0 -0.0048206 0.00433943 0.00765244 0.014303 0.00194632 0.00468553 -0 -0 0.00093971 0.0106486 0.00541471 -0 0.00215077 -0 0.00749568 0.000921224 0.000989546 0.00291674 0.00664588 0.0188641 0.00491311 0.000856668 0.0130933 -0.0178669 0.00163319 0.0335398 0.00483422 0.0191091 0.0157381 -0.0130246 0.0058634 0.0087595 -0 0.000755921 -0 -0 -0.00162792 -0 -0 -0 0.00121604 0.0149536 -0 0.0136159 0.00473898 -0 0.00657842 0.0109413 0.00218567 -0 0.000178435 0.00173245 0.000431288 -0 -0 0.00302853 0.00356097 -0 0.00286135 0.00102885 -0 0.000448943 -0 0.000110619 -0 0.0410966 0.000612716 0.00199831 0.00495635 0.00802035 -0 -0 0.00119689 -0 0.00353166 0.0018174 0.00541014 0.00295669 0.00204293 0.00410891 0.000472812 -0 0.00544031 0.00297457 -0.00620277 0.0134693 0.0122444 0.00295943 0.00360293 0.00396769 0.000744584 0.00181384 0.000283118 0.00758677 -0.001279 -0.00766602 -0 -0 -0.000781331 0.0251193 0.00738718 -0.00925016 -0.00496607 -0 0.0197065 -0.00448811 -0 0.0027239 0.00736584 0.0257026 0.00785001 0.0203409 -0 0.0107304 3.57873e-05 0.00190935 0.00190427 0.00125115 0.00516777 -0.00596396 -0.0187145 0.0179394 0.0144906 0.014052 0.0042948 0.00552879 -0 0.000671902 0.00574734 0.0232311 0.00684682 0.0139678 0.00267499 -0 0.0225141 -0 0.00258522 0.0045703 0.00177548 -0 0.00319078 0.000927203 -0.0060332 0.0048023 -0 0.012907 0.00741301 0.0146001 0.0506862 0.00780572 -0.00692001 0.00313458 0.0246003 -0 0.00086469 -3.41043e-05 -0 -0 0.00366296 -0.00422241 0.0346643 0.00823 -0 0.00118382 6.39285e-06 -0.00208593 -0.00366892 0.00815884 -0 -0 0.00325554 -0 -0 -0 -0 -0.00671067 0.0100364 0.00561433 -0 -0 -0
0.046889 0.05707 -0 0.0752227 -0 -0 -0 0.0296735 0.0501302 -0 0 -0 -0 0.0279963 0.000163918 0.0012231 -0.00128813 -0.0226686 0.0230589 -0.00109723 -0.00641905 -0 0.0197508 0.00492696 -0 -0 -0 -0 -0 -0 -0 0.0226706 -0 0.00342221 0.00956433 -0.00906543 -0 -0 0.000268285 -0 0.0149885 -0.00816786 0.0071513 -0.000273301 -0 -0 -0 -0.00203652 0.0284612 -0 -0.00254349 -0.00518906 -0.000143487 -0 -0 -0.00707626 -8.29246e-05 -0.006492 -0.0125586 -0 0.000858649 -0.00287709 0.0137056 0.00189169 -0.00263144 -0.00826528 -0.000468169 -0 -0 -0.00239291 -0 -0.0162476 -0 -0.000875134 0.00242234 -0 -0 -0 -0 -0 0.0133065 0.00946862 -0 -0 0.00220661 -0 -0.00172754 0.0144233 0.0329522 0.0172987 -0 -0 0.0192281 -0.00112562 -0.000126704 0.000245386 -0 0.00989424 -0 0.0119365 -0.000105678 -0 -0 -0 -0 -0 0.00482651 -0.00149131 -0 -0 -0 -0 -0.00786382 -5.93205e-06 -0.00201907 -0 -0 -0 -0 -0.00132935 -0 -0 -0.00217741 -0 -0 -0.00205194 -0.00832266 0.024203 -0 0.000728677 -0 -0 -0.0140494 0.000296088 -0 -0 -0.0161115 -0.0243445 0.0223387 -0 0.0173799 0.00345818 0.00161435 -0 -0 -0 -0 0.0231412 -0 0.0128541 -0 -0 -0 -0 0.00468195 -0.0117034 -0 -0 -0 -0 -0 -0.000489442 -0.00220196 -0 -0 -0 -0 -0 -3.73677e-05 -0 -0.00566153 -0.000246386 -0 -0.000273735 0.00677146 -0 -0 -0 -0 0.0188351 -0 -0 -0 -0 -0 -0 -0.0114352 -0 -0 -0 0.000636092 -0 -0.00153467 -0.000603056 -0 0.000274559 -0.0026227 -0 -0 -0.00297822 0.0063264 -0 -0.000831956 -0 -0 -0 -0 -0 -0 -0.00169678 -0.00876237 -0 -0 -0 -0 -0
-0.0005128 -0.00176353 0.00353228 -0 0.0253625 -0.00192733 -0.00608022 -0.00704548 -0.0286278 0.0280994 -0 0 -0.028718 -0.00068792 0.0371545 -0 -0.00143643 -0 -0.0181289 -0.00237445 -0 -0.00257794 -0.0262486 -0.00585897 0.00365871 -0 -0.0415225 -0.0021321 -0.000327191 -0.0122358 -0.00367158 -0.15423 -0.0357578 -0.00515869 -0.0513293 -0 0.0492042 0.00145227 -0.00373315 0.0605789 -0.00215754 -0.0105142 -0.0165189 0.00911724 -0 -0 -0.0146019 -0.00836883 -0.0195075 0.0391871 -0.00678559 -0.0136276 -0.00525935 -0 -0.000291823 -0.00215545 -0.00249144 -0 -0.00310019 -0 0.0148909 -0 0.0235923 0.0708953 -0 0.0356471 0.0260085 -0.0177484 -0.00255283 0.00120897 -0 1.25968e-05 -0.0233508 -0.0113685 -0.0489345 -0.00166033 0.00478264 -0.00103927 0.00727051 0.00105049 -0.00518522 -0.0310942 0.00291579 -0 -0 -0.00539659 0.00473409 -0.00976783 -0.00350627 -0.00933079 0.00806604 -0.0275199 -0.000131299 0.0356868 -0.0093615 -0.0473744 -0.0376865 -0.00739489 -0.0488277 -0 0.00337661 -0.00795321 0.00372243 -0.0306312 0.0451492 -0 -0.00958043 4.66095e-05 -0.00787088 0.000467349 -0 5.40297e-06 -0.00525639 -0.00906391 -0.00228195 -0.0168934 -0.0082334 -0 -0 -0 -0.0011207 -0 -0.00547078 -0.00382058 -0.0028782 0.00204023 -0 -0.00133646 -0.0176515 0.000908329 -0.00223102 -0.026942 0.00638343 0.0027449 -0 -0.00239107 -0 0.00559498 -0.00127363 0.0213553 -0 -0 -0.0026724 0.00702695 0.0217082 -0.00109812 -0 -0.0313927 -0 0.0014825 -0 0.0078774 -0.00182246 -0 -0.0234974 -0.00145492 0.000188958 -0 0.0254707 0.00438462 0.00627825 -0.0107654 -0.00247713 -0 0.0130421 0.0615818 0.0580615 0.00554587 -0.0133205 0.00283047 -0.00511553 0.0207613 -0 -0.00561112 0.00174103 0.00224807 -0.00102741 -0.0129327 0.00680704 -0.0148037 -0.0107283 -0 -0 -0 0.00664587 0.000323638 0.0227158 -0 -0.00133812 0.00622505 0.00227834 -0.00444261 -0.00237246 -0 -0 5.0938e-06 -0.00148266 0.0030819 -0.00118926 -0 0.00116504 0.000254104 -0 -0 0.000337631 -0.000474693 -0.00753978 5.86446e-05 -0.00379208 0.00459627 -0 0.00802744 0.00699763 0.000310289 -0 -0
-0 -0 0.0064235 -0.00211175 0.00998972 0.00976338 0.00221898 -0 0.00924555 0.00336958 -0 -0.028718 0 -0 -0.0120757 -0 0.0407996 0.032702 0.00266285 -0.00994943 -0.00438442 -0.00236342 0.0396845 -0 -0.0103605 0.0273289 0.0352655 0.00724746 -0 0.00194828 0.030101 -0 5.73711e-05 -0 0.0137124 0.004457 0.00446585 0.00753036 0.00592693 0.00348822 0.00226582 0.00109365 0.00523946 0.00521532 0.00369915 0.0211959 0.0338966 0.0107957 0.00456886 0.00468836 0.00698542 0.0179061 0.00371622 0.00289477 0.00130947 0.0111182 0.00876934 0.0082866 -0.0244203 -0 0.00312479 0.000162325 -0 -0 -0.0131643 0.00942477 0.0174959 -0 0.00660676 -0 -0 0.0437114 0.00116206 0.00438401 0.00145377 0.0036991 0.00439648 -0 0.0022394 0.0098529 -0.00263919 0.0408092 -0 0.00254337 -0.00165777 0.00609641 1.58535e-05 0.00337084 -0 -0.00111012 0.0109147 0.0113631 -0.000988525 0.00098169 0.00515489 0.00170046 0.0195861 0.000508595 0.0295616 -0 0.0106903 0.00187595 0.00644429 0.011783 0.00674766 -0 0.00743678 -0.00307152 0.0150021 0.0129008 0.00153225 0.00580783 0.0106347 0.0077161 0.0126413 0.022412 -0 0.0254144 0.0270923 -0.0102389 0.00738811 0.00134509 0.00950398 0.0103956 0.00866983 0.00244159 0.031055 -0 0.00989705 -0.00505559 -0.00568134 -0 -0.0093155 -0.00601702 0.00404724 0.00437046 -0.0155654 -0.0184056 0.000932792 0.00871901 0.000239835 -0.000432176 0.00823686 0.00237167 0.0015751 0.00425973 4.90552e-05 0.0148122 0.00306575 -0.00162032 0.0224365 0.00325062 0.00737805 0.0090132 -0.00720766 -0.0175316 0.0084804 0.0130931 -0.00848378 0.00369185 0.0150916 0.0173481 0.0180222 0.00575643 0.0112156 2.61537e-06 -0.000759615 -0 0.00581702 0.00695672 0.00023593 -0 0.0116937 0.00616602 -0.00623874 0.00170713 0.00413614 0.0219978 0.00516891 0.00107034 0.00622024 0.00972724 0.00352993 0.0159954 0.00358375 -0.00141975 0.00141084 0.00709725 0.00088538 -0 -0.0036214 -0 0.00461676 0.00742721 -0.00750628 0.0143373 0.00424669 0.00131317 0.00237328 -0 -0.00651658 -0.0101395 0.000129851 4.11775e-05 -0 0.00487642 0.00110116 0.00147893 0.00594631 -0 -0.0104172 -0 -0 -0 -0 -0
0.0560466 0.0709521 -0 0.0333395 -0.000454873 -0 -0 0.0189461 0.0178879 -0 0.0279963 -0.00068792 -0 0 0.0114069 -0 -0.00614744 -0.0114345 0.0353325 -0.0010551 -0 0.000199686 0.0178451 0.0191412 -0 -0 -0 -0 -0 -0.000217694 -0.00416647 0.00633431 0.000867559 0.0030655 0.0223242 -0.00480562 -0.00869389 -0 -0 -0.0162581 0.00896135 -0.00793195 0.000513698 -0 -0.000329342 -0.0103878 -0 -0.00111506 0.0151404 -0.00489312 -0.00137467 -0.00106404 -0.00185711 -0 -0 -0.00381353 -0.000560181 -0.0234669 -1.46592e-05 -0 -0 -0.00992404 0.0196056 -9.63645e-05 -0.00475694 -0.00824937 -0.00103055 -0 -0 -0 -0 -0.00880902 -0 -0 0.0585621 -0 -0 -0 -0 -0.00279312 0.00132066 -0 -0 -0.00942622 0.00260222 -2.85984e-05 -0.00532254 -0 0.0201832 0.0307745 -0.000306561 -0.000707203 0.020508 -0.0195395 -0.00205602 -0 -0.000332497 -0 -0 0.00345877 -0 -0 -0.0040305 -0 -0 -0 0.00335341 -0.00285717 -0 -0 -0 -0 -0.00186389 -0.000381876 -0.00159479 -0 -0 -0.000899592 -0.00623097 -0 -0 -0 -0.00417585 -0.000165923 -0.000999975 -0.000333322 -0.013754 0.0255958 -0 -0 -0 -0 -0.00470834 -0 -0 -2.7756e-05 -0 -0.0195758 0.0119466 -0.000294899 0.0017318 0.00301637 0.01095 -0 -0 -0 -0 0.0082856 -0 0.00338044 -0.000349185 -0 -0.000413763 -0 0.00792197 -1.52575e-05 -0 -0 -0.00123008 -0.00159025 -0 -0.000405731 -0.00508792 -0 -0 -0.0114092 -0.000861747 -0.00422191 -0.0015179 -0 -0.0138038 -0.0123876 -0 -0.00155582 0.0133058 -0 -0.000165975 -0.000605521 -0.00232294 0.0291482 -0.00140999 -0 1.36206e-05 -0 -0 -0 -0.0198699 -0 -0 -0 0.000728593 -0 -0 -0.00368253 -0 0.0104777 -0 -0 -0 -0 0.000990082 -0 -0.00116838 -0 -0 -0 -0 -0 -0 -0.00299614 -0 -0 -0 -0 -0 -0
0.0129797 0.00563529 -0 0.028909 -0 -0.00487075 -0 0.0206665 -0 -0 0.000163918 0.0371545 -0.0120757 0.0114069 0 0.00212871 -0.0222376 -0.0236205 0.00503859 -0.00632828 -0 -0 -0.0121436 0.031226 0.0099224 -0.000488552 -0.0269075 -0.0237516 -0 -0.00221195 -0.0113619 -0 -0 0.0391879 -0.0996071 -0.027595 -0.00338102 -0 -0 -0.0090751 3.04468e-05 -0.00277671 0.0254893 0.0161321 -0.0119189 -0.00268967 -0.0322023 -0.00408355 0.0108986 -0.00985843 -0.00167672 -0.00542101 -0 -0 -0 -0.00342935 -0.00536817 -0.00397146 -0.00297675 -0 0.0086653 -0.0029644 0.01504 -0 -0 -0.00150254 -0.0061898 -0 -0.0134177 -0.00960212 -0 -0.0495406 -0 -0 -0 -0 -0 -0 -0 -0.000101009 0.0370297 -0 0.0031776 0.0201547 0.0308834 -0.0053944 -0.000133427 -0 0.000173373 0.0277413 -0 -0.00172625 0.0188702 -0 -0.000970587 3.34448e-05 -0.0290363 0.0137221 -0.00743488 0.0100344 -0 -0 -0 0.00598762 -0 -0.00238782 0.0174074 -0.00527916 -0.0224787 -0 -0 -0.00109303 -0.0159964 -0.0034506 -0.0139444 -0.00113457 -0 -0.00456607 -0 -0.0205861 -0 -0 -0.00829404 -0.000841746 -0.00334673 -0.00292101 -0.027517 0.000233652 0.000285455 0.0174078 -0 -0.0117063 -0.00850707 0.00352952 -0 -0 -0.0253363 -0.0241593 0.0163864 0.0224482 0.0316661 0.0134969 0.0316166 -0 -0 -0.000200928 -0 -0 -0 0.0218028 -0.00228309 -0 -0.00512354 -0 0.0129362 -0 -0 -0 -0 -0 8.36638e-06 -0.0030598 -0.00361579 -0 -0 -0 -0 -0 -0.0332784 0.0204027 -0.00356103 -0.00187415 -0.00228105 -0.00217278 0.018487 -0 -0.0104333 -0.00436774 -0 0.0190549 -0.00518559 -0 -0 3.2239e-05 -0.00122691 0.00724504 -0.0121374 -0 -0 -0 0.0064256 0.00769504 -0.00909903 -0 0.00269113 0.0226645 -0.00094116 -0 -0.000590683 -0 0.00534493 0.00149575 -0 -0 0.00495084 -0.00117854 3.70289e-05 -0 -0.00118212 -0 -2.14632e-05 -0 -0 -0 -0 -0
-0 -0 -0 -0 -0 -0.0126112 -0.0490479 0.00379858 -0 -0 0.0012231 -0 -0 -0 0.00212871 0 -0.0266208 -0.027639 0.00101389 -0 -0 -0 -0 0.00027311 -0.00950324 -0 -0 -0.00141504 -0 -0 -0.00247194 -0 0.0169699 0.00490229 -0 -0 -0 -0 -0 -0 -0 0.00545134 0.0141985 -0 -0 -0 -0.00606188 -0 0.00929703 -0 0.0059121 -0 0.0417814 -0 -0 -0 -0 -0.0135902 -0.016616 -0 -0 -0 -0 -0 -0 -0.00533252 -0 4.43371e-05 0.000301022 -0 -0 -0.0161863 -0 -0 -0 0.00133348 -0 -0 -0 -0 -0 -0 -0 -0 0.015035 0.00788222 -0 0.000649812 -0 0.000433945 -0 -0 -0 -0 -0 -0 -0 -0 -0 0.0154648 -0.00946167 -0 -0 0.00493924 -0 -0 0.00516246 -0 -0 -0 -0 -0.00505523 -0 0.000933837 -0 -0 -0 -0 -0 -0 -0 -0 -0 0.0167477 0.000905526 -0 -0.00707612 -0 -0 -0 -0 -0 -0 -0 -0 -0 -0 -0 0.00735702 -0 -0 0.013789 -0 -0 -0.00206394 -0 -0 -0 -0 -0 -0 -0 -0 -0 -0 -0.00867076 -0 -0 -0 -0 -0 0.0170695 -0 -0 -0 -0 -0 -0 -0 -0 0.0069766 -0 -0 -0 0.0147598 -0 -0 -0 -0 -0 -0 -0 -0 -0 -0 0.0147281 -0.000696428 -0 0.00655477 -0 9.75653e-06 -0 -0 -0 -0 -0 -0 -0 -0 -0 -0 -0 -0 -0.0071503 -0 0.000255355 0.0188265 -0 -0 -0 -0 -2.77965e-05 -0 -0 -0 -0
-0.0139885 -0.0181331 0.000270816 -0.00394933 -0 0.00339042 -0.0173158 -0 -0 0.000779031 -0.00128813 -0.00143643 0.0407996 -0.00614744 -0.0222376 -0.0266208 0 0.167714 -0.00901979 -0.0269056 -0 -0.000892398 0.00989622 -0.0231171 -0.000181149 0.0524355 0.0345596 0.0499704 -0.0188471 0.00193655 0.169217 -0.00933878 -0.011206 -0.02936 -0 -0 0.00553724 0.00412174 0.00707907 0.000771534 -0 0.000322816 -0 -0 0.00108284 0.0412502 0.0337827 0.00981625 -0.00426747 -0 0.00551375 0.0473943 -0.0163501 -0.0175792 -0 0.00584061 0.00839399 0.00640637 -0.00178904 -0 -2.04273e-05 0.0251942 -0.00346919 -0.0430917 -0.000993684 0.00672038 0.0110617 -0.0118277 0.0040099 -0 -0.0174792 0.0669947 -0 -0 -0 -0 -0 -0.0111257 -0 0.00786929 -0.00834717 0.0050045 -2.34132e-05 -0 -0.0290436 -0.00440114 0.00032591 -0 -0.00023596 -0.0323848 0.00480568 -0.00559442 -0.0213476 0.00368141 0.0134443 -0 0.0402121 -0 0.0570808 -0.0239364 -0.00416286 0.000541219 0.0019607 0.00828685 -0.0105476 0.00047359 -0 -0.00878668 0.0307348 0.0133879 -0 0.0051441 0.0211782 -0.00661701 0.00650344 0.0589446 -0.00831293 0.00573904 0.0105858 -0 -0.00323 0.000642626 0.00671915 0.00662788 0.0050398 0.000850609 0.124304 -0.00102057 0.00503901 -0.00287003 -0.00367301 -0 -0.00946058 -0.00531259 -0 0.00291602 -0 -0.000749593 -0 0.000649703 -0 -0.00554322 -4.94846e-05 -0 0.00114015 -0 -0.0221285 -0 0.000550502 -0.00372069 0.0010404 -0 -0.00444988 -0 -0.00654061 -0.00164062 0.00273782 0.00707416 -0.0324327 -0 0.00251857 -0.00589413 0.0127528 0.000271113 8.52486e-05 -0 0.00268644 -0 0.0084019 -0 3.67878e-05 -0 0.00235024 0.00728088 -0.00817278 0.00259435 0.00158033 0.00641568 0.000929954 -0 0.00423071 0.0155808 0.000521124 0.00254185 0.00519695 -0.00771952 0.00285588 -0.00670706 -0 -2.13795e-05 -0.00549236 -0.0164554 0.00852212 0.00587647 -0.00410277 0.00332802 0.000583608 -0 0.00163402 -0 -0.00199138 -0.00339719 -0.0186846 -0 -0 0.00128982 -0 -2.92289e-06 0.00149395 -0 -0.000407347 -0 -0 -0 -0 -0
-0.0218365 -0.0350682 0.000494163 -0.017879 0.00152506 0.00340933 -0.0284508 -0.00545241 -0.0039563 0.00276981 -0.0226686 -0 0.032702 -0.0114345 -0.0236205 -0.027639 0.167714 0 -0.0353386 0.000678201 -0 -0.000452424 0.000305889 -0.0263004 -0.000466547 0.0367957 0.0228868 0.0447507 -0.0264033 0.00119471 0.0912654 -0.0484155 -0.0359356 -0.0453214 -0 -0.00596781 0.0200653 0.00125796 0.0015988 0.00409061 -0 0.000285778 -0.0200384 0.000435093 0.00161265 0.0301314 0.0381735 0.00921375 -0.02066 0.0100852 0.0031444 0.0634805 -0.0228546 -2.45263e-05 -0 0.00759045 0.00731861 0.00796626 -0 -0 -0 0.0127644 -0.00575114 -0.0320602 0.00194762 0.00775296 0.0108811 -0.00611171 0.00218423 0.000751063 -0 0.0684515 -0 -0 -0.00434842 -0 0.0018147 -0.00926426 -0 0.00594091 -0.0161588 0.00371111 -0.0133689 -0 -0.0346465 -0.0054336 0.00147075 -0.0219921 -0.00257085 -0.0232661 0.00815172 0.00677269 -0.0385107 0.00695597 0.0138281 -3.7442e-05 0.0365132 -0 0.0240791 -0.0286072 -0.000828592 -0 0.00391738 0.0056126 0.00384157 -0 -0.0155261 0.00172689 0.0306673 0.00622078 -0 0.0046608 0.012156 -0.00939685 0.0114285 0.0235646 -0.0197611 0.00724507 0.00831868 -0 -0.0104395 0.000671245 0.00344975 -0.000255902 0.00584806 0.003362 0.120692 -0.00488785 0.00367647 -0.00340239 -0.00256943 -0 -0 -0.00502371 -0 0.000772174 4.72781e-05 -0 -0.00306003 0.000388269 -0.0088063 -0.00567149 -0 -0 0.0102869 -0.00143839 -0.0205483 -0 0.000511757 -0.00518991 0.00258652 -0 0.00153117 -0 -0.00932419 0.00533756 0.00185814 0.00454252 -0 -0 0.000994011 -0.00864546 0.0214966 -1.73192e-05 0.00139724 -0 0.0101672 0.00127257 0.0244571 -0 -0 0.00204357 0.00491874 0.00647684 -0.0185036 0.00426433 0.00540248 0.00511312 0.0044782 -0.00489509 0.00274693 0.00750661 -2.08751e-05 0.00229345 0.00491479 -0.0141097 0.00974432 -0.00631083 -0 -2.1214e-05 -0.0044051 -0.0192471 0.00547253 0.00509427 -0.00497598 0.000724463 0.00194659 -0 0.00139588 -0 -0.00588983 -0.00411102 -0 -0 -0 -0.000130106 -0.0120279 -0 0.000695928 0.00194729 -0.000137125 0.00100482 -0 -0 -0 -0
0.0110115 0.0294195 0.000900184 0.00505248 -0.00131693 -0 0.0176527 0.0299257 0.0440879 -0 0.0230589 -0.0181289 0.00266285 0.0353325 0.00503859 0.00101389 -0.00901979 -0.0353386 0 -0.00534808 -0.0037581 -0 0.0312114 0.00665652 -0 -0 -0 0.0071403 0.0150163 0.0027663 -0 0.0194514 0.0166571 0.0575155 0.0181003 -0 -0.0142787 -8.23816e-05 0.000147244 -0 0.0212667 -0 0.061841 -0.000643717 0.00052686 0.0027657 -0 -0.0096848 0.0225372 -0.00766176 0.00564398 -0.00367178 0.0272736 -0 -0 0.00590214 0.00364342 -0 -0.00745378 -0 -0 6.98421e-05 0.0297793 -0 -0.0122368 -0.00653431 0.00145242 0.00503424 0.023919 -0.0117795 -0 -0.01968 0.0190955 0.0160703 0.0575788 0.00419133 -0 -4.66751e-05 -0 -0 0.0325039 0.00651499 -0 -0 0.0446305 0.00628358 -0.000199323 0.0467707 0.00149095 0.0121323 -0.00121383 0.00469339 0.0245811 -0.00823448 0.00212015 0.0102542 0.000165079 0.0348895 0.00157579 0.0145712 -0 0.0174591 -0.00502909 0.00810321 0.00283586 -0 0.0843841 -0 -0 -0 0.00042899 -0 -0.0154183 0.00667084 0.00365316 -0 0.00678305 -0 -0 -0.0092582 0.0101679 -0 0.00634066 0.0129823 0.00391195 -0.00593404 -0.0268853 0.0293597 0.0223315 -0.00197982 -0 0.0171752 -0.00964076 -0.00457927 0.00167206 0.00325243 -0.0220016 -0.038288 0.00765996 -0 0.0398961 0.00639359 0.0429055 -0 -0.0122153 0.00081872 -0 0.015398 -0 -0.00127054 0.000346272 -0 0.00300209 -0 0.00371933 -0.00343959 0.00509547 -0 -0 -0.0015124 -0 0.0152542 0.00256044 -0 -0 -0.0075578 -0 -0.0134905 -0 0.00099247 -0 -0.0130545 -0 0.0039553 -0 -0.000945848 0.00119884 0.00553101 -0.00701318 0.0471579 0.00316181 -0 -0 -0 -4.97956e-05 -0 -0.0180549 0.00165031 0.00346611 0.0033517 -0.0012299 -0 1.79189e-05 -0.00472138 -0.0032392 -0 -0 -0 0.0034062 -0 0.00129662 -0.00302658 -0 -0.000975546 -0 0.00120256 0.0243747 -0 0.00520252 -0.00916012 -0.00867765 -0.0189246 -0.00221148 -0.000260463 -0 -0
-0.0030793 -0.00605187 0.00106011 -0.00574102 0.00170968 0.00997056 0.0182819 -0 -0.0228009 0.00585823 -0.00109723 -0.00237445 -0.00994943 -0.0010551 -0.00632828 -0 -0.0269056 0.000678201 -0.00534808 0 -0.00227683 -0.00240905 -0.00869765 -0.00023972 -0.00354904 -0 -0.0296697 0.000722801 0.00162473 0.0181177 -0.00474041 -0.00261134 -0.0250321 0.00254891 -0 0.00945658 -0.00715808 -0.0165312 -0.00991752 0.00376128 0.00685023 0.0187071 -0.00529296 0.00785196 -0.00487446 0.0190549 -0.0220102 0.0281027 -0.0055789 -0 0.0401774 0.00316943 0.0491854 0.000412453 0.00760325 0.0242381 0.0297725 0.0213281 -0 -0.013394 -0.012732 0.0380653 -0 0.0257458 -0.00118649 0.03978 0.0276162 0.00359389 0.016422 1.7253e-05 0.0339575 0.00624294 0.00355121 0.00682816 0.00449446 0.000820662 -0 0.0236033 -0 -0.0036977 -4.19077e-06 0.00265782 3.67784e-05 -0 0.0030823 0.0276694 -0.00114334 0.00581461 -0.00169702 -0 -0 0.0380883 -0.00635411 0.00133265 0.0150097 -0.00526479 0.00760802 0.00647807 0.00812158 -0.0170731 0.0102385 0.0107389 -0.0023048 0.00892962 0.030195 0.00663351 0.00957338 0.034434 0.00285473 0.0014239 0.000141681 0.0037916 0.0256592 0.0404463 0.0391433 -0 0.0192785 0.00779389 -3.06723e-05 -0 0.023843 0.00303935 0.0379361 0.0236933 0.0212448 0.0126142 0.00598459 -0.00156411 0.0199277 -0.0247352 -0.0014005 0.00518624 -0.00217221 -0.0398977 0.00459411 0.0113014 -0 0.00921469 0.00190892 0.000260973 -0.000550062 -0.0193964 0.0117251 1.69338e-06 -0 0.0291729 -0 0.013248 0.00765333 -0.0242716 0.00829785 -0 0.0230286 0.00233196 -0.0280281 -0 -0 -0.0183591 0.0158552 -0.00183927 0.000573448 0.0273497 0.0191297 -0 0.00210893 -0.000465307 0.0071195 -0.00203623 0.000757666 0.0153057 0.0070089 0.0127688 0.00470879 0.020386 -0.0327593 -0.000220341 0.0159473 0.0218381 -0.00293936 0.0032342 0.0182224 -0 -0.000781515 0.00360653 0.0160228 -0.00777573 0.0169683 0.00945612 0.00686724 8.55489e-05 -0.0300409 -0 0.0102276 0.000428381 -0.0254599 -3.18666e-05 0.0118334 0.00239219 0.0219127 -0 -0.0416877 -0.0288153 0.0103566 -0.018755 -0.000651407 0.0256189 0.00465332 -0.0123641 0.0139605 -0.00310189 -0.00191813 -0.00180421 -0.00261251 -0.00236034 -0 -0
-0.0127486 -0.0039675 -0.00196238 -0.00950672 -0.0115953 -0.00223328 -0 -4.8324e-05 -0.00120754 -0.00248554 -0.00641905 -0 -0.00438442 -0 -0 -0 -0 -0 -0.0037581 -0.00227683 0 0.0169772 -0.00101418 -0.000106682 -0 -0 -0 -0 -0 -0 -0 -0 -0 -0.0119951 -0 -0.00281901 -0 -5.73918e-05 -0.0216075 -0.00271501 -0 -0 -0.00117987 -0.00515714 -0.00100228 -0.00549302 -0 -0.000935517 -0.00128988 -0 -0.0014956 -0 -0.00250993 -0 -1.27216e-05 -0.00212093 -0.00139736 -0.00153643 0.0144867 -0 -0.00509507 -0.00147692 -0.0139818 -0.00112534 0.0218097 -0.00254353 -0.00152948 -0 -0.0015302 -0 -0 -4.32574e-05 -0 -0 -0 -0.000778743 -0.00198689 -0 -0.00195938 -0.00179643 -0 -0.0139034 -0.000393483 -3.38751e-05 -0 -0.00090018 -0 -0.00341173 -0 -0 -0.00195301 -0.00296888 -0 -0 -0.000336242 -0.000812384 -0 -0 -0.000542689 -0.00221829 -0.00122685 -6.31354e-05 -0.00174684 -0.00807482 -0.00282368 -0 -0.000835101 -0.000607944 -0 -0.00289706 -0.00103966 -0.00306501 -0.00126231 -0.000978562 -0.00143012 -0.00122117 -0 -0.00274401 -0.000470001 0.00284007 -0.00240793 -0.00333735 -0.00230504 -0.0118394 -0.00340549 -0 2.15328e-05 -0.000603362 -0.0150098 0.000371717 0.00142861 -0 -0 0.00198988 -0.00663015 -0.00121023 0.00629904 0.00462714 -0 -0.00153137 -0 -0.000992025 -0.00589265 -0.000950819 -0 -5.72798e-05 -0.000108468 -0.00174735 -0.00135488 -0 -0.0002862 -0.00534153 -0.000310746 -6.76918e-05 0.000105765 0.00787299 -0.00383223 -0.00219225 -0.00120177 -0.000952256 -0.0033539 -0.00132198 -0.000983401 -0.0011996 -0.0155926 -0 -0.00235091 -0 -0 -0.00299858 -0 -0 -0.00284797 -0.00031306 -0 -0.00254094 -0.000265676 -0.00181949 -0.000287691 -9.76801e-05 -0.000970784 -0.000266145 -0.00621453 -0.00332889 -0.00142988 -0 -0 -0.00508715 -0 -0.00139852 -0 -0 -0 -0.0033284 0.00242976 -0.00112983 -0 -0.000385601 -0.000419546 0.00961356 0.000837341 0.00603362 -0 -0 1.51546e-06 -0.00349381 1.98346e-05 -0 -0.00113181 -0 0.0398779 -0 -0 -0 -0 -0
-0 -0 -0.00330176 -0 -0.0046697 -0.00178508 -0.00689927 -0 -0 -0.0049692 -0 -0.00257794 -0.00236342 0.000199686 -0 -0 -0.000892398 -0.000452424 -0 -0.00240905 0.0169772 0 -0 -0 0.000458778 -0 -0 -0 -0 -0 -0.0013386 -0 -0 -0 -0 -0.00377591 -0 -0.00133422 -0.00327452 -0.0105701 -0 -0.000349357 -0 -0.00904279 -0.00238208 -0.00481651 -0 -0.000263377 -0 -0.000835791 -0.000577302 -0 -0.00541864 -0.000646545 -0 -0.00194959 -0.00133956 -0.00338821 0.0134786 -0.00335792 -0.00831178 -0.000863059 -0 -0.010207 0.0291796 -0.00697073 -0.00560457 -0 -0 -0.000394796 -0 -0.00356604 -0 -3.54254e-05 -0 -0 -0.00508067 -0 -0.00218406 -0.000595294 -0 -0.00150709 -0.00276613 -0.000257156 -0 -0.000354109 -0.00371138 -0.000610063 7.11758e-06 -0 -0.00455924 -0.00094844 -0 -0.00607469 -6.95873e-05 -0 -0.00020484 -0 -0 -0 -0.00155367 -0 -0.0146906 -0.00238124 -0.00354286 -0 -0 -0.00074006 -0 -0.00359963 -0.000822884 -0.00321176 -0.000724181 -0.000953152 -0.00127116 -0.00246306 -0 -0.00150481 -0.00483604 0.01469 -0.000443812 -0.00237883 -0.0016278 -0.00160194 -0.00113552 -0.0026031 -0.00145976 -0 -0.00244104 -0 0.0136669 -0 -0.000756836 -0 -0.0103721 -0.000975594 0.010705 0.000126694 -0 -0.0047285 -0 -0 -0.000399384 -0.00432715 -0.000247802 -0.000528313 -0 -0 -0.0046026 -0 -0 -0.00363423 -0.000196271 -0.000863929 0.000463241 0.0125462 -0.00287617 -0.00626934 -0.00177855 -0.00362127 -0.00792345 -7.06892e-05 -0.000862593 -0.00302461 -0.00607838 -0.00645587 -0.00755928 -0 -0.000739626 -0.00272677 -0.00309205 -0.000240384 -0.00561226 -0 -0 -0.00332457 -0 -0.000681084 -0.00566876 -0 -0.00116154 -0.00277937 -0.00215228 -0.00453308 -0.00161952 -0 -0.00234644 -0.00382718 -0 -0.00126005 -0 -0 -0 -0.00246798 0.000750487 -0.00327938 -0 -0 -6.56833e-05 -0 -0 7.31517e-05 -0 -0 -0.000828939 -0.0120397 -0 -9.6924e-05 -0.000188925 -0.00124634 0.00841851 -0 -0 -0 -0 -0
