0.906768 -0.0654807 -9.9071e-06 -0.0445144 -8.41881e-06 -1.67731e-05 -0.000305399 -0.0204047 -0.0323289 0 -0.0419543 0.000414513 0 -0.0501263 -0.0108762 0 0.0122602 0.0194826 -0.00944071 0.0026795 0.0117797 0 -0.00970199 -0.00592274 0 0 0 0 -0.000644886 0.0095324 0.00288474 -0.0166008 -0.000791172 -0.0126068 -0.0209353 0.0172702 0.00114428 0 -0.00453333 0 -0.00944445 0.00761608 -0.00698646 0 0 0.00410781 0 0.00149559 -0.0278571 0.000763497 0.000949097 0.00597233 0.000421412 0 0 0 0.00108167 0.0022976 0.00603123 0 -0.00852879 0.0047668 -0.0129559 0 0.00375983 0.000760512 0.00192642 0 0 0.0185186 0.00161934 0.0173037 0 0 -0.0128684 0 -0.00928894 0 0 0 -0.00257485 -0.0204072 0 0 -0.000574063 0.000728201 0.000423283 -0.00879469 -0.0590036 -0.0190834 0 0.000830062 -0.0419891 0.00665028 0.0022964 -0.000949035 0.000779604 0 0 -0.0181913 0 0 0 0 0 0 -0.0174299 0.00093655 0 0 0 0 0.00508461 0.000579162 0.000757501 0 0 0 0 0.00128583 0 0 0.00351534 0.000172137 0.00216422 0.0106939 0.017079 -0.0274229 0 -0.000297256 0 0 0.0280185 -0.000557241 0 0 0.0088372 0.0229823 -0.00769324 0 -0.0105018 -0.0070043 -0.00952256 0 0 0 -0.00176311 -0.00186828 0 -0.00393494 0 0 0 0 -0.0309657 0.00478769 0 -0.000249475 0 0 0 0.00138153 0.00177599 -0.00226555 -9.93421e-06 0.00679066 0 0 0.00503554 0 0.0248518 0.00247117 0 0.00135157 -0.0102937 0 0 0.000161446 0.000976609 -0.00526612 0 0 -0.0128517 -1.26648e-05 0 0 0.010636 -1.53167e-05 0 0 -0.00151078 0 0.00556328 0 0 -0.0141884 0 0 0 0 -0.00239041 0 0 0 0 0 0 0 0 0.00701506 0.00081446 0 0 0 0 0
-0.0654807 0.866431 0 -0.0529983 0 0 -0.00241943 -0.00601519 -0.0037684 0 -0.0499152 0.00139345 0 -0.0620298 -0.00461581 0 0.0155352 0.0305842 -0.0246554 0.00514765 0.00358349 0 -0.0374411 -0.0205729 0 0 0 0 -0.00954597 0 0.00873386 -0.0294498 -0.0173477 -0.0242722 -0.0173471 0.00928144 0.00426739 0 -0.0139898 0 -0.0229302 0.00660802 -0.00539212 0.00673892 0.000496803 0.00321133 0.000971341 0.000591399 -0.0384705 0.00422367 0 0.0216196 0 0.00204252 0 0.003944 0 0.0025067 0.00917502 0.000661241 0 0.00210485 -0.0172959 0.000421409 0.0079542 0.0032596 0.000589144 0 0 0.0116656 0.00536996 0.0112416 0 0 -0.0228727 0 0 0 0.000253129 0.00255959 -0.0172682 -0.00581578 0 2.66425e-05 -0.00917677 0 0.00867685 -0.00202129 -0.0317271 -0.0391788 0.000848605 0.000185143 -0.00805534 0.00312132 0 0 0 -0.00240421 0 -0.00278195 6.95078e-05 0 0.00964848 0 0 0 -0.0232132 0.00430948 0 0.00126441 0 0 0.00114652 0 0.00152805 0 0 0.0126103 0.000464949 0 0 0 0.00709405 0 0 0.00484033 0.0206312 -0.00519841 0 0 0 0 0.0230875 0 0 0 0.00131752 0.0224774 -0.0167324 0 -0.0191447 -0.00783482 -0.0212207 0.00292751 0 0.000340428 0 -0.0306411 3.45338e-05 -0.0027357 0.000729508 0.00235897 0 0 -0.00336216 1.39735e-05 0 0 0 0.0114009 0.000741275 3.2662e-06 0 0 0 0.00469721 0.000960348 0 0.00304252 0 0.0096906 0.00227631 0 0.0195032 -0.00818867 0.00195858 0 0 0.0133913 -0.0121437 0 0.000141234 -0.00213998 0 0 0 0.00885016 0 -0.000743993 0 -0.00089248 0 0 0.00532211 0 -0.00466439 0.000135636 0 0 0 -0.000591289 0 0.00994852 0 0.000121991 0 -0.0030549 0 0 0.0140309 0.000478341 0 0 0 0 0
-9.9071e-06 0 0.913189 0 -0.0205678 -0.0399715 0 0 0 -0.0566529 0 -0.00286535 -0.00581654 0 0 0 -0.000238196 -0.000442453 -0.000774498 -0.000925728 0.00181963 0.00304881 0 0 0.0050883 0 0 0 0 0.00953664 -0.000700332 0 0 -0.000350266 0 -0.00381205 -0.00800307 -0.0343268 -0.0068127 -0.00355652 0 0 0 0.00411487 -0.00775679 -0.00137191 -0.000781865 0 0 -0.00592126 0 -0.000148626 0 -0.00782122 -0.00150302 -0.00705733 0 -0.0113358 0.0245495 -0.0114526 -0.0116718 0 -0.00479784 -0.00573232 0.0125868 -0.00305814 -0.00398793 0 -0.000163731 0 -0.00840611 -0.00186082 0 0 0 -0.000671229 -0.00863879 0.000180236 -0.0110274 -0.0104748 0.000221284 -0.0102023 -0.0249344 -0.00210542 0 0 -0.00393604 0 0 0 -0.0160888 -0.00043318 0 -0.00124336 0 0 0 0 0 0 -0.00559 0 0.00035045 -0.00178537 -0.010906 0.000660352 -0.00126466 0 0 -0.00324358 -0.00742007 -0.00910078 0 0 -0.000292231 -0.000403377 0 -0.00506614 -0.00885156 0.0113641 -0.00358302 -0.00266589 0 -0.000580585 -8.48101e-05 0 -0.00260246 -0.00223274 -0.00385492 0.00115834 0.0044165 0 0 0 -0.0177936 -0.00134024 0.0110215 0.00926933 0 -0.00767081 0 -0.00103279 -0.00133766 -0.00722971 -0.0050876 -0.000291888 -0.0130067 0 -0.00651838 0 -0.000389632 -0.00349832 0 -0.0100072 0.000528571 0.0126224 -0.0215048 -0.0102796 -0.00467447 -0.00181459 -0.0024005 0.0141834 0 -0.0161737 -0.0205451 -0.000596882 -0.00772713 0 -0.00127858 -0.00647963 0 -6.04703e-05 -0.00890518 0 0 -0.00436371 -0.00114338 0 -0.0024223 0 -0.00315052 -0.0161441 -0.0126642 -0.0276539 -0.00104292 0 -0.000245793 -0.0150114 0 -0.00200302 0 0 0 -0.00470494 0.00994724 -0.0192417 -0.000608587 -8.98539e-05 0 0 9.20618e-05 0.00199228 0 0 0 -0.000782449 0 -0.00165179 0 1.03141e-07 0.0106469 -0.000180049 -0.00148324 0 0 0
-0.0445144 -0.0529983 0 0.914148 -0.0044617 0.000559207 0 -0.0152435 -0.00686723 -2.79712e-05 -0.0675795 0 0.00191321 -0.0299389 -0.0243223 0 0.00347544 0.0160165 -0.00434932 0.00501591 0.00881984 0 0 -0.00832436 0 0 0 3.09119e-05 0 0.00626657 0.00186259 -0.0202208 0 -0.00302385 -0.0129002 0.00302102 0 0 -4.00776e-05 0.00698205 0 0.00238133 0 0 0 0.0053185 0.000407729 0.0227611 -0.0141626 0.00647259 0.00383908 0.00358023 0.00439962 0 0 0.00456278 0.00460547 0.0016335 0.00154337 0 -0.0133493 0.00495275 -0.0191373 0 2.14053e-05 0.00260133 0.00224587 0 0.00185964 0.00255946 0.0142363 0.0144241 0 0.000143498 -0.00791734 0 0 0 0 0 -0.000321818 -3.63758e-05 0 0 -0.000500991 0.00428184 0 0 -0.0411995 -0.01204 9.14706e-05 0.00304623 -0.0210221 0.000238249 0.0022983 0 0.0150015 0 0.000342819 -0.00576476 0 0 0 0.00324316 0.000457893 0 -3.73583e-05 0.0023694 0.000997168 0 0 0 0.00884038 0.00710721 0.00346598 0 0 0.000701064 0 1.52282e-05 0.00062334 0 0.00622003 0.00622338 0.00316263 0.000243325 0.00576979 -0.0170965 0.000502759 -0.00151173 0 0 0.0219065 -0.00275152 0 0.000855785 0 0.0108138 -0.000297462 0 -0.0124578 -0.00138016 0 0 -0.0126021 0.00233421 0 -0.00589704 0 -0.00762809 0.00769587 0 0.00215399 0 -0.00826046 0 0 -0.0125855 0 0 0 0.0130372 0.00984716 -0.00791557 0 0.000689836 0 0 0.00969042 0 0.0155831 5.08912e-05 0 0.00364822 -0.00568901 0 0.000215157 0.00422007 0 -0.00649321 0.000835528 0 0 -2.89211e-05 0 0 0.00589404 0 0 0 -0.00321194 0 0.0118923 0 -0.00124137 -0.014543 0.000125179 0 0.000875144 0 -0.00718341 -0.00184143 0 0 0 0.00144938 0 0 0.0016337 0.00435332 1.96181e-05 -0.000407938 0 0 0 0
-8.41881e-06 0 -0.0205678 -0.0044617 0.894209 -0.033362 0.00507352 0 -0.00208219 -0.015281 0 -0.0203588 -0.00895129 0.000403997 0 0 0 -0.00135121 0.00112122 -0.00147736 0.0106396 0.0042669 0 0.00592342 0.00948379 -0.00195276 -0.000398021 -0.000849715 0.00112434 0.0125376 -0.000655465 0 0.000928469 0 0 -0.0441593 -0.0229847 -0.0102071 -0.00266883 -0.0125038 0 0 0.0102382 -0.00152602 -0.0238672 -0.00120523 -0.000152592 0.0392336 0 -0.031123 0.00753553 -0.0100483 0.0175954 -0.00598983 -0.000753488 -0.00341237 0 -0.010937 0.00982601 -0.00602775 -0.0421196 0 0 -0.0127218 0.0189332 -0.00529891 -0.0114828 -0.00125917 0 -0.00193732 0 -0.00139161 0.000148322 0 0.00370016 0 -0.0344059 0.00578373 -0.0172975 -0.0144745 0.00732192 -0.0119908 -0.00861111 -0.0134637 0.00143676 0.0130204 -0.00898672 0 0 0 -0.0202051 0 0 -0.00783016 0 0.00532069 0 0.00968145 0 -0.000342382 -0.0158436 0.000957045 0.00185927 0 -0.010032 0.000894895 0 -0.000427046 0 -0.00641002 -0.0119227 -0.0134304 0 0.0197613 -0.000918762 -0.000911796 0.00727013 -0.0056472 -0.00630611 0.0117811 -0.001996 -0.00933149 0 0 0 -0.00355288 -0.00329335 -0.00839218 -0.0107221 0.00100268 0.019171 0 -0.0021525 -0.00248143 -0.0213686 -0.00051241 0.0197095 0.00132087 0 -0.0179384 0 0 0 0.00310167 -0.0144617 -0.000524891 -0.0333041 0 -0.0107578 0 -0.00131999 -0.00728316 0 -0.0142351 0.00166093 0.0271949 -0.017322 -0.0206693 -0.0333227 -0.00465002 -0.00217609 0.0227704 0 -0.0221253 -0.119087 -0.00438778 -0.0171406 -0.00319178 -0.00335513 -0.022621 0.00417187 -0.00353941 -0.015636 0 -0.00366147 0.00326115 -0.00183426 0.0181416 -0.00307535 0.0013447 -0.00393987 -0.00621893 -0.00988611 -0.0154167 -0.0144799 0.00632176 -0.00340145 -0.0300559 0.0033814 -0.038069 0 0.00328633 0 -0.00977137 0.0125871 -0.0184069 0 -0.0023514 0 0 0 0.00436611 0 -0.00143462 0.00218197 -0.000195819 0.0114576 -0.00456528 0 -0.00361291 0.00832645 -0.0106461 -0.00450699 -0.000188916 0 0
-1.67731e-05 0 -0.0399715 0.000559207 -0.033362 0.889579 -0.000617322 0 0 -0.0266871 0 0.00154308 -0.0087258 0 0.00404253 0.0111961 -0.00294323 -0.00301285 0 -0.00859339 0.00204388 0.00162688 -0.00134414 0 0.0177972 0 -0.000211053 -0.00189096 0 0 -0.00294983 0 0 0 -0.000497397 -0.0387912 0 -0.00208607 -0.0146072 -0.00586206 -0.000921865 -0.00152046 0 -0.00841529 -0.013595 -0.00567925 -0.00658624 -0.005988 0 -5.81336e-05 -0.00195939 -0.00305402 0.0066044 -0.00825763 -0.00435894 -0.024095 -0.00543529 -0.0359916 0.00753099 -3.14307e-05 -0.011078 -0.00380698 0 -0.00240752 0.00651155 -0.00731976 -0.00753214 -0.00697657 -0.00338136 -0.000854759 -0.004296 -0.0037946 0 -0.000702502 -2.77307e-06 -0.00105402 -0.0341526 0 -0.00505412 -0.00224505 0.00138615 -0.00718277 -0.00324505 -0.00850398 0 -0.00303084 -4.99642e-05 -0.000864175 0 0 -0.0160426 -0.00370719 0 -0.00172696 -0.00371205 0 -0.00249548 0 -0.00254045 0 -0.0116594 -0.00134995 -0.00264726 -0.0064035 -0.00663814 0 -0.00198695 -0.00375388 -0.000144751 -0.00231522 -0.0072561 -0.076549 -0.00624058 -0.00573796 -0.00379394 -0.00604712 0 -0.00671371 -0.00374907 0.00355631 -0.00508449 -0.00163227 -0.00794163 -0.00621927 -0.00261726 -0.00356806 -0.00926758 -0.00078252 -0.0210878 0.00556266 0.0029219 0 0 0.00357943 -0.0127238 -0.00379117 0.00873199 0.00207214 0 -0.001672 0 0.000619079 -0.00218666 -0.00166806 -0.00186592 -0.00413641 -0.0240705 -0.000763911 -0.0111325 0.00334789 -0.00189021 -0.00293074 -0.00230849 -0.0042504 0.0105692 0.00815524 -0.00587548 -0.00421482 -0.0044175 -0.00205544 -0.00240234 0.0028923 -0.00430301 -0.00692513 -0.0206114 0 -0.00822179 0 -0.00163359 -0.00816395 0 -0.00112943 -0.0101941 -0.00397343 0.0037175 -0.00106556 -0.0106473 -0.00432997 -0.000952823 -0.000214187 -0.0161501 -0.00409739 -0.00951433 -0.0143876 -0.00440477 0.00197005 -0.00155065 -0.0243018 0 -0.00268427 0.00566118 0 -0.0029747 -0.00654131 0.0124913 -0.0103698 -0.0056959 -0.00201042 -0.0023344 0 0.00758678 0.0149665 -0.00118286 0 0 -0.00330956 0 0 -0.00144396 0 0.00467676 0 0 0 0 0
-0.000305399 -0.00241943 0 0 0.00507352 -0.000617322 0.720325 -0.00220313 0 -0.0012112 0 0.00438052 -0.00178456 0 0 0.0391837 0.0135265 0.0226243 -0.0134892 -0.0141787 0 0.00565811 -0.00378998 -0.00403003 0.0644783 0 0.00268304 1.86146e-05 0 -0.00576632 0 0 -0.0378532 -0.00826985 -0.0028045 -0.00123032 0.00796647 0.000631182 -0.00226233 -0.00285567 -0.00601416 -0.0183985 -0.0130073 0.000472222 0 -0.00552936 0.00152506 -0.00870962 -0.0169261 0.00312499 -0.00782355 0 -0.0115224 0.015131 -0.000289899 -0.00521538 -0.0118945 -0.00384698 0 0.000462648 0.00227985 -0.00387402 -0.0112582 0 0 -0.0139861 0.00703199 -0.00330946 -0.00937202 0.00173221 0 0.0128921 -0.00271514 -0.00124257 -0.00457728 -0.00137568 0.00666468 -0.00428665 0 0.000128464 -0.00205098 0 0 0 -0.00895553 -0.00630581 0.000504802 -0.00479254 0 -0.00159817 0.00146151 -0.00442957 0 0 -0.00294005 -0.0042793 4.29699e-05 -0.00221291 -0.00444382 0.00145059 -0.000691502 -0.00419085 0.00109976 -0.0111633 -0.00988482 0 -0.0200992 -0.00467097 0 0 0 0.0170579 -0.00873913 -0.00748459 -0.00567523 0.0236606 -0.00235315 -0.00252632 0.00170981 0 -0.00434025 0 -0.00732679 -0.00824985 -0.00491539 0 4.98117e-05 0 -0.00395947 0.00906248 0 0 0.00571079 0.00646594 -0.000121206 -0.00307155 0.0144832 0.0104662 -0.00247639 0 0 0 -0.0161032 0 0.00282627 -0.000853653 0 -0.0067236 0 0.00231994 0 0.000352137 -0.00385072 -0.00771418 -0.00702496 0 0 0 -0.00306843 0.0024108 0 -0.00818011 -0.00111668 0.00161871 0.00253128 0.0012107 -0.00025094 0.00862649 0.00919389 -0.000907365 -0.000253718 0.000674368 0 -0.00891949 0.00529094 0.000784183 0 -0.0076657 0.00513529 -0.00654843 -0.00412799 0.000771618 -0.00243963 0 -0.00112403 0 0 0 -0.00122806 0 0 0 -0.00146153 0.0129151 0.00281281 0.0148656 -0.000503195 -0.000360933 -0.00290627 0 0.00768076 0.00387325 0 0.00394134 0 -0.0149231 -0.00679192 0 -0.0161106 0.00250694 0 0 0.000977432 0.000141126 0 0
-0.0204047 -0.00601519 0 -0.0152435 0 0 -0.00220313 0.891627 -0.0457553 0 -0.0263281 0.00564733 0 -0.0168027 -0.0171721 -0.00337625 0 0.00482388 -0.0254416 0 4.42768e-05 0 -0.0139904 -0.00935904 0 0 0 0 0 0 0 -0.00260365 -0.00345206 -0.0258166 -0.000674879 0.0157551 0.00031045 0 0 0.000205407 -0.0037218 0 -0.00824967 0.00046857 0 0 0 0 -0.013584 0.000378232 0 0 -0.00289102 0 0 0 0 0 0 0 0.00039625 0 -0.00366962 0 0 0.00397522 0 0 -0.000312642 0.0127913 0 0.00208498 -0.00660475 0 -0.025473 -0.000521757 0 0 0 0 -0.00283241 -0.00835393 0 0 -0.01342 0 0 -0.00684191 -0.00616775 -0.00296299 0 0 -0.00739923 0.0125591 0 -0.00195644 0 -0.000371631 0 0 0 -0.00134848 0.00416609 -0.00140367 0 0 -0.0298209 0.0101101 0 0.000417387 0 0 1.48984e-05 0 0 0 -2.97584e-06 0.000691844 0 0 -4.82057e-05 0 0 -0.00196251 0 0.00785655 0.00116119 -0.0226288 0 0 0 0 0.0214001 9.55838e-06 0 0 0 0.0166905 -0.000666855 0 -0.0235601 -0.00966639 -0.013596 0 0.000991939 0 0 -0.0171215 0 -0.00872479 0 0 0 0 -0.00790372 0 0 -7.50146e-06 7.02615e-06 2.04624e-05 0 -0.000422499 0 0 0 0.0188217 0 0.0102023 0 0 0 0.0245353 0 -0.00014719 -0.00793016 0 0 0 0.00616125 -0.0330664 0 0 0 0 0 0 0.0323568 0 0 0 0 0 0 0 0.000161952 0 0 0 0 0 0 0 0 0.000960314 0 0 -0.0043882 0 0 0.00830798 0 1.19001e-05 2.58422e-05 0 0 0
-0.0323289 -0.0037684 0 -0.00686723 -0.00208219 0 0 -0.0457553 0.740064 0 -0.0405221 0.0209057 -0.00753668 -0.0144531 0 0 0 0.0031889 -0.0341478 0.0179242 0.00100799 0 -0.0406204 -0.00241625 0 0 -0.0419186 -0.0115894 -0.00835203 0 0 -0.00518442 4.3205e-06 -0.00539501 -0.0767361 0.000130584 -0.0129191 0 0.0128886 0.00508318 -0.00206128 0.0123817 -0.0378084 0 -0.000101234 0.0242397 0 0.000706993 -0.00151091 0 4.5321e-06 0.000749233 0.00497268 0 0 0.00048641 0.000120142 0.00186288 0.00682476 0 0 0.000826595 0 0 0.00941249 0 0.000144122 0 0 0.00371603 0.0079245 -0.00868613 0 0 -0.00233996 0 -0.000300504 0 0 0 0 -0.0281732 0 0 0 0 0 -0.0369881 -0.00494869 -0.000999573 0 -0.00912493 -0.0445345 0.00305547 0.00798632 -0.0018508 -0.00759269 0 0 -0.00066763 0 -0.00194709 0 -0.000103614 0 0 -0.0264749 0.00256888 -0.00743053 0 0 0 0.0313206 0.00399826 0 -0.00803357 0 0 -0.00174899 0.00357339 0 -0.00436043 0.00098105 0 0.000258057 0.00613942 0.00020632 -0.153465 0 0 0 0 0.00593122 0 0 0 0.012578 0.0365729 0 0 -0.0104943 -0.000450452 -0.0230111 0 0 0 0 -0.0241006 0 -4.72444e-05 0 -0.00014286 0 0.00342928 -0.000314183 0.00670812 -0.000213734 -0.0210177 0.0147118 0 -0.00118009 0 0.0114467 -0.000791755 -0.000973175 0.000277896 0 0.000591391 -0.000107784 0 0.00167846 0.0116739 -0.0061041 0 -0.00437147 0 -0.00712735 0.00113504 0 -0.0178343 0 0 0 -0.00194215 0 0 0.0160423 -0.000794423 0 0 0 0.00594563 6.97921e-05 0 0 0 0.00651647 0.0110075 0 0 -0.0111492 0 0 -4.49885e-05 0 0.00291815 0 -7.63255e-05 0 0 0.00237739 0 0 0 0 0
0 0 -0.0566529 -2.79712e-05 -0.015281 -0.0266871 -0.0012112 0 0 0.867631 0 -0.0222181 -0.0029741 0 0 0 -0.000667884 -0.00241732 0 -0.00498639 0.00224652 0.00447258 0.0221076 0 0.00191173 0 0 0 0.00546585 0.0229675 -0.0013937 0 0.00601507 0 0 0.00413696 -0.00375134 -0.00694929 -0.0124463 -0.00161466 -0.00405161 0 0 -0.000820487 -0.00929416 -0.00474595 0 -0.00186902 0 -0.00637958 -0.000833972 -0.000859707 -0.00256414 -0.00582104 -0.0166023 -0.00430532 -0.000759661 -0.0113132 0.0154991 -0.0014852 -0.0293892 -0.00428521 -0.0161047 -0.013408 0.0114836 -0.00519069 -0.00762495 0 -0.000653353 0 0 0.00144404 0 0 0 -0.00108279 -0.0130875 0 -0.0122315 -0.00423402 0 -0.00576356 -0.00994181 -0.00190526 0 -0.000160948 -0.00157765 -0.000370817 0 0 -0.00270589 -0.00312441 0 -0.00254521 -0.000927053 0 -0.000395905 0 -9.83168e-05 0 -0.0358991 -0.000547494 -0.00178697 -0.00437256 -0.00705905 0 0 -0.00106116 0 -0.00313855 -0.0016265 -0.00472967 -0.00263402 -0.00184852 -0.00363742 -0.000419761 0 -0.00489043 -0.00263874 0.00566786 -0.0119997 -0.0108879 -0.00258987 -0.00321823 -0.00354462 -0.000663582 -0.0016446 -0.000251202 -0.00674862 0.00116499 0.00694504 0 0 0.000703586 -0.0223563 -0.00655586 0.00811496 0.0044121 0 -0.0174939 0.003992 0 -0.00242038 -0.00664601 -0.0229076 -0.00712278 -0.0182439 0 -0.00966031 -3.21804e-05 -0.0017007 -0.00171803 -0.00112055 -0.00460337 0.00529332 0.0166608 -0.0160691 -0.0128515 -0.0125023 -0.00390538 -0.0050303 0 -0.000600066 -0.00513856 -0.020982 -0.00609522 -0.0124308 -0.00239491 0 -0.0200303 0 -0.0022994 -0.00409938 -0.00159535 0 -0.0028748 -0.000825901 0.00547755 -0.00436952 0 -0.0116339 -0.00673685 -0.0130552 -0.0454478 -0.006985 0.0062878 -0.00279419 -0.0219233 0 -0.000770715 3.07556e-05 0 0 -0.00328488 0.00380717 -0.0311382 -0.00736249 0 -0.00106795 -5.94701e-06 0.00190018 0.00337822 -0.00738827 0 0 -0.002939 0 0 0 0 0.00614898 -0.00921565 -0.00514885 0 0 0
-0.0419543 -0.0499152 0 -0.0675795 0 0 0 -0.0263281 -0.0405221 0 0.882908 0 0 -0.0247074 -0.000135534 -0.00108179 0.00111403 0.0199571 -0.0195076 0.000942124 0.00585262 0 -0.0164322 -0.00410187 0 0 0 0 0 0 0 -0.0184166 0 -0.00293944 -0.00796339 0.007848 0 0 -0.000235504 0 -0.0130743 0.00693325 -0.00617438 0.000240719 0 0 0 0.00178524 -0.0247225 0 0.00232277 0.00454772 0.000127247 0 0 0.00625522 7.41789e-05 0.0056585 0.0109897 0 -0.000758985 0.0025727 -0.011652 -0.00162574 0.00234043 0.00738113 0.000411102 0 0 0.00212647 0 0.0145387 0 0.000786866 -0.00208739 0 0 0 0 0 -0.0119354 -0.00836848 0 0 -0.00192126 0 0.00158697 -0.0125097 -0.0291652 -0.0155117 0 0 -0.0172352 0.00101003 0.000115169 -0.000221959 0 -0.00892979 0 -0.0106402 9.31217e-05 0 0 0 0 0 -0.00431505 0.00133378 0 0 0 0 0.00706703 5.41461e-06 0.00180305 0 0 0 0 0.00122535 0 0 0.00192221 0 0 0.00184474 0.00761226 -0.0216628 0 -0.000669537 0 0 0.0126253 -0.000268964 0 0 0.0142581 0.0218185 -0.0202323 0 -0.0155943 -0.00314437 -0.00144704 0 0 0 0 -0.0207634 0 -0.0116599 0 0 0 0 -0.00419189 0.0105104 0 0 0 0 0 0.00044735 0.00198377 0 0 0 0 0 3.36064e-05 0 0.00508772 0.000221066 0 0.00024812 -0.00610246 0 0 0 0 -0.017007 0 0 0 0 0 0 0.0102828 0 0 0 -0.000578661 0 0.001388 0.000545551 0 -0.000248793 0.00236681 0 0 0.0027948 -0.00581356 0 0.000759984 0 0 0 0 0 0 0.00158083 0.00809934 0 0 0 0 0
0.000414513 0.00139345 -0.00286535 0 -0.0203588 0.00154308 0.00438052 0.00564733 0.0209057 -0.0222181 0 0.720581 0.0230998 0.000548464 -0.0277535 0 0.00112229 0 0.0138555 0.00184186 0 0.00211455 0.0197288 0.00440664 -0.00286224 0 0.0328549 0.00168938 0.000250519 0.0100948 0.00295781 0.113188 0.0282395 0.00400296 0.0386093 0 -0.038764 -0.00120188 0.00296048 -0.0457997 0.00170021 0.00806282 0.0128847 -0.00725463 0 0 0.011772 0.00662761 0.0153082 -0.0303947 0.00559819 0.0107897 0.00421356 0 0.00023406 0.00172131 0.00201341 0 0.00245087 0 -0.0118911 0 -0.0181198 -0.0550431 0 -0.028759 -0.0206322 0.0140824 0.00201079 -0.000970584 0 -1.01832e-05 0.019049 0.00923447 0.0380949 0.00134731 -0.00381465 0.000835089 -0.00595216 -0.000855335 0.00420169 0.0248269 -0.00241449 0 0 0.00443607 -0.00392881 0.00765358 0.00280356 0.00755874 -0.00656768 0.022005 0.000106323 -0.0289291 0.0076873 0.0387125 0.0302872 0.0060294 0.0395494 0 -0.00268802 0.00647643 -0.00303356 0.024627 -0.036214 0 0.00773789 -3.76595e-05 0.00636576 -0.000378499 0 -4.30456e-06 0.00426751 0.00747415 0.00184098 0.013668 0.00668788 0 0 0 0.000909892 0 0.00436308 0.00311002 0.00234329 -0.00165705 0 0.00108065 0.0143092 -0.000753992 0.00184197 0.0219375 -0.00518227 -0.00225259 0 0.00193382 0 -0.00453008 0.00104211 -0.0172765 0 0 0.00216405 -0.00577803 -0.017632 0.00090804 0 0.0254464 0 -0.00121488 0 -0.0064768 0.00148749 0 0.0190059 0.0011804 -0.00015425 0 -0.0206523 -0.00363352 -0.00520567 0.00888914 0.00201612 0 -0.0107349 -0.0499605 -0.0470905 -0.00452492 0.0108226 -0.00229491 0.00415302 -0.0168284 0 0.00459478 -0.00141747 -0.00184584 0.000834009 0.0107004 -0.00564439 0.0120758 0.00881269 0 0 0 -0.00541975 -0.000267994 -0.0184535 0 0.00108694 -0.0050565 -0.00187244 0.00361962 0.00193846 0 0 -4.16992e-06 0.00120876 -0.00250995 0.000977717 0 -0.000967183 -0.000213223 0 0 -0.000279824 0.000390537 0.00629574 -4.86907e-05 0.00316091 -0.00386855 0 -0.00671733 -0.0058484 -0.000263348 0 0
0 0 -0.00581654 0.00191321 -0.00895129 -0.0087258 -0.00178456 0 -0.00753668 -0.0029741 0 0.0230998 0.897896 0 0.010069 0 -0.0355834 -0.0290338 -0.00227179 0.00861517 0.00403132 0.002164 -0.0332957 0 0.00904759 -0.023238 -0.0311485 -0.00641031 0 -0.00179426 -0.0270689 0 -5.05766e-05 0 -0.0115136 -0.00389106 -0.00392738 -0.00695668 -0.00524673 -0.00294385 -0.00199315 -0.000936182 -0.00456195 -0.00463238 -0.00328448 -0.0188993 -0.0305049 -0.00954361 -0.00400223 -0.00405926 -0.00643316 -0.0158257 -0.00332346 -0.00257933 -0.00117239 -0.00991123 -0.00791078 -0.00728374 0.0215504 0 -0.00278544 -0.000146378 0 0 0.0118074 -0.00848773 -0.0154932 0 -0.00580905 0 0 -0.0394445 -0.00105821 -0.00397514 -0.00126334 -0.00335072 -0.00391439 0 -0.0020465 -0.00895526 0.00238725 -0.0363725 0 -0.0022554 0.00145559 -0.00559403 -1.46866e-05 -0.00294833 0 0.00100386 -0.00992058 -0.0101425 0.000893557 -0.000888327 -0.00472519 -0.00155112 -0.0175709 -0.000462899 -0.0267283 0 -0.00949974 -0.00170525 -0.00586238 -0.0105749 -0.0060416 0 -0.00670492 0.00277029 -0.0135441 -0.0116631 -0.00139502 -0.00516513 -0.00963798 -0.00710257 -0.0113843 -0.0202414 0 -0.0232406 -0.0244492 0.00951765 -0.00669582 -0.00121676 -0.00846098 -0.00944619 -0.00787929 -0.00221361 -0.0286443 0 -0.00895591 0.00468454 0.00523601 0 0.00844198 0.005512 -0.00366436 -0.0039457 0.0138913 0.0166352 -0.000851975 -0.00787389 -0.000217013 0.00039628 -0.00744559 -0.0021769 -0.00142809 -0.00393194 -4.47586e-05 -0.0134026 -0.00280775 0.0014822 -0.0203303 -0.00298342 -0.00672215 -0.00816764 0.00650779 0.0158776 -0.00772764 -0.0118129 0.00767871 -0.00341516 -0.0139684 -0.0159902 -0.0163737 -0.00523569 -0.010305 -2.36853e-06 0.000687717 0 -0.00527571 -0.00629627 -0.00021381 0 -0.0106702 -0.00563627 0.00566989 -0.00156467 -0.00374795 -0.0203172 -0.00478442 -0.000974628 -0.00570367 -0.00899286 -0.00321097 -0.0145902 -0.00326239 0.00131235 -0.00127938 -0.00643429 -0.000802804 0 0.00332228 0 -0.00421083 -0.00677577 0.00688512 -0.0131016 -0.00386475 -0.00119383 -0.002178 0 0.00603893 0.00949753 -0.00011962 -3.75787e-05 0 -0.0044784 -0.00102639 -0.00137068 -0.0055329 0 0.00971031 0 0 0 0 0
-0.0501263 -0.0620298 0 -0.0299389 0.000403997 0 0 -0.0168027 -0.0144531 0 -0.0247074 0.000548464 0 0.882138 -0.00942762 0 0.00531424 0.0100624 -0.029878 0.000905551 0 -0.000181225 -0.0148403 -0.0159288 0 0 0 0 0 0.000198718 0.00371375 -0.00514347 -0.000758074 -0.0026319 -0.0185793 0.00415844 0.00757824 0 0 0.0136 -0.00781346 0.00673007 -0.00044333 0 0.000289846 0.00918066 0 0.000977048 -0.0131457 0.00419921 0.00125483 0.000932125 0.0016462 0 0 0.00336959 0.000500883 0.0204451 1.28224e-05 0 0 0.00887022 -0.0166606 8.27808e-05 0.00422903 0.00736371 0.00090454 0 0 0 0 0.00787907 0 0 -0.0504423 0 0 0 0 0.00251628 -0.00118406 0 0 0.00828527 -0.00226471 2.60104e-05 0.0048873 0 -0.0178559 -0.0275834 0.000276182 0.000625669 -0.0183744 0.0175254 0.00186802 0 0.000295657 0 0 -0.00308181 0 0 0.00363423 0 0 0 -0.00299675 0.00255425 0 0 0 0 0.00167431 0.000348414 0.00142355 0 0 0.000815398 0.00557352 0 0 0 0.00368481 0.00014944 0.000900784 0.000299534 0.0125745 -0.0228994 0 0 0 0 0.00422923 0 0 2.48375e-05 0 0.0175369 -0.0108154 0.000263967 -0.0015532 -0.00274146 -0.00981085 0 0 0 0 -0.00743101 0 -0.00306505 0.000313617 0 0.000373658 0 -0.00708969 1.36963e-05 0 0 0.00110354 0.0014581 0 0.000370677 0.00458178 0 0 0.0102413 0.000773306 0.00381133 0.00136452 0 0.0123994 0.0111097 0 0.00140962 -0.011986 0 0.000149073 0.00055433 0.0021312 -0.0263078 0.0012815 0 -1.22806e-05 0 0 0 0.0178596 0 0 0 -0.000662521 0 0 0.00332992 0 -0.00949026 0 0 0 0 -0.000909425 0 0.00106684 0 0 0 0 0 0 0.00279018 0 0 0 0 0 0
-0.0108762 -0.00461581 0 -0.0243223 0 0.00404253 0 -0.0171721 0 0 -0.000135534 -0.0277535 0.010069 -0.00942762 0.774335 -0.0017632 0.0180107 0.0194747 -0.00399192 0.00508865 0 0 0.00946162 -0.0243459 -0.00804672 0.000385779 0.0220705 0.0195091 0 0.00189174 0.00948838 0 0 -0.0315222 0.0776677 0.0223721 0.0027612 0 0 0.00711239 -2.48718e-05 0.00220733 -0.0206098 -0.0133066 0.00982774 0.00222713 0.0269124 0.00335238 -0.00886572 0.00792658 0.00143398 0.00444931 0 0 0 0.00283895 0.00449708 0.00324175 0.00243948 0 -0.00717312 0.00248245 -0.0119745 0 0 0.0012566 0.00509016 0 0.0109558 0.00799112 0 0.041515 0 0 0 0 0 0 0 8.52562e-05 -0.0311049 0 -0.00272767 -0.0165975 -0.025182 0.00459669 0.000114786 0 -0.000143704 -0.023296 0 0.00143087 -0.0158402 0 0.000826202 -2.83308e-05 0.0241901 -0.0115981 0.00624267 -0.00837666 0 0 0 -0.00499028 0 0.00207242 -0.0145745 0.00442168 0.0188461 0 0 0.000902714 0.0134627 0.0029496 0.0116618 0.000951577 0 0.0038776 0 0.0177707 0 0 0.00685698 0.000710295 0.00282454 0.0024593 0.02357 -0.000195849 -0.000239879 -0.0149793 0 0.00988102 0.00715928 -0.00300258 0 0 0.020998 0.0202775 -0.0138988 -0.0188259 -0.0266084 -0.0114928 -0.0265402 0 0 0.000172233 0 0 0 -0.0185214 0.00192116 0 0.004335 0 -0.0108466 0 0 0 0 0 -7.19115e-06 0.00261907 0.00305066 0 0 0 0 0 0.0280281 -0.0171482 0.00299689 0.00157477 0.00193288 0.00184439 -0.0156026 0 0.00877951 0.00374621 0 -0.0161129 0.00441567 0 0 -2.73087e-05 0.0010372 -0.00621913 0.0102212 0 0 0 -0.00547425 -0.00649918 0.00770686 0 -0.00229231 -0.0192334 0.0007954 0 0.000503401 0 -0.00459975 -0.00130109 0 0 -0.00425348 0.00100512 -3.20517e-05 0 0.00102145 0 1.85793e-05 0 0 0 0 0
0 0 0 0 0 0.0111961 0.0391837 -0.00337625 0 0 -0.00108179 0 0 0 -0.0017632 0.886018 0.0230633 0.0243759 -0.000859249 0 0 0 0 -0.000227774 0.00824386 0 0 0.00124328 0 0 0.00220818 0 -0.0148609 -0.00421814 0 0 0 0 0 0 0 -0.00463549 -0.0122805 0 0 0 0.00541913 0 -0.00808996 0 -0.00540856 0 -0.0371176 0 0 0 0 0.0118662 0.014566 0 0 0 0 0 0 0.00477047 0 -3.90091e-05 -0.00026292 0 0 0.0145093 0 0 0 -0.00119988 0 0 0 0 0 0 0 0 -0.0131137 -0.00718468 0 -0.00056459 0 -0.000389803 0 0 0 0 0 0 0 0 0 -0.0138096 0.00835216 0 0 -0.0044034 0 0 -0.00462353 0 0 0 0 0.00446599 0 -0.00085388 0 0 0 0 0 0 0 0 0 -0.0151172 -0.000817496 0 0.00648351 0 0 0 0 0 0 0 0 0 0 0 -0.00667501 0 0 -0.0125598 0 0 0.00185889 0 0 0 0 0 0 0 0 0 0 0.0078006 0 0 0 0 0 -0.015629 0 0 0 0 0 0 0 0 -0.00628054 0 0 0 -0.013325 0 0 0 0 0 0 0 0 0 0 -0.0135236 0.000627346 0 -0.00590399 0 -8.89126e-06 0 0 0 0 0 0 0 0 0 0 0 0 0.00648208 0 -0.000232956 -0.0174316 0 0 0 0 2.57923e-05 0 0 0 0
0.0122602 0.0155352 -0.000238196 0.00347544 0 -0.00294323 0.0135265 0 0 -0.000667884 0.00111403 0.00112229 -0.0355834 0.00531424 0.0180107 0.0230633 0.847145 -0.144632 0.00747453 0.0226295 0 0.000793672 -0.00806495 0.018852 0.000153657 -0.0433079 -0.0296498 -0.0429311 0.0156467 -0.00173232 -0.147809 0.00743116 0.00959562 0.0247022 0 0 -0.00472997 -0.00369856 -0.00608696 -0.000632461 0 -0.000268414 0 0 -0.00093389 -0.0357261 -0.0295307 -0.00842899 0.00363103 0 -0.00493225 -0.0406867 0.0142028 0.0152145 0 -0.0050573 -0.00735507 -0.00546961 0.00153352 0 1.76868e-05 -0.0220677 0.00288901 0.0362757 0.00086571 -0.00587869 -0.00951461 0.0101755 -0.00342465 0 0.0149183 -0.0587217 0 0 0 0 0 0.00969325 0 -0.00694729 0.00733387 -0.00433252 2.10217e-05 0 0.0247703 0.00392267 -0.000293264 0 0.000204569 0.0284452 -0.00424272 0.00485027 0.0187435 -0.00323578 -0.0119703 0 -0.0350403 0 -0.0501304 0.0209003 0.0035932 -0.000477864 -0.00173251 -0.00722394 0.00917316 -0.000429925 0 0.00769772 -0.0269522 -0.0117564 0 -0.00444368 -0.0186429 0.00591623 -0.00568882 -0.0517094 0.00732151 -0.0050977 -0.00927914 0 0.0028434 -0.000564646 -0.00581026 -0.00584987 -0.00444893 -0.00074907 -0.111367 0.000894762 -0.00442909 0.00258314 0.00328805 0 0.00832764 0.00472715 0 -0.00255713 0 0.000658066 0 -0.000569905 0 0.00493708 4.34483e-05 0 -0.0010041 0 0.0196115 0 -0.000489719 0.00330596 -0.000915705 0 0.00393805 0 0.00573618 0.00144323 -0.00242327 -0.00619946 0.0285133 0 -0.00226428 0.00527701 -0.0112541 -0.000239517 -7.60811e-05 0 -0.00236243 0 -0.00740157 0 -3.23828e-05 0 -0.00208304 -0.00646453 0.00721462 -0.00230968 -0.00139095 -0.00575562 -0.000836099 0 -0.00376813 -0.0139914 -0.000460445 -0.00225208 -0.0045953 0.00693096 -0.00251552 0.0059062 0 1.88296e-05 0.00489423 0.0145368 -0.00754995 -0.00520733 0.00365536 -0.00295399 -0.00051589 0 -0.00145657 0 0.0017925 0.00309087 0.0167189 0 0 -0.00115058 0 2.63129e-06 -0.00135023 0 0.000368819 0 0 0 0 0
0.0194826 0.0305842 -0.000442453 0.0160165 -0.00135121 -0.00301285 0.0226243 0.00482388 0.0031889 -0.00241732 0.0199571 0 -0.0290338 0.0100624 0.0194747 0.0243759 -0.144632 0.877875 0.0298109 -0.000580668 0 0.000409605 -0.000253766 0.0218335 0.000402855 -0.0309369 -0.0199883 -0.0391378 0.0223137 -0.00108793 -0.0811519 0.0392183 0.0313246 0.0388168 0 0.00515162 -0.0174481 -0.00114909 -0.00139944 -0.00341353 0 -0.000241889 0.0172516 -0.000382128 -0.00141583 -0.0265654 -0.0339687 -0.00805385 0.0178948 -0.00863403 -0.00286334 -0.0554758 0.0202099 2.16087e-05 0 -0.0066906 -0.00652807 -0.00692367 0 0 0 -0.0113814 0.00487543 0.0274743 -0.0017273 -0.00690385 -0.00952753 0.00535249 -0.00189898 -0.000665532 0 -0.0610771 0 0 0.00373644 0 -0.0015976 0.00821659 0 -0.00533914 0.0144524 -0.00327056 0.0122191 0 0.03008 0.00492994 -0.00134722 0.0190199 0.0022689 0.0208031 -0.00732616 -0.00597737 0.0344207 -0.00622386 -0.0125334 3.37708e-05 -0.0323891 0 -0.0215273 0.0254276 0.000728061 0 -0.00352369 -0.00498065 -0.00340103 0 0.0138412 -0.00154007 -0.0273765 -0.00556089 0 -0.00409857 -0.0108932 0.0085527 -0.0101767 -0.0210437 0.0177173 -0.00655111 -0.00742295 0 0.0093552 -0.000600395 -0.00303673 0.000229923 -0.00525523 -0.00301389 -0.110075 0.00436236 -0.00328956 0.00311733 0.00234148 0 0 0.00455046 0 -0.000689311 -4.17202e-05 0 0.00276357 -0.000346703 0.00787898 0.00514212 0 0 -0.0092222 0.00131282 0.0185383 0 -0.000463436 0.0046943 -0.00231744 0 -0.00137941 0 0.00832441 -0.00477979 -0.00167422 -0.00405241 0 0 -0.000909712 0.0078794 -0.0193113 1.55758e-05 -0.0012694 0 -0.00910168 -0.00114603 -0.0219325 0 0 -0.00182833 -0.00443789 -0.00585401 0.0166279 -0.00386466 -0.00484056 -0.00466953 -0.00409862 0.00440739 -0.00249056 -0.00686208 1.8776e-05 -0.00206852 -0.00442392 0.0128961 -0.0087373 0.00565718 0 1.90197e-05 0.00399594 0.0173087 -0.0049354 -0.00459535 0.00451303 -0.000654601 -0.00175165 0 -0.00126666 0 0.00539693 0.00380757 0 0 0 0.000118147 0.0110854 0 -0.000640286 -0.00180905 0.000126387 -0.000928079 0 0 0 0
-0.00944071 -0.0246554 -0.000774498 -0.00434932 0.00112122 0 -0.0134892 -0.0254416 -0.0341478 0 -0.0195076 0.0138555 -0.00227179 -0.029878 -0.00399192 -0.000859249 0.00747453 0.0298109 0.81062 0.00440006 0.00328321 0 -0.0248814 -0.00531008 0 0 0 -0.00600075 -0.0121947 -0.00242064 0 -0.0151407 -0.0139525 -0.0473363 -0.0144404 0 0.0119312 7.23123e-05 -0.000123849 0 -0.017775 0 -0.0511607 0.000543268 -0.000444484 -0.00234312 0 0.00813487 -0.0187581 0.00630305 -0.00493871 0.00308342 -0.0231754 0 0 -0.00499918 -0.0031229 0 0.00624993 0 0 -5.98417e-05 -0.0242586 0 0.0104285 0.00559134 -0.00122205 -0.00423662 -0.0199827 0.0100302 0 0.0168738 -0.0165223 -0.0138453 -0.0475424 -0.00360736 0 3.97794e-05 0 0 -0.0279357 -0.00551727 0 0 -0.0372342 -0.0054784 0.000175448 -0.0388693 -0.00126443 -0.0104241 0.00104828 -0.0039804 -0.0211121 0.00707995 -0.00184656 -0.00888741 -0.000140713 -0.030172 -0.00135375 -0.0124457 0 -0.0150793 0.00434694 -0.0069099 -0.00241257 0 -0.0722878 0 0 0 -0.000371102 0 0.0132767 -0.00583437 -0.00312592 0 -0.00584389 0 0 0.00817712 -0.00875587 0 -0.00536346 -0.0112086 -0.00337804 0.00511179 0.0235623 -0.0251795 -0.0192007 0.00174308 0 -0.014833 0.00830128 0.00398584 -0.00143842 -0.00278997 0.0186566 0.0328804 -0.00664759 0 -0.0343004 -0.00557034 -0.0368508 0 0.0105232 -0.000718052 0 -0.0132382 0 0.00110431 -0.000298127 0 -0.00259888 0 -0.00319079 0.00295982 -0.00441175 0 0 0.00132932 0 -0.0133594 -0.00221029 0 0 0.00650335 0 0.0116744 0 -0.000853477 0 0.0112232 0 -0.00343528 0 0.000823709 -0.00103218 -0.00485383 0.00616795 -0.0408007 -0.00275473 0 0 0 4.3071e-05 0 0.0155565 -0.00142158 -0.0029862 -0.00288762 0.00107207 0 -1.55288e-05 0.00409258 0.00282306 0 0 0 -0.00297012 0 -0.00114169 0.00269366 0 0.000845913 0 -0.00104936 -0.0215871 0 -0.00459955 0.00817733 0.00768565 0.0167963 0.00196036 0.000234465 0 0
0.0026795 0.00514765 -0.000925728 0.00501591 -0.00147736 -0.00859339 -0.0141787 0 0.0179242 -0.00498639 0.000942124 0.00184186 0.00861517 0.000905551 0.00508865 0 0.0226295 -0.000580668 0.00440006 0.835036 0.00201886 0.00212717 0.00703733 0.000194089 0.00298883 0 0.0252721 -0.000616526 -0.00133915 -0.0160908 0.00411097 0.00206302 0.0212811 -0.00212916 0 -0.00796159 0.00607065 0.0147276 0.00846645 -0.00306117 -0.00581111 -0.015443 0.00444429 -0.00672575 0.00417379 -0.0163848 0.0191019 -0.0239581 0.00471284 0 -0.0356824 -0.00270136 -0.0424195 -0.000354412 -0.00656474 -0.0208369 -0.0259005 -0.0180788 0 0.0119494 0.0109448 -0.0331024 0 -0.0215181 0.00102627 -0.0345482 -0.0235834 -0.00306969 -0.0139246 -1.49106e-05 -0.0287744 -0.00543276 -0.00311859 -0.00597069 -0.00376652 -0.000716879 0 -0.0204169 0 0.00324105 3.65562e-06 -0.00228444 -3.27848e-05 0 -0.00260993 -0.0244844 0.00102143 -0.00490453 0.0014607 0 0 -0.0327851 0.00553898 -0.00116293 -0.0132682 0.00463126 -0.00658198 -0.0056859 -0.00708149 0.0148006 -0.008774 -0.00941381 0.00202195 -0.00772844 -0.0260719 -0.0059787 -0.00832365 -0.0299501 -0.00248543 -0.00124141 -0.000124395 -0.00325185 -0.0224255 -0.0359035 -0.0339946 0 -0.0168575 -0.00687326 2.66934e-05 0 -0.0208387 -0.00265138 -0.0325692 -0.0207621 -0.0186195 -0.0110288 -0.0053233 0.00136147 -0.0173901 0.0221029 0.00124472 -0.00454592 0.00189837 0.0352465 -0.00401126 -0.00983942 0 -0.00803154 -0.0016814 -0.000227278 0.000479982 0.0171515 -0.010221 -1.49892e-06 0 -0.0259683 0 -0.01156 -0.00675947 0.0214114 -0.00725094 0 -0.0202336 -0.00203788 0.0244046 0 0 0.0159736 -0.0138392 0.00164079 -0.00051185 -0.0243105 -0.0167604 0 -0.00186864 0.000406374 -0.00621592 0.00178846 -0.000662671 -0.013359 -0.00612539 -0.0111417 -0.00414351 -0.0179704 0.0287113 0.000194757 -0.0139356 -0.0194509 0.00262375 -0.00284003 -0.0161136 0 0.000685563 -0.00317247 -0.0140662 0.00693135 -0.0148388 -0.00826728 -0.00600485 -7.48054e-05 0.0265774 0 -0.00899591 -0.00037688 0.0225207 2.80823e-05 -0.0103853 -0.00209727 -0.0193929 0 0.0372553 0.0260291 -0.00920057 0.0165058 0.000581174 -0.0226894 -0.00418275 0.0110507 -0.012527 0.00281048 0.00172425 0.00162525 0.00235047 0.00215651 0 0
0.0117797 0.00358349 0.00181963 0.00881984 0.0106396 0.00204388 0 4.42768e-05 0.00100799 0.00224652 0.00585262 0 0.00403132 0 0 0 0 0 0.00328321 0.00201886 0.941551 -0.0159181 0.000871348 9.17184e-05 0 0 0 0 0 0 0 0 0 0.0106396 0 0.00252018 0 5.42931e-05 0.0195872 0.00234635 0 0 0.00105197 0.00469074 0.000911305 0.0050155 0 0.000846885 0.00115705 0 0.00141045 0 0.00229858 0 1.16635e-05 0.00193611 0.00129083 0.00138293 -0.0130913 0 0.00465085 0.00136381 0.0122751 0.00099873 -0.0200317 0.00234567 0.00138693 0 0.00137776 0 0 3.99725e-05 0 0 0 0.000722346 0.00181151 0 0.00183362 0.00167199 0 0.0126895 0.000372456 3.07612e-05 0 0.000845841 0 0.00305578 0 0 0.00181776 0.0027136 0 0 0.000315617 0.000758838 0 0 0.000502464 0.002042 0.00111641 5.87689e-05 0.00162728 0.00742097 0.00258894 0 0.000771004 0.000561492 0 0.00268202 0.000969286 0.00279131 0.00117147 0.000922391 0.00131885 0.00112939 0 0.00256959 0.000434337 -0.00270344 0.00223472 0.00309146 0.00210137 0.0110165 0.00316931 0 -2.03384e-05 0.000557683 0.0139088 -0.000352709 -0.00134825 0 0 -0.00186666 0.00614712 0.00111886 -0.00575661 -0.00428253 0 0.00141616 0 0.000931479 0.00545452 0.000893699 0 5.41421e-05 0.000101345 0.00161904 0.00127067 0 0.000265563 0.00502023 0.000289922 6.28148e-05 -9.77889e-05 -0.00730149 0.00357594 0.00202541 0.00111386 0.000902048 0.00317884 0.00124777 0.00091491 0.00111729 0.0146707 0 0.00217952 0 0 0.00277909 0 0 0.00266111 0.000293038 0 0.00238484 0.000246525 0.00172085 0.000272688 9.10819e-05 0.000911546 0.000251962 0.0057888 0.0031094 0.00133293 0 0 0.00472274 0 0.00129855 0 0 0 0.0031094 -0.00228223 0.00105726 0 0.000358976 0.000394272 -0.00931629 -0.000794606 -0.00578738 0 0 -1.43571e-06 0.00328571 -1.89318e-05 0 0.00107843 0 -0.0380649 0 0 0 0 0
0 0 0.00304881 0 0.0042669 0.00162688 0.00565811 0 0 0.00447258 0 0.00211455 0.002164 -0.000181225 0 0 0.000793672 0.000409605 0 0.00212717 -0.0159181 0.933701 0 0 -0.000408549 0 0 0 0 0 0.00122753 0 0 0 0 0.00336154 0 0.00125691 0.00295595 0.00909664 0 0.000304961 0 0.00819062 0.00215682 0.00437942 0 0.000237428 0 0.00073793 0.000542158 0 0.00494163 0.000587467 0 0.00177226 0.00123227 0.00303697 -0.0121294 0.00316778 0.00755541 0.000793638 0 0.00902083 -0.0266888 0.00640162 0.005061 0 0 0.000360788 0 0.00328148 0 3.27557e-05 0 0 0.00461286 0 0.00203534 0.000551743 0 0.00136976 0.00260738 0.000232542 0 0.000331343 0.00350608 0.000544131 -6.47827e-06 0 0.00422578 0.000863269 0 0.00560549 6.50461e-05 0 0.000187392 0 0 0 0.00140791 0 0.0136279 0.00217928 0.00323477 0 0 0.000680658 0 0.00331852 0.000763975 0.00291274 0.000669263 0.000894687 0.00116736 0.00226843 0 0.00140327 0.00445041 -0.0139249 0.000410166 0.00219436 0.00147777 0.00148438 0.00105235 0.00240662 0.00137303 0 0.00225252 0 -0.0128443 0 0.000699408 0 0.00957624 0.000898165 -0.00974226 -0.000116768 0 0.00435448 0 0 0.000368145 0.00405021 0.00022911 0.000497287 0 0 0.0042985 0 0 0.00340136 0.000182353 0.000798337 -0.000426517 -0.0115869 0.00267261 0.00576801 0.00164156 0.00341601 0.00747851 6.64425e-05 0.000799163 0.00280531 0.00569512 0.005962 0.00697891 0 0.000684043 0.00251662 0.00285747 0.000221798 0.00522213 0 0 0.0031073 0 0.000641469 0.00535069 0 0.00108611 0.00262026 0.00199646 0.0042165 0.0015034 0 0.00216982 0.00353818 0 0.00116509 0 0 0 0.00229597 -0.000701974 0.00305591 0 0 6.14686e-05 0 0 -6.98732e-05 0 0 0.000782037 0.0112753 0 9.16034e-05 0.000179261 0.0011941 -0.0080022 0 0 0 0 0
-0.00970199 -0.0374411 0 0 0 -0.00134414 -0.00378998 -0.0139904 -0.0406204 0.0221076 -0.0164322 0.0197288 -0.0332957 -0.0148403 0.00946162 0 -0.00806495 -0.000253766 -0.0248814 0.00703733 0.000871348 0 0.783984 -0.0233768 0 0 -0.00195661 -0.00803085 -0.0119723 -0.00043462 -0.013968 -0.00419288 -0.00344743 -0.00353905 -0.0287792 0 0 0 0 0 -0.01735 0 -0.0253834 0 0 -0.00106014 -0.0192185 0.00245718 -0.0131906 0 -0.00191836 0 -0.00254942 0 0 0 -0.00139258 0 0.0324336 0 6.08806e-06 -0.00123206 0 0.0160537 0.0125497 -0.000206187 4.03986e-06 -0.000350629 -0.00435236 0.0060205 0.00668283 -0.000588117 -0.000312973 0 -0.0298575 0 0 -0.000131582 0 0 0 -0.0289437 0 0 0 -0.000683164 0 -0.0110377 -0.00835047 0 -0.00132534 0 -0.00242951 0 -0.00140812 -0.000780564 -0.00040583 -0.00109018 -0.0216129 -0.00983666 0 -0.00366708 0 -0.0113771 -0.00659849 0 -0.019695 0 -0.00125751 -0.00654593 -0.000388967 -0.000750815 0 -0.00223021 -0.00278301 -0.0231467 0 0 -0.000685575 0.00300738 -0.000962394 0.012537 0 -0.00287065 0 0 -0.000256155 -0.0180978 -0.00186455 0.00116737 0.00114405 -0.000152154 0.0119753 0.00250748 0 0 0.0194742 0.0132469 -0.000417491 0.0134438 -0.030655 -0.000727055 -0.0108792 0 0.0012 0 0 -0.0203022 0 0 0 0 0 0 0 0.0210067 0 0 0 0 -0.000731382 -0.00186933 -9.37014e-05 0 0 0.0115491 0 0 -0.00776101 0 0 0.0120014 -0.00107614 0 -4.61784e-05 0 -0.00172634 -0.00316365 0 -0.0116591 -2.16364e-05 -0.000618476 0 0 0 0 0.00106212 -4.44069e-05 -0.00783904 0 0 0 0 0 0.00557682 0 0 -6.44731e-05 -0.000334665 0 0 0.00108121 0.011655 0 0 -0.00192077 -0.00268283 0 -0.0113524 4.37246e-05 0.00263967 0 0 0 0 0
