0 0.0574982 0 0 0.0414631 -0.000716017 -0.0361382 0 0.00507721 0.0272249 0.0411334 0.0346523 0.0602458 0.0151165 0.0116654 0 0 0 -0.0101164 0.030741 -0.007827 0.00601921 -0.0172204 0 0 0 0 -0.00602783 0.0055465 -0.0126844 0.00490429 0 -0.0143964 -0.00605873 0 0.00930406 0 0 0 0 0 0.00673818 -0.018452 0.0110459 0 0 0.00172651 0 0.00444524 0 -0.00567471 -0.0449443 0.0401419 -0.0123043 -0.00134828 0 0 0.00351303 -0.00816653 0 0.0264828 0 0 -0.0120088 0 -0.0099883 0 0 0 0 0 0 0 0 0 -0.00136575 0 -0.01224 0.0134776 0 0 0 0 0 0 0 0 0 -0.0502925 0 0 0 0 0 0 0 0 -0.0080335 -0.0232904 -0.0103958 -0.0192531 0 0 0 0.0318537 0 0 0 0 0 0 0 0 0 0.00732445 0 0.034311 0 0 0 0 0 0 -0.0106463 0 0 0 -0.0167112 -0.0253804 0 0 0 0 0 0 0 0.000487048 0 0 0 0 0 0 0 0.022732 0 0 0 0 0 0 0 -0.00964313 0 0.00888839 0 0 0 0 0 0 0 0 0 0 0 0 0 0 0 0 0 0 0 0 0 0 0 0 0 0 0 0 0 0 0 0 0 0 0 0 0 0 0 0 0 0 0 0 0 0 0 0 0 0 0 0 0 0 0 0 0 0 0 0 0
0.0574982 0 -7.26532e-05 0 0.0111945 -0.00259858 -0.0800132 0 0 0.0111321 0.0206969 0.03641 0.0553044 0.0159706 0.0107302 0.00731153 0 -0.00111264 5.74852e-07 0.003451 0 0.0239064 -0.0155967 0 -0.00558023 -0.00220922 0 -0.00124613 0.00502178 -0.0262783 0 0 0 0 0.00549047 0.0228905 0 0 0 0 0.0266353 0.0179247 -0.0141908 0.0215486 0 0 0 0 0.00908781 -0.00301432 0 -1.84909e-06 0 -0.0187254 0.00539594 0.0184156 0 0.0148497 0 0 0.0090488 0.00258308 0 -0.0105629 0 0 0 0 0 0 0 0 0 0 0.0327627 0 0 0 0.0354305 0.0062697 0 0 0 0 0 0 0 0 -0.00686442 0 0 0 0 0 0 0 0 0 -0.00678869 -0.000913983 -0.00267036 0 0 0 0.0829269 0 0 0 0 0 0.00696393 0 0 0 0 0 0.0808833 0 0 0 0 0 0 0 0 0 0 -0.0129903 -0.0143078 0 0 0 0 0.00830699 0 0 0.00638099 0 0 0 0 0 0 0 0.00602827 0 0 -0.000513295 0 0 0 0 -0.0150322 0 0.014064 0 0 0 0 0 0 0 0 0 0 0 0 0 0 0 0 0 0 0 0 0 0 0 0 0 0 0 0 0 0 0 0 0 0 0 0 0 0 0 0 0 0 0 0 0 0 0 0 0 0 0 0 0 0 0 0 0 0 0 0 0
0 -7.26532e-05 0 0 0 0.0902488 0.00870112 0.023975 -0.0161812 -0.0479482 0 -0.0194863 -0.000895682 -0.00136476 0 0 0 0 -0.00214195 -0.000505675 0 -0.00619133 0 0 0.0124944 0 0 0 0 0.00601837 0 0 0 0 0 0 0 0 0 0 0 -0.0248613 0.0183222 -0.0260052 0 0 0 0 -0.00376507 0 0 -0.0365842 0 -0.0105536 -0.00328478 -0.00582887 0 0 0 0 0 0 0 -0.00307128 0 -0.00206821 0 0 0 0 0 0 0 0 0 0.0448001 0 -0.025641 -0.00113682 0 0 0 0 0 0 0 0 0 -0.00635232 0 -0.0216714 0 0 0 0 0 0 0 -0.00350502 0 0 0 0 0 -0.000462494 0 0 0 0 0 -0.0114458 0 0 0 -0.0557665 0 -0.00275579 0 0 0 0 0 0 -0.0510568 0 0 0 0 0 0 0 0 0 -0.000487407 0 0 -0.000155739 0 0 0 0 0 0 0 0 0 0 0.000786223 0 0 0 -0.0407827 0 0 -0.00133926 0 0 0 0 0 0 0 0 0 0 0 0 0 0 0 0 0 0 0 0 0 0 0 0 0 0 0 0 0 0 0 0 0 0 0 0 0 0 0 0 0 0 0 0 0 0 0 0 0 0 0 0 0 0 0 0 0 0 0 0 0
0 0 0 0 0 0 0 0 -0.0441577 0 0 0 -0.00816252 0 -5.54432e-06 -0.00212339 0.00195822 0 -0.00861835 -0.00238288 0 -8.6548e-05 -0.00336212 0 0 0.00194587 0 0.0387161 0 0 0 0 -0.0134907 -0.00189024 -0.00811936 0 0 0.00295114 0.000332985 0 -0.00203068 -0.0214136 0 -0.0151854 0 0 0.0238709 0 0 0 -0.0010452 0 0 0 -0.0540922 0 0 0 0.00110005 0 0 -0.00304542 0 0 0 -0.0068446 0 0 0 0 0 0 0 0 -0.00347239 0 0 -0.0241607 -0.0103532 0 0 0 0 0 0 0 0 0 -0.0309785 0 0 0 0 0 0 0 0 0 -0.00448798 0 -0.00403739 0 0 0 -0.00643493 0 0 0 0 0 0 0 0 0 0 0 -0.0174921 0 0 0 0 0 0 -0.0255569 0 0 0 -0.000210548 -0.0056051 0 0 0 0 -0.00572368 0 0 -0.000550848 0 0 0 0 0 0 0 0 0 0 0 0 0 0 -0.00637308 0 0 -0.00261053 0 0 0 0 0 0 0 -0.00142825 0 0 0 0 0 0 0 0 0 0 0 0 0 0 0 0 0 0 0 0 0 0 0 0 0 0 0 0 0 0 0 0 0 0 0 0 0 -0.00237575 0 0 0 0 0 0 0 0 0 0 0 0 0 0 0
0.0414631 0.0111945 0 0 0 -0.00746338 -0.00632194 0 0 0.144417 0.01159 0.0279863 0.0630829 0.0133794 0.071486 0.014913 0 -0.00219206 -0.0131643 0.0146987 0 0 -0.00774099 0 0 0 0.000636105 -0.0159511 0.00596771 -0.00172001 0 0 -0.0152711 -0.0092706 0 0.0304258 0 0.000956554 0 0 0 0.0222767 -0.0463453 0.00953862 0 0 0.00261375 0 0 0 -0.00455511 -0.0460457 0.0242456 -0.0118166 -0.00527197 0 0 0.0155426 0 0 0.0132591 0.00392914 0 -0.00395796 0 -0.00716226 0 0 0 0 0 0 0 0 0 -0.0035887 0 -0.0460957 0 0.000486357 0 0 0 0 0 0 0 0 -0.0346763 0 0 0 0 0 0 0 0 -0.0206193 -0.0154926 -0.0116441 -0.0130183 0 0 0 0.0229939 0 0 0 0 0 0 0 0 0 0.0114652 0 0.0115317 0 0 0 0 0 0 -0.00772701 0 0 0 -0.0220689 -0.0237901 0 0 0 0 0 0 0 0.00179113 0 0 0 0 0 0 0 0.0266191 0 0 0 0 0 0 -4.20461e-05 -0.00198596 0 0.0185262 0 0 0 0 0 0 0 0 0 0 0 0 0 0 0 0 -0.00100967 0 0 0 0 0 0 0 0 0 0 0 0 0 0 0 0 0 0 0 0 0 0 0 0 0 0 0 0 0 0 0 0 0 0 0 0 0 0 0 0 0 0 0 0
-0.000716017 -0.00259858 0.0902488 0 -0.00746338 0 0 0.0304897 -0.0340988 -0.048745 -0.0169121 -0.0116029 -0.00737933 -0.00582133 -0.00809483 0 -0.000254845 0.0013712 0.00444554 -0.0154264 0 -0.00041394 0 0 0 0 0 0 0 0 -0.0166434 0 0.00161863 0.00661975 0 0 0 0 0 0 -0.00639988 -0.0194168 0.0678151 -0.00842305 0 0 0 0 -0.0335223 0 0 -0.0308096 0 0 -0.000246163 -0.00742621 0 0 0 0 -0.0143502 0 0 -0.017662 0 0 0 0 0 0 0 0 0 0 0 0.0464756 0 0 -0.00310822 -0.00210174 0 0 0 0 0 0 0 0 0 0 -0.00976036 0 0 0 0 0 0 0 0 0 0 0 0 0 -0.0106831 0 0 0 0 0 -0.00176776 0 0 0 -0.0396058 0 -0.00401985 0 0 0 0 0 0 -0.0187239 0 0 0 0 0.00152912 0 0 0 0 0 0 0 -0.0140565 0 0 0 0 0 0 0 -0.00203276 0 0 0 0 0 0 -0.000182288 0 0 -0.00296137 0 0 0 0 0 0 0 0 0 0 0 0 0 0 0 0 0 0 0 0 0 0 0 0 0 0 0 0 0 0 0 0 0 0 0 0 0 0 0 0 0 0 0 0 0 0 0 0 0 0 0 0 0 0 0 0 0 0 0 0 0
-0.0361382 -0.0800132 0.00870112 0 -0.00632194 0 0 -0.0155679 -0.025459 0 0.00366473 -0.0125591 0 -0.0222518 -0.0060922 0 0 -0.0343448 -0.137759 0.0196865 0 -0.00917499 0.237402 0 0.0155279 0.0277662 0 -0.0118299 -0.0283743 0.287083 0.0145224 -0.00465264 0.0130632 0.00228576 0 -0.000815705 0 0 0 -0.00909267 0.0660779 -0.0663226 0.00652253 -0.00798048 0 0 -0.000753388 0 0 0 0.0281317 0 -0.00266849 0 0.00854749 -0.00413224 0 0.0227637 0 0 -0.00703343 0.00210479 0 0.0955083 -0.00939271 0.00898914 0 0 0 0 0 0 0 0 0.0680361 0.0119485 0 -0.0299598 0.0206683 0 0 0 0 0 0 0 0 0 -0.00203485 0 -0.0171515 0 0 -0.0260622 0 0 0 0.0818382 0.054673 -0.0241256 0.00964853 0 0 0 -0.013339 0 0 0 0 0 -0.0348265 0 0 0 0 0 0 0 0 0 0 0 0 0.0433803 0 0 0 0.032171 -0.00782693 0 0 0 0 -0.0330778 0 0 0.038335 0 0 0 0 0 0 0 -0.0349769 0 0 0.168921 0 0 0 -0.00281436 0.187225 0 -0.00502929 0 0 0 0 0 0 0 0 0 0 0 0 0 0 0 0 -0.0344243 0 0 0 0 0 0 0 0 0 0 0 0 0 0 0 0 0 0 0 0 0 0 0 0 0 0 0 0 0.0500425 0 0 0 0 0 0 0 0 0 0 0 0 0 0 0
0 0 0.023975 0 0 0.0304897 -0.0155679 0 -0.0048527 -0.0067954 -0.014472 -0.0329839 -0.0106922 -0.0645789 0 0 0 0 -0.00216284 -0.0042873 0 -0.0013259 -0.00788252 0 0 0 0 0 0 -0.0107929 0 0 -0.00284857 0 -0.00249147 0 0.0191338 0 0 0 -0.00371544 -0.0467546 0 -0.0069512 0 0 0 0 -0.000590346 0 -0.00242701 -0.00456368 0 0 -0.0148005 -0.0215104 0 -0.000472841 0 0 0 -0.00228024 0 -0.0409582 5.67923e-05 -0.00519823 0 0 0 0 0 0 0 0 -0.00804913 0 0 -0.0111787 -0.0118079 0 0 0 0 0 0 0 0 0 -0.0129354 0 -0.00232351 0 0 0 0 0 0 -0.00228201 -0.0208358 0 -0.00681564 0 0 0 -0.0109341 0 0 0 0 0 -0.00383414 0 0 0 -0.0365436 0 -0.014437 0 0 0 0 0 0 -0.0745893 0 0 0 -0.00309432 0 0 0 0 0 0 0 0 -0.00969712 0 0 0 0 0 0 0 0 0 0 0 0 0 0 -0.00376616 -0.00861402 0 -0.0031645 0 0 0 0 0 0 0 0 0 0 0 0 0 0 0 0 0.000498063 0 0 0 0 0 0 0 0 0 0 0 0 0 0 0 0 0 0 0 0 0 0 0 0 0 0 0 0 -0.00116098 0 0 0 0 0 0 0 0 0 0 0 0 0 0 0
0.00507721 0 -0.0161812 -0.0441577 0 -0.0340988 -0.025459 -0.0048527 0 0.00170864 0.0465168 0 0.0118377 0.00137616 2.16752e-06 0 0 0 0.00240566 0 0 0.00332735 -0.00541301 0 0 -0.00518675 0 -0.0591351 0.00462575 -0.0539963 0.0588442 -0.000577233 0.00186945 0 0 0.039896 -0.000503484 -0.0933186 0 0 0.00127813 0.0560033 -0.0166607 -0.190219 -0.0263346 0 -0.0644789 0 0.0206202 0 0 0.0671568 0 0 0.00876529 0.00386619 0 -0.00186544 0 0 0 0.0117543 0 -0.0177416 0 0 0 0 0 0 0 0 0 0 0.00205172 0 0 0.00940762 0.0108293 0 0 0 0 0 0 0 0 0 0.04022 0 0 0 0 0 0 0 0 0 0 0 0 0 0 0 0 0 0 0 0 0 0 0 0 0 -0.0130891 0 0.0198742 0 0 0 0 0 0 0.00648556 0 0 0 -0.00511769 0.0786907 0 0 0 0 0.00864309 0 0 0.0888322 0 0 0 0 0 0 0 0.0811419 0 0 0.014832 0 0 0 0.0113375 -0.012103 0 0 0 0 0 0 0 0 0 0 0 0 0 0 0 0 0 0 0 0 0 0 0 0 0 0 0 0 0 0 0 0 0 0 0 0 0 0 0 0 0 0 0 0 0 0 0 0 0 0 0 0 0 0 0 0 0 0 0 0 0 0 0
0.0272249 0.0111321 -0.0479482 0 0.144417 -0.048745 0 -0.0067954 0.00170864 0 0.023318 0.00614386 0.05115 0.0125255 0.0040682 0.0140089 0 -0.0045999 0 0.0703088 0 0.0111589 0 0 0 0 0 -0.00505802 0 0 0 0 0 0 0 0 0 0 0 0 0.00687303 0.00466485 -0.0230293 0.000944708 0 0 0 0 0.00203203 -0.00032701 0 -0.0392053 0 0 0.00736555 0.00429841 0 0.0208295 0 0 0.0133842 0.0421498 0 0 0 0 0 0 0 0 0 0 0 0 0.00548274 -0.00226791 0 0 0.0103798 0 0 0 0 0 0 0 0 0 -0.000443978 0 -0.0130788 0 0 0.0011821 0 0 0 -0.00223621 0 -0.000374644 0 0 0 0 0.0112926 0 0 0 0 0 0 0 0 0 0.0582583 0 0.0314204 0 0 0 0 0 0 0.0271916 0 0 0 -0.0105675 -0.00414347 0 0 0 0 0 0 0 0.000359159 0 0 0 0 0 0 0 0.0178014 0 0 0.000290829 0 0 0 0.0249252 0 0 0.000110583 0 0 0 0 0 0 0 0 0 0 0 0 0 0 0 0 -0.00945976 0 0 0 0 0 0 0 0 0 0 0 0 0 0 0 0 0 0 0 0 0 0 0 0 0 0 0 0 0.000255107 0 0 0 0 0 0 0 0 0 0 0 0 0 0 0
0.0411334 0.0206969 0 0 0.01159 -0.0169121 0.00366473 -0.014472 0.0465168 0.023318 0 0.022128 0.0245035 0.0904745 0.0492652 0.0194631 0 -0.00532543 -0.029987 0.0310033 0 0 0.0247132 0 0 0.00143921 0 -0.0245456 0 0.0356707 -0.0079395 0 -0.013461 -0.00887312 -0.00223183 -0.0158183 0 0 0 0 0.0486303 0 -0.0382824 -0.00632651 0 0 0 0 0.0391334 0 0 -0.00175345 0.000160114 -0.00579146 -0.00311418 0.0243496 0 0.0269223 0 0 0.0234565 0.0188174 0 0 -0.0146207 -0.00631848 0 0 0 0 0 0 0 0 0.0361131 0 0 0 0.0083338 0 0 0 0 0 0 0 0 0 -0.0212186 0 -0.0327183 0 0 0.00623022 0 0 0 -0.0601295 0 -0.0142655 -0.00480043 0 0 0 0.00672499 0 0 0 0 0 -0.0063225 0 0 0 0.00691226 0 0.0319049 0 0 0 0 0 0 -0.0188994 0 0 0 -0.0186427 -0.0245328 0 0 0 0 -0.00983531 0 0 0.0140182 0 0 0 0 0 0 0 0.329109 0 0 0.100969 0 0 0 0.00135383 0.0275874 0 0.00594279 0 0 0 0 0 0 0 0 0 0 0 0 0 0 0 0 -0.0587111 0 0 0 0 0 0 0 0 0 0 0 0 0 0 0 0 0 0 0 0 0 0 0 0 0 0 0 0 0.0017531 0 0 0 0 0 0 0 0 0 0 0 0 0 0 0
0.0346523 0.03641 -0.0194863 0 0.0279863 -0.0116029 -0.0125591 -0.0329839 0 0.00614386 0.022128 0 0.104472 0.0207451 0.0618969 0.0304134 0 0 -0.0111139 0.0232997 -0.000617716 0.021341 -0.00452077 0 0 -0.0163231 0 0 0.0109805 -0.00397567 -0.0326924 0 -0.00463116 -0.0139716 0 0.0695473 0 0 0 0 0.00928006 0.0345463 -0.0125888 0.0197238 0 0 0 0 0 0 -0.000161877 0 0.012894 -0.00737934 0 0.00225025 0 0.00503617 -0.000370517 0 0.0158594 0.00945643 0 -0.00207903 0 -0.00164553 0 0 0 0 0 0 0 0 0.0102677 -0.00305404 0 -0.00581401 0.0151551 0 0 0 0 0 0 0 0 0 -0.0113184 0 0 0 0 0 0 0 0 -0.00216727 -0.00837361 -0.00388392 -0.00149343 0 0 0 0.0611249 0 0 0 0 0 0.00580171 0 0 0 0.0102959 0 0.0422724 0 0 0 0 0 0 0 0 0 0 -0.0117267 -0.0348463 0 0 0 0 0 0 0 0.0135972 0 0 0 0 0 0 0 0.0365305 0 0 0 0 0 0 0 -0.00214272 0 0.00522914 0 0 0 0 0 0 0 0 0 0 0 0 0 0 0 0 0 0 0 0 0 0 0 0 0 0 0 0 0 0 0 0 0 0 0 0 0 0 0 0 0 0 0 0 0 0 0 0 0 0 0 0 0 0 0 0 0 0 0 0 0
0.0602458 0.0553044 -0.000895682 -0.00816252 0.0630829 -0.00737933 0 -0.0106922 0.0118377 0.05115 0.0245035 0.104472 0 0.0201074 0.00961141 0.00345799 0 -0.000110538 -0.00337436 0.0379495 0 0.0672646 0 0 0 -0.00445179 0 -0.00666231 0.0120248 0 -0.00427958 0 0 -0.0041429 0.0137018 0.0278068 0 -0.0132581 -5.13358e-06 0 0.0216185 0.0464483 -0.0346057 0.021452 0 0 0 0 0.0164458 -0.0172161 0 -2.05846e-06 0.00904406 -0.0128172 0 0.0271455 0 0.0280927 -0.0147962 0 0.00745069 0.0201816 0 0 0 0 0 0 0 0 0 0 0 0 0.0143859 -0.00551201 0 0 0.0285848 0.00277627 0 0 0 0 0 0 0 0 -0.0130182 0 0 0 0 0 0 0 0 -0.000207666 -0.00133007 -0.00893274 -0.00194727 0 0 0 0.0326824 0 0 0 0 0 0.00183789 0 0 0 0.0126997 0 0.0684811 0 0 0 0 0 0 0 0 0 0 -0.0133574 -0.0212914 0 0 0 0 0.00376312 0 0 0.0423454 0 0 0 0 0 0 0 0.0391193 0 0 0.00545513 0 0 0 0.0166652 0 0 0.00660441 0 0 0 0 0 0 0 0.00242946 0 0 0 0 0 0 0 0 -0.00487099 0 0 0 0 0 0 0 0 0 0 0 0 0 0 0 0 0 0 0 0 0 0 0 0 0 0 0 0 0 0 0 0 0 0 0 0 0 0 0 0 0 0 0 0
0.0151165 0.0159706 -0.00136476 0 0.0133794 -0.00582133 -0.0222518 -0.0645789 0.00137616 0.0125255 0.0904745 0.0207451 0.0201074 0 -0.160543 0.00952515 0 -0.00435055 0 -0.0324254 0 0.0131586 -0.00208515 0 -1.13357e-06 0 -0.00434029 0 0 -0.0229938 2.25582e-06 0 0 -0.00337342 0 -2.90545e-06 -0.0109924 0 0 0 0.0247893 0 -0.0103139 0 0 0 8.00175e-07 0 0.0376655 0 0 0 0 0 0.01318 0.00896538 0 0.0689678 1.58461e-06 0 0.0203571 0.0228577 0 -0.0274948 -0.0261785 0 0 0 0 0 0 0 0 0 0.0816552 0 0 0 -0.00319569 0 0 0 0 0 0 0 0 0 0 0 7.07652e-07 0 0 0 0 0 0 -0.0267525 0 0 0 0 0 0 0.0195554 0 0 0 0 0 0 0 0 0 -0.00063873 0 0.0357052 0 0 0 0 0 0 -0.0113093 0 0 0 -0.00863117 -0.0363399 0 0 0 0 0 0 0 0.00741682 0 0 0 0 0 0 0 0.180438 0 0 0.138342 0 0 0 0 0 0 0.00853194 0 0 0 0 0 0 0 0.00257463 0 0 0 0 0 0 0 0 -0.00134312 0 0 0 0 0 0 0 0 0 0 0 0 0 0 0 0 0 0 0 0 0 0 0 0 0 0 0 0 0 0 0 0 0 0 0 0 0 0 0 0 0 0 0 0
0.0116654 0.0107302 0 -5.54432e-06 0.071486 -0.00809483 -0.0060922 0 2.16752e-06 0.0040682 0.0492652 0.0618969 0.00961141 -0.160543 0 0.0103112 0 -0.0656477 -0.0469604 -0.00071658 0 -0.0015745 0.00142303 0 0 0 0.00606483 -0.106597 0.0467987 0 -6.0551e-06 0 -0.0617991 -0.0270422 -0.00195499 0.0191349 0 0.00441163 0 0 -0.00375162 0.0388002 -0.0754063 0.0157855 0 0 0 -0.00362022 -0.0187663 0 -0.0160835 0.0596383 0.017623 -0.039168 -0.0113526 -0.00154895 0 -0.0403657 0 0 0.0618624 4.43106e-06 0 0 0 -0.0117749 0 0 0 0 0 0 0 0 -0.0260076 -0.008746 0 0.047501 -0.0264387 0.0170535 0 0 0 0 0 0 0 0 -0.0332984 0 0 0 0 0 0 0 0 -0.0201638 -0.0385625 -0.0378683 -0.0176192 0 0 0 -0.00594496 0 0 0 0 0 0.000931665 0 0 0 0.101606 0 0.0111279 0 0 0 0 0 0 -0.012551 0 0 0 -0.0162155 -0.0326199 0 0 0 0 -0.00298195 0 0 0.0149231 0 0 0 0 0 0 0 0.018911 0 0 0 0 0 0 0 0 0 0.0136541 0 0 0 0 0 0 0 0 0 0 0 0 0 0 0 0 -0.0120365 0 0 0 0 0 0 0 0 0 0 0 0 0 0 0 0 0 0 0 0 0 0 0 0 0 0 0 0 0.0696085 0 0 0 0 0 0 0 0 0 0 0 0 0 0 0
0 0.00731153 0 -0.00212339 0.014913 0 0 0 0 0.0140089 0.0194631 0.0304134 0.00345799 0.00952515 0.0103112 0 0 0 0.0160129 0.0422371 0 0.00406073 0 0 0 -0.000807048 -0.00208824 -0.0071738 0 -0.0261916 -0.00583296 0 0.00330755 0 0.0084651 0.00181365 0 0 -0.0177107 0 0.024901 0 -0.00719946 0 -0.00703245 0 -0.00378891 -0.000388713 0.00262032 -0.0645278 0.000514366 -2.60265e-06 0 0 0.00226877 0.00147082 0 0.0302104 -0.000780014 0 0.00234158 0.103781 0 -0.043265 0 0.0129248 0 0 0 0 0 0 0 0 0.0217065 0.00150522 0 0.00353091 0.0242678 0 0 0 0 0 0 0 0 0 0.0161917 0 0 0 0 0.0353097 0 0 0 -0.0459359 0 0 0 0 0 0 0.0107281 0 0 0 0 0 0 0 0 0 0 0 0.0505193 0 0 0 0 0 0 0.00101681 0 0 0 -0.00641435 0 0 0 0 0 0 0 0 0 0 0 0 0 0 0 0 0.0417615 0 0 0.00614046 0 0 0 -0.0193663 0 0 0.0023743 0 0 0 0 0 0 0 0 0 0 0 0 0 0 0 0 -0.00272695 0 0 0 0 0 0 0 0 0 0 0 0 0 0 0 0 0 0 0 0 0 0 0 0 0 0 0 0 0.000572423 0 0 0 0 0 0 0 0 0 0 0 0 0 0 0
0 0 0 0.00195822 0 -0.000254845 0 0 0 0 0 0 0 0 0 0 0 -0.000303886 -0.0458626 -0.00439257 0 -0.00280101 0 0 0 0.00422046 0.0624711 0 0 0.0238196 0.00213839 0.0274954 -0.0172031 -0.0129978 -0.00337726 0.00476136 0 0 0.0366401 0.000392624 0 -0.000806005 -0.00362148 -0.00501082 0 0 0.0018528 0 -0.00234495 0 -0.00733554 0 0 -0.00170294 -0.0106787 -0.00323176 0 0 0.00257865 0 0.000347912 -0.00679479 0 0 0 -0.0111797 0 0 0 0 0 0 0 0 -0.00180483 -0.0237965 0 -0.0374586 -0.0116683 0 0 0 0 0 0 0 0 0 -0.0420151 0 0 0 0 -0.000179258 0 0 0 -0.000987943 -0.0131326 -0.00447794 -0.00883024 0 0 0 -0.000493099 0 0 0 0 0 0 0 0 0 0.0061513 0 -0.0140681 0 0 0 0 0 0 -0.0209561 0 0 0 -0.00133531 -0.0147963 0 0 0 0 -0.0129615 0 0 0 0 0 0 0 0 0 0 0 0 0 0 0 0 0 -0.0206778 0 0 0 0 0 0 0 0 0 0 0 0 0 0 0 0 0 0 0 0 0 0 0 0 0 0 0 0 0 0 0 0 0 0 0 0 0 0 0 0 0 0 0 0 0 0 0 0 -0.0211255 0 0 0 0 0 0 0 0 0 0 0 0 0 0 0
0 -0.00111264 0 0 -0.00219206 0.0013712 -0.0343448 0 0 -0.0045999 -0.00532543 0 -0.000110538 -0.00435055 -0.0656477 0 -0.000303886 0 0.0146914 0 0 0 -0.00259401 0 0 0.0198916 -0.0022955 0.00258463 0 -0.0107933 0 0 0.000163984 0.0203395 0 0 0 0 0 0 -0.00443937 -0.0147569 0.0358772 0 0 0 0 0 0 0 0 0 0 0.0047253 0 0 0 0 0 0 -0.00196205 0 0 0 0 0.0038961 0 0 0 0 0 0 0 0 0 0 0 0.00546033 0 0 0 0 0 0 0 0 0 0 0.00790135 0 0 0 0 0 0 0 0 0 0 0.00751714 0.000261589 0 0 0 0 0 0 0 0 0 0 0 0 0 -0.00483128 0 -0.00969791 0 0 0 0 0 0 0.00408464 0 0 0 0 0.00460896 0 0 0 0 0 0 0 -0.00132573 0 0 0 0 0 0 0 -0.00509305 0 0 -0.0206315 0 0 0 0 -0.00335803 0 -0.00389869 0 0 0 0 0 0 0 0 0 0 0 0 0 0 0 0 0 0 0 0 0 0 0 0 0 0 0 0 0 0 0 0 0 0 0 0 0 0 0 0 0 0 0 0 0 0 0 0 0 0 0 0 0 0 0 0 0 0 0 0 0
-0.0101164 5.74852e-07 -0.00214195 -0.00861835 -0.0131643 0.00444554 -0.137759 -0.00216284 0.00240566 0 -0.029987 -0.0111139 -0.00337436 0 -0.0469604 0.0160129 -0.0458626 0.0146914 0 0.00240989 0.00244604 0.0205076 -0.0245499 0 0.00355271 -0.0369215 -0.0331333 0.00185517 0 -0.0538043 -0.0823229 -0.00714887 0.0617232 0.0880445 0.0215322 -0.0124142 -0.0017109 -0.00846662 -0.0204951 -0.000245651 0 0.0184218 0.0410934 -0.00353015 0 0 -0.02258 0 0.00329552 0 0.0287792 -0.0375977 -0.0193946 0.0692658 0.0277081 0.0172843 0 0.0158785 -0.00534966 0 -0.0460694 0.00779904 0 -0.133885 0.00237475 0.0361112 0 0 0 0 0 0 0 0 0 0.0200762 0 0.0533544 0.0280074 0 0 0 0 0 0 0 0 0 0.155817 0 0.00544631 0 0 0.00122061 0 0 0 0.0197669 0.0210898 0.0513075 0.0362062 0 0 0 -0.00995686 0 0 0 0 0 0 0 0 0 -0.0806321 0 0.00680667 0 0 0 0 0 0 0.0490233 0 0 0 0.0178346 0.105322 0 0 0 0 0.0254188 0 0 -0.0657102 0 0 0 0 0 0 0 -0.0157752 0 0 -0.0281246 0 0 0 0.0170192 -0.0465052 0 0 0 0 0 0 0 0 0 0 0 0 0 0 0 0 0 0 0.0358356 0 0 0 0 0 0 0 0 0 0 0 0 0 0 0 0 0 0 0 0 0 0 0 0 0 0 0 0 0.00128385 0 0 0 0 0 0 0 0 0 0 0 0 0 0 0
0.030741 0.003451 -0.000505675 -0.00238288 0.0146987 -0.0154264 0.0196865 -0.0042873 0 0.0703088 0.0310033 0.0232997 0.0379495 -0.0324254 -0.00071658 0.0422371 -0.00439257 0 0.00240989 0 0 0.00801648 0.0547869 0 0 0 -0.00338143 -0.000337626 0 0.0210507 -0.0792803 0 0.0187528 0.00329908 0.0146613 0 0 0 -0.00310697 -0.00116064 0.0293231 0 0 0.000453104 0 0 -0.0071987 0 0.0920387 -0.00255016 0.00903488 -0.0908358 0 0 0.00881035 0.0264225 0 0.0401817 -0.0532824 0 0.0478438 0.0210903 0 0.00148498 0 0.0050275 0 0 0 0 0 0 0 0 0.0441956 0 0 0.0178531 0.0379933 0 0 0 0 0 0 0 0 0 0.039289 0 0 0 0 0.0263302 0 0 0 -0.0404383 0.0314424 0 0.00775887 0 0 0 0.0356023 0 0 0 0 0 -0.00625346 0 0 0 -0.00489757 0 0.0336008 0 0 0 0 0 0 0.0212311 0 0 0 0 -0.00464793 0 0 0 0 0.0189937 0 0 0.0048661 0 0 0 0 0 0 0 0.0154685 0 0 0.0205314 0 0 0 0.00649412 0.0213305 0 0 0 0 0 0 0 0 0 0 0 0 0 0 0 0 0 0 -0.0446003 0 0 0 0 0 0 0 0 0 0 0 0 0 0 0 0 0 0 0 0 0 0 0 0 0 0 0 0 0.0248923 0 0 0 0 0 0 0 0 0 0 0 0 0 0 0
-0.007827 0 0 0 0 0 0 0 0 0 0 -0.000617716 0 0 0 0 0 0 0.00244604 0 0 0 0 0 0 -0.0353383 0 0 -0.000183876 -0.000788175 -0.00032704 0 0.00195521 0 0 -0.00995581 0 0 0 0 0 -0.00983437 0.00120451 0 0 0 0 0 0 0 0.0255307 0 0 0.00102675 0 -0.0492057 0 -4.10617e-07 0 0 -0.0206 0 0 -0.0248385 0 0 0 0 0 0 0 0 0 0 0 0 0 0.00100756 0 0 0 0 0 0 0 0 0 0 0.00946136 0 0 0 0 0 0 0 0 0 0 0 0 0 0 0 0 0 0 0 0 0 0 0 0 0 -0.0282201 0 0 0 0 0 0 0 0 0 0 0 0 0 0.00230145 0 0 0 0 0 0 0 0 0 0 0 0 0 0 0 -0.000979786 0 0 0 0 0 0 0 0 0 0 0 0 0 0 0 0 0 0 0 0 0 0 0 0 0 0 0 0 0 0 0 0 0 0 0 0 0 0 0 0 0 0 0 0 0 0 0 0 0 0 0 0 0 0 0 0 0 0 0 0 0 0 0 0 0 0 0 0 0 0 0
0.00601921 0.0239064 -0.00619133 -8.6548e-05 0 -0.00041394 -0.00917499 -0.0013259 0.00332735 0.0111589 0 0.021341 0.0672646 0.0131586 -0.0015745 0.00406073 -0.00280101 0 0.0205076 0.00801648 0 0 -0.0153621 0 0 -0.0339167 -0.000324164 0 0 -0.0115365 -0.048302 0 0.0131768 0.00129061 0.0103924 0.0292629 0 0 -0.0052747 0 0.0214198 0.0520075 -0.0293333 -0.00602284 0 0 0 0 -0.00877129 -0.0027999 0.00856703 0 -0.0308578 0 0.00338307 -0.0152284 0 0.0211789 -0.00516015 0 -0.0520434 0.0116015 0 -0.0576078 0 0.000295774 0 0 0 0 0 0 0 0 0.0167463 0 0 0.00355821 0.134571 0.0170175 0 0 0 0 0 0 0 0 0.0206028 0 0.00544977 0 0 0 0 0 0 0 0 -4.42602e-06 0.00141764 0 0 0 0.0505241 0 0 0 0 0 0.000746071 0 0 0 -0.0187471 0 0.0269621 0 0 0 0 0 0 0.00639937 0 0 0 0 0.00408087 0 0 0 0 0.0160063 0 0 0 0 0 0 0 0 0 0 0 0 0 0 0 0 0 0.0159297 -0.045662 0 0.0115234 0 0 0 0 0 0 0 0.000484349 0 0 0 0 0 0 0 0 0.0114062 0 0 0 0 0 0 0 0 0 0 0 0 0 0 0 0 0 0 0 0 0 0 0 0 0 0 0 0 0 0 0 0 0 0 0 0 0 0 0 0 0 0 0 0
-0.0172204 -0.0155967 0 -0.00336212 -0.00774099 0 0.237402 -0.00788252 -0.00541301 0 0.0247132 -0.00452077 0 -0.00208515 0.00142303 0 0 -0.00259401 -0.0245499 0.0547869 0 -0.0153621 0 0 0.00860596 0.0103369 -0.0028437 -0.00731771 -0.0259194 0.160816 -0.0704955 -0.00407323 0.0246258 0.00767713 0.00372134 -0.00429848 -0.000831763 0 -0.00370017 -0.0146757 0.0327528 -0.0354511 0.0122324 -0.0190164 0 0 -0.00833214 0 -0.00851218 0 0.0498498 0 -0.0160353 0.00746925 0.0147789 -0.0177792 0 0.0126642 -0.00250134 0 -0.0203294 0.0070304 0 0.0571508 -0.000239284 0.0175179 0 0 0 0 0 0 0 0 0.0604089 0.0152842 0 0.0279277 0.00570875 0 0 0 0 0 0 0 0 0 0.0135853 0 -0.0109506 0 0 0.0196815 0 0 0 0 0.0614946 -0.0320231 0.0152899 0 0 0 -0.0361286 0 0 0 0 0 -0.0426051 0 0 0 0.0207263 0 -0.00586619 0 0 0 0 0 0 0.0764002 0 0 0 0.0685751 3.33944e-05 0 0 0 0 -0.0630089 0 0 0.00998132 0 0 0 0 0 0 0 0.0184725 0 0 0.0525946 0 0 0 0 0.200738 0 -0.00461072 0 0 0 0 0 0 0 0 0 0 0 0 0 0 0 0 -0.0257259 0 0 0 0 0 0 0 0 0 0 0 0 0 0 0 0 0 0 0 0 0 0 0 0 0 0 0 0 0.0522685 0 0 0 0 0 0 0 0 0 0 0 0 0 0 0
0 0 0 0 0 0 0 0 0 0 0 0 0 0 0 0 0 0 0 0 0 0 0 0 -0.0147961 0 0 0 0 0 0.00731294 0 -0.0201493 0 -0.000416281 -0.00613846 0 0 0.0120838 0 -0.00101249 0 0 -0.000813436 0 0 0 0 0 0 -0.0175437 0 0 0 -0.00107708 -0.00462559 0 0 0 0 0 -0.000329719 0 0 0 -0.0010998 0 0 0 0 0 0 0 0 0 0 0 0 -0.00131382 0 0 0 0 0 0 0 0 0 0 0 0.0363128 0 0 0 0 0 0 0 -0.000541058 0 0 0 0 0 0 0 0 0 0 0 0 0 0 0 0 0 0 0 0 0 0 0 0 -0.00237103 0 0 0 0 0 0 0 0 0 0 0 0 0 0 0 0 0 0 0 0 0 0 0 0 0 0 0 0 0 0 0 0 0 0 0 0 0 0 0 0 0 0 0 0 0 0 0 0 0 0 0 0 0 0 0 0 0 0 0 0 0 0 0 0 0 0 0 0 0 0 0 0 0 0 0 0 0 0 0 0 0 0 0 0 0 0 0 0 0 0 0 0
0 -0.00558023 0.0124944 0 0 0 0.0155279 0 0 0 0 0 0 -1.13357e-06 0 0 0 0 0.00355271 0 0 0 0.00860596 -0.0147961 0 -0.0737838 0 0 0 0.00693114 -0.00567234 -0.0296302 0.00480502 0.0261022 0 0 0 0.0443774 -0.0116002 0 0.00285274 -0.0170869 0 -0.000858091 0 0 2.82398e-06 -0.0254903 0 0 0.00207698 0 0 0 0 0.000300768 0 0.0171323 -0.0321028 0 -0.00106565 0 0 -0.0268751 0 0 0 0 0 0 0 0 0 0 0.022887 0.0359929 0 0 0.0110825 0 0 0 0 0 0 0 0 0 0.00439714 0 0 0 0 0 0 0 0 0 0.000268045 0 0 0 0 0 0 0 0 0 0 0 -0.0371843 0 0 0 -0.00970434 0 0 0 0 0 0 0 0 0 0 0 0 0.00213448 0 0 0 0 0 0 0 0 0 0 0 0 0 0 0 0 1.36092e-07 0 0 0.00397571 0 0 0 -0.0373429 0.0042202 0 0 0 0 0 0 0 0 0 0 0 0 0 0 0 0 0 0 0 0 0 0 0 0 0 0 0 0 0 0 0 0 0 0 0 0 0 0 0 0 0 0 0 0 0 0 0 0 0 0 0 0 0 0 0 0 0 0 0 0 0 0 0
0 -0.00220922 0 0.00194587 0 0 0.0277662 0 -0.00518675 0 0.00143921 -0.0163231 -0.00445179 0 0 -0.000807048 0.00422046 0.0198916 -0.0369215 0 -0.0353383 -0.0339167 0.0103369 0 -0.0737838 0 0.00270343 0 0 0.0433124 0.0617906 0.000895251 -0.0343319 -0.00808944 -0.0093549 -0.00739004 0 0 0.0103235 0 -0.000830752 -0.00866364 0 -0.0048528 0 0 0 0.00844553 -0.00218807 0 -0.00694311 0 0 -0.000294739 -0.00843806 -0.0052229 0 -0.0052672 0.00589522 0 0 -0.00423143 0 0.0531246 0 -0.0138232 0 0 0 0 0 0 0 0 -0.00536934 -0.0310273 0 -0.0126852 -0.0665238 0 0 0 0 0 0 0 0 0 -0.0223585 0 0 0 0 0 0 0 0 -0.0100462 0 -0.0234796 -0.00176733 0 0 0 -0.018622 0 0 0 0 0 0 0 0 0 0.0122529 0 -0.0140565 0 0 0 0 0 0 -0.0116599 0 0 0 -8.60698e-05 -0.0104305 0 0 0 0 -0.0116968 0 0 0 0 0 0 0 0 0 0 0.00238329 0 0 0.00109398 0 0 0 -0.00151912 0.0119972 0 -0.00695877 0 0 0 0 0 0 0 -0.013951 0 0 0 0 0 0 0 0 -0.0248671 0 0 0 0 0 0 0 0 0 0 0 0 0 0 0 0 0 0 0 0 0 0 0 0 0 0 0 0 0 0 0 0 0 0 0 0 0 0 0 0 0 0 0 0
0 0 0 0 0.000636105 0 0 0 0 0 0 0 0 -0.00434029 0.00606483 -0.00208824 0.0624711 -0.0022955 -0.0331333 -0.00338143 0 -0.000324164 -0.0028437 0 0 0.00270343 0 0 0 0 0.0067514 0.0457405 -0.0385419 -0.0261977 -0.00272468 0.00218738 0.00659979 0 0.0467853 0 0 0 -0.00644782 -0.000497347 0 0 0 0 -0.00137148 0 -0.00920116 -0.0074036 0.00209806 -0.00509555 -0.0100016 -0.00419766 0 -0.00221011 0.00145133 0 0.000670699 -0.00231493 0 0 0 -0.0115057 0 0 0 0 0 0 0 0 -0.00714687 -0.0247559 0 -0.04321 -0.0109469 0 0 0 0 0 0 0 0 0 -0.0319113 0 0 0 0 0 0 0 0 -0.00261909 -0.00955627 -0.00698315 -0.00870288 0 0 0 0 0 0 0 0 0 0 0 0 0 0.00271449 0 0 0 0 0 0 0 0 -0.0170484 0 0 0 -0.00365453 -0.0110469 0 0 0 0 -0.0048645 0 0 0 0 0 0 0 0 0 0 0 0 0 0 0 0 0 -0.00393216 0 0 0 0 0 0 0 0 0 0 0 0 0 0 0 0 0 0 0 0 0 0 0 0 0 0 0 0 0 0 0 0 0 0 0 0 0 0 0 0 0 0 0 0 0 0 0 0 -0.00222902 0 0 0 0 0 0 0 0 0 0 0 0 0 0 0
-0.00602783 -0.00124613 0 0.0387161 -0.0159511 0 -0.0118299 0 -0.0591351 -0.00505802 -0.0245456 0 -0.00666231 0 -0.106597 -0.0071738 0 0.00258463 0.00185517 -0.000337626 0 0 -0.00731771 0 0 0 0 0 -0.00162926 -0.00928732 0 0 0 0.000178321 0 -0.0472442 -0.00659178 0 0 0 -0.013608 0 0.00119917 0.0152923 0 0 0.0116321 0 0 0 0 0 -0.00180973 0.00574625 0 -0.0645779 0 -0.00505083 0.0124615 0 -0.000548223 -0.0101959 0 0 0 0.00140668 0 0 0 0 0 0 0 0 -0.0041419 0 0 0.00100998 -0.0247332 0 0 0 0 0 0 0 0 0 0.00489902 0 0.00532161 0 0 0 0 0 0 0.000845913 0.00228278 0.0878124 0 0 0 0 0 0 0 0 0 0 0.000138146 0 0 0 0 0 -0.00766932 0 0 0 0 0 0 0 0 0 0 0 0.00106271 0 0 0 0 -5.49158e-07 0 0 -0.0158579 0 0 0 0 0 0 0 -0.0178617 0 0 -0.0100383 0 0 0 0 -0.0225821 0 0 0 0 0 0 0 0 0 0 0 0 0 0 0 0 0 0 0 0 0 0 0 0 0 0 0 0 0 0 0 0 0 0 0 0 0 0 0 0 0 0 0 0 0 0 0 -0.0360368 0 0 0 0 0 0 0 0 0 0 0 0 0 0 0
0.0055465 0.00502178 0 0 0.00596771 0 -0.0283743 0 0.00462575 0 0 0.0109805 0.0120248 0 0.0467987 0 0 0 0 0 -0.000183876 0 -0.0259194 0 0 0 0 -0.00162926 0 -0.0179081 0.00906056 0 0 -0.00259145 0 0.0105434 0 -0.0039745 0 0 -0.0249258 0.070056 -0.01404 0.0490911 0 0 0 -0.00309675 0 0.00557367 -0.00418417 0.0119031 0.00895995 0 0 0 0 -0.00575396 0 0 0.0230567 0 0 -0.00134044 0 0 0 0 0 0 0 0 0 0 0 0 0 0 0 0.025052 0 0 0 0 0 0 0 0 -0.00811064 0 0 0 0 -0.0361005 0 0 0 0 -0.00914376 0 -0.00733223 0 0 0 0.0620855 0 0 0 0 0 0.00486291 0 0 0 0.0138126 0 0.0283485 0 0 0 0 0 0 0 0 0 0 -0.00379885 -0.0284312 0 0 0 0 0.00387272 0 0 0.0338949 0 0 0 0 0 0 0 0.0174512 0 0 -0.0354745 0 0 0 0.00397351 -0.0195074 0 0.0227556 0 0 0 0 0 0 0 0 0 0 0 0 0 0 0 0 0 0 0 0 0 0 0 0 0 0 0 0 0 0 0 0 0 0 0 0 0 0 0 0 0 0 0 0 0 0 0 0 0 0 0 0 0 0 0 0 0 0 0 0 0
-0.0126844 -0.0262783 0.00601837 0 -0.00172001 0 0.287083 -0.0107929 -0.0539963 0 0.0356707 -0.00397567 0 -0.0229938 0 -0.0261916 0.0238196 -0.0107933 -0.0538043 0.0210507 -0.000788175 -0.0115365 0.160816 0 0.00693114 0.0433124 0 -0.00928732 -0.0179081 0 -0.0356207 -0.000555068 -0.0105896 0 0 0 0 0.00719988 0 -0.00807484 0.044452 -0.0307953 0.00178258 -0.0113909 0.00128379 0 0 0 0 0 0.00843487 0 -0.00681032 0 0 0.00166774 0 -0.000782414 0 0 0 0 0 0.123449 -0.0011144 0 0 0 0 0 0 0 0 0 0.0508653 0.00749363 0 0 0.00223792 -0.00225443 0 0 0 0 0 0 0 0 -1.70271e-06 0 -0.0313266 0 0 -0.0331829 0 0 0 0 0.0452574 -0.0108101 0.00325039 0 0 0 -0.0176323 0 0 0 0 0 -0.0409255 0 0 0 0.0201314 0 -0.0257548 0 0 0 0 0 0 -0.00535538 0 0 0 0.0401553 0 0 0 0 0 -0.087745 0 0 0.0415815 0 0 0 0 0 0 0 -0.00179319 0 0 0.0468697 0 0 0 -0.0131901 0.241631 0 -0.00486904 0 0 0 0 0 0 0 0 0 0 0 0 0 0 0 0 -0.0480308 0 0 0 0 0 0 0 0 0 0 0 0 0 0 0 0 0 0 0 0 0 0 0 0 0 0 0 0 0.0103926 0 0 0 0 0 0 0 0 0 0 0 0 0 0 0
0.00490429 0 0 0 0 -0.0166434 0.0145224 0 0.0588442 0 -0.0079395 -0.0326924 -0.00427958 2.25582e-06 -6.0551e-06 -0.00583296 0.00213839 0 -0.0823229 -0.0792803 -0.00032704 -0.048302 -0.0704955 0.00731294 -0.00567234 0.0617906 0.0067514 0 0.00906056 -0.0356207 0 0 -0.0316462 -0.00991199 -0.0351252 -0.1488 0 -0.0311748 0.00537623 0 -0.0263383 0.0273988 -0.00246672 0.0352051 0 0 0 0 0.13498 0.00384849 -0.0685106 0 0.0224822 -0.00921905 -0.00929623 -0.0224985 0 -0.0180481 0.00342381 0 0.00574609 -0.00946166 0 -0.0156432 -0.0133926 -0.00868816 0 0 0 0 0 0 0 0 -0.035187 -0.00989105 0 -0.0122899 -0.02742 0 0 0 0 0 0 0 0 0 -0.0406178 0 0 0 0 -0.0287146 0 0 0 0.079259 -0.0290018 0.0496368 -0.0132746 0 0 0 0.0123767 0 0 0 0 0 0.0141382 0 0 0 0.0130216 0 -0.00505913 0 0 0 0 0 0 0.0719003 0 0 0 -0.0254248 -0.0210825 0 0 0 0 0 0 0 0 0 0 0 0 0 0 0 -0.015938 0 0 -0.0408517 0 0 0 0 -0.0322192 0 0.0273869 0 0 0 0 0 0 0 0 0 0 0 0 0 0 0 0 0 0 0 0 0 0 0 0 0 0 0 0 0 0 0 0 0 0 0 0 0 0 0 0 0 0 0 0 0 -0.00533525 0 0 0 0 0 0 0 0 0 0 0 0 0 0 0
0 0 0 0 0 0 -0.00465264 0 -0.000577233 0 0 0 0 0 0 0 0.0274954 0 -0.00714887 0 0 0 -0.00407323 0 -0.0296302 0.000895251 0.0457405 0 0 -0.000555068 0 0 -0.0133491 -0.00702203 -0.000939505 0.00104644 0.00102956 0 0.0351811 0.000356069 0 -0.000918299 -0.00351624 0 0 0 0 0.00997136 -0.00252083 0 -0.0113726 -0.0572408 0 -0.00118971 -0.00534783 -0.00270786 0 0 0.00123652 0 0 0 0 0 0 -0.0063587 0 0 0 0 0 0 0 0 -0.00529952 -0.00251483 0 -0.0200515 -0.0109812 0 0 0 0 0 0 0 0 0 -0.0269236 0 0 0 0 0 0 0 0 -0.00148468 -0.00740383 -0.00383551 -0.00510926 0 0 0 0 0 0 0 0 0 0 0 0 0 0.00232492 0 0 0 0 0 0 0 0 -0.0285426 0 0 0 -0.0023955 -0.00746653 0 0 0 0 -0.00205127 0 0 -0.0044151 0 0 0 0 0 0 0 0 0 0 0 0 0 0 -0.00211493 -0.00173802 0 0 0 0 0 0 0 0 0 0 0 0 0 0 0 0 0 0 0 0 0 0 0 0 0 0 0 0 0 0 0 0 0 0 0 0 0 0 0 0 0 0 0 0 0 0 0 -0.00161256 0 0 0 0 0 0 0 0 0 0 0 0 0 0 0
-0.0143964 0 0 -0.0134907 -0.0152711 0.00161863 0.0130632 -0.00284857 0.00186945 0 -0.013461 -0.00463116 0 0 -0.0617991 0.00330755 -0.0172031 0.000163984 0.0617232 0.0187528 0.00195521 0.0131768 0.0246258 -0.0201493 0.00480502 -0.0343319 -0.0385419 0 0 -0.0105896 -0.0316462 -0.0133491 0 0.0687127 0.0948081 -0.0252142 -0.00890826 -0.0046221 -0.0119899 -0.0020832 -0.00368695 0.000322005 0.032202 0.0179809 -0.000160918 0 -0.0162183 -0.0117438 0.0170222 -0.00662896 0.0373316 0.0142688 -0.0138203 0.0145829 0.0318063 0.0122106 0 0.00274295 -0.00602753 0 -0.0198381 0.0280735 0 -2.11131e-06 0 0.0908218 0 0 0 0 0 0 0 0 0.0149727 0.039798 0 0.0666689 0.0451264 0 0 0 0 0 0 0 0 0 0.0932149 0 0 0 0 0 0 0 0 0.0277763 0.0392256 0.0239328 0.0254283 0 0 0 0.00093767 0 0 0 0 0 0 0 0 0 -0.027658 0 0.0123972 0 0 0 0 0 0 0.0553056 0 0 0 0.0244479 0.0356014 0 0 0 0 0.0561578 0 0 0 0 0 0 0 0 0 0 -0.023971 0 0 0 0 0 0 0.0185712 0.00193415 0 0 0 0 0 0 0 0 0 0 0 0 0 0 0 0 0 0 0.0313655 0 0 0 0 0 0 0 0 0 0 0 0 0 0 0 0 0 0 0 0 0 0 0 0 0 0 0 0 0.0103809 0 0 0 0 0 0 0 0 0 0 0 0 0 0 0
-0.00605873 0 0 -0.00189024 -0.0092706 0.00661975 0.00228576 0 0 0 -0.00887312 -0.0139716 -0.0041429 -0.00337342 -0.0270422 0 -0.0129978 0.0203395 0.0880445 0.00329908 0 0.00129061 0.00767713 0 0.0261022 -0.00808944 -0.0261977 0.000178321 -0.00259145 0 -0.00991199 -0.00702203 0.0687127 0 -0.0136652 -0.00834225 -0.00117504 -0.00047214 -0.0114655 -0.000832624 0.00558705 -0.0172466 0.0189375 0 0 0 -0.00714897 0 0.00437964 0 0.013945 0 -0.00157483 0.0137683 0.0154069 0.00347023 0 0.00933564 -0.00639047 0 -0.0163462 0.00393825 0 -1.9793e-06 0 0.0183978 0 0 0 0 0 0 0 0 0.00633049 0.0762924 0 0.0274356 0.019196 0 0 0 0 0 0 0 0 0 0.0917979 0 0 0 0 0.00193559 0 0 0 0.00982162 0.0180595 0.0128021 0.0160358 0 0 0 -0.0274499 0 0 0 0 0 -0.0170962 0 0 0 -0.0209111 0 0 0 0 0 0 0 0 0.00393008 0 0 0 0.0106403 0.0268986 0 0 0 0 0.0147041 0 0 -0.0134401 0 0 0 0 0 0 0 -0.00818476 0 0 0 0 0 0 0.00346157 0 0 0 0 0 0 0 0 0 0 0 0 0 0 0 0 0 0 0 0 0 0 0 0 0 0 0 0 0 0 0 0 0 0 0 0 0 0 0 0 0 0 0 0 0 0 0 0 0.00303497 0 0 0 0 0 0 0 0 0 0 0 0 0 0 0
0 0.00549047 0 -0.00811936 0 0 0 -0.00249147 0 0 -0.00223183 0 0.0137018 0 -0.00195499 0.0084651 -0.00337726 0 0.0215322 0.0146613 0 0.0103924 0.00372134 -0.000416281 0 -0.0093549 -0.00272468 0 0 0 -0.0351252 -0.000939505 0.0948081 -0.0136652 0 0 -0.00934438 -0.0109672 0 0 0.00861214 0.0130995 0.0030875 0.0729202 -0.0258458 0 -0.0136609 0 0.0200712 -0.0778898 0.0109467 -0.00651083 0 0 0.0302394 0.0114064 0 0 0 0 0 0.00671049 0 0.00164782 0 0.0924728 0 0 0 0 0 0 0 0 0.009437 0 0 0.0383455 0.025802 0.00242245 0 0 0 0 0 0 0 0 0.0413561 0 0.000287239 0 0 0 0 0 0 0.0118085 0.0128862 0 -0.0530852 0 0 0 0.0747749 0 0 0 0 0 0.000115248 0 0 0 0 0 0.0150738 0 0 0 0 0 0 0.0301706 0 0 0 0.00514981 -0.00472463 0 0 0 0 0.0303089 0 0 0.0128603 0 0 0 0 0 0 0 -0.00675059 0 0 -0.0307956 0 0 0 0.0151726 0 0 0.00519394 0 0 0 0 0 0 0 0.000125986 0 0 0 0 0 0 0 0 0 0 0 0 0 0 0 0 0 0 0 0 0 0 0 0 0 0 0 0 0 0 0 0 0 0 0 0 0 0 0 0 0 0 0 0 0 0 0 0 0 0 0 0 0
0.00930406 0.0228905 0 0 0.0304258 0 -0.000815705 0 0.039896 0 -0.0158183 0.0695473 0.0278068 -2.90545e-06 0.0191349 0.00181365 0.00476136 0 -0.0124142 0 -0.00995581 0.0292629 -0.00429848 -0.00613846 0 -0.00739004 0.00218738 -0.0472442 0.0105434 0 -0.1488 0.00104644 -0.0252142 -0.00834225 0 0 0.00126912 -1.70698e-06 0.000949992 0 0.0582757 0.0416587 -0.0270629 0.0123687 -0.0467129 0 0 0 -0.107529 0 0 0 0.00164614 -0.0314829 3.30262e-06 0.0148668 0 0.0912219 0 0 0.00547459 0 0 -0.0107651 0 -0.0465635 0 0 0 0 0 0 0 0 0.0518995 -0.00234775 0 -0.186876 0.12149 0.0182083 0 0 0 0 0 0 0 0 -0.0617173 0 -0.0002485 0 0 -0.0032626 0 0 0 0.0867488 -0.0609065 -0.0136797 -0.0246034 0 0 0 0.0510501 0 0 0 0 0 0.00423089 0 0 0 0 0 0.0290184 0 0 0 0 0 0 0.00629941 0 0 0 -0.00648622 0.0250908 0 0 0 0 4.05148e-07 0 0 0.0136026 0 0 0 0 0 0 0 -0.012817 0 0 0 0 0 0 -0.0137832 -0.000925373 0 0.00473951 0 0 0 0 0 0 0 0 0 0 0 0 0 0 0 0 0 0 0 0 0 0 0 0 0 0 0 0 0 0 0 0 0 0 0 0 0 0 0 0 0 0 0 0 0 -0.0329492 0 0 0 0 0 0 0 0 0 0 0 0 0 0 0
0 0 0 0 0 0 0 0.0191338 -0.000503484 0 0 0 0 -0.0109924 0 0 0 0 -0.0017109 0 0 0 -0.000831763 0 0 0 0.00659979 -0.00659178 0 0 0 0.00102956 -0.00890826 -0.00117504 -0.00934438 0.00126912 0 0 0 0 0 0 -0.000389005 -0.00336705 0 0 0 0 0 0 -0.00278466 -0.00120007 0 -7.03821e-05 -0.0190812 0 0 0 0 0 0 -0.00046176 0 -0.00517022 0 -0.0107779 0 0 0 0 0 0 0 0 0 0 0 -0.0184961 -0.000610515 0 0 0 0 0 0 0 0 0 -0.011793 0 0 0 0 0 0 0 0 -0.00366414 -0.0263543 -0.000830162 0 0 0 0 0 0 0 0 0 0 0 0 0 0 -3.33005e-06 0 0 0 0 0 0 0 0 -0.0418116 0 0 0 -0.00499154 -0.00215235 0 0 0 0 0 0 0 0 0 0 0 0 0 0 0 0 0 0 0 0 0 0 0 0 0 0 0 0 0 0 0 0 0 0 0 0 0 0 0 0 0 0 0 0 0 0 0 0 0 0 0 0 0 0 0 0 0 0 0 0 0 0 0 0 0 0 0 0 0 0 0 0 0 0 0 0 0 0 0 0 0 0 0 0 0 0 0
0 0 0 0.00295114 0.000956554 0 0 0 -0.0933186 0 0 0 -0.0132581 0 0.00441163 0 0 0 -0.00846662 0 0 0 0 0 0.0443774 0 0 0 -0.0039745 0.00719988 -0.0311748 0 -0.0046221 -0.00047214 -0.0109672 -1.70698e-06 0 0 0 0 0 -0.0102021 -0.0019492 -0.00514294 0 0 0.0940842 0 -0.0125505 0 0 -0.00586867 0 -0.000476751 -0.0184976 -0.000908323 0 0 0 0 0 0 0 0 0 -0.00113979 0 0 0 0 0 0 0 0 0 0 0 -0.0113456 -0.00752934 0 0 0 0 0 0 0 0 0 -0.0181871 0 0 0 0 0 0 0 0 -0.00170541 -0.00357146 -0.00481485 -0.012557 0 0 0 -0.00664933 0 0 0 0 0 -0.00127215 0 0 0 0.00222159 0 -0.00161926 0 0 0 0 0 0 -0.0485201 0 0 0 0 -0.00578487 0 0 0 0 -0.000972393 0 0 -0.000335176 0 0 0 0 0 0 0 0 0 0 0.00156201 0 0 0 -0.00740533 0.00443087 0 0 0 0 0 0 0 0 0 0 0 0 0 0 0 0 0 0 0 0 0 0 0 0 0 0 0 0 0 0 0 0 0 0 0 0 0 0 0 0 0 0 0 0 0 0 0 0 0 0 0 0 0 0 0 0 0 0 0 0 0 0 0
0 0 0 0.000332985 0 0 0 0 0 0 0 0 -5.13358e-06 0 0 -0.0177107 0.0366401 0 -0.0204951 -0.00310697 0 -0.0052747 -0.00370017 0.0120838 -0.0116002 0.0103235 0.0467853 0 0 0 0.00537623 0.0351811 -0.0119899 -0.0114655 0 0.000949992 0 0 0 0.0112375 -0.00261079 0 -0.00377494 0 0 0 0 0.0124275 0 0 -0.00895387 0 0 -0.0039181 -0.00815746 -0.00339674 0 -0.00570138 0.00187764 0 0.002683 -0.011052 0 0 0 -0.00856398 0 0 0 0 0 0 0 0 -0.00607345 -0.0128286 0 -0.0195662 -0.0126311 0 0 0 0 0 0 0 0 0 -0.0251468 0 0 0 0 -0.0017407 0 0 0 0 -0.00773337 -0.0029217 -0.0070866 0 0 0 0 0 0 0 0 0 0 0 0 0 0.00996809 0 -0.0386234 0 0 0 0 0 0 -0.0163308 0 0 0 -0.00177144 -0.0157125 0 0 0 0 -9.01057e-05 0 0 0 0 0 0 0 0 0 0 0 0 0 0 0 0 0 -0.00637159 0 0 0 0 0 0 0 0 0 0 0 0 0 0 0 0 0 0 0 0 0 0 0 0 0 0 0 0 0 0 0 0 0 0 0 0 0 0 0 0 0 0 0 0 0 0 0 0 -0.00456115 0 0 0 0 0 0 0 0 0 0 0 0 0 0 0
0 0 0 0 0 0 -0.00909267 0 0 0 0 0 0 0 0 0 0.000392624 0 -0.000245651 -0.00116064 0 0 -0.0146757 0 0 0 0 0 0 -0.00807484 0 0.000356069 -0.0020832 -0.000832624 0 0 0 0 0.0112375 0 -0.00961477 0 -0.00871519 0 0 0 0 0 -0.000586783 0 -0.00175011 -6.75828e-05 0 0 0 0 0 -0.0221215 0 0 0.000637843 0 0 0 0 0 0 0 0 0 0 0 0 0 -0.00371117 -0.0057639 0 -0.00177534 -0.0305132 0 0 0 0 0 0 0 0 0 -0.00407272 0 0 0 0 0 0 0 0 0 -0.000606655 -0.000686351 0 0 0 0 0 0 0 0 0 0 0 0 0 0 0.00107542 0 0 0 0 0 0 0 0 -0.00212444 0 0 0 0 -0.000809694 0 0 0 0 0 0 0 0 0 0 0 0 0 0 0 0 0 0 -0.00063015 0 0 0 0 -0.012199 0 0 0 0 0 0 0 0 0 0 0 0 0 0 0 0 0 0 0 0 0 0 0 0 0 0 0 0 0 0 0 0 0 0 0 0 0 0 0 0 0 0 0 0 0 0 0 0 0 0 0 0 0 0 0 0 0 0 0 0 0 0 0
0 0.0266353 0 -0.00203068 0 -0.00639988 0.0660779 -0.00371544 0.00127813 0.00687303 0.0486303 0.00928006 0.0216185 0.0247893 -0.00375162 0.024901 0 -0.00443937 0 0.0293231 0 0.0214198 0.0327528 -0.00101249 0.00285274 -0.000830752 0 -0.013608 -0.0249258 0.044452 -0.0263383 0 -0.00368695 0.00558705 0.00861214 0.0582757 0 0 -0.00261079 -0.00961477 0 0 0 0 -0.00393949 0 -0.00150162 0 0.0301224 -0.0258122 0.0161206 0.0345875 -0.00606479 -0.0294413 0.0347947 0.0898783 0 0.188501 -0.00194012 0 0 0.0125112 0 0 0 -0.0158845 0 0 0 0 0 0 0 0 0.0573622 0.00549188 0 -0.00473376 0.165906 0.00367486 0 0 0 0 0 0 0 0 -0.0126504 0 -0.00341137 0 0 0.00273162 0 0 0 0.0320357 -0.00903725 0 -0.000928842 0 0 0 0.0264213 0 0 0 0 0 -0.00817483 0 0 0 -0.0291048 0 0.00808863 0 0 0 0 0 0 -0.0056423 0 0 0 0 -0.00215915 0 0 0 0 0 0 0 0.0205861 0 0 0 0 0 0 0 0.016355 0 0 0.050279 0 0 0 0 0.05616 0 0.00255162 0 0 0 0 0 0 0 0 0 0 0 0 0 0 0 0 -0.0108993 0 0 0 0 0 0 0 0 0 0 0 0 0 0 0 0 0 0 0 0 0 0 0 0 0 0 0 0 0.00432213 0 0 0 0 0 0 0 0 0 0 0 0 0 0 0
0.00673818 0.0179247 -0.0248613 -0.0214136 0.0222767 -0.0194168 -0.0663226 -0.0467546 0.0560033 0.00466485 0 0.0345463 0.0464483 0 0.0388002 0 -0.000806005 -0.0147569 0.0184218 0 -0.00983437 0.0520075 -0.0354511 0 -0.0170869 -0.00866364 0 0 0.070056 -0.0307953 0.0273988 -0.000918299 0.000322005 -0.0172466 0.0130995 0.0416587 0 -0.0102021 0 0 0 0 -0.0577947 0.102609 -0.00724097 0 -0.00199954 -0.0037416 0.0201812 -0.00163869 0 0.109316 0.00290486 -0.00162152 0.0143482 0.0104558 0 -0.0115271 0 0 0.0127321 0 0 0 0 0 0 0 0 0 0 0 0 0 0.0245806 -0.0199726 0 0.00426918 0.0497516 0.113615 0 0 0 0 0 0 0 0 0.013116 0 0 0 0 -0.0548624 0 0 0 0.0140548 -0.0177902 0 0 0 0 0 0.0480467 0 0 0 0 0 0.234137 0 0 0 0.00762146 0 0.0542715 0 0 0 0 0 0 0.0434021 0 0 0 -0.0077989 -0.0124624 0 0 0 0 0.0207407 0 0 0.0431073 0 0 0 0 0 0 0 -0.0046409 0 0 -0.0693057 0 0 0 0.0280107 -0.0289455 0 0.0920684 0 0 0 0 0 0 0 0.00820497 0 0 0 0 0 0 0 0 0.00199376 0 0 0 0 0 0 0 0 0 0 0 0 0 0 0 0 0 0 0 0 0 0 0 0 0 0 0 0 -0.00113056 0 0 0 0 0 0 0 0 0 0 0 0 0 0 0
-0.018452 -0.0141908 0.0183222 0 -0.0463453 0.0678151 0.00652253 0 -0.0166607 -0.0230293 -0.0382824 -0.0125888 -0.0346057 -0.0103139 -0.0754063 -0.00719946 -0.00362148 0.0358772 0.0410934 0 0.00120451 -0.0293333 0.0122324 0 0 0 -0.00644782 0.00119917 -0.01404 0.00178258 -0.00246672 -0.00351624 0.032202 0.0189375 0.0030875 -0.0270629 -0.000389005 -0.0019492 -0.00377494 -0.00871519 0 -0.0577947 0 -0.0196661 0 0 -0.00259853 0 0 0 0.0253053 -0.0433307 -0.010319 0.0116476 0.0110886 -0.0124524 0 0 0 0 -0.0722038 0 0 0.00118083 0 0.0139497 0 0 0 0 0 0 0 0 0 0.0133362 0 -0.00767977 0 -0.0390451 0 0 0 0 0 0 0 0 0.0440646 0 -0.0234174 0 0 0 0 0 0 0.0398815 0.0109395 0.0427242 0.047246 0 0 0 -0.0409464 0 0 0 0 0 -0.00516365 0 0 0 -0.056096 0 -0.0330336 0 0 0 0 0 0 0.0214652 0 0 0 0.0238007 0.0338491 0 0 0 0 0 0 0 -0.0178138 0 0 0 0 0 0 0 -0.0488031 0 0 -0.0223817 0 0 0 -5.97092e-06 0.00372196 0 -0.0244315 0 0 0 0 0 0 0 0 0 0 0 0 0 0 0 0 0.0259335 0 0 0 0 0 0 0 0 0 0 0 0 0 0 0 0 0 0 0 0 0 0 0 0 0 0 0 0 0 0 0 0 0 0 0 0 0 0 0 0 0 0 0 0
