0 0.102889 0.00533078 0.00197368 0.0889848 0.00670411 -0.0241281 0.00557069 1.38649e-06 0.0915614 0.0534569 0.0699665 0.0404669 0.0203003 0.0397668 0.0237077 0 0 0 0.039456 0.0023783 0.0371497 -0.00372459 0 0.00614561 0 0.000316699 0 0.0170018 -0.0236453 9.18891e-07 0.000470556 0 0 0 0.00171018 0 0.00519938 0 0.000573842 0 -0.000667761 0 0 0.00260615 0 0.00596206 0 0.00668493 0.00509547 0 0 0.0287263 0 0 0 0.000723005 0 0 0.110232 0.0319149 0.0087445 0 0 0.000849666 0 0.0104623 0.00168868 0.0152845 0.00160209 0 0 0 0.00218127 0 0.00316841 0 0 0 0 0.00439662 0.00488064 0.11188 0.00786723 0 0.000344722 0 0 0 0.0160386 0 0.0128875 0 0.00688059 0.0153417 0 0.013401 0 0 0 0 0.0249791 0 -0.00142584 0.00281392 0.00163048 0.00114749 0 0.00602582 0.00389903 -0.0095978 0.00118919 0.00211367 0.00644098 0 0 0.00315237 0.0316638 0 0 0.000490055 0 0.000923028 0 0 0 0.00211756 0 0 0.0020654 0.0318671 -0.00163659 0.00734578 0 0.00470203 -0.000505163 0 0 0.000432901 0 0 0 0 0 0.010329 0 0 4.00047e-05 0 0 0.00202663 0 -0.00592627 0.000351416 0 0 0.00477369 0.0143271 0.00220507 0.00394811 0 -0.00716447 0.00323745 0 0 -0.00444331 0 0 0 0 0 0 0.00182927 0 0 0.00924638 0 0.000364562 0.00208192 0 0.0260625 0 0 0.0115788 0 0 0 0 0.0130664 0 0 0 0 0 0 0 0 0 0 0 0.000448034 0 0 0 0 0 0 0 0 0 0 0 0 0 0 0
0.102889 0 0.00564558 0 0.0870772 -0.0011331 -0.0349242 0.00395908 -0.00991179 0.0769816 -0.00562079 0.128469 0.0452812 0.0270718 0.0467088 0.0376754 0 -0.000921133 -0.00473003 0.0732329 0.00349785 0.037001 -0.0285769 0 0.000542146 1.5774e-06 0 0.00375252 0.0676297 -0.0290283 8.10272e-07 0 0.00198692 -0.00138347 0.00189267 0.019639 0.00104193 -0.015423 0 0.0015144 0 0.00406507 0 0.00200568 0 0 0.00310257 0 0.0320689 0.0102499 0 0 0.0358439 0 -0.00171121 0.000476439 0.00202283 0 0 0.0254563 0.0124836 0.0383011 0 0 0.00130666 -0.00547931 0.0357828 0.00123893 0.0311097 0.00181493 0 0 -0.0129872 0.00116239 0 0.00671271 0 -0.00170782 0 0 0.00346459 -0.0208846 0.0287537 0.00579971 0 0.00237842 0 0.00402565 0 0.0506046 0 0.0113887 0.00278289 0.0289422 0.00553195 0.000843661 0.00907146 0 0 0 0 0.0347396 0 0 0.00561517 0.000637963 0.00164769 0 0.00333456 0.00956254 -0.00170246 0.00331402 0.00931298 0.00304972 -0.0320067 0 0.00491867 0.0125988 0 0 0.00377713 0 0 0 0 0 0.00105235 0 0 0.00210467 0.0483459 -0.00304183 0.00369332 0 0.00310496 0 0.00766964 -0.00622547 0.0102078 0.000993953 0 -0.00247261 0 0.00254159 -0.00544658 0 0 0 0.000165995 0 0.00410498 0.000288696 -0.0124265 0.00208571 0 0 0.00551793 -0.0111025 0.00293586 0.0138242 0 -0.00935199 0.0133129 0 0.000800412 0 0 0.000686934 0 0.000402167 0 0 0.00115288 0 0 0.0793891 0 0.00113894 0.0106077 0 0.014806 0 0 0.0080613 0 0 0 0 0.00886457 0 0 0 0 0 0 0 0 0 0 0 0.00653824 0 0 0 0 0 0.000230436 -0.0085878 -0.0196483 0 0 0 0 0.000360074 0 0
0.00533078 0.00564558 0 0.0330111 0.0152461 0.116641 0.000472942 0.0476296 8.91322e-06 0.00209043 0.00686182 0.000147204 0.00115984 -0.0189664 0 0.0118105 0.0168473 0.0227206 -0.0217 0.000877744 0.023885 0.00323935 0.0035383 0.0194854 0.0265308 0.0126211 0.0106161 0.00535995 -0.00423367 0.00241223 0.00684715 0.0226759 0.00750963 0.018317 0.00725295 0.00224168 0.0222756 0.0453736 0.0165442 0.0135214 0.00147717 -0.0163064 0.0444414 0 0.0167686 0.0159126 0.0190097 0.0172248 0.000821064 0.00474507 -0.006946 0.00200595 0.00950207 0.00220057 -0.000349304 0.00334166 0.0157591 0.000484455 0.00957849 0.00142297 0 0.00817178 0 0.00469072 0.0192284 0.00327592 -0.00458498 0.025484 0.00319949 0.0169784 0.00406326 -0.0111908 0.0130835 0.0140129 0.00064038 0.0105963 0.00258549 -0.0305165 0.000328902 0 0.052239 -0.00438957 0.00384111 0.0167741 -0.0140542 0.00905316 0.00455702 0.00136905 1.20367e-05 0.00185205 0.00267141 0.00454006 0.0162476 0.000113761 0.0138073 0.00338479 -0.000266735 -0.000993542 -0.0106619 0.0022769 0.000421105 0.00305603 0.0012616 -0.0236543 0.00252839 0.0202174 0.0115439 0.00958678 0.016371 -0.0042025 -0.00116238 0.000582186 0.0136943 0.0093152 -0.00710844 0 0.00281117 -0.00197373 -0.0150982 0.0015459 0.000425806 0 0.00643212 0 0.000672517 0.0181553 0.0163915 0 -0.0100685 0.0126309 0.00394831 0.000628283 0.0218317 8.86976e-05 0.0226929 -0.00685989 0 0.00139092 0 0.0153943 -0.0172148 0.0121544 0.00313141 0.00286201 0.00197829 0.00501452 -0.00105413 0.00193167 0.000261679 0.0144102 0 0.000580706 0.0010135 0.00135409 0 0 0.00904858 -0.00456007 0.0121479 -0.00707259 0.00109031 0.00213039 0 0.00424243 0.00756471 0.00433959 1.21474e-05 0.00295863 -0.0100503 0.00157494 1.30182e-05 0.00242893 0.0105939 0 0 0.000743584 0.0061168 0.00594068 0 -0.00361236 -1.07542e-05 0.00139075 -0.00649632 -1.28285e-05 -0.00131141 0.00363209 0.00241758 0.00561712 0 0 0 -0.00733773 0.00134986 1.35861e-05 -0.00266561 0.00300041 0.00368287 0.00193169 -0.00547978 0.00112116 0 0.000806511 0.000520903 0.00149504 0.00196764 -0.00493809 0 0.000729213 0.000137132 1.15848e-05 -0.00272819 0.00234521 0 0 0 0
0.00197368 0 0.0330111 0 0.00436683 0.0229189 -0.0163627 0.0262845 -0.0352764 -0.00272332 0.00559786 0 -0.00180261 0.00409621 0 -0.0468816 0.0258823 0.031962 -0.0286519 -0.0122517 0.0122095 0 -0.0097019 0.0197291 0.0116988 0.0495993 0.0230197 0.0437156 0 -0.00331044 0.0286526 0.0290294 1.23232e-05 0.000578918 0 -3.27058e-06 0.0172394 0.0589965 0.0730558 0.017287 0.000446932 -0.0198015 0.0147254 -0.00712048 0.0353608 0.0120687 0.0697506 0.0188773 0.000984988 0.0210721 -0.00170261 0.0012085 0.00325274 -0.00502182 -0.00492708 0.00354291 0.0151292 0.00100897 0.0108594 0.000576145 0 -0.0119619 0 0.00498386 0.0329274 -0.0325456 -0.016416 0.0213795 0 0.015295 0.0229753 -0.0149728 0.0112893 0.0446437 0 0.00367508 0.00217249 1.10774e-05 0 0 0.0388346 0 0.000715988 0.0232384 -0.0182355 0.0123201 0.0199443 -0.0149045 1.06762e-05 0 9.06696e-06 0.00437535 0.0174196 0 0.0137956 0.00842088 -0.0113663 0.00417742 1.38445e-05 -0.008791 -0.00290912 0 0.00128703 0.0169511 9.25179e-06 0.284521 0.0104026 0.0109832 0.00392679 -0.00302664 -0.000867094 0 0.0140657 0.0210797 0 0 9.21313e-06 -9.43027e-06 -0.00575001 -0.000867537 7.94648e-06 0 0.0122995 7.92367e-06 0 0.0151956 0.031108 0 1.24486e-05 0.0154662 -0.0183032 0.0015262 0.0211191 0 0.0110495 -0.0110279 0 -0.0069496 0 0.00871835 1.27652e-05 0.0150976 -0.00136174 -0.00142871 0.00139757 0.000310463 -0.0217598 0.00211497 0 -0.0137077 5.86848e-06 0 0.000207281 0 0 0 0.00681023 0 0.0173343 1.00937e-05 0.00132835 0.000995703 0 -0.00113905 0.00574387 -0.00403894 1.07783e-05 0 1.13361e-05 -0.0122689 1.15807e-05 0.00287666 0.0104833 9.00895e-06 0 0 0.00689263 0.00475305 0 -0.00908888 -9.55215e-06 -0.0159893 0.010219 -0.000351131 -0.00258092 0.010618 0.000279246 0.00701864 -8.28992e-06 -0.00639565 -0.000538416 -0.00617849 2.02018e-05 1.21379e-05 0.00526725 0.00151734 0.00368788 0.00543724 1.34191e-05 0.00300423 0 0.000993711 0.00169202 1.13772e-05 0.000500814 -0.00355281 0 0.00224223 -0.00317581 1.02463e-05 0.001923 0.0154706 0 -0.00657397 0 7.98743e-05
0.0889848 0.0870772 0.0152461 0.00436683 0 0 -0.0155772 0.0115839 -0.0016734 0.175318 -0.00470521 0.0794852 0.0361917 0.054934 0.0698551 0.00865209 0.0142263 -0.00170457 -0.0127741 0.0191816 0.000217856 0.0324393 -0.0060346 0 0.00589653 0.000201784 0.0067092 -0.0111126 0.0112288 -0.017516 0.0496805 0.00750534 -0.028286 -0.0103839 0 -0.0064797 0.00132942 0.0038151 0.000350273 0.000833694 0 0.00153441 0 0 0.00424409 0 0.0169007 0 0 0.000496072 -0.00523369 0 0.0235546 -0.00408359 -0.0061392 0 0 0 0 0.0618184 -0.00985776 0.00565136 0 0 6.13948e-05 -0.0133048 0.00110508 0.000385467 0.012046 0 0.00106404 0 0 8.54061e-05 0 0 0 -0.011908 0 0 0.00608789 0.0160484 0.0242999 0.0105722 -0.0131047 0 0 -0.00126825 -0.00761413 0.0151086 0 0.000171683 0 0.00611046 0.00189328 -0.0137317 -0.01146 0 -0.00904173 -0.000273215 -0.00706809 -0.00636563 0 0 0 0.00882304 0 -0.00309371 0.0173829 0 0 0 0 0.00276471 0 0 0 0.0230256 0 -0.0037302 0 0 0.0318067 -0.00209906 0 0 0.00336562 0 -0.000479791 0 0.0114591 0 0.0220557 0 0.0170232 0 0 0 0 0 -0.0111402 0 0 -0.0158343 0.00614687 0 0 0 0 0 0 0 -0.0042587 0 0 0 0.00012602 0.0197093 0.000473413 0 0 -0.00844273 0 0 0 0 -0.00445027 0 -0.00445962 -0.00547149 -0.00240729 0 0.000539775 0 0 0.00997873 0 0 0.000649544 -0.00447663 0.0194423 0 0 0.0113433 0 0 0 0 0.0237471 0 0 0 0 -0.00994882 0 0 0 0 -0.00428973 0 0 0 0 0 0 0.00555855 0 0 0 -0.00798522 0 0 0 0 0 0
0.00670411 -0.0011331 0.116641 0.0229189 0 0 0.00157724 0.094189 -0.0246544 -0.000656476 0.00263993 -2.98044e-06 -0.0031486 -0.00621266 -0.00205566 0.0133956 0.00176529 0.0787451 -0.00361579 -0.0099634 0.0280291 -0.00666463 -0.00491274 0.0318304 -0.00273584 -0.00434659 0.00459808 -0.000256459 -0.00974023 0.00116859 7.23148e-06 0.0170965 -0.00341127 0.0526247 0.00954845 -3.53986e-06 0.0204208 0.0346885 0.0181692 0.0123474 0.0031491 -0.00158882 0.0512196 -0.00978549 0.0210225 -0.00420123 0.0173813 0.0200127 0.00296458 0.0215448 -0.00272949 0.00280965 0.00722161 0.0163154 -0.0432466 0.00562282 0.0221951 0.00253006 0.0125798 0 -0.005156 -0.0108156 0 0.00628339 0.0247403 0.00464459 0.00248018 0.0242945 0.000125353 0.205868 -0.0167523 0.00345678 0.000315508 0.0151039 -0.01755 0.0126058 0.00416301 -0.00391819 0.00226804 0 0.0165066 -0.0271153 0.00209425 0.0495478 0.0123914 0.0165096 -0.019269 0.0118872 -0.0193034 0 0.00319181 0.00695766 0.0188372 -0.0011914 0.0147508 0.0162611 -0.0094924 0.00783529 0.00299544 0.00914257 0.0121969 -0.00039004 0.00135698 -0.0141646 0.00186082 0.0168817 0.0129663 0.0107148 0.00469324 -0.00614991 -0.00105977 0.00251154 0.0177308 0.00815064 -0.00492535 0 -0.0016093 -0.00844502 0.00828623 0.00540302 0.0030503 0 0.0070248 -0.00119118 0.000731689 0.0139673 0.0206541 0.00277286 0.00439614 0.0213293 0.00377478 0 0.0146719 0.00129141 0.0181006 -0.00244337 0 -0.0159574 0.00209139 0.0271037 0.00523783 0.0157005 0.00266028 -0.00449016 -0.00129657 0.00716255 0.0127645 -0.00550348 0.00101255 0.0159277 -0.00637942 0.00240498 0.00320889 0.00216607 0 0 0.0107688 -0.031884 0.0129988 0.00502485 0.00155692 0.00527058 0 0.00276725 0.0131947 0.00787653 -0.00333744 0.00347339 0.00323726 0.00705165 -0.002637 0.00568758 0.012939 0.00192547 -0.00333911 0 0.0110946 0.00876449 0 0.00517644 -0.00429128 0.00106328 -0.00988679 -0.00513591 -0.000579713 0.00292795 0.00451789 0.00869062 -0.0130335 0 0 -0.0224293 0.00438009 -0.014132 0.000480255 0.00673783 0.00551492 0.00188703 0.00016118 0.000970066 0.00147383 0.000521106 0.000114608 0.00444882 0.00453485 -0.0412256 0 1.04809e-05 1.01352e-05 0.000834883 -0.00107974 0.00154463 0 2.72306e-06 0 0
-0.0241281 -0.0349242 0.000472942 -0.0163627 -0.0155772 0.00157724 0 -0.00851974 0.00161278 1.14092e-06 4.45147e-07 -0.00587442 7.52184e-07 0.000319042 0.000879042 0 0.000703146 -0.0634054 -0.0513034 0.0440261 0.00136441 -0.0538563 0.434761 0.00690595 0.00556183 0.00458846 7.87088e-06 8.97896e-06 -0.0378694 0.284622 -0.000995644 8.80882e-06 0.0175245 0.0127445 -0.0108511 0.0132693 9.1512e-06 0.00556275 0.00502811 8.91635e-06 0.0244934 -0.00422348 0.0194824 0 -0.00214447 0.00314262 8.38174e-06 0.0104581 -0.0162567 8.88919e-06 0.0192233 0.0270815 -0.0365534 0.0126812 0.0109594 0.00103316 0.00188032 0.019483 0.0060382 -0.0110426 -0.016591 -0.0106803 0 0.054084 0.00228778 0.0113704 0 -0.00191185 0 0.00857218 4.73116e-06 5.50021e-06 0.0107174 0.0047257 0.0285483 -0.000799018 0.0153151 -0.0114744 0.0114276 0 -0.0513629 -0.00541055 0 0.00997559 0.0288382 9.17057e-06 6.47408e-06 0.0108303 0.00274486 0 4.68003e-06 0.0191692 0.0147159 0 -0.0018529 0.00838427 -0.00305983 0.00799719 0.0468148 -0.0229683 0.0172231 -0.00383623 3.33577e-06 6.85066e-06 0.000265737 8.62648e-06 8.35695e-06 0.0413976 0.00458826 0.00393361 0 0.00178351 -0.0761422 7.49919e-06 0 2.2543e-06 4.72426e-06 0.0121215 0.000943557 0.0049412 0 0 0.00324497 0.00311471 0.0295522 0.00735271 0.00232435 0.0121576 0.00662394 0.000848234 -0.00131142 2.90454e-06 0.00287028 0 0.00215284 -7.0039e-06 0 5.19463e-06 0 0.0020288 0.00963604 0.0104389 0.00164068 -0.00571281 1.12774e-06 0 -0.000408322 0.0673647 0 0.00600465 0 3.75446e-06 0.235476 3.39952e-06 0 0 0.00141171 0.0175487 -0.000971519 0.00423114 0 0.0622823 0 5.52072e-06 -0.00642395 0.00215665 0.0024189 0 0.00395626 0.01026 0.00191206 6.31741e-06 -0.00514975 0.0204144 0 -0.00698004 0.00521157 7.93292e-06 0 0.00795968 0.0128939 5.312e-06 5.38779e-06 0.00233705 0 0.000561803 4.97842e-06 0.00490639 0.0128734 0 0 -0.00450964 6.1897e-06 0.00357907 0 0.00619131 0.0027398 6.09846e-05 0.00631392 0 0 4.95663e-06 3.77346e-06 0.00230995 -0.0271498 0.00312711 0 5.23714e-06 5.04306e-06 0.00102676 -5.71408e-06 2.54128e-06 0 0 0 0
0.00557069 0.00395908 0.0476296 0.0262845 0.0115839 0.094189 -0.00851974 0 8.56088e-06 0.00283105 -0.0218725 0.00103891 -0.00377065 0.00462348 0.0159626 0.00232604 0.00996209 -0.11547 0.00727428 -0.023217 0.0505269 0.00324077 -0.00669267 0.0210589 0.021762 0.0164062 0.00965419 -0.0223679 -0.0194737 -0.00308769 0.0230654 0.0171338 -0.00759525 0.0131451 -0.0108354 0 0.0215648 0.0239818 0.00321554 0.00802723 0.00290832 -0.020284 0.0279695 -0.00265197 0.0210368 0.00930357 0.0271916 -0.0141532 0.00132888 0.0203191 0.00323551 9.78319e-06 0.00975435 0.00814603 -0.0239034 0.00418284 -0.00903182 0.00198618 0.0107974 0.000914405 -0.0115603 0.00383278 0 0.00314099 0.0208784 0.000826738 0.00119877 0.0246981 0.000366156 0.0168441 0.025969 0.00366453 -0.0119491 0.0154248 0.00063795 0.0193202 0.00244828 0.000605078 0 0 0.0336819 0.000624209 0.0118753 0.0424376 -0.000273172 0.0198466 0.00573479 -0.00275452 1.15691e-05 -0.00700488 6.06056e-05 0.00685253 -0.00102729 5.81795e-06 0.0158988 0.00976996 0 0.00598352 -0.0142705 0.00695237 0.00982679 0 6.77586e-06 0.0132166 -0.0176385 0.0182555 0.0121123 -0.0141008 0.016264 0.00570416 -0.00241694 0.00116702 0.0156268 0.0203279 -5.79689e-06 0 0.00337427 -1.01666e-05 -0.00131288 0.00374443 0.0044125 -5.38064e-06 0.0262622 0 0.000238948 0.00770865 0.0208422 0.00158438 -0.000160337 0.0181413 0.00664254 0 0.0813807 0 0.0607447 -0.00811167 0 0.00221733 0 0.0137829 -0.00853508 -0.014559 0.00895865 0.00762562 0.000364354 0.00841195 -0.00461548 0.00380107 0.000335817 0.00803046 6.37988e-06 0.000759788 -0.00374793 0.00138109 0 0 0.00812988 -0.00286973 0.0123095 -0.00731656 0.000399173 0 0 0.0105022 0.010134 0.00629993 1.1689e-05 0.00170018 0.000732586 0.00477899 -0.00419017 0.00672267 0.0189719 9.81806e-06 0 0.000624202 0.00775369 0.00750217 0 0.00265469 -1.03781e-05 -0.000251453 0.00223886 -0.0003053 -0.00321984 0.00460722 0.00227617 0.00801975 -0.00578838 0 -0.000621825 -0.00487631 0.002545 1.30612e-05 -0.00178252 0.00305953 0.00418693 0.00871521 -0.00276041 0.00259995 0.0016419 0.00129855 0.00041305 0.00275594 0.00849809 -0.0205386 0 0.00149837 -0.0127346 1.1106e-05 -0.00330512 0.00528691 0.000749358 -0.0114925 0 0
1.38649e-06 -0.00991179 8.91322e-06 -0.0352764 -0.0016734 -0.0246544 0.00161278 8.56088e-06 0 0 -0.0486386 0.000271788 0.00909329 9.95472e-07 0.0681201 -0.014711 -0.011297 0.0200709 0.0213643 0.00540117 -0.00490191 0.0451019 4.57846e-06 -0.00999025 0.00894927 5.47969e-06 0 0.0219368 0.0133798 4.31721e-06 3.0149e-06 0 -0.0407966 0.012146 0.0156505 0.000433322 8.53031e-06 -0.0262452 0 0.000277288 0 -7.07342e-06 -0.014441 -0.283138 8.83828e-06 0.0303115 -0.0208352 8.73366e-06 3.68127e-06 0.00304051 0.0125131 0.00452623 0.00476377 0.0125356 0.0381007 0.0306882 -0.00904875 0 0 0 -5.66415e-07 -0.00495758 -0.173503 0 9.07924e-06 0.0447821 0.00556466 0.00236159 0.0149478 8.87292e-06 -0.0136042 0 8.73936e-06 8.71298e-06 0 0.00986505 0.000936934 0.0622094 0 0 8.09173e-06 -0.00349032 0 8.30914e-06 0.0151022 0.00185715 0 0.0506469 0.0186379 0.0114464 0.0202469 0.00154093 8.99313e-06 0.015734 0.00448498 0.030682 0.0844689 0.00497859 0.0095012 0.00548868 0.00935604 -1.84616e-06 0 0 0.00851934 -0.0334356 0.0077164 0.000693516 7.76024e-06 0.0184032 -0.00101028 0.0197729 0.00908746 3.32968e-05 0 0.0127018 0.00585366 0.00924788 6.70011e-06 0.00586318 0.00365936 0 -0.0134887 0.00451908 3.71172e-06 8.85456e-06 8.52901e-06 0.000512976 0.00502653 8.90163e-06 0.0171338 0 -0.0343208 0.00501474 8.03353e-06 -0.0202402 0.00709003 0 0 -0.0307099 0.0115249 8.83468e-06 0 0.0731643 0 5.58644e-06 0 0 0.00632187 -0.00246725 0.0156246 0.00664571 4.72671e-06 0.00119627 0 0 0.00630931 -4.61552e-06 8.37802e-06 0.0370021 0 0 0 0 0.00148769 7.66431e-06 0.00822668 0.0149171 0.00775981 0.00836921 0.007876 5.9558e-06 0.00247752 0.00559263 -0.00107392 0 7.3418e-06 0.00467811 0.00943698 0.0133863 -0.00298481 0 0 -5.40331e-06 0 0 0.00182339 0.00822714 -0.00204875 0.00986678 0 -0.000278881 0.0043286 0.0182281 0 0.00356374 7.70336e-05 0 0.00779505 0 0.000225981 0 0 0.00165298 0 -5.7472e-06 0 0 0 0.00786828 0 0 0 0.0223761 0 0
0.0915614 0.0769816 0.00209043 -0.00272332 0.175318 -0.000656476 1.14092e-06 0.00283105 0 0 0.0518401 0.0176343 0.0668754 0.0416657 0.0103756 0.0244456 0 0 0 0.0540416 0.000157982 0.0192174 1.35963e-06 0 0.00230071 0.0256896 0 0 0.0453519 -0.0101983 7.89686e-07 0 0 0 0 0.0301641 0 0.00197657 0 0.000245706 0.000152882 -1.77135e-06 0 0 0 0 -0.00957692 0 -0.000633501 0.00127512 0 0 0.0193967 0 0.00186504 0 0 0 0 0.027266 0.0325301 0.0282112 0 0 0 -0.00320924 0.014972 0.000394294 0.00587141 0 0 0 0.000451908 0 0 0.00202789 0 0 0 0 0.000524891 0.0108754 0.0290865 -0.0088844 0 0 0 0.00160397 0 0.0359783 0 0.0127849 0.000679132 0.0253995 -0.00324001 0 0.0235249 0 0 0 0 0.0311521 0 0 0.0121779 0 0 0 -0.00112506 0.00485043 -0.00133418 0.00444022 0 0.000553855 0.00155717 0 0.0060324 0.0300454 0 0 0.00165262 0 0.000833367 0 0 0 0 0 0 0.00198728 0.0275902 0 0.00432523 0 0.00103995 0 0 0 0.000307927 0 0 -0.00914785 0 0 -0.00272929 0 0 0.0261627 0 0 0.00481505 0 0 7.86771e-05 0 0 0.00134139 0.015142 0.000389808 0.0172384 0 -0.00208309 0.000193113 0 0 0 0 0 0 0 0 0 0.000499528 0 0 0.00576781 0 0 0.012079 0 0.0111074 0 0 0 0 0 0 0 0.00814566 0 0 0 0 0 0 0 0 0 0 0 0.000870515 0 0 0 0 0 0 0 0 0 0 0 0 0 0 0
0.0534569 -0.00562079 0.00686182 0.00559786 -0.00470521 0.00263993 4.45147e-07 -0.0218725 -0.0486386 0.0518401 0 0.0377047 0.0687624 0.323725 -2.63433e-07 0.0810754 0.00215957 -0.00853157 5.53302e-07 0.104593 0 -0.0839512 5.06162e-07 0.00499984 -0.0134247 0.0122024 0.00205461 -0.012602 -0.0797174 5.20581e-07 -0.00995728 0.00231585 4.46739e-07 -0.0402665 0 0.0121163 0.0026685 0.0126158 0.00291059 0 0.0142007 -0.00339125 -0.0204079 -1.25168e-07 -0.00437036 0.00191035 0.00794822 0.00459956 0.0293899 0.00505912 -0.00396434 0 -0.0393152 -0.00779871 0.00238755 0 -6.72905e-05 0.00528847 7.79745e-07 0.0593755 0.000507066 0.0452767 0 0 -0.00453383 4.97143e-07 0.010107 0.00623536 -0.0324523 0.00579184 0 0.00134396 -0.00501213 0.00301314 0.0208628 -0.0144009 0.00167714 3.4581e-07 0.0168817 0 -0.0245702 -3.56457e-07 0.0264974 0.00952584 5.4799e-07 0.00319741 0 0.000382238 0 0.0201727 0 0.00868111 0.00854938 0 0.00448946 0 -0.0255809 0 0 0 0.000765945 0.0234726 0 0 -0.00278557 0.000629281 0 0.00416652 0.0196645 0.00580281 -0.00211966 0.000852447 -0.0507643 0.00213674 0 0 0.0242253 0.0207867 0 0 0.00824321 0 0.00112101 0 0.0223529 0.00143589 0.00382425 0 0 0.00526774 0.023477 0 0.00598356 0 0.00513185 -0.0003698 0 0 0 0.00132106 0 0.00296218 0 -0.0382207 0.430319 0.000295216 -4.32389e-07 0.0238176 0 0.00190884 0.000699351 2.58803e-07 5.27201e-07 0.00143576 0 0 -0.00406033 -5.02699e-07 0.00361215 0.0188221 0 0 0 0.000420536 0 0 -0.00618217 0.000114171 0 0 -0.0197684 0.000547257 0.00041504 0 0 0 0.00040263 0.00368803 8.40177e-05 0 0.0203975 0.00132165 0.000398494 0 0 0 0 2.64967e-05 0.0201237 0 0 -5.9751e-07 0 -0.0178018 0 0.00030564 0.00236883 0 0 0 0.00178531 0.00122788 0 0 0 0 0 0 0 0 0 0.00401067 0 0 0 0
0.0699665 0.128469 0.000147204 0 0.0794852 -2.98044e-06 -0.00587442 0.00103891 0.000271788 0.0176343 0.0377047 0 0.0652952 0.052416 0.0565666 0.0181255 0 -0.0255336 0 0.0230165 0 0.0880713 -1.65043e-06 0 0.0101321 -0.0124006 -2.63574e-06 -0.00810201 0.0282046 -0.0127114 -0.000265981 0 0 0 0 0.0409562 -2.96421e-06 0.000113901 0 0 0 0.0216844 -0.018334 0 0 0 0 0 0.00794426 0 -0.0182423 0 0.00557688 0 0 0 0 0 -0.0221501 0.0303615 0.00443562 0.012365 0 0 0 0 0.0678712 0 0.0214828 0 0 0 0 0 0 -0.00544153 0 0 0 0 0.0002043 0 0.0308605 0.00234069 -0.0141068 0 0 0 0 -0.00290165 0 0.00654332 -0.00223813 0.00976773 0.00132364 0 -0.00622648 0 -0.00930854 0 0 0.017287 0 -0.00521064 0.000905644 0 0 0 0.00262814 0.00291646 0 0.000321226 0 0 0 0 0.00132512 0.021167 -0.011318 0 0.000868476 0 0 0 0 0 0 0 0 0 0.0461625 0 0.00251258 0 0.00145881 0 0 -0.00409272 0.00189863 0 0 0 0 0 0.0105221 0 0.0239861 0 0 0 0.0127943 0 -0.00518895 0.00141335 0 0 0.0014471 0.018564 0 0.0106218 0 -0.00286012 0.00951748 0 0 -0.0109533 0 0 0 0 0 0 0 0 0 0.0120588 0 0 0.00954127 0 0.0189508 0 0 0.0187624 0 0 0 0 0.00558308 0 0 0 0 0 0 0 0 0 0 0 0.000222193 0 0 0 0 0 0 -0.00868453 0 0 0.021069 0 0 0 0 0
0.0404669 0.0452812 0.00115984 -0.00180261 0.0361917 -0.0031486 7.52184e-07 -0.00377065 0.00909329 0.0668754 0.0687624 0.0652952 0 0.0268019 0.0461419 0.0728692 0 -0.0216354 -0.00174457 0.0351087 -0.0148815 0.0609728 8.908e-07 0 -0.0233123 1.0778e-06 0 0 0.0366079 8.53792e-07 -0.0167661 -0.00400738 0.00737149 0.0039941 0.00649562 0.0421786 0 -0.00596821 -0.00242664 0 0.00693217 0.0224035 -0.0111648 0 0 0 0 0 0.0237208 0 0.00156077 0 0.0171638 0 0.00385203 0 0 0 0 0.0217992 0.0223345 0.0329393 0.00753662 0 -0.0160006 0.00538065 0.0580961 -0.0210936 0.0382922 -0.00176875 7.35541e-07 0 0 0.00198987 0.00276899 0.0056295 0.00126049 0.00496609 0.00110802 0 0 0 0.0109314 0.00615554 0.00237393 0 0 0.0080513 0 0.0606545 0.001525 0.00779812 0.000657358 0.023886 0.00229384 -0.00801622 0.0109092 0 3.66209e-05 0 0.00150482 0.0241731 0 -0.0157391 0.0220301 0 0.00105956 0.000346685 0.00387341 0.0199798 -0.0102476 0.0102178 0 0 0 0.00758502 0.00945805 0.0135773 -0.00586255 0 0.0168467 0 0 0 0.00609476 0 0 0 0 0.00221434 0.0443626 -0.000393049 0.00181496 0.00489682 0.00310733 0 0.00082058 -0.00445812 0.00824498 -0.000567387 0.00126166 -0.00224999 0 0.00159577 0.000872493 0.00072439 0 0.00683233 0.000730247 0.000131921 0.0192242 0.00224864 0 0.0134073 0 0 0.00583132 0 0.00119032 0.0210076 0 0 0.0105481 0 0 0 0 0.00419025 0.000305311 6.25728e-05 3.87174e-06 0 0.000480609 0.00231126 0 0.00604331 0 0.00244761 0.00577471 0.00180395 0.00925711 0 0 0 0 0 0 0 0.0091365 0.00608852 0 0 0 0.0013693 0 0 0 0 0.00175981 0 0.0146045 0 0 0 0 0 0 -0.000768004 0 0.00189061 0 0 0 0.000736996 0 0
0.0203003 0.0270718 -0.0189664 0.00409621 0.054934 -0.00621266 0.000319042 0.00462348 9.95472e-07 0.0416657 0.323725 0.052416 0.0268019 0 -0.301098 0.0376582 0 -0.0322414 -0.0413558 0.0423657 -0.0286368 -0.00335308 0.00538487 0.00487967 0.00697895 0 0 -0.00658162 -0.0696765 1.4738e-06 -0.00612479 -0.00416837 -0.0235371 0.00792822 0.000361784 -0.0393066 0.000944579 0.00737198 0.000234708 2.40968e-06 0.0131804 -2.12787e-06 -0.00843124 0 0.00636206 0 0.00630522 0.00462975 0.0605301 0 0 0 -0.00363584 0.00262964 0.00649002 0 -0.00997387 0.0118005 0 0.025389 0.0216594 0.0418872 0 0 0.00547125 -0.00806841 0.044857 -0.00653809 -0.0664022 0.00588658 0 0 0.00192465 0.00279602 0.0115464 -0.0137534 0.0180252 -0.0164209 0.0386778 0 0.000970292 0 0.0225659 0.00973536 0.00431012 0.00420041 0 -0.0128742 0.000206978 0.0124324 0 0.00651612 0.00702466 0.00261548 0.00341912 -0.0281321 0 0 0.000615491 0 -0.00152366 0.0024425 9.11691e-07 0 0.00357995 0.00270979 0.000992474 0.00255812 0.0236257 0.00780422 -0.000766915 0.00244538 0 0 0 0.00107512 0.0148125 0.0126619 0 3.70385e-05 0.0074951 0 0.00115073 0 0.0241555 0.00172398 0.0016125 0 0 0.0446753 0.0368346 7.80965e-07 0.00057161 6.40777e-05 0.00568179 -1.89418e-06 0 1.45252e-06 0.0175827 -0.0106425 0 0.00295048 0 0 0.0666655 4.99403e-05 -1.63935e-06 0.018025 0 0.00503598 0.000532146 0 1.57126e-06 0.00126962 0 0 -0.00227519 0 0.0039222 0.0326696 0 0.00651304 0 0 0.00328388 0 0 0.000100923 0 0.000515331 0 0.00176897 0.00291517 0 0 0.00459729 0.00353841 0.0137032 0.000234232 0 -1.39675e-06 0 0 0 0 0 0 0 0 0 0 0 0 0 0 0.00213583 0.00736844 0 0 0 0.0010457 0 0 0 0 0 0 1.43844e-06 0 0 -1.55742e-06 0.00114017 0 0 0 0
0.0397668 0.0467088 0 0 0.0698551 -0.00205566 0.000879042 0.0159626 0.0681201 0.0103756 -2.63433e-07 0.0565666 0.0461419 -0.301098 0 0.00215604 -0.00395648 -0.0141129 -0.00581209 -0.121432 0 0.0593021 0.00741372 -0.00260728 0 -2.42187e-06 0.010361 -0.000245558 0.0705987 -0.0121258 0.0588266 0 0.0047373 -0.00520302 0 -0.0124957 0 0.00508533 0 0.0196805 -7.93735e-05 0.0205522 -0.0128942 0.00931337 0 0 0.0194781 -0.0113878 0 0.0144085 -0.00151103 0 0.0663681 -0.00533215 -0.00621134 0 0 0 0 0.034188 0.0773034 0 0.00744665 -2.2199e-06 0 0.00508108 0.0101208 0 0.0557692 -0.000380856 0.0167261 0.00629402 -3.48888e-06 0 -0.0206886 -0.000134143 -0.00466366 0 -0.00690543 0 0 0.0421313 -0.00768635 0 -0.00855015 -3.28013e-06 0 0 -2.91027e-05 0.0519968 0 -2.27136e-06 0 0.00119191 0.00781341 -0.000511934 0.0417327 -0.00177601 -0.0215969 -0.000993843 -0.00360427 0.00327746 0 0.0022626 0 0 0 -0.0119638 0 0 0 0 0 0.0198258 0.0515131 0 0 0.0672031 0 -0.00257181 0 0 0.00349447 -0.000536488 -0.0133603 0 0 -0.000542769 -0.00260046 0 0.0121424 0 0.0262752 0 0 0 0 0 0 -0.00617965 -0.0141561 -0.00268574 0 0 -4.82778e-07 0 0 -1.79632e-06 0 -0.00681313 0 0 -0.0148167 0 0 0 0 0.0455039 0 0 -0.00671039 -0.0276238 0.00071239 0.0026792 -0.000290223 -7.11515e-05 0 0 -0.00176931 -0.00347722 0 0 0 -0.00141034 0 0.00244084 -0.0021462 0 0.00353347 -0.00252503 0.0170026 0.00241324 0.00374938 0.00944376 0 0 0 0 0.00645094 0 0 0.00791933 0 -4.59695e-05 0 -0.00141568 0 0 -0.00441632 0 0 0.000177642 0 0 0 0.00330766 0.0132392 0 0 -0.00136849 0 0 0.00706061 0 0 0
0.0237077 0.0376754 0.0118105 -0.0468816 0.00865209 0.0133956 0 0.00232604 -0.014711 0.0244456 0.0810754 0.0181255 0.0728692 0.0376582 0.00215604 0 0 0.0286785 0.0118152 0.0812133 -0.0310303 0.0344297 0.00278686 -0.010527 0.0162735 0 0 0.0141529 0.0759963 0 -0.0239698 -0.017802 -0.0196876 0.0130618 0.0146914 -0.0393372 -0.00665494 0.00585062 -0.00707225 0.00444281 0.0100758 -0.00234867 -0.00060691 0 -0.00073412 -0.000209942 -0.00227771 -0.0082136 0.0203479 -0.00121009 0.00997591 0 0.050813 -0.0221517 0.0149805 0.00608684 0.00702342 0.00130265 0 0.00747409 0.0219259 0.0949521 0.00113999 0 0.00447563 0.0168063 0.0351195 0.0116504 0.0772084 0.008961 -0.00179756 0.00653749 0.00170968 -0.0117746 0.00412815 0.0204784 -0.010096 0.00751516 0.00259662 0 -0.000400553 -0.0159181 0.00357548 0.012443 -0.000767208 -0.0130635 -0.0116121 0.0116961 0.002879 0.0180644 0.00275987 0.00846527 0.00570886 0.00751965 -0.00594979 -0.00412667 0 0.00327703 -0.00712721 0.00619854 0.0104226 0.0101908 0 -0.0155161 0.0225162 -0.0101359 0.00739492 0.00474811 0.00133349 0.0398926 -0.0103599 0.0626055 0.00795856 0.0032554 -0.00201261 0.0169806 0.0121346 -0.0236988 0 0.00781086 0.0397483 0 0 0.00161349 0.00336325 -0.00275934 0.0040462 0.000824068 -0.000597396 0.0219237 0.0740087 0 -0.00143785 0.0121931 -0.00518624 -0.00209702 0.0039011 5.3304e-06 0.018432 0.0162217 0.00545978 -0.0117138 0.000184564 -0.00521246 0.020541 0.00471889 0 0.00184635 0.00335312 0.0093659 0.00953772 -0.0779873 0 0.013253 0 0 0.00880587 -0.00386709 0.00674142 0.0276987 0 0 0.0371903 0.00105988 0.00578997 0 0.00430824 0.00748047 0.00455721 -0.0134698 0.000828678 0.00207097 0.00710773 0.00357279 -0.000264668 0.0114139 0.00365019 0.00937673 0.00298133 0.00969221 -0.00135913 0.00199063 0 0 0 0 0.00179201 -0.000545415 -0.00100506 0.00988249 0 -0.00727811 0.00405169 -0.00457811 0 0.00317394 0.00447286 0 0.00723285 0 0.0220721 0.00113192 0 0.00365924 0.00115379 -0.00254727 0 0 0 0.00466199 0 0 0 0.00676456 0 0
0 0 0.0168473 0.0258823 0.0142263 0.00176529 0.000703146 0.00996209 -0.011297 0 0.00215957 0 0 0 -0.00395648 0 0 0.00860182 -0.0398242 0 0.00406143 0 0 0.00774735 -0.00275677 0.0268121 0.114546 0.00332552 -0.00232253 0 0.0303022 0.0721425 -0.0121623 1.21906e-05 0 -2.59976e-06 0.0167245 -0.00217176 0.0478665 0.029941 0 -0.0367051 1.3463e-05 0 0.00148924 0.0658904 0.0138708 0.0248784 5.62407e-06 0.00604649 0 0 0 1.33945e-05 -0.0124158 0 0.0237087 0 0.0110165 0.000682477 0.0101409 0 0 0 0.0321232 -0.010053 0 0.00852465 0 -0.0185008 0.0364708 -0.00773786 0.0198847 0.00467722 0 1.27282e-05 0 -0.0182086 0 0 0.0146316 0.0601964 0.00309041 0.00841484 -0.0277663 -0.00370441 0.0376421 0 -0.0164371 0.000265914 0 0.00225749 0.00945129 0 0.00477634 1.35827e-05 0.00328331 0 1.08821e-05 1.16934e-05 1.24639e-05 0.00180895 0 -0.00422503 0 0.0307333 0.0037681 0.0149372 0.0199566 1.03508e-05 0 0 0.000887846 0.0189109 0.0032959 0 0 0.0224456 -0.0152988 1.19876e-05 0 0 0.00707553 0 0 0.0290015 0.0140792 0 0 0.00392022 0 0.000577125 0.0121932 0 0.00721373 -0.0128727 0 0.0198057 0 0.000364118 -0.0192835 0.0200722 0.0019265 0 0 0 -0.0086765 0.000402111 0 0 0 0 0 0 0 0 0.00146623 0.0211061 0.0141893 -0.00732563 0 0 0 -0.00147303 0.000242164 0.000541985 -0.00490842 0 -0.00509846 0 0 0 0.00121462 0 0.0213706 0 0 0 0 0 0.0104551 0.00139565 0.00204479 0.00389357 -0.00596149 0.0153421 0 0.000398261 0.0332879 0 -0.000206448 0.019386 0 -0.0137592 -0.000736947 0 0 0.00210717 -0.00695545 0.00468281 0 0.000651353 0.000947282 8.78386e-06 0 0.0212824 0 0.00541557 0.00417533 -0.00475121 -0.00981327 0.00301671 0 -0.00359386 0 0
0 -0.000921133 0.0227206 0.031962 -0.00170457 0.0787451 -0.0634054 -0.11547 0.0200709 0 -0.00853157 -0.0255336 -0.0216354 -0.0322414 -0.0141129 0.0286785 0.00860182 0 -0.0332739 -0.00867192 -0.0525297 -0.0122525 -0.0235401 0.0854531 0.0111612 0.0717195 0.00952604 0.098036 0.00668576 1.05617e-05 0.0253509 0.0401754 0.015828 0.0295514 0.0104326 -3.62633e-06 0.0186689 0.0117099 0.0727113 0.0159119 0 -0.00779657 0.0176511 0 -0.00250933 0.0424826 0.0147919 0.0253953 0.0041595 0.0241808 0.0100227 0.00511452 0.00307998 0.0517482 0.0080579 0.00663957 0.0585209 0.00221987 0.0167086 0 -1.3914e-06 0.00998222 0 0.0050008 0.0177397 0.0185882 0 0.0428268 0.00145612 0.0211629 0.00522267 0.00473372 0.0164545 0.0108596 9.75616e-06 -0.00315316 0.00184589 -0.00569075 0 0 0.0138407 -0.0434389 0 0.0153243 0.00225102 -0.00962046 0.00619161 0.0155247 0.00431415 -0.0044601 0.00578712 -0.0459261 0.0211925 0.00142553 0.0131214 0.0553311 -5.29892e-06 0.00765858 0.00720307 0.0107964 0.0135275 -4.60151e-06 0.00557024 0.00781517 -0.0019839 0.0178158 0.0103664 0.015286 0.00975839 0.0089938 0 0.00207906 0.0279992 0.00786392 -0.0233461 0 -0.013007 -0.00890559 0.00946808 0.00908912 0.00251731 0 -0.0445431 0.00129746 8.8939e-06 0.0143335 0.0152393 0.000889136 0.0040766 0.0181656 0.00734191 0.000188606 -0.0684436 0.000609783 -0.00664245 0.0281254 0 1.07591e-05 8.34564e-06 0.0207435 -0.00410237 0.0208494 1.20377e-05 0.0050041 0.000243183 1.25109e-05 -0.00441486 1.11178e-05 0.00177213 0.0148809 9.50018e-05 0.00250454 1.15049e-05 0 0 0 0.0747097 -0.00764147 0.0255743 -0.0209763 0.00140818 0.00223421 0 -0.021649 0.00123483 0.00735561 0.00105186 0.00144311 -0.0216765 0.00875087 -0.00489107 0.00284426 0.00814913 -0.00282036 -0.00507029 0 0.00797377 0.00624336 0 0.00757396 -0.00509829 0.00257616 1.12721e-05 -0.00709335 0 0.00365118 0.00509855 0.0100783 -0.00574209 0 0 -0.0389676 0.0040263 -0.00432563 -9.7199e-06 0.00680154 0.0061254 1.12938e-05 0.00217551 0.000938473 0.00105334 1.04763e-05 0.000159186 0.00389096 0.000449855 -0.00800206 0 1.09704e-05 1.0582e-05 0.00370123 -0.00288734 0.00111392 0 0 0 0
0 -0.00473003 -0.0217 -0.0286519 -0.0127741 -0.00361579 -0.0513034 0.00727428 0.0213643 0 5.53302e-07 0 -0.00174457 -0.0413558 -0.00581209 0.0118152 -0.0398242 -0.0332739 0 -0.0335027 0.0196849 -0.000819141 -0.0261568 0.0127391 0.00580186 0.000982192 1.2946e-05 0.0197331 0.00114431 -0.0642996 0.0587103 -0.0207787 0.0415586 0.0544215 0.0180565 -2.57321e-06 0.0101193 -0.0136571 -0.0129407 0.000231188 0.00433098 0.0257493 0.0344569 0 0.00850282 -0.00416388 1.36282e-05 -0.00418929 0.00258291 0.0265584 0.0236573 -0.0178288 0.00179318 0.111169 0.0342093 0.0079865 0.00530774 0 0.010231 -0.00267379 -0.0247389 0.0129596 0 0.00383511 0.0167845 0.010839 0.00638129 0.00903151 0.00784593 -0.00810173 0 0.00144445 -0.0180594 0.00178844 0.00614398 0.0259111 0.00348823 -0.0017505 0.00270682 0.0126168 -0.011201 -0.0383927 0 -0.0302684 0.0737972 0.0247382 1.06001e-05 0.00410451 0.0326594 0 0.0219463 0.00494748 0.00182378 0.00354855 -0.00081851 0.0209173 -0.00872322 0.0627269 0.0152374 0.0386645 0.047236 -0.0274498 0.00847077 0.0464842 0.0110517 -0.00800254 0.01126 0.00763741 -0.0365724 0.0205642 -4.29525e-06 0.00454519 0.0244815 -0.0083354 0.00637107 0.00580198 0.0102491 -0.0194881 0.0281276 0.0560915 0.0112164 0 0.0047024 0.0209796 0.00321952 -0.0074779 -0.00436144 0.0361471 0.045992 0.024158 0.00375002 0 -0.00831129 0.0104594 0.00503181 -1.15986e-05 8.53917e-07 -0.0091034 0.00618301 0.052462 0.0223624 0.0018499 0 0.00614759 1.75783e-06 0.013433 -9.98673e-06 0.00325253 0.00458247 0.0616545 0.00350981 0.034402 -0.0140919 0.0146533 0 0 0.00652548 -0.0151425 0.00558606 0.0105638 0.00114766 0.00170028 0 0.00150203 0.014864 0.0497346 0.01371 0.00516484 0.0223984 0.0175031 0.015964 0.0635692 0.011334 0.00541889 -0.00333993 2.03173e-06 0.0125083 0.0691458 0.000956021 0.0775194 -0.0359409 0 8.96483e-06 -0.0212047 0 1.08674e-05 0.00758386 0.0101698 -0.0254895 -0.000348584 0 -0.0119184 0.0247556 0.0564369 -7.61331e-06 0.013464 0.00642276 0.000403652 0.0247405 0 0.00422616 0 0 0.0207614 0.0144518 -0.00345806 0 8.68663e-06 8.38262e-06 0.00756948 -9.4649e-06 0 0 2.08455e-06 0 0
0.039456 0.0732329 0.000877744 -0.0122517 0.0191816 -0.0099634 0.0440261 -0.023217 0.00540117 0.0540416 0.104593 0.0230165 0.0351087 0.0423657 -0.121432 0.0812133 0 -0.00867192 -0.0335027 0 -0.029158 0.0241642 0.0523789 0.00263722 -0.0678121 0.0271946 0 0.00791757 0.00943309 0.00585572 -0.0207158 0 -0.0227181 -0.0150338 -0.0721443 0.0160502 -0.000465318 0.00601389 0.0029128 0 0.0243468 -0.00204235 0.00474023 0 -0.0118126 0.00100869 -0.0171063 0.00715049 0.0360328 0 0.00457523 0.00120278 -0.0301374 0.000344866 0.0120033 0 0.00379749 0.024358 0.000716634 0.0203676 0.0217151 0.0372793 0 0.00294243 -0.0355714 0.00192026 0.0382544 0.00259227 0.00537295 0.00201153 0 0.0020956 0.00360588 -0.0132255 0.0139067 0.00254087 0.029197 0.00652191 0.0230984 0 0 -0.00075029 0.0182778 0.00789486 0.00321215 -0.0159495 0 -0.00101275 -0.00763021 0.0377653 0 0.0629473 0.00583838 0.0129343 -0.00460212 0.0059681 0.0100055 0 0.00606844 0 0.0019053 0.0259257 0 0 0.0158865 -0.00495207 0.00362715 0.0447011 0.00473144 0.0139039 -0.00235911 0.0187831 -0.0260414 0.000465421 0 0.00130636 0.0317127 0 0 0.00131664 0.0209908 0 0 0 0.0208733 0.00471514 -0.00309137 0 0 -0.00450397 0.0324076 -0.0119547 0.00223118 0.000519407 0.000387567 -0.000188256 0 0 0.00160374 0.00431062 -0.0116398 0.00284844 0.00111773 -0.0113892 0.0281246 0 0 0.028297 0 0.00430357 0.0503473 4.3488e-06 0.00184282 0.00252062 0 0 0.0114961 0 0.00373263 0.0583767 0 0.00160018 -0.0668223 0.00384529 0.000303799 0 0 0.00329239 0 0.00393747 0 0 0.0016257 0.0488234 0 0.000579276 0.00178106 0.0029499 0.0020295 0.000368686 0 0 0 0 0 0 0.00020549 0.00149257 0 0 0 -0.00251121 0 0.0020331 0 0.00232452 1.58708e-05 0 0.00444086 0 0.00334161 0.000249328 0 0.000256129 0 0 0 0 0 0.00263038 0 0 0 0.000648479 0 0
0.0023783 0.00349785 0.023885 0.0122095 0.000217856 0.0280291 0.00136441 0.0505269 -0.00490191 0.000157982 0 0 -0.0148815 -0.0286368 0 -0.0310303 0.00406143 -0.0525297 0.0196849 -0.029158 0 0.00574296 -0.000759582 0.0150799 0.0537411 1.29104e-05 0.00677757 0.0120683 -0.000613609 -0.00242559 7.44141e-06 0.0132452 0.00501776 0.00771936 0.0244538 0.0134547 0.0176949 0.0149487 0.00797023 0.011716 0.00016603 -0.00403599 0.0184614 0 0.0896291 -0.0125597 0.0145394 -0.0231773 8.3822e-06 0.0291799 0.0106481 0.00294458 0.00819166 0.00616436 0.012149 0.00548129 0.0199696 0.000296391 -0.0045568 0.000505209 -0.0117621 0.0102927 0 -0.00353309 0.0602031 0.010444 0.00509499 0.0168457 0.00415138 -0.0119029 9.6311e-06 1.14326e-05 0.00961307 0.0143404 0.00112939 0.0165652 0.00192466 0.00731963 0.00110248 0 0.0346235 -0.00656182 0.00348477 0.0108241 0.00368405 0.0374789 0.00298647 0.00478562 0.00292499 0 0.00193691 0.00567402 -0.00237927 0.00204696 0.0148048 0.0112789 -0.00372989 0.00677709 0.00179737 0.00829655 0.00980281 0 0 0.00133068 0.00486125 0.0112445 0.0326265 -0.000425359 0.00380623 0.00896064 0 0.00198551 0.0214038 0.00793742 -0.000152402 0.00118984 0.00332727 -0.0046185 0.00239274 0.0115468 0.00325872 0 0.00744666 0.00016701 0 0.0102803 0.00888926 0.00299065 0.00453916 0.0165623 0.0081468 0 0.0302696 0.00243003 0.0220145 -0.00351205 0.00309039 1.07828e-05 0.000900696 0.0135437 0.00263679 -0.040594 0.000923418 0.0125271 0 0.0267437 -0.000435792 0.00346609 0.00406696 0.0112108 0.000240472 0.00177525 0.000349245 0.00290301 0 0 0.00900347 -0.00492131 0.00974905 0.00285088 0.00015391 0.000420638 0 0.000215852 0.012005 0.00470363 0.00173867 0.00545899 0.00366274 0.0071722 0.00423997 0.0062688 0.0222541 0.000239606 -1.90688e-06 0.000945419 0.00762347 0.00772469 0.000620953 0.00495411 -0.00104874 1.10795e-05 1.12264e-05 0.000820104 0 0.00206197 0.00439578 0.00581567 -0.00427019 0.00191785 0 -0.000433222 0.00455659 -0.0073391 0 0.00393302 0.00278384 0.00245307 0.005216 0 0.00190928 1.03811e-05 0 0.00315437 0.0160354 -0.00548475 0.0159695 1.09158e-05 1.0556e-05 0.000642998 -1.16921e-05 -0.0499993 0 0 0 0
0.0371497 0.037001 0.00323935 0 0.0324393 -0.00666463 -0.0538563 0.00324077 0.0451019 0.0192174 -0.0839512 0.0880713 0.0609728 -0.00335308 0.0593021 0.0344297 0 -0.0122525 -0.000819141 0.0241642 0.00574296 0 -0.0247897 0 0.0133517 -0.0578385 0 2.11257e-06 0.0618356 -0.0205731 -0.0258762 0 0.0121644 0.00435777 0.0170626 0.0833735 0.000892239 0 0 0.00330452 0 0.0014552 -0.00168622 0.000893213 0.00271029 0 -0.00213191 -0.0369501 -0.0445199 0.00260057 0.00441354 0 0.00492662 -0.000775167 0.00661263 0.00112552 0.00142063 0 -0.0194965 0.0397785 0.0178147 0.0472354 0.00136495 0 0.000463137 0.0100268 0.0396847 0.00150867 0.0610426 0 -0.0191177 0 0 0 0 0.0111393 0 0.00768434 0 0 0.0044445 -0.00371554 0.0267124 0.00494748 -0.000678161 0.00502045 0 0.0116257 0.00186268 0.0208296 0 0.012425 0 -0.0145528 0.010485 0.00342539 0.00709733 0 0.00014424 0.00132367 -0.0106745 0.0299126 0 -0.0220845 0.00543051 0 0.00371052 0 0.00280432 0.0237834 0 0.00353127 0.00855956 0.000358866 0 0.0326516 0.00451166 -0.00288966 -0.0165917 0.00183201 0.0178182 0 0 0.00050259 0 0 0.00200278 0 0.000161948 0.00395992 0.0478774 0 0.00331737 0.00930195 0.00309976 0 0.0165844 0 0.00243298 0.000174821 0.00340094 0 0 0.00936879 0 0.00412297 0.00735361 0 0.0400671 0.00253269 0.0541561 0.00841467 -0.00969835 0.0125246 0 0 0.00456738 0 0 0.0171053 0 -0.00611444 0.00182585 0 0.00431313 0 0.000398469 0.0449458 0.00528227 0.00379186 0.00537579 0.0024356 0.00345522 0.00134228 0 0.00680743 0.000385364 0.00570405 0.00134612 0.0013929 0 0 0 0.00979037 0 0 0 0.00015979 0 0.0180901 0 0 0.00143671 0.00250752 0 0 0 0 0.00332864 0 0.0104491 0 0 0.00228112 0.0025915 0 0.01039 0 0 0.00751721 0 0 0 0.0109533 0 0
