0 -0.0104451 -0.00799497 8.81688e-06 0.0162364 -0.0383402 0.0400795 -0.014163 0.0111203 0.00169275 -0.0113762 0.00543664 0.00260164 0.0255328 -0.0146263 0.00861649 0.00707745 8.36628e-06 -0.00968036 -0.0644706 0.00222772 -0.0249272 -0 0.0196162 -0.0113163 -0 -0.00595345 0.00838841 -4.69419e-05 -1.30634e-05 -0.0167129 -0.00215639 0.0120851 -0.00852383 9.11687e-06 -0.0191052 -0.00845938 -0.00888479 7.07204e-06 -0.0318814 -0.0353712 0.00770214 0.0120916 0.0185108 -0.00496408 -0.00830939 -0 -0.00947136 -0.0082263 0.00314137 -0.0131544 -0.00785293 -0.0105103 -0.0241318 -0.00113221 -0.0129629 -0 9.14372e-06 0.00413867 0.0082325 0.00516242 -0.0228473 0.0275209 -0.000438528 0.0150104 0.00364701 -0.00135028 0.0358328 -0.00035147 -0 -0.0163514 -0.0050479 -0 -0 -0.0188464 -0 0.00541491 -0.0141317 -0.00516268 -0.00304772 -0.00105858 0.00625748 -0 -0 -0 -0.0223639 -0.0485591 -0.000840606 -0.00416972 -0 -0 -0 -9.66593e-06 -0.0327797 -0.00100181 -0.0161715 -0.0150007 9.23048e-05 -9.5981e-06 -0 0.00680429 -0.0220598 -0.00471659 -0.0130395 -0.039451 -0 -0 0.0199599 -0.00454758 -0.0025074 -0.00263888 -0.0112965 -0 -0 -0 -0
-0.0104451 0 0.066146 -0 -0 -0.011079 -0.0190408 0.0612243 -0.0160256 -0.00337172 0.01304 -0.0340431 -0.00628976 -0.0174205 0.0114686 -0.0260511 -0.00661656 -0.0298519 0.0764111 -0 -0.00996514 0.0503906 -0.0114331 -0.00144122 0.00439534 -0.0174805 -0 -0.0183554 -0.00187415 -0 0.00155588 -0 0.0084884 0.0150765 -0.011981 0.00935146 0.0148837 0.00114642 -0.00732937 -0.0214306 -0 -0.00629231 0.011275 -0 -0 -0.0290539 -0 -0 0.0655518 0.000533633 0.00272142 0.0271748 0.00914133 0.00644967 -0.0107869 -0 -0.000823549 -0.00662908 0.0160466 -0.00040091 -0.000268467 0.00236467 -0 -0.0134153 -0.0160009 0.000980075 0.00953753 -0.000807641 -0 -0 0.00310263 0.032197 -0.0147988 -0.0168127 0.0207248 -0.0233409 -0 0.000670442 0.00232156 0.00231016 -0 -0 0.0115838 -0 -0 -0 7.08614e-05 -0 -0.0308579 -0 -0 -0.0112097 0.043569 -0 -0.0267218 0.0179773 0.0381852 -0 0.013455 -0.00346868 -0.000557611 -0 0.045451 0.00102293 0.00495475 -0 -0.0029587 -0.00240285 0.000184542 -0.0130172 -0 0.001557 -0 -0 -0 -0
-0.00799497 0.066146 0 1.89227e-05 -0 -0 -0.00644133 0.0872782 -0.00778067 -1.07227e-05 0.0388616 -0.00962019 2.53822e-06 -0.0314636 0.0406599 -0.011151 -0.0134548 -0.0130371 0.0249495 0.00485074 -0 0.0333701 -0 -0.000424334 0.00588271 -0.0154024 0.00148917 -0.00728918 -9.5135e-06 -0 0.0150398 -0 0.00628208 0.0116591 -0.0042238 0.0379472 0.0196205 0.0073276 -0.00336749 -9.34249e-06 -0 -0.00582522 0.0168456 -0.00349553 0.00381684 -0.0112596 -0 -0 0.0513973 -0.000198051 0.00639582 0.00697878 0.0224286 0.0279935 -0 0.00740628 -0.00321525 -0 0.0170883 -0.00854979 -0.0014574 0.00887671 -0.00486501 -0.00382259 -0 -0.000845865 0.0357849 -0 0.00160063 0.00365761 0.00492955 0.0337882 -0.0146031 -0 0.0442441 -0.0219051 9.64476e-07 0.0105436 0.00493254 -0 -0 -0.00359218 0.0114718 -0 -0.00215025 -0 0.00999534 -3.50756e-06 -0 -0 -0 -0.0105636 0.0102775 -0 -0.0105205 0.00594282 0.0169646 -0 -0 -0.0068256 -0.00622806 0.00112897 0.0113062 -0 0.00368418 -0.00145332 -0 -0.003745 0.0041477 -8.70596e-06 -0 0.0130012 -0 0.000890204 -0 -0
8.81688e-06 -0 1.89227e-05 0 0.00191656 -0.0521025 -0 0.000625094 0.00704097 -0 0.00399506 0.00443497 0.00837802 0.0336248 0.00722694 0.0120123 -0 0.00959317 -0 -1.08618e-05 0.00621122 -0 -0 -0 0.00217508 0.0022547 0.00309058 0.021664 0.00673663 -0.0102855 0.00781328 0.000584352 -0.0106189 0.0034176 0.00776919 0.00167727 0.00263117 0.00419538 0.00402987 -0.0132644 -0 -0.00513638 0.0377908 -0.00344474 0.00624103 0.00767235 -0.00268326 -3.77764e-06 0.00439064 -0.00621878 -0 -0 0.00308272 0.00694489 0.000431865 0.00122886 0.0416586 0.0222918 0.00684559 -0.0396522 0.0314122 0.00920107 -0 0.0373644 0.0105451 -0.0194527 -0 0.00549092 0.0451932 0.020371 0.000452826 0.0046192 -0 0.0272856 -0.00783535 -0 0.0203036 0.0040878 0.000480263 -0.0275122 0.000330349 -0 0.0179685 -0.000522781 -0.000728534 -0.0311297 0.0076927 -0 0.00917716 -0 -0.0230613 0.0152049 -0.0114247 -0.0239232 -0 0.00130342 -0.00331691 -0.000858208 -0.00475965 -0 -0.00816516 -6.74505e-06 -0.00420887 -0.0100613 -0.0033374 -0.0214679 0.00106699 -9.81046e-05 0.00666003 0.000333936 -0 -0 -0 -0 -0 -0
0.0162364 -0 -0 0.00191656 0 -0 0.0312135 -0.000430202 0.00332797 -0.00240015 -0.0201088 0.000206334 -0 0.0466408 -0.00545253 0.00921658 0.0011376 -0 -0.009599 -0.0367769 -0 -0.00122078 -1.96062e-06 -0 -0 5.08341e-06 -7.06698e-07 0.0034089 -0 -0.0146299 -0.0125965 -0 -0 -0.00361319 0.0284508 -0.00445586 -0.00121335 -0 0.0304591 -0 -0 -0 0.0278373 -0 0.00900457 -0.0322832 -0.00997468 -0 -0.00362761 -0 -0.00488056 -0 -0.00509631 -0 -0.00516278 -0 0.00581819 0.00214908 0.0194733 -0 0.0224963 -0 0.00167061 -0 0.00367125 -0.0489044 0.0134668 0.0388674 0.0334055 0.0046025 -0 -0 -0.00078618 0.000962198 -0.0221336 -0 0.0285589 -0 -0.00406681 -0.000585489 -0 -0 0.0029337 -0 -0.00266219 -0.013783 -0 -0 -0 -0 -0.00823656 0.00525616 -1.94564e-05 -0.014659 -4.79654e-08 -0 -0.00226577 -0 -0.0185674 -0 -0 -0.00148369 -0 -0.0102443 -0.0150954 -0 -0 -0 -0 -0.000206833 -0 -0.00100758 -0 -0 -0 -0
-0.0383402 -0.011079 -0 -0.0521025 -0 0 -0.00329647 -4.6693e-06 -0.0263961 0.0301997 -0.0314551 -0 0.0129654 -0.00730379 -0.0480037 -0.00303342 -0 -2.34665e-06 -0 0.0300238 -0 0.000961605 0.0411635 -0.00485541 0.0241126 -0.00826856 -0 -0.00846159 -0.0046135 -0.000537238 0.00351461 0.000442952 -0.0229632 -0.0282277 -0 -0 -0.00471214 0.00449794 -0.043164 0.0776505 -0 -0.0252529 -0.0173216 -0.0120782 -0 -0 -0.049838 0.0607823 -0 -0 0.0166687 0.000384964 -0 0.00147835 9.86218e-05 0.0143021 -0.0400871 -0.0204209 -0.0101476 4.74158e-06 -0.000293154 0.00129158 -0.023907 -0.0140617 -0.00472344 -0 0.0256723 -0.01681 -0.0174251 -0.04056 0.0702471 -0 -0 -0 -0 -0 -0.011388 0.00594953 -0 -0 -0 -0.00138974 -0.00472415 0.0060044 -0 0.034928 0.00276049 -1.47458e-06 0.0014325 -0.0182263 -0 -0.00918935 -0 0.024837 -0 0.00780088 0.000399889 -0 -0 -0 -0.000191787 0.00234688 -0 -0 0.00546676 0.0398547 0.000166167 -0 -0 -0 0.000132993 0.00131572 -0 -0 -0 -0
0.0400795 -0.0190408 -0.00644133 -0 0.0312135 -0.00329647 0 -0.00658481 0.0237094 -0 -0.0111596 0.00367259 0.00719323 0.0476921 -0.00751428 0.00383936 -0 1.92531e-06 -0.00643136 -0.0363129 -0 -0.0101208 -0 0.0044943 -0.00751011 0.00367599 -0 0.0128092 -0 -0.0282574 -0.0121864 -0.0013583 0.00273798 -0.00394042 0.0379752 -0.00779685 -0.00677359 -0.002021 -0 -0.0002983 -0 0.00022402 0.00233337 0.00385094 -0 -0.003561 -0.0201099 -0 -0.0117573 -0 -0.00564066 -0.00600045 -0.00420123 -0.00225989 -0 -0.000223877 -0 -0 0.00126586 0.000508313 0.0119307 -0.00671635 0.0208792 -0 0.0163439 -0 -0.000243982 0.0145471 -0.000484012 -0 -0.00453739 -0.00358041 -0 -0 -0.017293 -0 0.0200178 -0.00590198 -0.0284235 -0 -0 -0 -0 -0 -0 -0.00398782 -0.0197336 -0.0147483 -0 -0 -0 -0 -0.0205844 -0 -0 -0.00199699 -0.00576454 -0 -0.0163303 -0 0.000773511 -0.00262446 -0.00527362 -0 -0.00662132 -0 -0 0.00307276 -0.000342001 -0 -0 -0.000944572 -0 -0 -0 -0
-0.014163 0.0612243 0.0872782 0.000625094 -0.000430202 -4.6693e-06 -0.00658481 0 -0.00525046 0.00297916 0.0611884 -0.0110822 -0.00560345 -0.0204903 0.0454976 -0.00303566 -0.00474599 -0.0106291 0.0178183 0.00878754 -0.0253536 0.0433593 -0.00295572 -0.00560104 0.0135616 -0.0115338 0.000339752 -0.0104925 -0 -0.00349456 0.0122106 -0 -0.00598803 0.0132951 -0.037929 0.0429378 0.0194761 0.00139168 -0 0.00092338 0.0129985 -0.00784498 0.000978091 -0.00584329 0.00104553 0.00230391 -0 -0 0.0238797 -2.53516e-05 0.0085176 0.00522793 0.017808 0.0243242 -0 0.00639514 -0 -7.25622e-06 -0 -0.0106942 -0.00159374 0.012421 -0.00623595 -0.00105655 -0.0026306 -0.0025077 0.0185964 -0.00120571 -0 0.00310151 0.00531613 0.00727309 -0 -0 0.0508701 -0.0244954 -0 0.0403786 0.0135385 -0.00134625 -0 -0.00538636 0.0272748 -0 -0.000919014 -0 0.0113207 -0 -0.00440847 -0 -0 -0.00715022 0.00862566 -0 -0 0.00737734 0.0399132 -0.00107283 -0 -0.00354943 -0.00666372 0.0032052 0.0197513 -0 0.0062645 -0 -0 -0.00679878 0.00528212 -0 0.00175261 0.0140573 -0 0.000378509 -0 -0
0.0111203 -0.0160256 -0.00778067 0.00704097 0.00332797 -0.0263961 0.0237094 -0.00525046 0 -0.000955482 -0.0222301 0.0265587 0.0138534 0.0165525 -0.0252171 0.0413759 0.00750775 0.0154164 -0.00362804 -0.00756033 0.00346281 -0.0394823 0.00740149 0.0023063 -0.0293146 0.037872 -0 0.0115822 0.0148302 -0 -0.00577901 -0 -0 -0.00245814 0.0302092 -0.00541211 -0.0066027 -0.00177157 0.0321756 -0.00235471 -1.17944e-06 0.00108957 0.00773501 -0 -0.000139523 -0 -0.0059006 0.00322956 -0.0114317 -0 -0.0251817 -0.00817005 -0.0114645 -0.0093656 -0 -0.0177836 0.00744725 0.000137022 -0 -0 0.00904957 -0.00206313 0.00153844 0.00936468 0.0294572 -0.00616936 -0.0279229 0.00418205 -0 0.00402607 -0.00772058 -0.0103502 -0 0.0193433 -0.0313504 0.0209716 0.00265655 -0.00677033 -0.0436599 -0 -0.000217944 0.00258473 -0 -0.000417544 -0 -0.00499915 -0.00396459 -8.57218e-05 0.000929518 -0 -0.00305338 0.0313191 -0.0440843 -0.00977658 0.00489751 -0.00500777 -0.0347079 -0 -0.00341787 2.2196e-05 0.000226301 -0.0091849 -0.0134016 -0.00478159 -0.0299941 -0.00764197 0.0034459 0.0051591 -0 -0 -0 -0.00154334 -0 -0 -0 -0
0.00169275 -0.00337172 -1.07227e-05 -0 -0.00240015 0.0301997 -0 0.00297916 -0.000955482 0 0.00441947 -0.0430521 -1.42763e-06 -0 0.0474039 -6.66556e-06 0.00362604 0.0262033 0.0140091 0.0180708 0.0132869 0.00717089 0.00148844 -0 0.0102896 0.0383586 0.0270412 0.00405584 0.00337758 -0.00744816 0.0281492 0.00380817 -0.0348005 -1.40199e-05 0.0203282 0.0176673 0.00921568 -0.0195078 0.00139002 0.000366325 -0.0546206 -0.00913149 -0 0.00724832 -0.0139786 0.0161382 -0.00384268 -0 -0.000410345 -0.0101949 0.0433797 0.00247212 0.0264968 0.0137451 0.008251 0.00450242 -0.0243184 -1.17806e-05 -0.000835712 -0.0087423 -0 0.0208203 -0.00499764 0.00847976 0.00101325 -0.0115669 -0.0399533 -0.000507577 -1.04261e-05 0.00827797 0.0123582 -0 0.0244425 -0.00176117 -0.0102594 0.000586778 -0.0307345 0.0170277 0.0026603 -0.017249 -0 -0.00339641 -0.00694769 -0.00928337 -0.0344505 0.0163444 0.0115529 -0 0.0159959 -0.00609665 -0.00126681 -0.0146506 -0.0457876 -0 0.0079501 -0 -0.0143867 -0.0302886 -0.00474452 0.0151688 -0.0081401 0.00230758 -0.0812426 -0 0.00228459 -0 0.00492428 -0.00187559 0.00307857 0.013124 0.00444811 -0 -0.0169232 -0 -0 -0
-0.0113762 0.01304 0.0388616 0.00399506 -0.0201088 -0.0314551 -0.0111596 0.0611884 -0.0222301 0.00441947 0 -0.00815277 -0.0012017 -0.0163124 0.128072 -0 -0.0679298 -0.0183432 0.0984082 -0.0699284 -0 -0.0389477 -0 0.00443869 -0.0733602 -0.061198 0.0424705 -0 -0.00341917 -0.00839269 0.047943 0.00714024 0.0170847 0.14871 -0 0.0651656 0.286445 -0.00893038 -0 -0.0843831 2.59975e-07 -0.0146314 0.0299075 0.0453548 0.0162699 0.014263 0.0498642 -0 0.0314038 -0.00524614 -0.029503 -0.0207278 0.0722298 0.0537948 -0.0221605 -0.00112138 -0.0449565 0.072755 0.0256149 -0.0257262 -0.0424654 0.0166661 0.0191606 -0.0146371 -0 0.0387192 0.00641081 -0.0040263 -0.00312887 0.0124513 -0.0334417 0.0364601 2.59742e-06 0.00283405 0.152079 -0.00874155 0.0368908 -0.0204623 0.0708442 -0.0022284 0.000461618 -0 0.0538037 -0 -0 -0.0066712 0.0265974 0.00361187 -0.0256906 -0 -0.00225747 -0 -0 -0 -0.0165826 -0.0110215 0.00106745 -0 -0.0349126 -0.0465628 -0.0144396 -0.0561922 0.0228161 -0.00196333 -0.00482415 -0.00175634 -0.0776998 -0.00551668 0.0115308 -0 0.00146733 0.00390772 -0 0.0722453 -0 -0
0.00543664 -0.0340431 -0.00962019 0.00443497 0.000206334 -0 0.00367259 -0.0110822 0.0265587 -0.0430521 -0.00815277 0 0.0340085 0.0512065 -0 0.0701559 0.015515 0.0562261 -0.00827478 -0 0.0178591 -0.0151253 0.0061118 0.00125137 -0.00332491 0.0553666 -4.85857e-06 0.033852 0.00388228 -0.00147632 -0 -0 -0.0158231 -0.0173934 0.0339978 -0.0114225 -0.00359961 -3.45096e-06 0.00886572 -0 -0.0258283 -0.00222025 -0 -0 -5.00349e-06 0.0143238 -0.000434822 -0 -0.0594399 -0.00236637 -0.0443358 -0.0311503 -0.00275768 -0.0260369 -0 -2.25935e-06 0.00135724 0.0126508 -0.00966542 -0.0019155 0.00649672 -0 0.00186468 0.0178749 0.0497915 -0.0344743 -0.00662828 -0 -0 -6.06346e-06 -0.0204147 -0.00546442 -0 0.0191014 -0.0133476 0.0241186 0.0038402 -0 -0 -0.0291877 0.000548162 -0 -0 -0 -0 -3.90564e-05 -0 -0 0.0116476 -0.0106482 -0.00134524 0.0233613 -0.0578254 -0.00247529 0.0278054 -0.0422455 -0.0268668 -0 -0.0421107 0.00391102 -0 -0.0201576 -0.0318828 -0.0210931 -0.00956701 -0.00426721 0.00385764 0.0212826 -0 0.00918024 -0 -0.00433778 -0 -0 -0 -0
0.00260164 -0.00628976 2.53822e-06 0.00837802 -0 0.0129654 0.00719323 -0.00560345 0.0138534 -1.42763e-06 -0.0012017 0.0340085 0 0.00725613 -0.0234782 -0.00750235 -1.987e-06 0.177962 -0.00901848 -0.0120734 0.00965345 -0.0366356 0.15812 0.0257745 -0.0297031 -4.50327e-06 0.0502443 0.0200022 -3.68119e-06 0.00143466 -0 -0 0.0257331 8.49484e-07 0.0152949 -0.0010224 -0.00333667 -0.0291385 -0 -0.00808015 0.0860447 -0.000706153 0.0234619 -0.0392903 -0.0207435 -2.19646e-06 -0.0143359 0.0749306 -0.00647208 -0.0245076 -0.0172764 -0.0269362 -0 -0 0.00238814 0.00260361 -3.36639e-06 -4.09548e-06 0.0292103 -0.00720733 -0 -0 0.0120028 0.00367064 0.0117503 -0.0129756 -0 0.006377 -0 0.00250444 -0.0212714 3.64721e-06 -0.000997459 0.00166641 -0.000631577 -0.026143 -0 -0.00130914 -0.00172754 -0.00665251 -0 0.0141316 -0.0281917 -0.00152659 -0 -0.00966603 -0.0206554 -0.0685641 -3.36255e-06 -0.0735571 -0.00722141 0.00424913 -0.022455 -0.0075186 0.00427961 -0.000567958 -0.00834433 -0 -0.00921598 -0 -0 -9.989e-05 -0.00986928 -0.0108639 -0.0136721 -0.00396611 0.00453379 0.00407998 -0 0.000389864 -0 -0 -0 -0 -0 -0
0.0255328 -0.0174205 -0.0314636 0.0336248 0.0466408 -0.00730379 0.0476921 -0.0204903 0.0165525 -0 -0.0163124 0.0512065 0.00725613 0 -0.00708374 0.0604905 0.00763707 0.0157957 -0.0212461 -0.0273129 0.0306805 -0.0104012 0.00111811 0.00115387 -0.00684808 0.0162363 -3.81777e-06 0.0323552 0.00614198 -0.0454453 -0.00957103 -0 -0.00937869 -0.00739636 0.0204236 -0.021705 -0.0159619 -0.00163332 0.0230235 -0.0181753 -0.0284148 -0 0.0202307 -0 0.0156312 0.00131916 -0.00128212 -3.08086e-06 -0.0241177 -0.00134523 -0.016635 -0.00704618 -0.00960783 -0.00176794 -1.83755e-06 -0.000569735 0.0467692 0.0194606 0.000128895 -0.00212457 0.0378314 -0 0.0070954 0.0267964 0.0119721 -0.0273508 -0.00111386 0.0311403 0.00495912 0.010091 -0.000326989 -0 -0 0.0368217 -0.0462196 0.00188376 0.0376904 -0.0152901 -0.00375441 -0.0234473 -0 -0 0.0237112 -0 -0 -0.0277241 -0 -0 0.0100665 -0 -0.0173838 0.0495574 -0.0175633 -0.0183668 -0 -0.0203063 -0.0233554 -0.000585547 -0.0248874 0.000348148 -0 -0.0181895 -0.0296562 -0.0261524 -0.0300522 -0.0023184 4.75481e-06 0.00139514 0.000375563 -0 -0 -0.0107667 -0 -0 -0 -0
-0.0146263 0.0114686 0.0406599 0.00722694 -0.00545253 -0.0480037 -0.00751428 0.0454976 -0.0252171 0.0474039 0.128072 -0 -0.0234782 -0.00708374 0 -0 -0 -0.00373907 0.0776996 -0.00642075 0.0123218 0.0767853 -0.0366425 -0.0117162 0.0250096 -0 -0.00514594 -0 0.0106102 -0.0147357 0.05779 -0.0176558 -0.029411 0.0287938 0.00509577 0.0251023 0.047737 0.022519 0.00286432 -0.017152 -0.029325 -0.0225074 -0.00297688 -0.00929097 -0.00971793 0.0275071 -0 -0.0273646 0.019108 -0.0060466 0.00870628 0.0120752 0.111119 0.0299071 0.00226884 0.0144433 -0 0.0269412 -0.00844227 -0.0289952 -0.000547914 0.0320597 -0.0138882 0.00938416 -0.0017104 -0.0214417 0.00565844 -0.0190134 0.00583816 0.0142051 0.0192061 0.0165776 -0 -0.0190878 0.0959904 -0 -0 0.0317382 0.0305377 -0.0202162 0.00335202 -0.0110305 0.00354031 -0 -0.00478103 0.00311474 0.0309302 0.0136024 -0.00979851 -0 -0.00149519 -0.00209673 -0.00721378 -0 0.00331482 -0.0373198 0.00322202 -0.00552605 -0.00662192 3.04216e-07 -0.0282239 0.00450669 -0.00280254 -0.000808171 0.0112115 -0.00172235 -0 -0.00982307 0.0131062 0.00512919 0.00744303 0.0066305 -0 0.00998051 -0 -0
0.00861649 -0.0260511 -0.011151 0.0120123 0.00921658 -0.00303342 0.00383936 -0.00303566 0.0413759 -6.66556e-06 -0 0.0701559 -0.00750235 0.0604905 -0 0 0.000775954 0.0153052 -0.0142907 -5.08148e-06 0.0477529 -0.02433 0.00511859 0.00533698 -0.0523649 0.020506 -0.00676076 0.054417 0.0223808 -0 0.000622768 0.00134865 -0.0418964 -0 0.0125539 -0 -0.0048546 -6.52544e-06 0.0712331 -0.00605222 -0.00106241 -0.00333362 0.00460945 6.51807e-06 0.00643357 0.00817016 -0.00841977 0.00378184 -0.0716606 -0.00638979 -0.0334547 -0.0323513 -5.06532e-06 -6.09599e-06 -4.36061e-06 -0 0.00664711 0.0304808 -0 -0.00481928 0.00751323 0.00368413 -0 0.0217893 0.0334053 -0.0268355 -0.0197525 0.0086135 0.013109 0.0075374 -5.53486e-06 -0 -0 0.0305026 -0.0177865 0.0242756 0.028394 -5.8647e-06 -0 -0.0092139 0.00105743 0.00810093 0.00304877 -0.00474285 -0 -0.0110142 0.000810806 -0 0.0235979 -0.0015097 -0.0287992 0.0470036 -0.037278 -0.0256416 0.00401 -0.0321583 -0.0371778 -0 -0.0546332 -0 -0.00624981 -0.00499941 -0.0219359 -0.0119322 -0.0236853 -0.00602084 0.0062387 0.00230392 0.00427977 0.00301508 -0 -0.00375715 -0.00023674 -0 -0 -0
0.00707745 -0.00661656 -0.0134548 -0 0.0011376 -0 -0 -0.00474599 0.00750775 0.00362604 -0.0679298 0.015515 -1.987e-06 0.00763707 -0 0.000775954 0 0.0214093 -0 -0 0.00410429 -0 -0.0152394 -0 -0 0.0238939 -0.0138344 0.000615845 0.00359279 -0.0204038 -1.78721e-06 -0 -0.0254447 -0.0136598 0.0259558 -0.00121227 -0.0133835 -0 0.0156297 0.0214973 -0.0376008 -0 -0 -0.000848781 -0 0.00391031 -0 -0 -0.0121672 -0 -0 -0 -0.00428313 -0 -0 -0 0.00273577 -0 -0.00955373 -0 0.0273173 -0 -0 0.000629534 0.00549539 -0.0129587 -0 -0 -0 -0 -0 -0.00625218 -0 0.0014837 -0.00715463 0.00545216 -0.00260759 -0 -0.00416576 -0.0198183 -0 -0 -0.000881182 -0 -0 -0 -0 -0 0.00236395 -0 -0 0.0106735 -0.00966997 -0 0.00205866 -0.000634408 -0.00527415 -0 -0.000175152 0.00198323 -0 -0 -0.0230345 -0 -0 -0 0.00267927 -0 -0 0.000325907 -0 -0 -0 -0 -0 -0
8.36628e-06 -0.0298519 -0.0130371 0.00959317 -0 -2.34665e-06 1.92531e-06 -0.0106291 0.0154164 0.0262033 -0.0183432 0.0562261 0.177962 0.0157957 -0.00373907 0.0153052 0.0214093 0 -0.0178327 0.045903 0.0306867 0.00464173 -5.04418e-06 -0 -0.00440006 0.023076 -0.0320558 0.0005967 0.0236453 -0.0110161 0.02179 0.00465483 -0.0381923 -0 -0.000131606 -9.36666e-06 0.00298547 -1.169e-05 0.0373776 0.00897623 -0.0925079 -0.0120656 -0.0818937 0.00676569 -0.0197959 0.0779751 -0.00309911 -0 -0.0532299 -0.00995154 0.000294686 -0.0404568 0.0124078 -0.0355678 0.0323844 0.0083424 -5.49651e-06 0.0172206 -0.0363166 -0.00843444 -3.2293e-06 0.0163422 -0.00647909 0.0306714 0.0365645 -0.0763225 -0.0750987 -0.000229388 0.00442175 0.0101611 -0.0197175 -0.0532787 0.00689554 0.0201641 0.0215442 0.0583746 -0.0328995 0.0273733 -0 -0.0179243 0.002657 -0.0136995 -0 -0.000269337 -0.027411 -0 0.0161118 -0 0.0458204 -0.00229711 -0.00437406 0.0240951 -0.0592623 -0.00781277 0.0765972 -0.0852883 -0.0252703 -0.0170178 -0.012634 0.0142276 -0.0127092 0.00266286 -0.0545982 -0.0785903 -0 -0.0267222 0.073991 6.72925e-06 0.00411976 0.0366652 0.00448762 -3.90735e-06 -0.0337622 -0 -0 -0
-0.00968036 0.0764111 0.0249495 -0 -0.009599 -0 -0.00643136 0.0178183 -0.00362804 0.0140091 0.0984082 -0.00827478 -0.00901848 -0.0212461 0.0776996 -0.0142907 -0 -0.0178327 0 -0.00762536 -0 0.012488 -0 -0 0.0263454 -0.00401319 0.00324141 -0.00276616 -0 -0.00202683 0.0149469 -0.0499036 -0 0.022362 -0 0.032511 0.0528278 0.00377636 -0.00331124 -0.0492714 -0 -0.00306796 -0 -0 -0 0.0039324 -0 -0 -0.00102264 -0 -0.0683572 0.00577168 0.022631 0.0135248 -0.0172144 -8.24795e-06 -0 -0 -0 0.00364814 -0.000768048 0.00608475 -0.00873181 -0.0526647 -0 -0 0.00112596 -0.00282039 0.000368517 0.0320129 -0 0.0129069 -0 -0 0.0621097 -0.00737356 -0 0.004385 0.00367464 -0.000519629 -4.01359e-06 -0.00331667 0.002022 -0 -0.000265345 -0 0.0114391 -0 -0 0.00960799 -0.000228267 -0 -0 0.0293794 -0.00931739 -0 -0 -0 -0 -0 -0.00194582 -0.0355289 0.00923286 -0 0.000667864 -0 -0.0228316 -0.0034106 0.00424035 -0.0194827 -0 0.000851029 -0 0.0243764 -0 -0
-0.0644706 -0 0.00485074 -1.08618e-05 -0.0367769 0.0300238 -0.0363129 0.00878754 -0.00756033 0.0180708 -0.0699284 -0 -0.0120734 -0.0273129 -0.00642075 -5.08148e-06 -0 0.045903 -0.00762536 0 0.0152274 0.0275005 -0.0167707 -0.0191455 0.0520847 0.0160701 0.00329281 -0.0300755 0.0132556 -0.00485418 0.0281585 0.0137335 -0.0574511 -0.0196446 -0.0208165 0.0163905 -0.00513656 0.0217062 -0.0076301 0.0732578 -0.0111604 -0.0266043 -0.0524838 -0.050448 0.0101365 0.0255607 -0.00183948 -2.23157e-06 0.0122439 -0.0120251 0.060964 0.013945 0.0209505 0.0213959 0.0475831 0.0194318 -0 -0.0220214 -0.0186423 -0.0173809 -0.00435072 0.0754751 -0.0238057 0.019883 -0.000351375 -0.0378471 -0 -0.039204 -0.00284908 0.00128017 0.0489864 0.00114872 -0 0.0154959 0.0230196 -0 -0.0319939 0.0486084 0.00848051 -0.0119732 0.0244209 -0.0237759 -0.0120644 -0 -0.00500561 0.035366 0.0662055 0.00120315 0.0419551 -0.000902673 -0 0.00845113 -0.0111597 0.00738973 0.023867 0.0111402 0.0072145 -0.0036484 0.00527039 -0 -0.0158035 0.0904485 -0.00509525 -0 0.0619883 -0 0.0231769 -0.00900258 0.0127207 0.028182 0.0211013 0.0127403 -0.000858813 -0 -0 -0
0.00222772 -0.00996514 -0 0.00621122 -0 -0 -0 -0.0253536 0.00346281 0.0132869 -0 0.0178591 0.00965345 0.0306805 0.0123218 0.0477529 0.00410429 0.0306867 -0 0.0152274 0 -0.00546908 0.0213501 -0.000165696 -1.07269e-05 0.0178604 0.0549696 0.00888393 0.030687 0.00639774 -0.0037925 0.000977837 -0.0483304 -1.17261e-05 0.0188264 -0.0108526 0.00239564 0.0132963 0.0186253 0.00448014 -0 -0.0503588 0.00758049 -0.0198029 0.0135242 0.0171194 -0.0152629 0.00642525 -0.0473036 -0.0110316 -0.00220946 0.000860807 0.00403877 0.00684289 0.000891675 0.00517131 0.00318612 0.0102042 -0 -0.0169155 0.00369739 0.0182588 -0.0030943 0.0330974 0.0124166 -0.02316 -0 -0 0.00546989 0.0397291 0.0123407 0.00281794 -0 0.0196558 -0.0176305 0.00221663 -0 0.0093016 -0 -0.0150666 0.0024917 -0.000343585 -0 -0.00895534 -0.00044299 -0 0.0145826 -0 0.0260805 -0.0012197 -0.00455218 0.0230524 -0.0526431 -0.00355403 0.0267951 -0 -0.0377021 -0.00361448 -0.0361202 0.0207583 -0.00942998 0.00062622 -0.0426704 -0.00495084 -0 -0.00187769 0.0113672 -0 0.00618105 0.0128694 0.00332476 -0 -6.60804e-05 -0 -0 -0
-0.0249272 0.0503906 0.0333701 -0 -0.00122078 0.000961605 -0.0101208 0.0433593 -0.0394823 0.00717089 -0.0389477 -0.0151253 -0.0366356 -0.0104012 0.0767853 -0.02433 -0 0.00464173 0.012488 0.0275005 -0.00546908 0 -0.0236077 -0.00952197 0.0363515 -0 -8.9307e-06 -0.0113956 -0.0265575 -0.00895339 0.0292157 0.000680418 -0.0169171 0.0100759 -0.0380101 0.0474366 -0.0166808 0.0105181 -0 0.0104518 -0.00623589 -0.0128422 -0.0111739 -0.00893671 0.00602104 0.00652974 -0 -0.0238605 0.0363041 -0.00363842 0.0510301 0.0179462 0.0521768 0.0156926 0.00207561 0.00750643 -1.78282e-06 -0 -0.0222078 -0.0139767 -0.00404455 0.0113367 -0.0190486 0.00153433 -0.0315635 -0.0125183 0.0108153 -0.0259542 2.77607e-05 -0.000703362 0.0131767 0.00663423 -0 -0.00261561 0.019773 -5.87037e-06 -0.00242063 0.0757384 0.0266752 -0.00716423 0.000944266 -0.0502408 -0 -0 -0.000581792 0.00412811 0.0298552 0.0124978 0.00357203 0.0121065 -0 -0 9.42644e-06 0.0104981 0.00140425 0.00761939 0.0438609 -0.00118351 -0 -0 -0.0184206 0.0180298 -0 -0 0.0535715 -0 0.000668943 -0.0111403 0.00616815 0.00155 0.00407687 0.0100464 -0 -0 -0 -0
-0 -0.0114331 -0 -0 -1.96062e-06 0.0411635 -0 -0.00295572 0.00740149 0.00148844 -0 0.0061118 0.15812 0.00111811 -0.0366425 0.00511859 -0.0152394 -5.04418e-06 -0 -0.0167707 0.0213501 -0.0236077 0 -0 -0.00853799 0.00012328 0.212926 0.0333832 -6.25745e-06 -0 -0 -0 5.28002e-06 -0 0.00376976 0.000120869 -0 0.000642495 0.00480581 -0 0.194376 -0.00195744 0.0179854 -0.0242607 -0 0.0022367 -0.0319096 0.116711 -0.0115929 -0.0150488 -0 -0 -0 0.000674373 -0 0.00123272 -0 -5.88821e-06 0.0137647 -0.00541813 -0 0.00296805 -0 0.00651291 0.00562857 -0.00292648 -0 0.00268903 4.52899e-05 0.0106087 -0 0.00209831 -0.00472771 0.0060699 -0 -0 -2.7061e-06 -4.27031e-06 -0.00542389 -0.00501222 -0 -0 -0.0190909 -0.00426363 0.0144026 -0.0110462 -4.93246e-06 -0.00056513 0.00355059 -0.027562 -0.00126453 0.00487919 -0.0202548 -0 0.0291666 0.000617336 -0.0111495 -0 -0.0049962 -0 -0 -0 -0.00804373 -0 -0.0137751 -0 0.00214673 -0 -0 0.00135657 -0 -0 -0 -0 -0 -0
0.0196162 -0.00144122 -0.000424334 -0 -0 -0.00485541 0.0044943 -0.00560104 0.0023063 -0 0.00443869 0.00125137 0.0257745 0.00115387 -0.0117162 0.00533698 -0 -0 -0 -0.0191455 -0.000165696 -0.00952197 -0 0 -0.0165246 -0 -0 0.0310204 -0.00331651 0.00243613 -0.0168451 -0.00141593 0.00821296 -0.00302577 -0 -0.00483857 -0.000622694 -0.00665347 -0 -0.019611 -0 0.00517807 0.0730452 0.00949875 -0.00281537 -0.00598515 -0 -1.91978e-07 -0.0297753 -8.06623e-06 -0.0620087 -0.00418923 -0.00617644 -0.00664924 -0 -0.00228387 -0 -0 0.0655998 0.00523634 -0 -0.0077128 0.146942 0.000617514 -0 0.00391912 -0.000769227 0.00153995 -0 -0 -0.0083196 -0.00131893 -0 -0 -0.00854444 -0 0.00768568 -0.0128673 -0.00188986 -0 -0.00174617 0.00530786 -0 -0 0.000530957 -0.00809199 -0.00988735 -0.000228042 -0.00163156 -0 -0 -0 -0 -0.0120517 -0.00223755 -0.00383431 -0.0616637 -0 -0 -0.00438088 0.0034288 -0.00370021 -0.0150773 -0.00254208 -0.0123318 -0.00191185 -0 0.0279283 -0.00293869 -0.00781864 -0.00379433 -0.0260282 -0 -0 -0 -0
-0.0113163 0.00439534 0.00588271 0.00217508 -0 0.0241126 -0.00751011 0.0135616 -0.0293146 0.0102896 -0.0733602 -0.00332491 -0.0297031 -0.00684808 0.0250096 -0.0523649 -0 -0.00440006 0.0263454 0.0520847 -1.07269e-05 0.0363515 -0.00853799 -0.0165246 0 -0.0266958 0.000462492 -0.0107657 -1.25727e-05 -0.0122496 0.024163 0.00164298 -0.0226456 0.00897001 0.00643502 0.00961894 -0.0375411 0.0106348 -6.86723e-06 0.0155153 -0 -0.00418732 -0.0109033 -0.00918476 0.00718008 0.00718151 -0.00503823 -0 0.0530462 -0.00187594 0.000583947 0.0607992 0.0282637 0.0120087 0.0113281 0.00808137 0.011991 -0 -0.00384182 -0.0131545 1.58396e-06 0.0162594 -0.014671 0.00631034 -0 -0.00881469 0.00122687 -0.00289978 0.00127339 0.0027339 0.0262541 0.00188663 -0.00589577 0.0040675 0.0200622 -0.00323209 -0.00379294 0.0354373 0.0501056 -0.0180652 0.000335544 -0.0229778 -0 -0.00595202 -0.0132543 -0 0.0180866 -0 -0.0016065 -0 -0 -0.0343519 -0 -0 -0 0.0353851 0.0171565 -0.00243719 9.33274e-06 -0 -0.00929798 0.00830602 5.76167e-06 -0 0.0144518 -0 -0 -0.0569751 0.00788552 0.00340523 0.00411431 0.00679889 -0 -0 -0 -0
-0 -0.0174805 -0.0154024 0.0022547 5.08341e-06 -0.00826856 0.00367599 -0.0115338 0.037872 0.0383586 -0.061198 0.0553666 -4.50327e-06 0.0162363 -0 0.020506 0.0238939 0.023076 -0.00401319 0.0160701 0.0178604 -0 0.00012328 -0 -0.0266958 0 0.00301682 0.0421827 0.0378038 -0.0034981 -0.00339949 -0 -0.0616918 -0.00851946 0.0203396 -0.0444221 -0.0106964 -0 0.00526027 0.00194187 -0.0348895 -0.0368189 -0 -0.00487083 -0 0.0169662 -0.00457912 0.000291152 -0.0153311 -0.0113523 -0 -0.00276461 -0 -0 0.00153434 -0.049379 0.00452865 0.00459856 -0.0185722 -0.00670392 0.00704088 0.00558443 -0 0.0228706 0.014221 -0.0191265 -0.0102083 0.0015397 -0 -8.92027e-06 -0 -0.00986893 -0 0.0361565 -0.0419978 0.00813181 -0 0.000916591 -0.0482164 -0.0106555 -0 -0.000781513 -0 -0 -0 -0 0.00302992 -0 0.0564531 -0.000136128 -0.000221 0.0416656 -0.0383179 -0.000266835 0.0407314 -0.00490925 -0.00911852 -0.00077387 -0.00383367 0.0243892 -0.00154312 -0 -0.0184231 -0.00335399 -0 -0.00235864 0.0293255 0.00445311 0.00139031 0.0145054 0.000821927 -0 -0 -0 -0 -0
-0.00595345 -0 0.00148917 0.00309058 -7.06698e-07 -0 -0 0.000339752 -0 0.0270412 0.0424705 -4.85857e-06 0.0502443 -3.81777e-06 -0.00514594 -0.00676076 -0.0138344 -0.0320558 0.00324141 0.00329281 0.0549696 -8.9307e-06 0.212926 -0 0.000462492 0.00301682 0 0.0240562 0.00698392 -0 0.0188279 0.0027994 0.0119091 -0.0024067 0.00822613 0.00746448 0.0399404 0.0643871 -0.00991004 0.00190849 0.192516 -0.0122441 0.0468841 -0.0175815 0.024206 0.0124305 -0.0548081 0.166257 -0 -0.0456829 0.0022902 0.0205966 0.00960512 0.0161365 0.00293459 0.0233059 -4.80909e-06 0.00624067 0.051907 -0.0181239 -0 0.0328132 -0.00203529 0.0190169 0.00994041 0.0120817 -0.0500357 -0 0.0163079 0.043258 0.018318 0.0439638 -0.0222782 0.0106743 0.0112935 -0 -2.55203e-06 -0.0224078 -0.047314 -0.00798056 -0 9.5222e-06 -0.0856867 -0.0148346 -0.00100393 -0.00367897 0.00468555 -0 0.0119799 -0.0492231 -0.0035318 0.00882161 -0.012193 -0.000796766 0.00386206 0.0100754 -0.0233414 -0.00603199 -0.0113779 -0 -0.00838583 -0 -0.00375019 -0.00169841 -0 -0.000212682 0.0019376 -0.00191819 -0.00195336 0.0056846 -0 -0 -0.00628822 0.00665875 -0 -0
0.00838841 -0.0183554 -0.00728918 0.021664 0.0034089 -0.00846159 0.0128092 -0.0104925 0.0115822 0.00405584 -0 0.033852 0.0200022 0.0323552 -0 0.054417 0.000615845 0.0005967 -0.00276616 -0.0300755 0.00888393 -0.0113956 0.0333832 0.0310204 -0.0107657 0.0421827 0.0240562 0 0.0124172 -0.00210991 -0.000792819 5.48256e-05 -0.00955767 -0 0.00870041 -0 -0 -7.79215e-06 0.0543447 -0.0269765 0.000787016 -0.00595981 0.0232986 -0.000795394 0.00333185 0.0130562 -0.0110348 0.00696045 -0.0157792 -0.0595507 -0.0167899 -0.00421651 -0 -0.00161459 -0 -0 0.0210754 0.0367301 0.00322657 -0.0232767 0.0294219 0.0066104 0.0036055 0.0238438 0.0313596 -0.0179071 -0.0415936 0.0114101 0.0129397 0.00643043 -0.0225686 0.00152309 -0 0.0258551 -0 0.0008457 0.0157367 -7.10983e-06 -0 -0.0334602 -0 -0 0.00083781 -0.00210807 -0 -0.0484891 -0.00354794 -0 0.0341421 -0 -0.00838912 0.0451321 -0.0415876 -0.0189383 0.0039394 -0.0136097 -0.0311465 -0.00197838 -0.0155443 -0 -0.00149192 -0.0192696 -0.0226725 -0.0150503 -0.0149523 -0.00565723 0.00376898 -0 0.00200558 0.0016383 -0 -0.0186949 -0 -0 -0 -0
-4.69419e-05 -0.00187415 -9.5135e-06 0.00673663 -0 -0.0046135 -0 -0 0.0148302 0.00337758 -0.00341917 0.00388228 -3.68119e-06 0.00614198 0.0106102 0.0223808 0.00359279 0.0236453 -0 0.0132556 0.030687 -0.0265575 -6.25745e-06 -0.00331651 -1.25727e-05 0.0378038 0.00698392 0.0124172 0 -0.00493545 -0.000708867 0.0016102 -0.042144 0.00641365 0.0203175 0.00541513 -0.00910144 0.00893723 0.0242866 -1.10526e-05 -0.000161652 -0.0161508 0.00792382 -0.00748861 0.00682252 0.0212407 -0.00482244 -4.2213e-06 -0 -0.0181383 0.00604538 0.00138034 0.00581145 0.0114867 0.0114653 -0.00292782 0.00217623 0.00925112 -0 -0.0227322 0.0185149 0.0465204 -0.00353722 0.0853204 0.0128754 -0.0176092 -0 -0 0.00584359 0.00916766 0.00895058 0.00568025 -0 0.0306415 -0.00211629 0.000250198 -0 0.0128537 -0 -0.0100467 0.0010921 -0.00266012 -0 -0.000634721 -0.00358213 -0.0053822 0.0270067 0.0038455 0.0276801 -0 -0.00293883 0.0394397 -0.0273833 -0.0191017 0.00527265 0.00102894 -0.00738411 -0.00404915 -0.00789823 -0 -0.00886676 0.00221247 -0.00853381 -0.00378841 -0 -0.00290148 0.0183164 -0.000748113 0.0127594 0.00749204 0.00258498 -0 -0 -0 -0 -0
-1.30634e-05 -0 -0 -0.0102855 -0.0146299 -0.000537238 -0.0282574 -0.00349456 -0 -0.00744816 -0.00839269 -0.00147632 0.00143466 -0.0454453 -0.0147357 -0 -0.0204038 -0.0110161 -0.00202683 -0.00485418 0.00639774 -0.00895339 -0 0.00243613 -0.0122496 -0.0034981 -0 -0.00210991 -0.00493545 0 -0.0155899 -0 0.0226263 -0 -0.00795272 -0.0148687 -0.0158123 -0.00925979 -0.0288174 -0.0462908 0.0584626 0.0060029 -0 0.00810621 -0.00470284 -0.0125607 -0 0.0328448 8.41396e-06 -0.000164694 -0.00636708 -0.0142731 -0.0151313 -0.00934553 -0.000813929 -0.00100319 -0.0106858 -0.00394063 0.0275857 0.0131876 -0 0.0133402 0.0032807 -0.0103807 -0.00680807 0.0285966 -0.0320381 -0 -0 -0.00102105 -0.00641794 -0.00160615 -0 -0.0062387 -0.010438 -0 -0 -0.0128103 -0.000587831 0.0469454 -0.000776398 0.0733153 -0.00107635 -0 -0 -0 -0.0100584 -0 -0.00851111 -0 -0 -0.00446662 0.0129582 -0 -0.0018665 -0.00266035 -0 -0 0.00471966 -0.00772116 0.0137373 -0.00132806 0.00265504 -0 -0.0030674 -0 -0.000248803 -0 -0.00806351 -0.0037316 -0.00718733 -0.00500124 -0 -0 -0 -0
-0.0167129 0.00155588 0.0150398 0.00781328 -0.0125965 0.00351461 -0.0121864 0.0122106 -0.00577901 0.0281492 0.047943 -0 -0 -0.00957103 0.05779 0.000622768 -1.78721e-06 0.02179 0.0149469 0.0281585 -0.0037925 0.0292157 -0 -0.0168451 0.024163 -0.00339949 0.0188279 -0.000792819 -0.000708867 -0.0155899 0 0.0184703 -0.0728349 0.0532865 0.0170092 0.0297888 0.0325549 0.0114326 -0.015133 0.00268836 -0 -0.0384447 -0 -0.00715896 0.0194645 0.0357515 -0.00352101 -0 0.0670185 -0.0141008 0.0824594 0.015736 0.0521582 0.0344425 0.0071309 0.0168835 -0 0.00360227 -0.044255 -0.0334773 -0.0011854 0.033194 -0.0359651 0.0121456 5.16018e-05 -0.0256164 0.00512471 -0.017925 0.0104543 0.0109791 0.0270042 0.0177732 -0 0.0144672 0.101428 -0 -0 0.0642 0.0367334 -0.0166169 0.00499993 -0.0172164 3.93806e-05 -0 -0.0175892 0.0141132 0.0302423 0.00390766 0.0626568 -0.000785755 -0.00467348 0.00436308 -0.0130259 -0 0.00922493 0.0126564 0.0078491 -0.0126958 -0.010892 -0 -0.0531067 0.00900392 -0.00244908 -0.00466461 0.0162448 -0.00432775 0.00487667 -0.0144442 0.0162302 0.0147351 0.0117286 0.0209444 -0 0.00340307 -0 -0
-0.00215639 -0 -0 0.000584352 -0 0.000442952 -0.0013583 -0 -0 0.00380817 0.00714024 -0 -0 -0 -0.0176558 0.00134865 -0 0.00465483 -0.0499036 0.0137335 0.000977837 0.000680418 -0 -0.00141593 0.00164298 -0 0.0027994 5.48256e-05 0.0016102 -0 0.0184703 0 -0.0101158 0.00561976 0.000296641 0.0267836 -0 0.000973531 0.00178521 0.000596125 -0.00186709 -0.0040385 0.00310066 -0.00193728 0.0394182 0.0113011 -0.000764699 -0 0.00470358 -0.00855059 0.069719 -0 0.00233441 0.00325878 -0 0.00233443 -0 0.0056843 -0 -0.00575096 -0 0.00866071 -0.00353574 0.0178291 0.000794133 -0.0048534 -0 -0 0.0066058 0.000532105 0.00482378 0.000657792 -0 0.00715034 0.00555152 -0 -0 0.00801164 0.0336833 -0.00249841 -0 -0.000500492 -0 -0 -0.000946198 -0 0.00735313 -0 0.0105769 -0.000725482 -0.000993387 0.00160149 -0.00122883 -0 -0 0.00141095 -0 -0.00122219 -0 -3.85705e-07 -0.0127768 -0 -0.00109488 -0.000853462 0.000350805 -0.000276304 0.00104655 -0.00424473 0.00179617 0.00152259 0.000221427 -0 -0 -0 -0 -0
0.0120851 0.0084884 0.00628208 -0.0106189 -0 -0.0229632 0.00273798 -0.00598803 -0 -0.0348005 0.0170847 -0.0158231 0.0257331 -0.00937869 -0.029411 -0.0418964 -0.0254447 -0.0381923 -0 -0.0574511 -0.0483304 -0.0169171 5.28002e-06 0.00821296 -0.0226456 -0.0616918 0.0119091 -0.00955767 -0.042144 0.0226263 -0.0728349 -0.0101158 0 0.00674358 -0.0336882 -0.026656 -0.0103411 -0.0244371 -0.0183273 -0.0477606 0.0598925 0.034799 -0.000693864 0.0289949 -0.0180722 -0.0344763 0.011005 -0 0.000311758 0.0176885 -0.0230061 -0.0103524 -0.0198927 -0.0267896 -0.0193606 -0.0159295 -0.00409881 -0.0149302 0.0124342 0.0384018 -0.00782774 -0.0443104 0.011045 -0.0400134 -0.0260532 0.0851172 -0.00324354 0.00244718 -0.00871457 -0.014069 -0.023552 0.00342224 -0.0179068 -0.0402911 -0.000548528 -0.00381272 0.00249084 -0.0405875 -0.014197 0.0584668 -0.0232449 0.0188192 -0.00235852 -0 0.00502554 -0.013254 -0.0440244 -0.015133 -0.0727839 0.000894787 0.0053477 -0.0307191 0.0465757 -0 -0.028065 -0.0087897 0.00167066 0.00484562 0.01589 -0.000240499 0.0203956 -0.0127825 0.0229295 0.00676964 -0.0100608 0.00510289 -0.0182125 0.00664941 -0.0205133 -0.0397383 -0.0274574 -0.00607937 0.000365037 -0 -0 -0
-0.00852383 0.0150765 0.0116591 0.0034176 -0.00361319 -0.0282277 -0.00394042 0.0132951 -0.00245814 -1.40199e-05 0.14871 -0.0173934 8.49484e-07 -0.00739636 0.0287938 -0 -0.0136598 -0 0.022362 -0.0196446 -1.17261e-05 0.0100759 -0 -0.00302577 0.00897001 -0.00851946 -0.0024067 -0 0.00641365 -0 0.0532865 0.00561976 0.00674358 0 0.00192377 0.0298955 0.024102 -0.0187752 -0 -0.0288208 -0 -0.00698892 0.00584382 -0.00713017 0.00460408 0.0146248 -6.11618e-05 -0 0.0124829 -0.00454894 0.00217034 0.00864188 0.0664184 0.0296622 -0 0.00504287 -0 0.0037194 0.0129011 -0.0151251 -0.017428 0.0196013 -0.00183361 0.012977 -0 -0.00504424 0.00125367 -0.00212557 0.00353681 0.0342167 0.00962945 0.0279169 -0 -0.000276983 0.0796718 -0.00750632 0.00147888 0.0204311 0.00956773 -0.00273939 0.00202623 0.0159151 0.00290993 -0.000204852 -0.00294876 -0.0156295 0.0169263 0.00125286 0.00464232 -0 -0.00936303 0.00330314 1.02979e-05 -0 -8.67848e-06 0.00531772 0.00999212 -0.00127707 -0.00190383 -0.0294839 -0.0109231 0.000240573 0.0309349 -0.000579506 0.00499542 -0.0134005 -0 -0.00521224 0.0077197 8.50067e-05 0.00234178 0.00341937 -0 0.00263982 -0 -0
9.11687e-06 -0.011981 -0.0042238 0.00776919 0.0284508 -0 0.0379752 -0.037929 0.0302092 0.0203282 -0 0.0339978 0.0152949 0.0204236 0.00509577 0.0125539 0.0259558 -0.000131606 -0 -0.0208165 0.0188264 -0.0380101 0.00376976 -0 0.00643502 0.0203396 0.00822613 0.00870041 0.0203175 -0.00795272 0.0170092 0.000296641 -0.0336882 0.00192377 0 -0 -8.79968e-06 0.00956212 0.0137073 0.00140638 -0 -0.0109398 0.0100552 -0.0055385 0.00640034 0.0239184 -0.0145355 0.0033453 -0.0227002 -0.0098052 -0.00167644 -0 0.00568059 0.00733034 0.00294821 -0.00220815 0.0087733 0.0162713 -0 -0.0150563 0.0157449 0.0201248 2.09226e-05 0.0338949 0.0517903 -0.0877148 -0 0.0254779 0.00305651 0.0362372 -0.0108315 0.00224156 -0.0016681 0.0146315 -0 0.00327338 -0 0.00368265 0.000931203 -0.0330915 0.00085613 -0 -0 -0.0011376 -0.00174241 -0 0.0079862 -0.0154462 0.0142385 -0.0313206 -0.00581073 0.0217054 -0.0603728 -0.00837972 0.0208595 -0 -0.0213623 -0 -0.0162063 0.0348815 -0.00460736 -0 -0.0219233 -0.00541786 -0 -0.0121897 0.00435291 -0 0.00443453 0.0131637 0.009506 -0 -0 -0 -0 -0
-0.0191052 0.00935146 0.0379472 0.00167727 -0.00445586 -0 -0.00779685 0.0429378 -0.00541211 0.0176673 0.0651656 -0.0114225 -0.0010224 -0.021705 0.0251023 -0 -0.00121227 -9.36666e-06 0.032511 0.0163905 -0.0108526 0.0474366 0.000120869 -0.00483857 0.00961894 -0.0444221 0.00746448 -0 0.00541513 -0.0148687 0.0297888 0.0267836 -0.026656 0.0298955 -0 0 0.0515174 0.00991262 0.00181564 -0.0179993 -6.46481e-05 -0.00684538 0.00358833 -0.00793439 0.00986991 0.0130722 -0 -0 0.0347745 -0.00461115 0.013735 0.00890875 0.0232094 0.0188948 -0 0.0114857 -0 -0 -0 -0.0183324 -0.00450668 0.0141751 -0.00913497 0.00837385 -0 -0.0106926 0.00636267 -0.00245948 0.00263271 0.00498096 0.010292 0.0118012 -0.00395384 0.000785447 0.0353846 -0.000342619 -0 0.0179618 0.0244728 -0.00246116 -0 -0.00545232 -0 -0 -0.00217806 -0 0.0190279 -0 0.00522183 -0 -0.000281622 -0.000932824 -0 -0 -0 0.0165605 0.00769002 -0.00212986 -0.00384661 -0.0290909 -0.0108686 0.00594894 -0 -0 0.00640579 -0.000568079 -0 -0.00557027 0.00880223 0.0014141 0.00225026 0.00672416 -0 0.00157089 -0 -0
-0.00845938 0.0148837 0.0196205 0.00263117 -0.00121335 -0.00471214 -0.00677359 0.0194761 -0.0066027 0.00921568 0.286445 -0.00359961 -0.00333667 -0.0159619 0.047737 -0.0048546 -0.0133835 0.00298547 0.0528278 -0.00513656 0.00239564 -0.0166808 -0 -0.000622694 -0.0375411 -0.0106964 0.0399404 -0 -0.00910144 -0.0158123 0.0325549 -0 -0.0103411 0.024102 -8.79968e-06 0.0515174 0 0.0212256 -0 -0 -0 -0.0134619 0.0187419 -0.000809958 0.00836129 -0.00360285 -0 -0 0.0150957 0.0268384 -0.0476892 0.0135124 0.0414069 0.0286718 -0.0338477 0.0286348 -0.0441957 0.00721431 0.011809 -0.0366094 -0.0038198 0.0136222 1.15742e-05 0.0107542 -0 0.0344627 -0.00120194 -0.00199614 0.00213014 0.00992228 0.0102562 0.0381991 -0.000889071 0.00219626 0.0656515 -0.00351345 0.0150329 0.00626012 0.00826342 -0.0103713 0.0152857 0.0160038 0.0175016 -0 -0.00251067 -0.00479382 0.0448389 -0 -0.00166472 -0 -0.00323238 -0.00438356 -0 -0 -0 0.00760538 -0 -0 -0.00598274 -0.00941528 -0.013528 -0 0.0133136 -0.00184701 0.000522641 -0.00215609 -0.0416592 -0.00284145 0.00938241 -0 0.00117798 0.00255712 -0 0.0418702 -0 -0
