0 -0.00277202 0.00381928 -0.0074755 -0.00204823 -0 -0.00962214 -0 0.047349 -0.0138702 0.00377455 -0.0170079 0.0072089 0.0292457 -0.0180028 -0 0.00271113 -0 0.0190879 -0.00368602 -0.00951456 -0.000250141 -0 -0.00704427 0.0105102 -0 -0.0315448 -0.0415394 -0.0608352 -0 -0.010599 -0.0103579 -0.00576448 -0 0.033881 -0 -0.0500019 -0.0151085 -0.00662589 -0 -7.18398e-06 -0 -0.0247308 0.00223541 -0.00493839 -0.000201294 0.0179083 -0.00606052 0.0116525 -0 -0.0118095 -0.0134772 -0.00134857 -0 0.00364149 -0.00498441 -0.0176866 -0.00727225 -0 -0 0.0318223 -0.0271042 -0.000596788 0.00705184 -0 -0.000621825 -0.00566292 -0 -0 -0 -0 -0.0128424 -0 0.00555345 -0.0216025 -0 -0 -0.00358911 -0.0376128 -0.00681103 -0 -0.00723004 -0 0.00306048 -0 -0.00217175 -0 -0.00147554 -0 -0 -0 -0 -0 -0 0.000483677 -0 -0 0.0174895 -0.0239914 -0 -0.0141642 -0.00340247 -0 -0 -0.00908851 0.00141826 0.0043577 -0 -0.0253939
-0.00277202 0 -0 0.0605494 -0 0.00723914 0.0396178 -0.045131 -0.002914 -0.0523656 -0.0140883 0.0480105 -0.0440499 -0.00238301 0.0570822 -0.0162442 -0.017351 -0 -0.0120899 0.0120062 0.0218626 -0.00375883 -0.0115359 0.0035956 -0.00268596 -0.0321316 0.000985377 -0.00993046 -0 -0 0.0250273 -0 0.00835451 -0.0111563 -0 -0.00741964 -0.000955128 0.0149001 0.000836187 -0.00673497 -0.00313175 0.00980371 0.00181905 -0 0.00381792 -0 -0 0.0188939 -0.00637769 -0 0.0338527 0.0436625 -0.0130796 -0 -0.00882685 0.0449775 0.000287668 -0.0103147 -0 -0.00304483 -0.00750856 -0.00336502 -0 -0 -0.0472819 -0.00274275 0.0113627 -0.0065437 -0 -0 -0 0.0521981 0.00965248 -0.000599666 0.00965791 0.00981389 -0 0.00478355 0.00586637 0.00440621 -0 -0 -0.0339356 -0 3.81279e-05 -0.00610812 0.000181796 0.00221621 0.000127584 -0 -0 -0 0.00396892 0.0614278 -0.00156738 0.00858035 -0 -0 0.00665582 0.0139728 0.0123118 0.0731529 -0.00651831 0.00314281 0.00300839 -0 -0.00759643 -0 0.00938375
0.00381928 -0 0 -0 -0.0257857 0.000409631 -0.000319405 -6.49116e-05 0.000113679 -0 0.00162504 -0 -0 -0 -0.0147436 -0 -0 -0 0.0365942 -0 -0.000494809 -0 -0 -0 -0 -0 -0.0465822 -0 -0.0335442 -0.00448537 -0.000706527 -0 -0 -0 -0 0.000285155 -0.0179209 -0 -0 -0 -0 -0 -0.0228443 -0 -0.00291878 0.0174814 -0 -0 -0 0.0100432 -0.0064757 -0.000597788 -0 -0 0.00167711 -0 -0 -0 0.0106289 0.00234964 0.00376465 -0 -0 -0.00106129 -0 0.00135627 -0 -0 0.0069474 -0.0113245 -0 -0.00170725 -0.0157207 -0 -0.000745421 0.00251697 -0 -0.016193 -0.000891809 -0 -0.0357266 -0 -0 -0.0147803 0.0157211 -0 -0 -0.0384568 -0.00279446 -0 -0 -0.0292018 -0 -0.00173455 -0 -0.00375878 -0.00814533 -0 -0 -0.0041247 -0 -0.000741704 -0 -0 -0.006013 -0 -0 -4.76008e-05 -0.00825115
-0.0074755 0.0605494 -0 0 -0 -0 0.073955 -0.0426552 -0.00136732 -0.0130389 -0.0105327 0.053251 -0.0345173 -0.013559 0.0324274 -0.015835 -0.01925 -0 -0 0.0257497 0.0130283 -0.00531907 -0.00347075 0.0186535 -0.00543119 -0.0263936 -0.00501043 -0.00436069 -0 -0 0.0211441 -0 0.0372196 -0.00285242 -0.000552687 -0.0385859 0.0148842 0.0378609 0.000601806 -0.00512161 -0.00543082 0.00309617 0.0059638 -0 0.000734028 0.00225598 -0.00207629 0.0156978 -0.00758486 0.00849844 0.0782318 0.0459733 -0.00472883 -0.0069656 -0.00370146 0.074617 0.00601232 -0.021018 -0 -0.00200667 -0 -0.00223875 -0 -0.00223088 -0.0341412 -0 0.00757854 -0 0.00106584 -0 0.0142378 0.055132 0.00065688 -0.00171372 0.02769 0.0184564 -0 0.000293735 0.0125568 0.00393502 -0.0193616 0.000717678 -0.00587092 -0 0.00152531 -0 0.0062016 -0 1.35232e-06 -0 -0 -0 0.00789174 0.0459727 -0.00275939 -0 -0 -0.00422549 0.0248632 0.00189603 0.00965295 0.0306509 -0.0204261 -0 0.00175915 -0.000417203 -0.0370681 -0 0.00506311
-0.00204823 -0 -0.0257857 -0 0 -0.0399469 -0 0.000166109 -0 -0 -0.000438124 -0 -0 -0.00479494 0.00169703 -0 -0 0.0929623 -0.0105453 -0 -0 3.01619e-06 -0 -0 -0 -0.000465498 0.121376 -0 0.016897 -0 0.00123113 0.0113961 -0 -0 -0 -0 -0 -0 -0.00224355 -0 0.00378329 -0.0336107 0.0700528 -0 -4.71373e-06 -0.019466 -0 -0 -0.018964 -0.0545951 0.0050122 -0 0.00256412 0.0330617 -0.00655216 -0 -0 -0 -0.0255105 -0.00716931 -0.0200869 -0 -0 0.000475748 -0 -0.00342901 -0 -0 -0.00238206 0.00140063 -0.00658664 0.00152167 0.00218655 -0.00778429 -0 -0.0122636 -8.92111e-05 0.0215669 0.00891001 -0 0.0116254 -0 -0.00357897 0.00437243 -0.026272 0.0180103 -0.00508784 0.021803 0.000592851 0.01234 0.000992403 0.0171178 -0 -0 -0 -0 0.0101411 -0 -0 0.00139539 -0 0.0109439 -0 -0 0.000686377 -0 -0 0.00315643 0.0107396
-0 0.00723914 0.000409631 -0 -0.0399469 0 -0 -0 -0 -0 -0 0.00414437 -0 -0 -0 -0 -0 -0 -0 0.00582934 -0 -0 -0 -0 -0.0186214 -0 -0.0407176 -0 -0.00648535 -0.000306815 -0 0.000512938 -0 -0 -0.00106051 0.000407929 -0 0.0010164 0.00549247 -0 -0.0141185 0.0081174 -0 -0 -0.000391611 0.0387411 -0.00188027 -0 -0 0.0368837 0.00216562 0.00182271 -0.0253308 -0 0.0117342 -0 0.00138615 -0 -0 -0 0.000426315 -0.00417269 -0 -0.0272904 -0 0.0260015 0.000254656 -0 3.24005e-05 -0.00621459 0.0115593 -0 -0.00663039 -0 -0 0.0281421 -0 -4.8493e-05 -0 -0 -0.0130815 -0 -0 -0.00200926 0.00422435 -0 0.0418784 -0.00968609 -0.0207051 -0 -0.00292862 -0.00624903 -0 -0 -0.000101238 -0.00144233 -0.0077 -0.00523085 0.00039704 -0.00262634 -0 -0 -0.000260778 -0 -0 -0 -0 -0 -0
-0.00962214 0.0396178 -0.000319405 0.073955 -0 -0 0 -0 -0.0191115 -0.0120455 -0.0118727 0.0373552 -0.0233569 -0.00454005 0.0137893 -0 -0.00655154 -0 -0.0129619 0.0220386 0.024312 -0.000731775 -0.0022809 0.062251 -0.0213727 -0.016972 0.0147379 -0 0.0074344 -0 0.0517863 -0 0.0503399 -0.00445836 -0.0103666 -0.0192848 0.0427595 0.0475546 -0 -0.00184914 -0.00112189 0.00302529 0.0127988 -0 0.00426773 0.000318833 -0.00442338 0.0110117 -0.00702624 0.000181034 0.0497193 0.0467573 -0 -0 -0.0119313 0.0454474 0.0184437 -0.0244743 -0 -0.000800115 -0.00631274 -0.00135063 -0 -0 -0.0371843 -0.0146916 0.00704134 -0 -0 -0 -0 0.045791 0.0108106 -0.00706065 0.0488425 0.000211553 -0 0.00497722 0.0548741 0.00927603 -1.07582e-06 0.00414999 -0.0219016 -0 -0 -0 -0 0.00176482 -0 -0 -0 -0 0.00282236 0.0580914 -0.0330654 -0 -0 -0.0106518 0.019278 0.0126785 0.014248 0.017837 -0.00289464 -0 0.0186578 -0.000429959 -0.0127436 -0 0.018568
-0 -0.045131 -6.49116e-05 -0.0426552 0.000166109 -0 -0 0 -0 0.0107114 -0.00280304 -0.0117232 -0 -0 -0 -0 -0 -0 -0 -0.00605354 0.00426606 0.00859736 -0 -0 -0 -0 -9.92429e-07 0.0520401 0.0546038 -0 -0 -0 -0 7.42746e-05 -0 0.0108027 0.0162737 0.00585101 -0 -0 -0 -0 0.162505 -0 -0 -0 -0.00235802 -0 -0.00234457 -0.0233031 -0 0.00504963 0.0365813 -0.0147556 -0.000137795 -0.0495129 0.0104883 -0 -0 -0.0205426 -0 0.0507336 0.000412885 -0.0033979 -0 -0 -0 -0 -0 -0.000783013 -4.53954e-05 -0 -0.000174278 -0 0.000666791 -0.0776647 -0 -0.0043467 0.0110525 -0 0.0261494 0.0334757 -0 -0.00603015 -0 0.0134255 -0.0087521 -0.0241564 -0 -0 -0 -0.0509498 -0 -0.0102726 -0 -0 -0 -0.00353285 -0 -0.000486197 -0 -0 -0 -0 0.0363297 -0 -0 -0 -0
0.047349 -0.002914 0.000113679 -0.00136732 -0 -0 -0.0191115 -0 0 -0.0146396 0.00695472 -0.0220082 0.0460099 0.00112012 -0.00988031 -0 0.00583026 -0 0.0402962 -0.00162967 -0.00824515 -0 -0 -0.00387591 0.00477014 -0 -0.0370883 -0.0293031 -0.0397668 -0.0182325 -0.0079612 -0 -0.0223196 -0 0.00211293 0.00159001 -0.0130879 -0.0144449 -0.014664 0.000897073 -0 -0.00271994 -0.00550778 2.19707e-05 -0.0172871 -6.12308e-05 -0 -0.00815555 0.00879609 -0.00213816 -0.00839854 -0.0199228 -0 -0 0.0102473 -0.00313541 -0.0132379 -0 -0 0.00100396 0.0114023 -0 -0 0.00233727 0.0016952 -0 -0.0025669 -0 -0 -0 -0 -0.0119441 -0 -0 -0.0185432 -0 -0 -0.00464435 -0.0179594 -0.0440495 -0.00052534 -0.005036 -0 -0 -0 -0 -0 -0.0165279 -0 -0 -0 -0.00425064 -0.00917318 -0.00532183 0.00254438 -0.00235383 -0 0.00123895 -0.00571472 -0.0199587 -0.00625569 -0.00190122 -0 -0 -0.0100037 0.000100617 -0 -0 -0.00706585
-0.0138702 -0.0523656 -0 -0.0130389 -0 -0 -0.0120455 0.0107114 -0.0146396 0 0.000640434 -0 7.13388e-05 -0 -0.0129249 0.0473332 0.0253305 -0 0.000281477 -0.233932 0.000582135 0.0442704 0.010763 0.00126685 -0.00639091 0.0685416 0.173125 0.0912194 0.0191825 -0 0.00359078 0.0128442 0.00454487 0.0174381 -0.0499415 0.0187266 0.0158142 0.00387753 -0 0.00973009 -0 -0.00161864 0.00805183 -0.0946859 -0.0312872 0.00612165 -0.0317758 -0 -0.0118516 -0.000752545 -0.00196831 -0 -0 -0 0.00745801 -0.0193377 0.0482499 0.0674209 -0 0.00928087 -0 0.00691426 0.00103953 -0.0456457 -0 0.0468757 -0 0.0032772 0.0277628 -0.0198961 -0 -0.00376087 -0.0197583 -0.00276284 0.00811326 0.000771484 0.00469577 0.0425574 0.0236958 -0 -0.0546044 0.000840589 0.00629575 -0.0763775 0.00364506 0.0651261 -0 0.0853823 -0.0716251 -0 -0.0174496 0.0578064 -0.0311008 -0.0818138 -0.0013818 -0.0402828 -0.0252944 -0.0571645 0.0214129 -0.0309733 -0 -0.0758813 0.00115478 -0.0897942 -0.0239064 -0.00285271 -0 -0.0136075 -0.00619763
0.00377455 -0.0140883 0.00162504 -0.0105327 -0.000438124 -0 -0.0118727 -0.00280304 0.00695472 0.000640434 0 -0.0134062 0.044104 -0 -0.0177769 -0 0.00765742 0.000551679 0.00249881 -0.011906 -0.0191219 -0 0.00564854 -0.0101603 0.00089833 0.00238226 -0.00421789 -0 -0.00112251 -0.00901047 -0.00524155 -0 -0.0163222 0.00170188 -0 0.00518006 -0.0110682 -0.0177263 -4.02092e-06 0.0171881 -0 -0.0128985 -0.0473425 -0 -0.0397998 -0 -0 -0.00337747 -0 -0 -0.0368286 -0.0122504 -0 -0 0.00622326 -0.0269158 -0.00573567 -0 -0 0.00549388 -0 -0 -0.0011469 -0 0.0083155 -0 -0.00205722 -0 -0 -0 -0 -0.0309649 -0.00510455 -0 -0.00993153 -0 -0 -0.00522962 -0.00555891 -0.00216591 -0.000125992 -0.00233553 0.0203468 -0 -0 -0 -0 -0.00031247 -0 -0 -0 -0 -0 -0.0290458 0.00151572 -0 -0 -0 -0.00259876 -0.00455713 -0.00341197 -0.0136548 -0 -0 -0.00528686 -0 7.83032e-05 -0 -0.0166894
-0.0170079 0.0480105 -0 0.053251 -0 0.00414437 0.0373552 -0.0117232 -0.0220082 -0 -0.0134062 0 -0.0136085 -0.00719767 -0.0282131 0.0701788 -0.0756018 -0 -0.00822459 0.058031 0.118697 -0 -0.0681281 -0.069484 0.0341802 -0.00587235 -0 0.12002 -0 -4.96091e-05 0.0519123 -0 0.0637329 -0 0.00591343 -0.0467158 0.0601475 0.15642 0.04441 -0.000167768 -0 0.0755875 -0.0938427 -0.00755497 -0 0.012706 0.0370176 0.0101321 0.0236812 0.0202355 0.031838 0.0323215 -0.0359821 -0.00952964 -0.00345433 0.0394585 0.0198764 -0 -0.0168011 -0 -0 -0 0.0155416 -0.0174453 -0.006136 0.0052353 0.0813971 -0 0.00231405 -0.00516582 -0 0.0259977 -0 -0.00722465 0.0629841 0.00883274 0.0665466 -0 0.0096691 0.00379662 -0 0.0033067 -0 -0.00669891 0.0215994 -0 0.0129538 -0.000795075 -0.0346806 -0 -0 -0.0113457 -0 0.0153252 -0.0420449 -0.000270524 -0.00441668 -0.0163058 0.0224118 -0 0.0114358 0.00351082 -0.0362216 -0 -0 -0.000569858 -0.0175935 -0.00258473 -0
0.0072089 -0.0440499 -0 -0.0345173 -0 -0 -0.0233569 -0 0.0460099 7.13388e-05 0.044104 -0.0136085 0 0.000273825 -0.00943289 -0 0.00111488 -0 0.00470229 -0.0134595 -0.0141127 -0 0.000335462 -0.000692259 -0 0.00191305 -0.000387485 -1.80296e-05 -0.00013626 -0.00124108 -0.00311146 -0 -0.0119414 -0 -0 0.02432 -0.00335586 -0.0215656 -0 0.0102898 -0 -0.0737257 -0.00406104 -0 -0.0259124 -0 -0 -0.00560716 -0 -0.00207022 -0.0200911 -0.00799326 -0 0.0144108 0.000964553 -0.0126626 -0.00666352 -0 -0 0.00275005 0.0157168 -0 -0 -0 0.00850168 -0 -0.00392121 -0 -0 -0 -0 -0.0140423 -0.0023856 -0 -0.0131442 -0 -0 -0.000920886 -0.00139806 -0.000492848 -0.00419922 -0.000715817 0.00494392 -0.00661163 -0 -0 -0 -0 -0 -0 -0 -0 -0.00220676 -0.0148054 0.0023198 -0 -0 -0 -0.00324109 -0.00320463 -0.0169324 -0.0125519 0.00144436 -0 -0.00199642 -0 0.00790613 -0 -0.00418451
0.0292457 -0.00238301 -0 -0.013559 -0.00479494 -0 -0.00454005 -0 0.00112012 -0 -0 -0.00719767 0.000273825 0 -0.00156235 0.0136065 9.68348e-05 -0.0298007 -0 -0.00197513 -0 0.0162269 0.0136049 -0.000380921 -0 -0 -0.0241663 -0 -0.005355 -0.0338927 -0.0226489 -0.00693719 -0 -0 -0 0.000228992 -0.0160079 -0.0187633 -0 -0 -0.0168776 -0 -0.00174785 -0 -0 -0 -0 -0 -0 -0 -0.00512732 -0.00164878 -0 -0 -0 -0.0248811 -0.0165809 -0 -0 -0 0.00569362 -0 -0 -0 2.40564e-05 -0 -0.00137355 -0 -0 -0 -0 -0.0214184 -0.0124922 -0 -0.00721253 -0 -0 -0.0028844 -0.00137989 -0.000881217 -0 -0 0.000724282 -0 -0 -0 -0 -0.00355967 -0 -0 -0 -0.00158783 -0.0055272 -0.00403645 -0 -0 -0 -0 -0.0165481 -0 -0.00226232 -0.00723004 -0 -0 -0.00145304 -0 0.0160129 -0 -0.00110472
-0.0180028 0.0570822 -0.0147436 0.0324274 0.00169703 -0 0.0137893 -0 -0.00988031 -0.0129249 -0.0177769 -0.0282131 -0.00943289 -0.00156235 0 -0.024996 -0.0122886 -0.0155767 -0.0125194 0.0163506 0.0152857 -0 -0.000670178 0.0213748 -0.0302992 -0.0374799 0.0140881 -0.00333291 0.0231518 -0 0.0243668 0.00146573 0.01071 -0.024642 -0.00363627 -0 0.0184049 -0.0101936 0.00338759 -0.011599 -0.0147165 -0.00195607 0.0650162 -0 0.0233964 -0 -0.0619245 0.0203505 -0.0522825 -0.0208268 0.0295274 0.0531122 -0 -0 -0.0508968 0.0281566 0.0314804 -0 -0 -0 -0.0179053 -0.00693883 -0 -0.0055896 -0.0299514 -0 0.00526028 -0 -0 0.00912671 -0 0.0540373 -0 -0.0288828 0.014361 -0 -0 0.000766185 0.0351816 0.019921 0.0132976 0.00602802 -0.00512739 -0.000820212 -0 -0 -0 0.00198101 -0 -0 -0 -0 0.00199739 0.012538 -0 0.00555622 0.00766132 -0.00512406 0.0162319 0.0334662 0.0308477 0.076594 -0 -0 0.043078 -0.0163835 -0 0.00381651 0.0830163
-0 -0.0162442 -0 -0.015835 -0 -0 -0 -0 -0 0.0473332 -0 0.0701788 -0 0.0136065 -0.024996 0 0.0044824 0.112723 -0 -0 0.00150234 0.00335818 0.0338946 -0 -0 0.0209545 -0 0.0120591 0.00107493 -0.00284779 -0 0.00832421 -0 -0 -0.0209844 -0.044807 0.00293122 0.00171403 -0 0.0134951 -0 -0 -0 -0.012055 -0.00210351 -0 -0.0274647 -0.067115 -0 0.000520713 -0 -0 -0.0349673 -0 0.0054055 -0.00583324 0.000789506 0.00174202 -0 0.00421974 -0 -0 -0 -0.00724969 -0 0.0366921 -0 0.0289402 -0 -0.00176978 -0 -0 -0.006211 -0 0.00112295 -0.0395367 0.00361715 -0 0.0100266 -0 -0.00269527 -0.0529175 0.02061 -0.0305912 -0 0.0240443 -0 0.0336784 -0.110078 -0 -0.000675411 0.0364813 -0.0486873 -0.0244822 -0 -0.000905244 -0.0107154 -0.0118649 -0 -0.0113383 -0.0285835 -0.0176431 0.0572783 -0.00176667 -0.00302265 -0.040697 0.0104448 -0.0171547 -0.000306739
0.00271113 -0.017351 -0 -0.01925 -0 -0 -0.00655154 -0 0.00583026 0.0253305 0.00765742 -0.0756018 0.00111488 9.68348e-05 -0.0122886 0.0044824 0 -0 0.0127276 -0.0311892 -0.00317696 0.00269776 0.0192907 -0.000497735 0.00348197 0.0504245 -0.000770252 -0 -0 -0.0031163 -0.00291771 -0 -0.00539174 -0 -0 0.0134843 -0.00665085 -0.028597 -0.0191214 0.0167294 -0 -0.00223677 -0.00519406 -0.0012389 -0.0119901 -3.37001e-05 -0.0140931 -0.027812 -0 -0 -0.0224236 -0.0144551 -0 0.0101053 0.0122873 -0.0255611 -0 0.00126778 -0 0.0524745 -0 -0 -0.0203666 -0 0.00117299 0.000454085 -0.000876766 -0 -0 -0 -0 -0.0104019 -0.0333759 0.0003131 -0.010073 -0 -0 -0 -0.0100401 -0.00188148 -0.000853911 -0.00051024 0.00259198 -0.00012206 -0 0.0159949 -0 -0.000788336 -0.00312939 -0 -0 -0 -0.00279746 -0.0289009 -0 -0.00747573 -0 -0 -0.00647242 -0.0329259 -0.0114317 -0.0112996 -0 -0.000557026 -0.00310452 -0 0.00142167 -0.00117773 -0.010598
-0 -0 -0 -0 0.0929623 -0 -0 -0 -0 -0 0.000551679 -0 -0 -0.0298007 -0.0155767 0.112723 -0 0 -0 -0 -0.0187017 -0.00973129 -0 -0 -0 -0 -0 0.0126914 -0.00998656 0.00857827 -0 -0 -0.00602638 0.0857119 0.0023524 -0.0246891 -0 -0 -0 -0 0.0937635 -0 -0.0199545 -0 -0.0151899 -0 0.00163753 -0.0420238 -0 -0 -0 -0.00498164 -0.00202091 -0 -0 -0 -0.0225505 -0.0760394 -0.013568 -0.0460203 -0 0.0177517 0.051617 -0 -0 -0 -0 -0 -0 -0 -0 -0 -0 -0 -0.000644187 -0.000273329 -0 -0 -0.00370396 -0.00222426 -0.013535 -0.00598731 -0 -0 -0.00353254 -0 -0 0.00148755 -0 -0 -0 0.0128704 -0 -0 -0 -0 -0 0.000911298 -0.00502679 -0 -0 -0 -0.0129399 -0 -0 -0 -0 -0 -0.0118658
0.0190879 -0.0120899 0.0365942 -0 -0.0105453 -0 -0.0129619 -0 0.0402962 0.000281477 0.00249881 -0.00822459 0.00470229 -0 -0.0125194 -0 0.0127276 -0 0 -0.00503085 -0.0131184 -0 -0 -0.00985595 0.00169589 0.00877696 -0.0351356 -0 -0.0153557 -0.00203366 -0.00980281 -0 -0.00517037 0.000403683 -0 0.00398732 -0.0299157 -0.00667686 -0 0.0298936 0.00352323 -0 -0.0431427 -0.00103228 -0.00417174 0.015852 -0 -0.00229078 0.0185506 0.00686868 -0.0171379 -0.0182551 -0.0107939 -0.00705581 0.00433621 -0.00404953 -0.000716504 -0 -0 0.0114326 0.0100718 -0 -0.00411992 -0 -0 0.0111592 -0 -0 -0 -0.0069693 0.00292183 -0.0142943 -0.00514583 0.00213507 -0.0152153 -0 0.00602477 -0.0327606 -0.0135899 -0.0307539 -0.0263592 -0 0.00593505 -0.0183196 -0 -0 -0 -0.0534705 -0.00128236 -0 -0 -0.0366294 -0.000611067 -0.0188323 0.000248603 -0.00712948 -0.0357026 -0 -0.00253509 -0.0294692 -0.00953156 -0.00778479 -0.0137026 -0 -0.0503407 -0 -0 -0.00310301 -0.0226929
-0.00368602 0.0120062 -0 0.0257497 -0 0.00582934 0.0220386 -0.00605354 -0.00162967 -0.233932 -0.011906 0.058031 -0.0134595 -0.00197513 0.0163506 -0 -0.0311892 -0 -0.00503085 0 0.0135447 -0.0125052 -0.0173207 0.00707409 -0.000341501 -0.0434323 -0 -0.00471139 -0 -0.00674302 0.011379 -0.0144785 0.0245631 -0.0161332 -0 -0.00207719 0.0179043 0.0587972 0.00491328 -0.0155969 -0.0300896 0.0298662 0.0159466 -0 0.000941951 0.0149322 -0.000140822 0.00703285 -0 0.0247267 0.0290735 0.045118 -0 -0.00110114 -0.00528241 0.0271815 0.0108311 -0.069544 -0 -0.000374016 0.0249915 -0.0695518 -0 -0 -0.0285889 -0.000120522 0.0781607 -0.00172422 -0 -0 -0 0.0421464 -0 -0.0011239 0.0304535 0.0023623 -0 -0 0.0122471 0.00686136 -0 0.0177143 -0.00447359 -0 0.00420882 -0.0112168 0.000749114 -0.0664981 -0 -0 0.000222097 -0.0406371 0.0230668 0.0255325 -0.00320184 -0 -0 -0.0118168 0.0341359 -0 0.0121737 0.011605 -0.00934987 -0 0.00469707 -0 -0.010716 -0 0.0048823
-0.00951456 0.0218626 -0.000494809 0.0130283 -0 -0 0.024312 0.00426606 -0.00824515 0.000582135 -0.0191219 0.118697 -0.0141127 -0 0.0152857 0.00150234 -0.00317696 -0.0187017 -0.0131184 0.0135447 0 0.0139877 -0.0020711 0.043848 -0.00733321 -0 0.0150228 -0 0.0153451 -0.003349 0.0536705 -0 0.0365301 -0.00405516 -0.00889075 -0 0.076335 0.0505314 0.0105382 -0.00520019 -0.0301697 -0 0.0219986 -0.00653603 -0 0.00726041 -0.0214831 0.00828535 -0.0116768 0.00876343 0.0368904 0.0832792 -0 -0 -0.0158572 0.00987657 0.0287248 0.00941215 -0 -0 -0.000168703 -0.0079821 0.00139253 -0.0137967 -0.00722153 0.0038105 0.0138734 -0 -0 -0 -0 0.0381744 -0.00456329 -0.00746744 0.0441225 0.00786876 0.00257161 -0 0.0465007 0.00540948 -0 0.00725857 -0 -0.00737161 0.00498404 0.00601619 0.00973254 -0 -0.0084191 -0 -0.000532915 -0 -0 -0 -0.0326815 -0 -0.00153784 -0.0533947 0.0178236 -0 0.0141672 0.00727609 -0 -0 0.0135352 -0.0016064 -0.0031899 -0.00384508 0.0091784
-0.000250141 -0.00375883 -0 -0.00531907 3.01619e-06 -0 -0.000731775 0.00859736 -0 0.0442704 -0 -0 -0 0.0162269 -0 0.00335818 0.00269776 -0.00973129 -0 -0.0125052 0.0139877 0 0.0122201 -0 -0 0.0416023 -0 0.00477999 0.00196435 -0.00843217 -0 -0 -0 -0 -0.0376255 0.032883 0.00120408 -0 0.00244599 0.00642941 -0.00298105 -0.00701849 -0 -0.0169769 -0.00246425 -0 -0.0361879 -0 -0.0319006 0.00539758 -0.00310357 0.00324359 -0 -0 -0 -0.0470295 0.0103316 0.0200625 0.035136 0.00997369 -0 -0 0.00702918 -0.0350327 -0 0.0287476 -0 0.000424602 -0 -0 -0 -0.041382 -0.0324401 -0 -0 -0 -0 -0 0.00327977 -0 -0.00685063 0.0262557 0.00205556 -0.0242816 -0 0.0233651 -0 -0.00423463 -0.00671394 -0 -0.0013959 -0.0120039 -0.00787161 -0.0277326 -0 -0.0188648 -0.00592396 -0.021699 0.00240583 -0.0058112 -0 -0.00976092 -0 -0.00370423 -0 -0 -0 -0.00531683 -0
-0 -0.0115359 -0 -0.00347075 -0 -0 -0.0022809 -0 -0 0.010763 0.00564854 -0.0681281 0.000335462 0.0136049 -0.000670178 0.0338946 0.0192907 -0 -0 -0.0173207 -0.0020711 0.0122201 0 -0.00161411 -0 0.0128891 -0 -0 -0 -0.0154417 -0.0149044 0.00212776 -0 -0 -0.0202209 0.00675994 -0.00012991 -0.0178613 -0 -0 -0 -0.000579419 -0 -0.0213021 -0.00654052 -0 -0.0307723 -0 -0.000254411 -0 -0.00990094 -0 0.00823586 0.0113933 0.00731391 -0.0485257 -0 0.0128695 0.00356966 0.00464318 -0 -0 -0 -0.00930365 -0 0.00710655 -0 -0 -0 -0 -0 -0.0118288 -0.0443438 -0 -0 -0 -0 -0 -0 -0 -0.00257507 -0 0.00529407 -0.0104463 -0 0.0114105 -0.00158453 -0 -0.00451287 -0 -0 -0 -0.0251809 -0.0395103 -0 -0.000393531 -0 -0 -0 -0.00423049 -0.00259793 -0.00737116 7.34519e-05 -0.000121195 -0 -0 0.000497914 -0 -0
-0.00704427 0.0035956 -0 0.0186535 -0 -0 0.062251 -0 -0.00387591 0.00126685 -0.0101603 -0.069484 -0.000692259 -0.000380921 0.0213748 -0 -0.000497735 -0 -0.00985595 0.00707409 0.043848 -0 -0.00161411 0 -0.0109656 -0 0.00417849 -0 0.00708146 -0 0.0697243 -0 0.0120825 -0.00154076 -0.000467411 -0 0.0511643 0.012972 -0 -0 -0.00889755 -0 0.0743209 -0 -0 0.0076066 -0.0140561 0.0110121 -0.00404715 0.0477929 0.095907 0.00693353 -0 -0 -0.0250545 0.0303591 -0.0412605 -0 -0.00684612 -0 -0 -0.00806297 -0 -0.0147579 -0.006771 -0 0.00229827 -0 -0 -0 -0 0.0212475 -0 -0.00807042 0.0186725 -0 -0 -0 0.0290922 -0 -0 0.00276356 -0 -0 -0 -0 -0 -0 -0 -0 -0 -0 -0 0.00100831 -0.0102166 -0 -0 -0.0140616 0.0122725 -0 0.0208442 0.0156908 -0 -0 0.00850053 -0.000991775 -0.00198599 -0 0.0043696
0.0105102 -0.00268596 -0 -0.00543119 -0 -0.0186214 -0.0213727 -0 0.00477014 -0.00639091 0.00089833 0.0341802 -0 -0 -0.0302992 -0 0.00348197 -0 0.00169589 -0.000341501 -0.00733321 -0 -0 -0.0109656 0 0.00267056 -0.0273601 -0 -0.0263415 -0 -0.019868 -0.0399103 -0.0157325 0.00344966 0.00384949 -0 -0.00532498 -0.0277437 -0.00294529 -0 0.0054742 0.0545053 -0.0223052 -0 -0.0109841 -0.00757065 0.0178151 -0.0448641 0.00835093 0.0169623 -0.0149358 -0.0130756 -0 -0 -0 -0.019933 -0.030889 -0.0013145 -0 -0 -0 -0 -0 0.0358223 0.000696685 -0.00657787 -0.000980416 -0 -0.0145256 -0 -0 -0.014978 0.00462809 0.190502 -0.0102723 -0.0255246 -0 -0 -0.0348746 -0.00818788 -0 -0.00745527 -0 0.0118658 -0.000581323 -0.00203565 -0.0395802 -0 -0 -0.00242917 0.000651078 -0 -0.0225345 -0 -0 -0 -0 0.00986925 -0.0304482 -0 -0.0157275 -0.00760398 -0 0.00165242 -0.014317 0.00548051 -0 -0 -0.0337182
-0 -0.0321316 -0 -0.0263936 -0.000465498 -0 -0.016972 -0 -0 0.0685416 0.00238226 -0.00587235 0.00191305 -0 -0.0374799 0.0209545 0.0504245 -0 0.00877696 -0.0434323 -0 0.0416023 0.0128891 -0 0.00267056 0 -0.00466956 0.00833827 -0 -0.000352683 -0 0.00146438 -0.0167743 0.0225301 -0.0161402 0.0152622 -0 -0.00167233 -0 0.030805 -0 -0 -0.0077996 -0.0666112 -0.00961696 -0 -0.01629 -0.0305685 -0 0.00340157 -0.0243435 -0.00414359 -0 -0 0.0285751 -0.016539 -0 0.0150252 0.000109762 0.0147252 -0 -0 -0 -0.03424 0.010335 0.0100299 -0 0.0015275 -0 -0.00210822 -0 -0.014586 -0.0308776 0.00570839 -0.001262 -0 -0 -0.00106897 -0 -0 -0.00424402 -0 0.00752017 -0.0443102 -0 0.0267779 -0 -0.000347881 -0.0183784 -0 -0.00777951 -0.000923304 -0.00524454 -0.0401012 -0 -0.0134469 -0.0149506 -0.00940017 -7.03803e-07 -0.0267951 -0.00497703 -0.0476169 0.00491569 -0.00293395 -0.00469741 -0 0.00645348 -0.00185183 -0.01064
-0.0315448 0.000985377 -0.0465822 -0.00501043 0.121376 -0.0407176 0.0147379 -9.92429e-07 -0.0370883 0.173125 -0.00421789 -0 -0.000387485 -0.0241663 0.0140881 -0 -0.000770252 -0 -0.0351356 -0 0.0150228 -0 -0 0.00417849 -0.0273601 -0.00466956 0 0.00637608 0.0737636 0.0186483 0.0369697 -0 0.00232516 -0.000688467 -1.42061e-06 -0.00200119 0.0309619 0.0142586 -0.0220893 -0.0127486 -0 -0.025216 0.0475223 -0 0.01922 -0.0303501 -0 0.000261091 -0.00354876 -0.0324792 0.0265964 0.00566639 0.00580854 -0 -0.0255869 -0 0.0064065 0.0161952 -0.00136171 -0.0314275 -0.0249978 -0 -0 -0 -0.00255578 -0.0149152 0.00135353 -0 -0.00470167 0.0394751 -0.0619157 0.0110041 0.0414436 -0.0084159 0.00800567 -0.0557393 -0.0120471 0.154666 0.0237285 0.00238679 0.0167893 -0 -0.00833311 0.00520257 -0.0162645 -0 -0.0197635 0.238367 0.0184002 -0 0.00323539 0.219751 -0 0.00428597 -0.000304183 0.0120195 0.0330162 -0 0.0184631 0.0343186 -0 0.0148712 0.0056542 -0 0.0106134 -0 -0 0.00699626 0.0289347
-0.0415394 -0.00993046 -0 -0.00436069 -0 -0 -0 0.0520401 -0.0293031 0.0912194 -0 0.12002 -1.80296e-05 -0 -0.00333291 0.0120591 -0 0.0126914 -0 -0.00471139 -0 0.00477999 -0 -0 -0 0.00833827 0.00637608 0 -0 -0 -0 -0 -0 0.185422 -0.0161128 -0 0.0176256 0.0183165 -0 0.00799168 0.21454 0.0451001 0.00196395 -0.00209358 -0.000276031 -0 -0 -0 -0 0.00336811 -0.0153732 -0 -0 -0 -0.00721676 -0.011259 0.00160271 -0 -0 -0 -0 0.159572 -0 -5.73679e-05 -0 0.00235414 0.0298279 -0 -0 -0.0372002 -0 -0.0324445 -0 -0 -0 -0.049045 0.00545381 -0 -0 -0.0265104 -0 0.0116044 -0 -0.00262973 0.00320892 0.00772791 -0.0153131 -0 -0 0.0103923 -0.000829843 -0 -0.0137619 -0.0123767 -0 -0 -0.000958972 -3.99562e-05 -0 -0.00446444 -0 -0.0115176 -0 -0.0106937 -0 -0 -0 -0.00477433 -0
-0.0608352 -0 -0.0335442 -0 0.016897 -0.00648535 0.0074344 0.0546038 -0.0397668 0.0191825 -0.00112251 -0 -0.00013626 -0.005355 0.0231518 0.00107493 -0 -0.00998656 -0.0153557 -0 0.0153451 0.00196435 -0 0.00708146 -0.0263415 -0 0.0737636 -0 0 -0.00335216 0.00736876 0.0101885 0.00215201 -0 -0.0270784 -0 0.0215296 -0.0663505 0.00111655 -0 -0 -0.0366366 0.112245 -0.0252444 0.00134742 -0 -0.0192516 0.00884362 -0.0188048 -0.0580298 -0.0237959 0.0511079 0.0660743 0.0110838 -0.0131535 -0 0.059811 0.031316 -0 -0 -0.0175453 -0 0.00123989 -0.0148804 -0 0.0060338 0.0100082 0.000706277 -0 -0 -0.0342564 -0 -0.000953725 -0.0211601 0.0288516 -0.0362393 -0 0.00687116 0.0370946 0.0246929 0.0171095 0.0439838 -0 -0.012245 -0 0.0152629 -0.0535444 0.0101526 -0 -0 -1.50888e-05 0.00833737 -0 -0.0140338 -0.00406654 -0 -0 -0.0139782 0.0521534 -0 0.00856243 0.000192864 0.0288886 -0.000380196 0.059697 -0.0110307 -0 -0 0.0609709
-0 -0 -0.00448537 -0 -0 -0.000306815 -0 -0 -0.0182325 -0 -0.00901047 -4.96091e-05 -0.00124108 -0.0338927 -0 -0.00284779 -0.0031163 0.00857827 -0.00203366 -0.00674302 -0.003349 -0.00843217 -0.0154417 -0 -0 -0.000352683 0.0186483 -0 -0.00335216 0 -0 -0.000331568 -0 -0 0.0216185 -0.00311663 -0 -0 -0.000325302 -0.00199869 0.00801602 0.0455082 -0.00981899 0.0143856 0.0119921 -0.00268296 0.0442864 -0.0314181 0.0039673 -0.00238027 -0 -0.0234923 -0.0324198 -0.00124433 -0 -0 -0.0158059 -0.00809493 -0.0775398 -0.0297072 -0 0.0401169 -0 0.0287703 -0 -0.0239028 -0.00337621 -0.00379275 -0.00554327 0.00296579 -0 -0 0.0799935 -0 -0.00503553 -0 -0 0.0118562 -0.00460018 -0 0.00472377 -0.00343232 -0.0244543 0.02401 -0.00909081 -0.00799477 -0 0.0269061 0.00601447 -0 0.000337221 0.0244899 -0 0.0353539 -0 0.013659 0.00519158 0.00676409 -0.0087339 0.0329013 -0 0.000551502 -0 -0 -0 0.0345563 -2.45589e-06 0.00404063 -0
-0.010599 0.0250273 -0.000706527 0.0211441 0.00123113 -0 0.0517863 -0 -0.0079612 0.00359078 -0.00524155 0.0519123 -0.00311146 -0.0226489 0.0243668 -0 -0.00291771 -0 -0.00980281 0.011379 0.0536705 -0 -0.0149044 0.0697243 -0.019868 -0 0.0369697 -0 0.00736876 -0 0 0.00544159 0.0362177 -0.000561689 -0.0065184 -0 0.0789335 0.023894 -0 -0 -0.00382277 -0 0.0116409 -0.00397749 0.00216694 0.00509006 -0.0121432 0.00626556 -0.00511693 0.00584196 0.0388379 0.0241767 -0.0350756 -0 -0.0032472 0.0126162 0.0169238 -0 -9.98083e-05 -0 -0.00320897 -0 0.000998178 -0.0116091 -0.0292594 4.26475e-05 0.00603464 -0 -0 -0 -0 0.0186146 -0 -0.0134825 0.0646134 0.00244842 0.00137301 0.00826458 0.0547481 0.00138734 -0 0.00692329 -0.00144249 -0.00652392 -0 -0 -0 0.00493056 -0.00307484 -0 -0 0.000113087 -0 0.0075283 -0.0319812 -0 -0 -0.0116224 0.0249521 -0 0.00501396 0.00617424 -0.000175714 -0 0.00399296 -0.0026422 -0.0152546 -0 0.00773942
-0.0103579 -0 -0 -0 0.0113961 0.000512938 -0 -0 -0 0.0128442 -0 -0 -0 -0.00693719 0.00146573 0.00832421 -0 -0 -0 -0.0144785 -0 -0 0.00212776 -0 -0.0399103 0.00146438 -0 -0 0.0101885 -0.000331568 0.00544159 0 -0 -0 -0.0422452 0.00413624 0.00649381 0.00574848 0.00710357 0.0011639 -0 -0.0172659 0.00204601 -0.0160588 -0.000764142 0.00847239 -0.0492595 -0 -0.034948 -0 -0 0.000737989 -0 -0 0.000171072 -0 0.00710851 0.0320583 -0 0.000944221 -0 -0 -0 -0.0231515 -0 0.0130031 -0 0.00651302 0.00245626 -0.00039442 -0 -0 -0.0231598 -0.00857487 0.000903965 -0 -0 -0 0.0124041 -0 -0.00120986 -0 0.00457224 -0.0328999 -0 0.00952268 -0 -0.000708972 -0.00839413 -0 -0 -0 -0 -0.0087929 -0 -0.00200989 -0.00239444 -0.00891879 0.000774494 -0.0291729 -0 -0 -0 -0.000265606 -0 -0.0191747 -0 -4.00306e-05 -0
-0.00576448 0.00835451 -0 0.0372196 -0 -0 0.0503399 -0 -0.0223196 0.00454487 -0.0163222 0.0637329 -0.0119414 -0 0.01071 -0 -0.00539174 -0.00602638 -0.00517037 0.0245631 0.0365301 -0 -0 0.0120825 -0.0157325 -0.0167743 0.00232516 -0 0.00215201 -0 0.0362177 -0 0 -0.00839111 -0.00823817 -0.0182367 0.0414715 0.041341 0.00783343 -0.0262983 -0.00104615 -0 0.0207231 -0.00282394 -0 0.0385566 -0.00634277 0.0287072 -0.00641506 0.0126657 0.0273737 0.0510444 -0 -0 -0.00627588 0.0112534 0.0280244 -0 -0 -0.0117639 -0 -0 0.000177839 -0.00568628 -0.00596207 0.00122271 0.013329 -0 0.008467 -0 -0 0.00934219 -0 -0.0119023 0.0326813 0.00289544 0.000282376 -0 0.0162544 0.00569048 -0 0.0025732 -0 -0.00208757 0.0161964 -0 0.00133835 -0 -0.00732452 -0 -0 -2.94757e-05 0.00203817 0.0387753 -0.00686323 -0 -0 -0.0102956 0.0158393 -0 0.00553816 0.00927339 -0.00760997 -0 0.00308897 -0 -0.00798342 -0 0.00441165
-0 -0.0111563 -0 -0.00285242 -0 -0 -0.00445836 7.42746e-05 -0 0.0174381 0.00170188 -0 -0 -0 -0.024642 -0 -0 0.0857119 0.000403683 -0.0161332 -0.00405516 -0 -0 -0.00154076 0.00344966 0.0225301 -0.000688467 0.185422 -0 -0 -0.000561689 -0 -0.00839111 0 -0 -0 -0.00128784 -0.00610108 -0 0.0418043 0.159838 0.00132408 -0.000635769 -0 -0.0233805 -0.0105925 0.000522188 -0.00673042 0.000149907 -0 -0.0149551 -0.0293822 -0 -0 -0 -0.00287758 -0.00304589 -0 -0 -2.47408e-06 -0 0.145791 -0 -0 0.00261322 -0 -0 -0 -0.00429563 -0.0082182 -0 -0.0112489 -0 0.00574561 -0.0035949 -0.00363677 -0 -0 -0.00490498 -0.033126 -0 -0 0.000742863 -0 -0 -0 -0.00535452 -0 -0 -0 -0 -0 -0.000717651 -0.0190788 0.00039571 -0 -0 -0 -0.00320103 -0.00961343 -0.00143249 -0.0229691 -0 -0 -0.00453501 -0 -0 -0 -0.0174931
0.033881 -0 -0 -0.000552687 -0 -0.00106051 -0.0103666 -0 0.00211293 -0.0499415 -0 0.00591343 -0 -0 -0.00363627 -0.0209844 -0 0.0023524 -0 -0 -0.00889075 -0.0376255 -0.0202209 -0.000467411 0.00384949 -0.0161402 -1.42061e-06 -0.0161128 -0.0270784 0.0216185 -0.0065184 -0.0422452 -0.00823817 -0 0 -0.00975227 -0.0163878 -0.00760948 -0.00358625 -0.002302 0.00138014 -0 -0.0059713 0.0725446 0.0150332 -0.0141063 0.0692544 -0.0135459 0.0474652 -0.0313139 -0 -0.0191548 -0.000893461 -0 -0 -0 -0.0217135 -0.0451715 -0.00857972 -0.0116755 -0 -0 -0.00125539 0.0569773 0.0026547 -0.0688947 -0.0138791 -0.0129774 -0.0014383 0.00719727 -0 -0 0.0209921 -0 -0.0185628 -0 -0.0204495 -0 -0.0368364 -0 0.0136849 -0.00540884 -0.0146628 0.0768467 -0.0176846 -0.0183877 -0 0.000292506 0.0134837 -0 0.00144316 0.000281731 0.00128391 0.0243988 0.000312498 0.00491135 0.00728907 0.0281944 -0.00961503 0.0103274 -0 0.00137391 -0 0.00175558 -0 0.00715647 -0 0.00983024 -0
-0 -0.00741964 0.000285155 -0.0385859 -0 0.000407929 -0.0192848 0.0108027 0.00159001 0.0187266 0.00518006 -0.0467158 0.02432 0.000228992 -0 -0.044807 0.0134843 -0.0246891 0.00398732 -0.00207719 -0 0.032883 0.00675994 -0 -0 0.0152622 -0.00200119 -0 -0 -0.00311663 -0 0.00413624 -0.0182367 -0 -0.00975227 0 -0 -0.0106435 -0 0.00498812 -0.00641074 -0 -0 -0.00446137 -0.0138209 -0 -0.0252466 -0.000450047 -0.00131934 0.0040089 -0.0198959 -0 -0 -0 0.00833273 -0.00564449 -0 0.0309042 0.00111672 0.0169827 0.00429359 -1.26595e-06 -0 -0.0225863 -0 0.0100244 -0 -0 -0 -0.00774021 -0 -0.00912057 -0.0352315 -0 -0.00358351 -0 -0 -0.00156991 -0 -0.00237571 -0.0021689 0.000182833 0.000282579 -0.0774648 -0 0.0102145 -0 -0.0205358 -0.01162 0.0127822 -0.000129465 -0.00200657 -0.0105519 -0.0455762 -0 -0.0225212 -0.00600363 -0.00919599 -0 -0.0232477 -0.000406572 -0.030736 -0 -0.00239645 -0.00588791 -0 -0 -0.00185639 -0.0033389
-0.0500019 -0.000955128 -0.0179209 0.0148842 -0 -0 0.0427595 0.0162737 -0.0130879 0.0158142 -0.0110682 0.0601475 -0.00335586 -0.0160079 0.0184049 0.00293122 -0.00665085 -0 -0.0299157 0.0179043 0.076335 0.00120408 -0.00012991 0.0511643 -0.00532498 -0 0.0309619 0.0176256 0.0215296 -0 0.0789335 0.00649381 0.0414715 -0.00128784 -0.0163878 -0 0 0.113022 0.0140766 -0 0.00243086 -0 0.0367602 -0.0166274 -0 0.0128643 -0.0222543 0.0168812 -0.0245766 0.00808438 0.0510852 0.0452291 -0 -0 -0.00216053 0.0186238 0.0510722 0.00666959 -0.0216699 -0 -0 -0.00283666 0.030323 -0.0372447 -0.00273012 0.011743 0.0155302 -0 -0 -0 -0 0.0340941 -0.00180356 -0.0125195 0.0761372 -0 0.00106816 0.000799768 0.0411844 0.00638765 -0.00271843 0.010607 -0 -0.00948368 0.00336819 0.0132442 -0 -0 -0.0151469 -0 -0.00214959 -0 -0 -0 -0.00800742 -0 -0.00787302 -0.0319548 0.0192073 -0.00091497 0.0105297 0.00485881 -0 -0.00216885 0.00601558 -0.0117046 -0.00731308 -0.00278569 0.0267192
-0.0151085 0.0149001 -0 0.0378609 -0 0.0010164 0.0475546 0.00585101 -0.0144449 0.00387753 -0.0177263 0.15642 -0.0215656 -0.0187633 -0.0101936 0.00171403 -0.028597 -0 -0.00667686 0.0587972 0.0505314 -0 -0.0178613 0.012972 -0.0277437 -0.00167233 0.0142586 0.0183165 -0.0663505 -0 0.023894 0.00574848 0.041341 -0.00610108 -0.00760948 -0.0106435 0.113022 0 0.0108902 -0 -0.0117574 0.0355274 0.00452688 -0.00759505 0.015175 0.0838559 -0.0116952 0.010527 -0.00632358 0.0579013 0.0248349 0.0305298 -0.00108682 -0.0591357 -0.000167758 0.0519701 0.00893575 -0 -0.0179431 -0.00295664 -0 -0 -0 -0.0142158 -0.00918521 0.00558554 0.011526 -0 0.00495539 -0.00453011 0.00427402 0.0278506 -0 -0.0111637 0.0505978 0.0172104 0.0131014 -0 0.0299971 0.00390411 -0.00453168 0.00356706 -0 -0.014891 0.0293104 -0 0.018101 -0 -0.01029 -0 -0.000215691 -0 0.000755555 0.018653 -0.031641 -0 -0.00652107 -0.0331985 0.0152943 -0.000550671 0.0142302 0.0132111 -0.0104788 -0.00162312 0.00388749 -0.00455803 -0.0457008 -0.00170725 0.00619945
-0.00662589 0.000836187 -0 0.000601806 -0.00224355 0.00549247 -0 -0 -0.014664 -0 -4.02092e-06 0.04441 -0 -0 0.00338759 -0 -0.0191214 -0 -0 0.00491328 0.0105382 0.00244599 -0 -0 -0.00294529 -0 -0.0220893 -0 0.00111655 -0.000325302 -0 0.00710357 0.00783343 -0 -0.00358625 -0 0.0140766 0.0108902 0 -0.0286141 -0 -0.0305746 -0.0494134 -0.00240462 -0 0.0299427 -0.0135143 0.00143554 -0.0385327 0.00330721 0.00536547 0.0131619 -0 -0.00295537 -0.0244793 0.00276062 0.00220311 -0 -0 -0 -0 -0.000399722 0.0113618 -0.0493085 -0.00493093 0.00531514 0.00581506 -0 0.00211764 -0 -0 0.00431668 -0.010131 -0.00384464 0.00111802 -0 0.00328874 -0.036734 0.00883235 6.08153e-05 -0 0.0242104 -0 -0.00917547 0.00641777 -0 0.00187529 -0.0758799 -0.000434172 -0 -0 -0.0464385 -0 -0 -0 -0.000396523 -0 -0.00293065 0.00873608 -0.00157072 0.0371831 0.0311993 -0 -0 0.00215062 -0.00623524 -0 -0 -0
-0 -0.00673497 -0 -0.00512161 -0 -0 -0.00184914 -0 0.000897073 0.00973009 0.0171881 -0.000167768 0.0102898 -0 -0.011599 0.0134951 0.0167294 -0 0.0298936 -0.0155969 -0.00520019 0.00642941 -0 -0 -0 0.030805 -0.0127486 0.00799168 -0 -0.00199869 -0 0.0011639 -0.0262983 0.0418043 -0.002302 0.00498812 -0 -0 -0.0286141 0 -0 -0 -0.00166945 -0.00844393 -0.00552495 0.00362607 -0 -0 -0 -0 -0.0161085 -0.00251656 -0 -0 -0 -0.00150341 0.000587312 -0 -0 -0 -0 -0 -0 -0.0053148 0.00248974 0.0177694 -0 0.044758 -0 -0.0132507 -0 -0.0057196 -0.0169478 -0 -0 -0 0.00492235 -0.00859357 -0 -0.00297009 -0.00952117 -0 0.023607 -0.0222804 0.00108944 0.0199667 -0 -0.0117295 -0.0109684 -0 -0.0129416 -0.00658212 -0.000472749 -0.0289344 -0 -0.00372475 -0.0301265 -0.00279427 -0 -0.0456949 -0.00551511 -0.0268457 -0 -0.00101441 -0.00533103 -0 -0 -0.00970822 -0.0145722
-7.18398e-06 -0.00313175 -0 -0.00543082 0.00378329 -0.0141185 -0.00112189 -0 -0 -0 -0 -0 -0 -0.0168776 -0.0147165 -0 -0 0.0937635 0.00352323 -0.0300896 -0.0301697 -0.00298105 -0 -0.00889755 0.0054742 -0 -0 0.21454 -0 0.00801602 -0.00382277 -0 -0.00104615 0.159838 0.00138014 -0.00641074 0.00243086 -0.0117574 -0 -0 0 0.00513056 -0.00777299 -0 -0 -0.010421 0.0421408 -0.00453156 0.00282869 -0.00160375 -0.00668635 -0.0284869 0.00274452 -0 -0.0197182 -0.00635878 -0.00359067 -0.00374304 -0 -0.0133325 -0 0.166889 -0 0.013987 -0 -0.0106401 -0.00110771 -0 -0.0136931 -0 -0.00491373 -0.0120867 0.026281 0.000680544 -0.00813109 -0.0835715 -0 -0 -0.0182351 -0.0023305 0.00167675 -0 -0 0.00444523 -0.00135418 -0 -0.0721783 0.000903918 0.00326417 -0 0.000658645 0.0017318 -0 -0 0.0109251 -0 -0 0.00883052 -0.00668299 -0 -0.00197313 -0 -0 -0 -0 -0 -0 -0 -0.000623494
-0 0.00980371 -0 0.00309617 -0.0336107 0.0081174 0.00302529 -0 -0.00271994 -0.00161864 -0.0128985 0.0755875 -0.0737257 -0 -0.00195607 -0 -0.00223677 -0 -0 0.0298662 -0 -0.00701849 -0.000579419 -0 0.0545053 -0 -0.025216 0.0451001 -0.0366366 0.0455082 -0 -0.0172659 -0 0.00132408 -0 -0 -0 0.0355274 -0.0305746 -0 0.00513056 0 -0 -0 -0.00598147 0.00555246 0.0186302 -0 0.00843128 0.179121 -0 -0 -0 -0.0127682 -0 0.000707984 -0 -0 -0 -0 0.00168715 0.0427276 -0 -0 -0 -0 0.00533043 -0 -0 -0.0251845 0.0298573 -0 0.0217302 0.0794719 -0 -0 0.0166171 0.0134876 -0.0124248 -0 -0.00666841 -0 -0 0.0366501 0.0148014 -0 -0 -0 -0.00268223 -0 -0 -0 -0 0.00966272 -0 -0 -0.0046855 -0 -0 -0 -0 -0.00504062 -0.000796252 -0 -0.00123756 0.00103053 -0.015375 -0.00379203 -0.00980405
-0.0247308 0.00181905 -0.0228443 0.0059638 0.0700528 -0 0.0127988 0.162505 -0.00550778 0.00805183 -0.0473425 -0.0938427 -0.00406104 -0.00174785 0.0650162 -0 -0.00519406 -0.0199545 -0.0431427 0.0159466 0.0219986 -0 -0 0.0743209 -0.0223052 -0.0077996 0.0475223 0.00196395 0.112245 -0.00981899 0.0116409 0.00204601 0.0207231 -0.000635769 -0.0059713 -0 0.0367602 0.00452688 -0.0494134 -0.00166945 -0.00777299 -0 0 -0.00300747 -0 -0.0454197 -0.0335599 0.0223015 -0.0332452 -0 0.0281869 0.0356343 0.0807277 0.0204373 -0.0606321 -0.00528423 0.0539283 0.0093626 -0 -0.00330817 -0.00336181 -0.00172431 -0 0.00835128 -0.00180877 0.00185905 0.00670362 -0 -0 -0 -0.00024295 0.00541709 -0 -0.0286049 0.0628617 -0.0115042 -0.0312176 0.00546601 0.0603149 0.00427612 0.0511262 0.0842189 -0.000474049 -0.00118391 -0 0.0620943 -0.0504626 0.00189455 -0 -0 -0 -0 -0 -0 -0.00310931 -0 0.0128331 -0.0201228 0.0364697 -0 0.0397365 0.00953988 -0 -0 0.0529778 -0.0001594 -0 -0 0.0551006
0.00223541 -0 -0 -0 -0 -0 -0 -0 2.19707e-05 -0.0946859 -0 -0.00755497 -0 -0 -0 -0.012055 -0.0012389 -0 -0.00103228 -0 -0.00653603 -0.0169769 -0.0213021 -0 -0 -0.0666112 -0 -0.00209358 -0.0252444 0.0143856 -0.00397749 -0.0160588 -0.00282394 -0 0.0725446 -0.00446137 -0.0166274 -0.00759505 -0.00240462 -0.00844393 -0 -0 -0.00300747 0 0.0332599 -0.00609542 0.0549027 -0.00205896 0.0134695 -0.00912777 0.00279602 -0.00867956 -0.000316753 -0 -0 0.00271827 -0.0392696 -0.0191746 -0.00123298 -0.00387763 -0 -0 -0.0302191 0.0228494 -0 -0.0454838 -0.0044771 -0.0157426 -0 0.0128217 -0 -0 0.0212384 -0 -0.00913121 -0 -0.00578434 -0 -0.0191941 -0 0.0139308 -0.013182 -0.0172243 0.0237008 -0.00810606 -0.0349965 0.0170116 -0 0.0279883 -0.00510422 0.00467541 0.00123474 0.00260198 0.0177277 0.00310051 0.0200421 0.0314027 0.0164477 -0.0280829 0.022374 -0 0.0187287 -0 0.0124694 -0 0.00258615 -0 0.00971028 -0
-0.00493839 0.00381792 -0.00291878 0.000734028 -4.71373e-06 -0.000391611 0.00426773 -0 -0.0172871 -0.0312872 -0.0397998 -0 -0.0259124 -0 0.0233964 -0.00210351 -0.0119901 -0.0151899 -0.00417174 0.000941951 -0 -0.00246425 -0.00654052 -0 -0.0109841 -0.00961696 0.01922 -0.000276031 0.00134742 0.0119921 0.00216694 -0.000764142 -0 -0.0233805 0.0150332 -0.0138209 -0 0.015175 -0 -0.00552495 -0 -0.00598147 -0 0.0332599 0 -0.00181301 0.0069753 -0 0.000839784 -0.0272835 0.00629366 -0 -0 -0 -0.00605779 0.00695582 -0 -0.011283 -0.000726396 -0.00560404 -0.00657066 -0 -0 0.00457657 -0 -0.0386956 -0 -0.000892435 -0.000262583 0.0193016 -0 0.00472771 0.0168675 -0.00185371 -0 -0 -0.0300928 0.000788046 -0 0.0312274 0.0448897 -0 -0.0290992 0.00869183 -0.0157155 -0.041772 -0 0.013295 0.0481755 -0 0.00711319 0.0114621 0.0250264 0.0230477 -0 0.0492731 0.0100218 0.00371218 -0 0.0534141 -0 0.0138435 -0 0.00319537 0.00797701 -0 -0 0.0509417 0.0604982
