0.930046 0.00249318 -0.00353473 0.00677092 0.00159874 0 0.00849264 0 -0.0419727 0.0107517 -0.00344898 0.0124378 -0.0064696 -0.0264197 0.0161123 0 -0.0023871 0 -0.0168939 0.0027724 0.00799866 0.000218974 0 0.00559962 -0.00918532 0 0.026499 0.0342762 0.0530101 0 0.00919112 0.0091137 0.0050134 0 -0.0296629 0 0.0427621 0.01265 0.00548704 0 6.1824e-06 0 0.0208222 -0.00200578 0.00435532 0.000176516 -0.0159501 0.00538453 -0.0101477 0 0.0103049 0.0119295 0.001188 0 -0.00333145 0.00430791 0.0155709 0.00638522 0 0 -0.0288379 0.0236424 0.00052573 -0.00624807 0 0.000550615 0.00510235 0 0 0 0 0.0115336 0 -0.00501399 0.0193852 0 0 0.00323743 0.0340588 0.00616706 0 0.00655005 0 -0.00278119 0 0.00197641 0 0.00134493 0 0 0 0 0 0 -0.000440785 0 0 -0.01618 0.0219668 0 0.0128591 0.00313402 0 0 0.00834791 -0.00132402 -0.00410776 0 0.023821
0.00249318 0.869779 0 -0.0530358 0 -0.00644912 -0.0338153 0.03152 0.00249803 0.0392551 0.012449 -0.0339533 0.0382301 0.00208183 -0.0494049 0.011621 0.0147739 0 0.0103478 -0.00873285 -0.0177739 0.0031821 0.00982756 -0.00276405 0.00227005 0.0274018 -0.000800491 0.00792417 0 0 -0.0209879 0 -0.0070266 0.00939254 0 0.0061842 0.000789926 -0.0120645 -0.000669654 0.00571796 0.00260634 -0.00822312 -0.00148111 0 -0.00325622 0 0 -0.0162335 0.00537109 0 -0.0285665 -0.0373753 0.0111427 0 0.0078093 -0.0375925 -0.000244914 0.0087582 0 0.00262851 0.00658024 0.00283853 0 0 0.0415869 0.00234865 -0.00990066 0.00563799 0 0 0 -0.0453341 -0.00837103 0.00052358 -0.00838113 -0.00838853 0 -0.0041727 -0.00513707 -0.00385818 0 0 0.030199 0 -3.31572e-05 0.00537558 -0.000157956 -0.00195349 -0.000115005 0 0 0 -0.00353922 -0.0556949 0.00138133 -0.00786806 0 0 -0.00589339 -0.0124383 -0.0108092 -0.0651616 0.00594932 -0.00284414 -0.00267222 0 0.00692482 0 -0.00851253
-0.00353473 0 0.92097 0 0.0200285 -0.000375512 0.000280532 4.665e-05 -0.000100279 0 -0.00147761 0 0 0 0.0131308 0 0 0 -0.0322296 0 0.000413939 0 0 0 0 0 0.0389397 0 0.0290865 0.00374959 0.000609681 0 0 0 0 -0.000244568 0.0152512 0 0 0 0 0 0.0191398 0 0.00256157 -0.0152545 0 0 0 -0.00860145 0.00562301 0.000526552 0 0 -0.00152682 0 0 0 -0.00931753 -0.0020872 -0.00339491 0 0 0.000935727 0 -0.00119508 0 0 -0.0062672 0.0100535 0 0.00152576 0.0140291 0 0.000665639 -0.00221382 0 0.0145349 0.000803593 0 0.0321473 0 0 0.0133658 -0.0140681 0 0 0.0348812 0.00259199 0 0 0.0268141 0 0.00161829 0 0.00354673 0.00745112 0 0 0.00377823 0 0.000679843 0 0 0.005496 0 0 4.4189e-05 0.00770221
0.00677092 -0.0530358 0 0.882083 0 0 -0.0635683 0.0300009 0.0011804 0.00984332 0.00937273 -0.0379248 0.0301681 0.0119288 -0.0282639 0.0114081 0.0165064 0 0 -0.0188614 -0.0106664 0.00453468 0.00297762 -0.0144406 0.00462253 0.0226671 0.00409902 0.00350421 0 0 -0.0178565 0 -0.0315244 0.00241839 0.000471238 0.0323877 -0.0123965 -0.0308718 -0.000485348 0.00437888 0.00455156 -0.0026153 -0.00489007 0 -0.000630448 -0.00192659 0.00180095 -0.0135825 0.00643276 -0.0071231 -0.066481 -0.0396307 0.00405694 0.00597964 0.00329784 -0.0628048 -0.00515483 0.0179722 0 0.0017445 0 0.00190179 0 0.00192496 0.0302407 0 -0.00664994 0 -0.000940968 0 -0.0128379 -0.0482197 -0.000573689 0.00150682 -0.0241987 -0.015887 0 -0.000258031 -0.0110732 -0.00346988 0.0170501 -0.000633193 0.00526131 0 -0.00133581 0 -0.00542632 0 -1.22758e-06 0 0 0 -0.00708692 -0.041976 0.00244899 0 0 0.00380699 -0.0221702 -0.0016997 -0.00853457 -0.027495 0.0187745 0 -0.00157359 0.000379308 0.0340291 0 -0.0046254
0.00159874 0 0.0200285 0 0.655076 0.0308843 0 -0.000100681 0 0 0.000335982 0 0 0.00363532 -0.00127468 0 0 -0.0601528 0.00783293 0 0 -2.21595e-06 0 0 0 0.000344514 -0.0855713 0 -0.0123568 0 -0.000895987 -0.00841538 0 0 0 0 0 0 0.00155928 0 -0.00273248 0.0244662 -0.0495004 0 3.48894e-06 0.0143259 0 0 0.0138603 0.0394344 -0.00367057 0 -0.00189572 -0.0244587 0.00503074 0 0 0 0.0188606 0.00537112 0.0152771 0 0 -0.000353764 0 0.00254826 0 0 0.00181229 -0.00104869 0.0051181 -0.00114691 -0.00164566 0.00589839 0 0.00909713 6.62309e-05 -0.0163266 -0.00677119 0 -0.00882236 0 0.00276399 -0.00333471 0.0198275 -0.0137556 0.00383642 -0.0166785 -0.000463772 -0.00962899 -0.000764819 -0.0132563 0 0 0 0 -0.00782385 0 0 -0.00107799 0 -0.00846007 0 0 -0.000529105 0 0 -0.00247127 -0.00845496
0 -0.00644912 -0.000375512 0 0.0308843 0.912467 0 0 0 0 0 -0.00300199 0 0 0 0 0 0 0 -0.00434284 0 0 0 0 0.0161195 0 0.0338798 0 0.00559748 0.000255298 0 -0.000447038 0 0 0.000919661 -0.000348249 0 -0.000842924 -0.00450524 0 0.0120347 -0.00697377 0 0 0.000342094 -0.0336497 0.00165878 0 0 -0.0314426 -0.00187176 -0.00159808 0.0221028 0 -0.0106332 0 -0.00120875 0 0 0 -0.000382666 0.00360518 0 0.0239502 0 -0.0228052 -0.000227269 0 -2.9093e-05 0.00549158 -0.0106008 0 0.00588957 0 0 -0.024638 0 4.33261e-05 0 0 0.0117165 0 0 0.00180856 -0.00376269 0 -0.0372688 0.00874486 0.0191161 0 0.00266377 0.00571152 0 0 9.13841e-05 0.00135466 0.00701115 0.00479326 -0.000360082 0.0023946 0 0 0.000243785 0 0 0 0 0 0
0.00849264 -0.0338153 0.000280532 -0.0635683 0 0 0.8376 0 0.0160775 0.00886112 0.0102954 -0.0259245 0.0198925 0.00389219 -0.0117118 0 0.0054743 0 0.0108869 -0.0157307 -0.0193961 0.000607929 0.00190685 -0.0469608 0.0177259 0.0142035 -0.0117491 0 -0.00614774 0 -0.0426172 0 -0.0415481 0.00368342 0.0086131 0.0157736 -0.0347033 -0.0377856 0 0.0015406 0.000916243 -0.00249016 -0.0102265 0 -0.00357188 -0.000265327 0.00373879 -0.00928452 0.00580679 -0.000147861 -0.0411721 -0.0392771 0 0 0.0103588 -0.0372759 -0.0154094 0.0203931 0 0.000677817 0.00542896 0.00111804 0 0 0.0320949 0.0123457 -0.00602076 0 0 0 0 -0.039027 -0.00920036 0.00604967 -0.0415941 -0.000177451 0 -0.00426056 -0.047155 -0.00797065 9.2318e-07 -0.00356793 0.0191261 0 0 0 0 -0.00152656 0 0 0 0 -0.00246979 -0.0516864 0.0285964 0 0 0.0093517 -0.0167509 -0.0110754 -0.0122755 -0.0155918 0.00259264 0 -0.0162635 0.000380921 0.0114 0 -0.0165296
0 0.03152 4.665e-05 0.0300009 -0.000100681 0 0 0.560808 0 -0.00644763 0.00198888 0.00665725 0 0 0 0 0 0 0 0.0035356 -0.00278491 -0.00584425 0 0 0 0 6.47376e-07 -0.0333446 -0.0369472 0 0 0 0 -5.02118e-05 0 -0.00722993 -0.0108072 -0.00380411 0 0 0 0 -0.106246 0 0 0 0.00163085 0 0.0015855 0.0155738 0 -0.00347087 -0.025024 0.0101001 9.78907e-05 0.0332297 -0.00717019 0 0 0.0142398 0 -0.0343641 -0.00028244 0.00233781 0 0 0 0 0 0.000542441 3.26376e-05 0 0.000121362 0 -0.000464635 0.0533054 0 0.00304459 -0.00777156 0 -0.0183611 -0.0235499 0 0.00425524 0 -0.0094875 0.00610614 0.0170976 0 0 0 0.0365074 0 0.00747885 0 0 0 0.00253795 0 0.000347531 0 0 0 0 -0.0259121 0 0 0 0
-0.0419727 0.00249803 -0.000100279 0.0011804 0 0 0.0160775 0 0.844907 0.0108163 -0.00605699 0.0153402 -0.039356 -0.000964458 0.00842829 0 -0.00489282 0 -0.033993 0.00116829 0.00660662 0 0 0.00293663 -0.00397344 0 0.0296955 0.0230461 0.0330275 0.0145987 0.00658013 0 0.0185016 0 -0.00176318 -0.00130617 0.0106683 0.0115275 0.0115744 -0.000750643 0 0.00224857 0.00441997 -1.87899e-05 0.0145315 5.1177e-05 0 0.00690627 -0.00730112 0.00175396 0.00698502 0.0168084 0 0 -0.00893548 0.00258285 0.0111081 0 0 -0.000854204 -0.00984867 0 0 -0.0019738 -0.00146954 0 0.0022044 0 0 0 0 0.0102241 0 0 0.01586 0 0 0.00399292 0.0155002 0.0380153 0.000452767 0.00434852 0 0 0 0 0 0.0143588 0 0 0 0.00373844 0.00806222 0.00475567 -0.00221006 0.00212734 0 -0.00109247 0.00498722 0.0175109 0.00541311 0.00166914 0 0 0.00875783 -8.95296e-05 0 0 0.00631752
0.0107517 0.0392551 0 0.00984332 0 0 0.00886112 -0.00644763 0.0108163 0.646085 -0.000487744 0 -5.33613e-05 0 0.00964134 -0.0291844 -0.018589 0 -0.000207638 0.146649 -0.000407892 -0.0323009 -0.00790261 -0.000839343 0.0046552 -0.050378 -0.121215 -0.0627354 -0.0139316 0 -0.00259529 -0.00941939 -0.00329447 -0.0126532 0.0364429 -0.0134524 -0.0112723 -0.00270592 0 -0.00711972 0 0.00117014 -0.00565037 0.0708118 0.0229982 -0.00447418 0.0235885 0 0.00860233 0.000539824 0.00143152 0 0 0 -0.00568682 0.01393 -0.0354046 -0.0493395 0 -0.00690518 0 -0.00502681 -0.000763263 0.0337082 0 -0.0345956 0 -0.00243357 -0.0209766 0.0147941 0 0.00281513 0.0147682 0.00207907 -0.00606813 -0.000568345 -0.00346216 -0.031995 -0.0178837 0 0.041153 -0.000634717 -0.00482864 0.0578494 -0.002732 -0.0493984 0 -0.0648647 0.0556446 0 0.0133554 -0.0444581 0.0239027 0.0639319 0.00104956 0.0318363 0.0193802 0.0440779 -0.016341 0.0237633 0 0.0582552 -0.000908391 0.0700362 0.0183018 0.00221968 0 0.0105804 0.00484561
-0.00344898 0.012449 -0.00147761 0.00937273 0.000335982 0 0.0102954 0.00198888 -0.00605699 -0.000487744 0.89773 0.00963204 -0.0388872 0 0.0156312 0 -0.00662404 -0.00041789 -0.00217284 0.00879801 0.0157935 0 -0.00488878 0.00793504 -0.000771328 -0.00206397 0.00348111 0 0.000960976 0.00743675 0.00446564 0 0.0139467 -0.00145566 0 -0.00438636 0.0092997 0.0145816 3.27145e-06 -0.0148253 0 0.0109914 0.0391618 0 0.0344855 0 0 0.00294816 0 0 0.0315731 0.0106536 0 0 -0.00559361 0.022855 0.00496106 0 0 -0.0048183 0 0 0.000992632 0 -0.00743051 0 0.00182109 0 0 0 0 0.0273218 0.00449744 0 0.00875596 0 0 0.00463451 0.00494543 0.00192675 0.00011193 0.00207878 -0.018395 0 0 0 0 0.000279819 0 0 0 0 0 0.0267549 -0.00135709 0 0 0 0.00233775 0.00412134 0.0030433 0.012357 0 0 0.00477094 0 -7.25182e-05 0 0.0153813
0.0124378 -0.0339533 0 -0.0379248 0 -0.00300199 -0.0259245 0.00665725 0.0153402 0 0.00963204 0.575019 0.009603 0.00511266 0.0198544 -0.0408214 0.0523408 0 0.00572369 -0.03432 -0.0784615 0 0.0471909 0.0434307 -0.023488 0.00407188 0 -0.0778711 0 3.27691e-05 -0.0353967 0 -0.0435838 0 -0.00407086 0.0316593 -0.0404463 -0.102979 -0.0289177 0.000115811 0 -0.0515505 0.0621269 0.00533027 0 -0.00876096 -0.0259244 -0.00707826 -0.0162158 -0.013694 -0.0218447 -0.022496 0.024924 0.00660511 0.00248489 -0.0268152 -0.0137593 0 0.0116377 0 0 0 -0.0107653 0.0121537 0.00438817 -0.00364511 -0.057667 0 -0.00164946 0.00362374 0 -0.0183587 0 0.00512893 -0.0444413 -0.00613871 -0.0462874 0 -0.00688444 -0.00270303 0 -0.00235552 0 0.00478667 -0.0152726 0 -0.00915134 0.00056983 0.025418 0 0 0.00823195 0 -0.0112978 0.0301282 0.0002017 0.00319247 0.0118613 -0.0161353 0 -0.00816346 -0.00254276 0.0268805 0 0 0.000418308 0.0130403 0.00189598 0
-0.0064696 0.0382301 0 0.0301681 0 0 0.0198925 0 -0.039356 -5.33613e-05 -0.0388872 0.009603 0.865987 -0.000238695 0.00814639 0 -0.00094722 0 -0.00401593 0.00976853 0.0114483 0 -0.000285161 0.000531 0 -0.00162789 0.000314094 1.43556e-05 0.000114571 0.00100605 0.00260358 0 0.0100214 0 0 -0.0202262 0.00276936 0.0174234 0 -0.0087169 0 0.0617045 0.00329937 0 0.0220519 0 0 0.00480711 0 0.00171929 0.0169168 0.00682733 0 -0.0122576 -0.000851498 0.0105604 0.0056608 0 0 -0.00236885 -0.0137436 0 0 0 -0.00746136 0 0.00340921 0 0 0 0 0.0121692 0.00206438 0 0.0113816 0 0 0.000801536 0.00122158 0.000430608 0.00366399 0.000625762 -0.00438995 0.00579766 0 0 0 0 0 0 0 0 0.00196355 0.0133944 -0.00203998 0 0 0 0.00286355 0.00284647 0.0148334 0.0111563 -0.0013154 0 0.00176946 0 -0.00719142 0 0.00378772
-0.0264197 0.00208183 0 0.0119288 0.00363532 0 0.00389219 0 -0.000964458 0 0 0.00511266 -0.000238695 0.877463 0.00135818 -0.00977691 -8.28158e-05 0.0223174 0 0.00144297 0 -0.0137977 -0.0116413 0.000294117 0 0 0.0197185 0 0.00453237 0.0276556 0.0190771 0.00592883 0 0 0 -0.000191704 0.0132975 0.0152595 0 0 0.014108 0 0.00142941 0 0 0 0 0 0 0 0.00434574 0.00141759 0 0 0 0.0208874 0.0141788 0 0 0 -0.00501169 0 0 0 -2.12521e-05 0 0.00120209 0 0 0 0 0.0186839 0.0108815 0 0.00628661 0 0 0.00252715 0.00121367 0.000775015 0 0 -0.000647373 0 0 0 0 0.00315152 0 0 0 0.00142314 0.0049505 0.00367587 0 0 0 0 0.014717 0 0.00199496 0.0064686 0 0 0.00129635 0 -0.0146615 0 0.00100657
0.0161123 -0.0494049 0.0131308 -0.0282639 -0.00127468 0 -0.0117118 0 0.00842829 0.00964134 0.0156312 0.0198544 0.00814639 0.00135818 0.86125 0.0177941 0.010412 0.0115569 0.0106627 -0.0118343 -0.0123659 0 0.000568128 -0.0163508 0.0254816 0.0318057 -0.0113885 0.00264648 -0.0194133 0 -0.0203337 -0.00124105 -0.00896341 0.0206443 0.00306356 0 -0.0151467 0.00821314 -0.00269959 0.00979913 0.0121873 0.00163264 -0.0526774 0 -0.0198562 0 0.0530745 -0.0173991 0.0438143 0.0172489 -0.0247941 -0.0452408 0 0 0.0448081 -0.0234177 -0.0266699 0 0 0 0.0156145 0.00582443 0 0.0047658 0.0262144 0 -0.00456091 0 0 -0.00783529 0 -0.0467008 0 0.0250942 -0.0124012 0 0 -0.000665058 -0.0306564 -0.0173576 -0.0115709 -0.00525522 0.00454039 0.000717264 0 0 0 -0.00173759 0 0 0 0 -0.00177238 -0.011312 0 -0.00506993 -0.00677732 0.00456172 -0.0143019 -0.0296445 -0.0269497 -0.0678914 0 0 -0.0380762 0.0147184 0 -0.00342617 -0.0749387
0 0.011621 0 0.0114081 0 0 0 0 0 -0.0291844 0 -0.0408214 0 -0.00977691 0.0177941 0.588412 -0.0031392 -0.0691284 0 0 -0.00100458 -0.0023383 -0.0237499 0 0 -0.014698 0 -0.00791471 -0.000745028 0.00190288 0 -0.00582579 0 0 0.0146131 0.0307173 -0.00199393 -0.0011415 0 -0.00942365 0 0 0 0.00860365 0.0014756 0 0.0194569 0.0474292 0 -0.000356463 0 0 0.0245015 0 -0.00393349 0.00401006 -0.000552859 -0.0012166 0 -0.00299618 0 0 0 0.00510917 0 -0.0258429 0 -0.0205087 0 0.00125585 0 0 0.00443035 0 -0.000801524 0.027796 -0.00254509 0 -0.00722161 0 0.00193853 0.0381322 -0.0150852 0.0221119 0 -0.0174047 0 -0.0244167 0.0816124 0 0.000493326 -0.0267757 0.0357097 0.0182574 0 0.000682754 0.00783498 0.00873079 0 0.00830164 0.0206406 0.0129262 -0.042999 0.001315 0.00220832 0.0302198 -0.00783133 0.0127292 0.000228869
-0.0023871 0.0147739 0 0.0165064 0 0 0.0054743 0 -0.00489282 -0.018589 -0.00662404 0.0523408 -0.00094722 -8.28158e-05 0.010412 -0.0031392 0.833556 0 -0.0106644 0.0222084 0.00252846 -0.00223577 -0.0160881 0.000374573 -0.00288087 -0.042097 0.000612561 0 0 0.00247839 0.00239531 0 0.00443932 0 0 -0.0110025 0.00538474 0.0226674 0.014991 -0.0139043 0 0.00183667 0.00414011 0.0010524 0.0100109 2.79768e-05 0.0118832 0.0233929 0 0 0.0185238 0.0121132 0 -0.00843297 -0.0106421 0.0209145 0 -0.00105382 0 -0.0443463 0 0 0.0169855 0 -0.00100999 -0.000380656 0.000747874 0 0 0 0 0.00884393 0.0283358 -0.00026762 0.00855739 0 0 0 0.00860692 0.0016128 0.000730987 0.000437616 -0.00225804 0.000105009 0 -0.0137805 0 0.000680259 0.00276147 0 0 0 0.00244209 0.0256522 0 0.00671087 0 0 0.00561039 0.0286932 0.00982532 0.00985341 0 0.000493483 0.00269957 0 -0.00126871 0.00104013 0.00941173
0 0 0 0 -0.0601528 0 0 0 0 0 -0.00041789 0 0 0.0223174 0.0115569 -0.0691284 0 0.639153 0 0 0.0130334 0.00706203 0 0 0 0 0 -0.00868143 0.00721389 -0.005974 0 0 0.00434489 -0.0618589 -0.00170734 0.0176402 0 0 0 0 -0.0668924 0 0.0139278 0 0.0111055 0 -0.00120907 0.0309516 0 0 0 0.0036555 0.00147584 0 0 0 0.016458 0.0553472 0.00990849 0.034056 0 -0.0128365 -0.0376952 0 0 0 0 0 0 0 0 0 0 0 0.000479214 0.000200276 0 0 0.00278042 0.00166956 0.0101459 0.00449662 0 0 0.00263342 0 0 -0.00112401 0 0 0 -0.00984521 0 0 0 0 0 -0.000698897 0.0038155 0 0 0 0.0101242 0 0 0 0 0 0.00922738
-0.0168939 0.0103478 -0.0322296 0 0.00783293 0 0.0108869 0 -0.033993 -0.000207638 -0.00217284 0.00572369 -0.00401593 0 0.0106627 0 -0.0106644 0 0.842249 0.00360087 0.0104948 0 0 0.00745572 -0.00141042 -0.00736558 0.0280877 0 0.0127333 0.00162578 0.00808951 0 0.0042792 -0.000334441 0 -0.00327038 0.0243467 0.00531996 0 -0.0249747 -0.00288537 0 0.0345673 0.000881443 0.00350122 -0.0132283 0 0.00193682 -0.0153735 -0.0056256 0.014231 0.0153771 0.00904877 0.00591874 -0.00377514 0.00333062 0.000600284 0 0 -0.00971192 -0.00868576 0 0.00345381 0 0 -0.00940332 0 0 0 0.00591679 -0.00257439 0.0122165 0.00439148 -0.00183443 0.0129932 0 -0.00507173 0.0281211 0.0117106 0.0264992 0.022682 0 -0.00519729 0.0158425 0 0 0 0.0463799 0.00113748 0 0 0.0321648 0.000536215 0.0168024 -0.000215598 0.00643333 0.0312328 0 0.00220888 0.0258144 0.00823475 0.00682374 0.012307 0 0.044002 0 0 0.00275474 0.0202576
0.0027724 -0.00873285 0 -0.0188614 0 -0.00434284 -0.0157307 0.0035356 0.00116829 0.146649 0.00879801 -0.03432 0.00976853 0.00144297 -0.0118343 0 0.0222084 0 0.00360087 0.608264 -0.00920859 0.00885306 0.0123396 -0.00454765 0.000241362 0.0309743 0 0.00314395 0 0.00458103 -0.00797995 0.0103025 -0.0172763 0.0113586 0 0.00144783 -0.0123829 -0.0398124 -0.00329048 0.0110735 0.0209413 -0.0209492 -0.010858 0 -0.000671826 -0.0105893 0.000101432 -0.00505316 0 -0.0172103 -0.0205165 -0.0322974 0 0.000784969 0.00390823 -0.0189985 -0.00771149 0.0493811 0 0.000270009 -0.0183155 0.0490633 0 0 0.0210281 8.6306e-05 -0.0569524 0.00124232 0 0 0 -0.0306107 0 0.00082062 -0.0221003 -0.00168858 0 0 -0.00896849 -0.00502423 0 -0.0129784 0.00332916 0 -0.00306081 0.00825519 -0.000544303 0.0490175 0 0 -0.000164935 0.0303249 -0.0172014 -0.0193592 0.00235974 0 0 0.00884091 -0.0252765 0 -0.00893787 -0.00864462 0.00713641 0 -0.00348904 0 0.00816912 0 -0.00370381
0.00799866 -0.0177739 0.000413939 -0.0106664 0 0 -0.0193961 -0.00278491 0.00660662 -0.000407892 0.0157935 -0.0784615 0.0114483 0 -0.0123659 -0.00100458 0.00252846 0.0130334 0.0104948 -0.00920859 0.759893 -0.0110682 0.00164918 -0.0315062 0.00579297 0 -0.0114071 0 -0.0120864 0.00254305 -0.0420691 0 -0.0287175 0.00319111 0.00703592 0 -0.0590093 -0.0382431 -0.0078883 0.00412664 0.0234686 0 -0.0167421 0.00530109 0 -0.0057549 0.0172955 -0.00665385 0.00919168 -0.0068175 -0.029097 -0.0666322 0 0 0.0131131 -0.00771583 -0.0228587 -0.00746999 0 0 0.000138191 0.00629354 -0.00110885 0.0110495 0.00593694 -0.0030499 -0.0112989 0 0 0 0 -0.0309895 0.00369904 0.0060942 -0.0357891 -0.0062867 -0.00205625 0 -0.0380607 -0.00442736 0 -0.005944 0 0.00605518 -0.00405124 -0.00494893 -0.00790405 0 0.00709341 0 0.000442343 0 0 0 0.0269213 0 0.00127784 0.0446502 -0.0147513 0 -0.0116259 -0.00605801 0 0 -0.0112376 0.00135556 0.00271799 0.00324234 -0.00778254
0.000218974 0.0031821 0 0.00453468 -2.21595e-06 0 0.000607929 -0.00584425 0 -0.0323009 0 0 0 -0.0137977 0 -0.0023383 -0.00223577 0.00706203 0 0.00885306 -0.0110682 0.823973 -0.0101326 0 0 -0.0345316 0 -0.00371248 -0.00161111 0.00666743 0 0 0 0 0.0310059 -0.0266762 -0.000969238 0 -0.00190657 -0.00531287 0.00241471 0.00572984 0 0.014338 0.00204561 0 0.0303374 0 0.0261487 -0.00437251 0.00254904 -0.00270243 0 0 0 0.0382584 -0.00856132 -0.0165805 -0.029134 -0.00838019 0 0 -0.00582843 0.029216 0 -0.02396 0 -0.00035607 0 0 0 0.0349811 0.0273825 0 0 0 0 0 -0.00279538 0 0.00583065 -0.0223888 -0.0017804 0.0207693 0 -0.0200142 0 0.00363302 0.00589044 0 0.00120653 0.0104258 0.00683203 0.0244734 0 0.0168371 0.00512576 0.018895 -0.00207339 0.00503495 0 0.00846258 0 0.00326275 0 0 0 0.0046686 0
0 0.00982756 0 0.00297762 0 0 0.00190685 0 0 -0.00790261 -0.00488878 0.0471909 -0.000285161 -0.0116413 0.000568128 -0.0237499 -0.0160881 0 0 0.0123396 0.00164918 -0.0101326 0.834415 0.00121533 0 -0.010766 0 0 0 0.0122871 0.0122421 -0.00177331 0 0 0.0167686 -0.00551861 0.000105234 0.0141651 0 0 0 0.00047602 0 0.0181046 0.00546369 0 0.0259603 0 0.000209856 0 0.00818327 0 -0.00687211 -0.0095127 -0.00633785 0.0397249 0 -0.010703 -0.00297858 -0.00392598 0 0 0 0.00780792 0 -0.00596043 0 0 0 0 0 0.0100623 0.0376669 0 0 0 0 0 0 0 0.00220551 0 -0.00461438 0.00899172 0 -0.00983577 0.00134846 0 0.00398434 0 0 0 0.0219934 0.0350872 0 0.00035345 0 0 0 0.00368855 0.00223401 0.00643105 -6.56632e-05 0.000107425 0 0 -0.00044457 0 0
0.00559962 -0.00276405 0 -0.0144406 0 0 -0.0469608 0 0.00293663 -0.000839343 0.00793504 0.0434307 0.000531 0.000294117 -0.0163508 0 0.000374573 0 0.00745572 -0.00454765 -0.0315062 0 0.00121533 0.679424 0.0081909 0 -0.00300013 0 -0.00527405 0 -0.051678 0 -0.00898145 0.00114647 0.000349765 0 -0.0373988 -0.00928311 0 0 0.00654457 0 -0.0534834 0 0 -0.00570114 0.0107002 -0.00836229 0.00301241 -0.0351567 -0.0715286 -0.00524562 0 0 0.0195911 -0.0224264 0.0310472 0 0.00515473 0 0 0.00601129 0 0.011176 0.00526357 0 -0.0017699 0 0 0 0 -0.0163097 0 0.00622781 -0.0143214 0 0 0 -0.0225158 0 0 -0.00213989 0 0 0 0 0 0 0 0 0 0 0 -0.000807995 0.00795786 0 0 0.0111187 -0.0096042 0 -0.0161742 -0.012353 0 0 -0.00667344 0.000791357 0.00160008 0 -0.0035034
-0.00918532 0.00227005 0 0.00462253 0 0.0161195 0.0177259 0 -0.00397344 0.0046552 -0.000771328 -0.023488 0 0 0.0254816 0 -0.00288087 0 -0.00141042 0.000241362 0.00579297 0 0 0.0081909 0.821223 -0.00221296 0.0215972 0 0.0215686 0 0.0161896 0.032998 0.0128573 -0.00282205 -0.00316694 0 0.00427927 0.0218278 0.00229192 0 -0.00442681 -0.0444233 0.0176471 0 0.00910288 0.00623827 -0.01491 0.0374555 -0.00683377 -0.013718 0.0122466 0.0108758 0 0 0 0.0161884 0.0255536 0.00108455 0 0 0 0 0 -0.0298246 -0.000595421 0.00547323 0.000830077 0 0.0123735 0 0 0.0126401 -0.00390003 -0.161621 0.00866189 0.0211997 0 0 0.0296743 0.0069665 0 0.00634667 0 -0.0101325 0.000491223 0.0017408 0.0334161 0 0 0.0021223 -0.000561809 0 0.0195258 0 0 0 0 -0.00857955 0.0261969 0 0.013417 0.00658153 0 -0.00145305 0.012357 -0.00480774 0 0 0.0297217
0 0.0274018 0 0.0226671 0.000344514 0 0.0142035 0 0 -0.050378 -0.00206397 0.00407188 -0.00162789 0 0.0318057 -0.014698 -0.042097 0 -0.00736558 0.0309743 0 -0.0345316 -0.010766 0 -0.00221296 0.83615 0.00371935 -0.00652377 0 0.000280924 0 -0.00122171 0.0138327 -0.0185979 0.0133986 -0.0124726 0 0.00132764 0 -0.0256428 0 0 0.00622662 0.0566715 0.00804197 0 0.013757 0.0257515 0 -0.00277586 0.0201412 0.00347769 0 0 -0.0247874 0.0135535 0 -0.0125089 -9.16819e-05 -0.0124636 0 0 0 0.0287652 -0.00891273 -0.00842104 0 -0.00129039 0 0.00178334 0 0.0124206 0.0262555 -0.0048868 0.00107378 0 0 0.000914257 0 0 0.00363873 0 -0.00656149 0.0381799 0 -0.0231064 0 0.000300655 0.0162429 0 0.0067736 0.000807825 0.00458542 0.0356489 0 0.0120899 0.0130314 0.0082457 6.11015e-07 0.0233868 0.00428429 0.0415871 -0.00439901 0.0026033 0.00409104 0 -0.00576807 0.00163803 0.00946374
0.026499 -0.000800491 0.0389397 0.00409902 -0.0855713 0.0338798 -0.0117491 6.47376e-07 0.0296955 -0.121215 0.00348111 0 0.000314094 0.0197185 -0.0113885 0 0.000612561 0 0.0280877 0 -0.0114071 0 0 -0.00300013 0.0215972 0.00371935 0.758751 -0.00475208 -0.0580554 -0.0141499 -0.0289565 0 -0.00182651 0.000541366 1.12339e-06 0.00155788 -0.0239165 -0.010783 0.0165224 0.0101091 0 0.0197546 -0.0361397 0 -0.0153103 0.0240386 0 -0.00020952 0.00279139 0.0252482 -0.020962 -0.00453031 -0.00462176 0 0.0211431 0 -0.00509434 -0.0128437 0.00108349 0.0253396 0.0204613 0 0 0 0.00209957 0.0119291 -0.00110152 0 0.00384973 -0.0318089 0.0517784 -0.00892626 -0.0335693 0.00686308 -0.00648877 0.0444991 0.00962557 -0.12601 -0.0194071 -0.00195198 -0.0137123 0 0.0069261 -0.00427028 0.0132105 0 0.0160384 -0.196242 -0.0154912 0 -0.0026835 -0.183151 0 -0.00362948 0.000250382 -0.0102943 -0.0274136 0 -0.0152691 -0.0285333 0 -0.0123724 -0.00482002 0 -0.00880516 0 0 -0.00589512 -0.0245158
0.0342762 0.00792417 0 0.00350421 0 0 0 -0.0333446 0.0230461 -0.0627354 0 -0.0778711 1.43556e-05 0 0.00264648 -0.00791471 0 -0.00868143 0 0.00314395 0 -0.00371248 0 0 0 -0.00652377 -0.00475208 0.732083 0 0 0 0 0 -0.143219 0.0125158 0 -0.0133735 -0.0136062 0 -0.00622472 -0.163806 -0.0347056 -0.00146706 0.00166665 0.000215983 0 0 0 0 -0.00257182 0.0119016 0 0 0 0.00585766 0.00863341 -0.00125185 0 0 0 0 -0.123492 0 4.50962e-05 0 -0.00184944 -0.023844 0 0 0.0294443 0 0.0258516 0 0 0 0.0384605 -0.00428032 0 0 0.0212965 0 -0.00932727 0 0.00212022 -0.00256017 -0.00623959 0.0122065 0 0 -0.00857254 0.000676085 0 0.0112587 0.0102952 0 0 0.000782124 3.27955e-05 0 0.00364603 0 0.00941232 0 0.00887846 0 0 0 0.00395157 0
0.0530101 0 0.0290865 0 -0.0123568 0.00559748 -0.00614774 -0.0369472 0.0330275 -0.0139316 0.000960976 0 0.000114571 0.00453237 -0.0194133 -0.000745028 0 0.00721389 0.0127333 0 -0.0120864 -0.00161111 0 -0.00527405 0.0215686 0 -0.0580554 0 0.816398 0.00263839 -0.00598683 -0.00839912 -0.00175353 0 0.0222116 0 -0.0172507 0.0520488 -0.000866309 0 0 0.029772 -0.0885432 0.0212222 -0.00111336 0 0.0160648 -0.00736151 0.0153432 0.0467926 0.0194542 -0.0423849 -0.0545348 -0.00915383 0.0112744 0 -0.0493344 -0.0257616 0 0 0.0148968 0 -0.00102335 0.0123526 0 -0.00500576 -0.00844859 -0.000589552 0 0 0.0297161 0 0.000801326 0.0178993 -0.0242569 0.0300103 0 -0.00580688 -0.0314705 -0.0209477 -0.014495 -0.0373332 0 0.0104255 0 -0.0130137 0.0450726 -0.00867013 0 0 1.29817e-05 -0.00720793 0 0.0123275 0.00347212 0 0 0.0121158 -0.0447396 0 -0.00728307 -0.00016644 -0.025545 0.000333341 -0.0513732 0.00964814 0 0 -0.053586
0 0 0.00374959 0 0 0.000255298 0 0 0.0145987 0 0.00743675 3.27691e-05 0.00100605 0.0276556 0 0.00190288 0.00247839 -0.005974 0.00162578 0.00458103 0.00254305 0.00666743 0.0122871 0 0 0.000280924 -0.0141499 0 0.00263839 0.758797 0 0.000263516 0 0 -0.017096 0.0024263 0 0 0.000243328 0.00158493 -0.00623106 -0.0356529 0.00746737 -0.0116591 -0.009553 0.00212509 -0.0356281 0.0252132 -0.0031207 0.0018504 0 0.0187828 0.0257967 0.000990742 0 0 0.012569 0.00641994 0.061699 0.0239534 0 -0.0316077 0 -0.0230249 0 0.0191179 0.0027477 0.00305221 0.00453897 -0.0023899 0 0 -0.0647968 0 0.00408153 0 0 -0.00965981 0.00376252 0 -0.00385817 0.00280868 0.0203259 -0.019708 0.00738407 0.00657177 0 -0.0221518 -0.00506376 0 -0.000279707 -0.0204117 0 -0.0299396 0 -0.0116987 -0.00431075 -0.00565226 0.0072232 -0.0273558 0 -0.000458845 0 0 0 -0.0291393 2.09106e-06 -0.00340478 0
0.00919112 -0.0209879 0.000609681 -0.0178565 -0.000895987 0 -0.0426172 0 0.00658013 -0.00259529 0.00446564 -0.0353967 0.00260358 0.0190771 -0.0203337 0 0.00239531 0 0.00808951 -0.00797995 -0.0420691 0 0.0122421 -0.051678 0.0161896 0 -0.0289565 0 -0.00598683 0 0.808542 -0.00446425 -0.0293692 0.000455938 0.00532106 0 -0.062941 -0.0186533 0 0 0.00306739 0 -0.00913848 0.00332763 -0.00178189 -0.00416174 0.0100842 -0.00519035 0.00415485 -0.00468797 -0.0315985 -0.0199535 0.0288103 0 0.00276989 -0.0101667 -0.0138921 0 8.19801e-05 0 0.00271142 0 -0.000819879 0.00959047 0.0248127 -3.52106e-05 -0.00506967 0 0 0 0 -0.0155873 0 0.0113499 -0.0540615 -0.0020178 -0.00113245 -0.00695078 -0.0462234 -0.00117124 0 -0.00584811 0.00123765 0.00552775 0 0 0 -0.00419029 0.00267231 0 0 -9.72956e-05 0 -0.00658104 0.0271747 0 0 0.0100253 -0.0213019 0 -0.00424423 -0.00530262 0.000154627 0 -0.00341963 0.00229988 0.0134075 0 -0.00676921
0.0091137 0 0 0 -0.00841538 -0.000447038 0 0 0 -0.00941939 0 0 0 0.00592883 -0.00124105 -0.00582579 0 0 0 0.0103025 0 0 -0.00177331 0 0.032998 -0.00122171 0 0 -0.00839912 0.000263516 -0.00446425 0.832421 0 0 0.0349909 -0.00337267 -0.00525401 -0.00455344 -0.00556532 -0.000966693 0 0.0141678 -0.00162974 0.013632 0.00063757 -0.00702874 0.0415069 0 0.0287931 0 0 -0.000618006 0 0 -0.000148065 0 -0.00592063 -0.0266298 0 -0.000797419 0 0 0 0.0194062 0 -0.010893 0 -0.00548972 -0.00210656 0.000332894 0 0 0.019649 0.00732433 -0.000767429 0 0 0 -0.0106262 0 0.00103499 0 -0.00398045 0.0282848 0 -0.00819869 0 0.000611358 0.00740219 0 0 0 0 0.0077992 0 0.00180302 0.0020824 0.00780598 -0.000670885 0.0254053 0 0 0 0.000235147 0 0.0169351 0 3.53298e-05 0
0.0050134 -0.0070266 0 -0.0315244 0 0 -0.0415481 0 0.0185016 -0.00329447 0.0139467 -0.0435838 0.0100214 0 -0.00896341 0 0.00443932 0.00434489 0.0042792 -0.0172763 -0.0287175 0 0 -0.00898145 0.0128573 0.0138327 -0.00182651 0 -0.00175353 0 -0.0293692 0 0.81328 0.00683121 0.00674461 0.0146981 -0.0331658 -0.032368 -0.00606616 0.0215898 0.000841892 0 -0.016316 0.00236946 0 -0.0316169 0.00528272 -0.0238505 0.00522415 -0.0101935 -0.0223364 -0.0422513 0 0 0.00536903 -0.00909507 -0.0230714 0 0 0.00982 0 0 -0.0001465 0.00471128 0.00507078 -0.00101245 -0.0112304 0 -0.00717757 0 0 -0.00784576 0 0.0100489 -0.0274242 -0.00239318 -0.000233584 0 -0.0137636 -0.00481816 0 -0.00217994 0 0.00177398 -0.0136197 0 -0.00112444 0 0.00638429 0 0 2.5434e-05 -0.00175748 -0.0339955 0.0058488 0 0 0.00890683 -0.0135618 0 -0.00470167 -0.00798756 0.00671631 0 -0.00265318 0 0.00703726 0 -0.00386989
0 0.00939254 0 0.00241839 0 0 0.00368342 -5.02118e-05 0 -0.0126532 -0.00145566 0 0 0 0.0206443 0 0 -0.0618589 -0.000334441 0.0113586 0.00319111 0 0 0.00114647 -0.00282205 -0.0185979 0.000541366 -0.143219 0 0 0.000455938 0 0.00683121 0.814923 0 0 0.00103096 0.00478168 0 -0.0343543 -0.128759 -0.00107501 0.000501067 0 0.0193016 0.00869476 -0.000435356 0.0055974 -0.000122202 0 0.0122154 0.0243453 0 0 0 0.00232802 0.0025101 0 0 2.06735e-06 0 -0.119039 0 0 -0.0022248 0 0 0 0.00364513 0.00686296 0 0.00945656 0 -0.00485583 0.00301967 0.00300895 0 0 0.00415754 0.0280763 0 0 -0.000639881 0 0 0 0.00450325 0 0 0 0 0 0.000619443 0.0167438 -0.000337562 0 0 0 0.00274351 0.00828343 0.00121735 0.0198043 0 0 0.00389915 0 0 0 0.0153604
-0.0296629 0 0 0.000471238 0 0.000919661 0.0086131 0 -0.00176318 0.0364429 0 -0.00407086 0 0 0.00306356 0.0146131 0 -0.00170734 0 0 0.00703592 0.0310059 0.0167686 0.000349765 -0.00316694 0.0133986 1.12339e-06 0.0125158 0.0222116 -0.017096 0.00532106 0.0349909 0.00674461 0 0.824161 0.0079124 0.0131931 0.00599759 0.00279569 0.00190245 -0.00111807 0 0.00473274 -0.0612755 -0.0124807 0.0116445 -0.0580647 0.0113292 -0.0389114 0.0253699 0 0.0159608 0.000740922 0 0 0 0.0179951 0.0373358 0.00711491 0.0098112 0 0 0.00104106 -0.0475224 -0.0022729 0.0574275 0.0117719 0.0108841 0.00122739 -0.00604436 0 0 -0.0177214 0 0.0156807 0 0.0170288 0 0.0313996 0 -0.0116487 0.00461277 0.0127015 -0.0657385 0.0149703 0.0157524 0 -0.000250978 -0.0118312 0 -0.00124751 -0.000244721 -0.00111447 -0.0215338 -0.000268085 -0.00438394 -0.00630765 -0.0245538 0.00828735 -0.0089489 0 -0.0011913 0 -0.00154653 0 -0.00628917 0 -0.00863272 0
0 0.0061842 -0.000244568 0.0323877 0 -0.000348249 0.0157736 -0.00722993 -0.00130617 -0.0134524 -0.00438636 0.0316593 -0.0202262 -0.000191704 0 0.0307173 -0.0110025 0.0176402 -0.00327038 0.00144783 0 -0.0266762 -0.00551861 0 0 -0.0124726 0.00155788 0 0 0.0024263 0 -0.00337267 0.0146981 0 0.0079124 0.798716 0 0.00825844 0 -0.00405821 0.00511263 0 0 0.0037097 0.0112957 0 0.0208381 0.000370544 0.00106475 -0.0031974 0.0160886 0 0 0 -0.00706457 0.00452087 0 -0.025146 -0.000911654 -0.0140489 -0.00360576 1.02332e-06 0 0.0185453 0 -0.00822587 0 0 0 0.00639919 0 0.00759074 0.0292794 0 0.00298002 0 0 0.0013123 0 0.00199344 0.00181747 -0.000153498 -0.000240973 0.0652363 0 -0.00861445 0 0.0173462 0.0100373 -0.0110134 0.000110172 0.00171586 0.00901687 0.0395987 0 0.01979 0.00511446 0.00788396 0 0.0198312 0.000342059 0.0262361 0 0.00207823 0.00501176 0 0 0.00160488 0.00290253
0.0427621 0.000789926 0.0152512 -0.0123965 0 0 -0.0347033 -0.0108072 0.0106683 -0.0112723 0.0092997 -0.0404463 0.00276936 0.0132975 -0.0151467 -0.00199393 0.00538474 0 0.0243467 -0.0123829 -0.0590093 -0.000969238 0.000105234 -0.0373988 0.00427927 0 -0.0239165 -0.0133735 -0.0172507 0 -0.062941 -0.00525401 -0.0331658 0.00103096 0.0131931 0 0.786395 -0.0870159 -0.0107191 0 -0.00192363 0 -0.0284601 0.0137189 0 -0.010373 0.0182261 -0.0137914 0.0196805 -0.00639797 -0.0409897 -0.0368137 0 0 0.00181753 -0.014801 -0.041345 -0.00538486 0.0175537 0 0 0.00227525 -0.0245631 0.0303442 0.00228328 -0.00956149 -0.012867 0 0 0 0 -0.0281557 0.00148726 0.0103938 -0.062825 0 -0.000868869 -0.000663355 -0.0342921 -0.00531832 0.00226031 -0.00883615 0 0.00792475 -0.00278514 -0.0110831 0 0 0.0129825 0 0.00181511 0 0 0 0.00671015 0 0.00665506 0.0271836 -0.0161713 0.000774463 -0.00879029 -0.00411534 0 0.00186629 -0.00508079 0.0100477 0.00633892 0.00238963 -0.0230474
0.01265 -0.0120645 0 -0.0308718 0 -0.000842924 -0.0377856 -0.00380411 0.0115275 -0.00270592 0.0145816 -0.102979 0.0174234 0.0152595 0.00821314 -0.0011415 0.0226674 0 0.00531996 -0.0398124 -0.0382431 0 0.0141651 -0.00928311 0.0218278 0.00132764 -0.010783 -0.0136062 0.0520488 0 -0.0186533 -0.00455344 -0.032368 0.00478168 0.00599759 0.00825844 -0.0870159 0.753756 -0.00811882 0 0.00910896 -0.0277409 -0.00343125 0.0061351 -0.0120483 -0.0661987 0.00937737 -0.00841992 0.00495762 -0.044862 -0.0195091 -0.0243283 0.000861916 0.0469275 0.000138166 -0.0404361 -0.00708214 0 0.0142299 0.00237605 0 0 0 0.0113391 0.00752077 -0.00445255 -0.00934912 0 -0.00404409 0.00363832 -0.00356246 -0.0225173 0 0.00907385 -0.0408754 -0.0136945 -0.0104335 0 -0.0244532 -0.00318237 0.00368897 -0.00290923 0 0.0121823 -0.0237283 0 -0.0146408 0 0.00863464 0 0.000178309 0 -0.000627208 -0.0157438 0.0259588 0 0.00539665 0.0276493 -0.0126067 0.000456332 -0.0116304 -0.010955 0.00890337 0.0013674 -0.00321453 0.00383073 0.0387823 0.0014338 -0.00523536
0.00548704 -0.000669654 0 -0.000485348 0.00155928 -0.00450524 0 0 0.0115744 0 3.27145e-06 -0.0289177 0 0 -0.00269959 0 0.014991 0 0 -0.00329048 -0.0078883 -0.00190657 0 0 0.00229192 0 0.0165224 0 -0.000866309 0.000243328 0 -0.00556532 -0.00606616 0 0.00279569 0 -0.0107191 -0.00811882 0.737368 0.0223678 0 0.0236126 0.0370445 0.00192116 0 -0.0233794 0.0107175 -0.00113565 0.029879 -0.00253442 -0.00416878 -0.0103737 0 0.00231962 0.0199408 -0.00212446 -0.00172701 0 0 0 0 0.000310457 -0.00891209 0.0389005 0.00399327 -0.00419068 -0.00466524 0 -0.00170932 0 0 -0.0034519 0.00808964 0.00309077 -0.000893315 0 -0.00259041 0.0295034 -0.00712131 -4.90306e-05 0 -0.0195297 0 0.00742435 -0.00513874 0 -0.00150023 0.0615835 0.000360344 0 0 0.0381549 0 0 0 0.000334787 0 0.00241411 -0.00712226 0.0012874 -0.0300576 -0.0255884 0 0 -0.00175889 0.00518304 0 0 0
0 0.00571796 0 0.00437888 0 0 0.0015406 0 -0.000750643 -0.00711972 -0.0148253 0.000115811 -0.0087169 0 0.00979913 -0.00942365 -0.0139043 0 -0.0249747 0.0110735 0.00412664 -0.00531287 0 0 0 -0.0256428 0.0101091 -0.00622472 0 0.00158493 0 -0.000966693 0.0215898 -0.0343543 0.00190245 -0.00405821 0 0 0.0223678 0.82871 0 0 0.00132682 0.0071519 0.00459951 -0.00300149 0 0 0 0 0.0132683 0.00210271 0 0 0 0.00122653 -0.000488077 0 0 0 0 0 0 0.00444507 -0.00213753 -0.0148526 0 -0.0376416 0 0.0111588 0 0.00484879 0.0143467 0 0 0 -0.00411027 0.00731706 0 0.00253853 0.00812683 0 -0.0205057 0.0191123 -0.000924777 -0.0171523 0 0.010092 0.0096507 0 0.0112179 0.00573321 0.000411492 0.0256072 0 0.00333393 0.0261421 0.00244017 0 0.0397047 0.00472631 0.0233417 0 0.000896074 0.00462216 0 0 0.00854906 0.0129034
6.1824e-06 0.00260634 0 0.00455156 -0.00273248 0.0120347 0.000916243 0 0 0 0 0 0 0.014108 0.0121873 0 0 -0.0668924 -0.00288537 0.0209413 0.0234686 0.00241471 0 0.00654457 -0.00442681 0 0 -0.163806 0 -0.00623106 0.00306739 0 0.000841892 -0.128759 -0.00111807 0.00511263 -0.00192363 0.00910896 0 0 0.796307 -0.00411762 0.00605573 0 0 0.00845569 -0.0347298 0.00372541 -0.0022794 0.00127718 0.0053987 0.0233323 -0.00223716 0 0.016692 0.00508528 0.00292505 0.00304102 0 0.0110127 0 -0.134701 0 -0.0114672 0 0.0087179 0.000923513 0 0.0114861 0 0.00420969 0.0100441 -0.0218081 -0.000568546 0.00675156 0.0683501 0 0 0.0152788 0.00195255 -0.00140293 0 0 -0.00373786 0.0011268 0 0.0600059 -0.000762369 -0.00281531 0 -0.00055965 -0.00147866 0 0 -0.00921265 0 0 -0.00755921 0.005662 0 0.00165753 0 0 0 0 0 0 0 0.000541191
0 -0.00822312 0 -0.0026153 0.0244662 -0.00697377 -0.00249016 0 0.00224857 0.00117014 0.0109914 -0.0515505 0.0617045 0 0.00163264 0 0.00183667 0 0 -0.0209492 0 0.00572984 0.00047602 0 -0.0444233 0 0.0197546 -0.0347056 0.029772 -0.0356529 0 0.0141678 0 -0.00107501 0 0 0 -0.0277409 0.0236126 0 -0.00411762 0.80888 0 0 0.00491963 -0.00454075 -0.0154745 0 -0.00684748 -0.143768 0 0 0 0.0104962 0 -0.000570645 0 0 0 0 -0.00142586 -0.0347578 0 0 0 0 -0.00447901 0 0 0.0209533 -0.0257805 0 -0.0181736 -0.0669152 0 0 -0.0137086 -0.0113459 0.0104924 0 0.00562334 0 0 -0.0310603 -0.0124129 0 0 0 0.00233159 0 0 0 0 -0.00844866 0 0 0.00401687 0 0 0 0 0.00432994 0.000700843 0 0.00106009 -0.000897204 0.0135161 0.00329907 0.0085768
0.0208222 -0.00148111 0.0191398 -0.00489007 -0.0495004 0 -0.0102265 -0.106246 0.00441997 -0.00565037 0.0391618 0.0621269 0.00329937 0.00142941 -0.0526774 0 0.00414011 0.0139278 0.0345673 -0.010858 -0.0167421 0 0 -0.0534834 0.0176471 0.00622662 -0.0361397 -0.00146706 -0.0885432 0.00746737 -0.00913848 -0.00162974 -0.016316 0.000501067 0.00473274 0 -0.0284601 -0.00343125 0.0370445 0.00132682 0.00605573 0 0.762212 0.00244295 0 0.0360564 0.0270594 -0.0179373 0.0262097 0 -0.0222661 -0.0285547 -0.0643799 -0.0163089 0.050216 0.00413447 -0.0429806 -0.00744199 0 0.00267342 0.00275798 0.00136162 0 -0.00669856 0.00148928 -0.00149024 -0.00546795 0 0 0 0.000203635 -0.00440423 0 0.0233802 -0.0510668 0.00920523 0.0249996 -0.00446344 -0.0494429 -0.0035051 -0.0418515 -0.0690715 0.000394906 0.00097397 0 -0.0511568 0.0410445 -0.00156329 0 0 0 0 0 0 0.00256519 0 -0.0106797 0.016853 -0.0302294 0 -0.0326583 -0.00795493 0 0 -0.0440519 0.000134715 0 0 -0.0467921
-0.00200578 0 0 0 0 0 0 0 -1.87899e-05 0.0708118 0 0.00533027 0 0 0 0.00860365 0.0010524 0 0.000881443 0 0.00530109 0.014338 0.0181046 0 0 0.0566715 0 0.00166665 0.0212222 -0.0116591 0.00332763 0.013632 0.00236946 0 -0.0612755 0.0037097 0.0137189 0.0061351 0.00192116 0.0071519 0 0 0.00244295 0.865667 -0.0282995 0.00515678 -0.0471767 0.00176485 -0.0113168 0.00757905 -0.00235383 0.00741216 0.000269207 0 0 -0.00226656 0.0333541 0.0162426 0.0010479 0.00333952 0 0 0.0256831 -0.0195317 0 0.0388562 0.00389179 0.0135316 0 -0.0110356 0 0 -0.0183752 0 0.0079053 0 0.00493657 0 0.0167681 0 -0.0121529 0.0115215 0.0152915 -0.0207791 0.00703259 0.0307266 -0.0147458 0 -0.025169 0.0045785 -0.00414209 -0.00109921 -0.00231478 -0.0160351 -0.00272601 -0.0183348 -0.0278505 -0.0146801 0.0248071 -0.0198698 0 -0.0166432 0 -0.0112577 0 -0.00232926 0 -0.00873946 0
0.00435532 -0.00325622 0.00256157 -0.000630448 3.48894e-06 0.000342094 -0.00357188 0 0.0145315 0.0229982 0.0344855 0 0.0220519 0 -0.0198562 0.0014756 0.0100109 0.0111055 0.00350122 -0.000671826 0 0.00204561 0.00546369 0 0.00910288 0.00804197 -0.0153103 0.000215983 -0.00111336 -0.009553 -0.00178189 0.00063757 0 0.0193016 -0.0124807 0.0112957 0 -0.0120483 0 0.00459951 0 0.00491963 0 -0.0282995 0.836305 0.00150759 -0.0058912 0 -0.000693497 0.0222668 -0.00520769 0 0 0 0.00525531 -0.00570074 0 0.00939424 0.000606801 0.00474379 0.0056464 0 0 -0.00384515 0 0.0324917 0 0.000753972 0.000225724 -0.0163287 0 -0.00402624 -0.014344 0.00158706 0 0 0.025243 -0.000674055 0 -0.0268121 -0.038491 0 0.025392 -0.00749 0.0134011 0.036048 0 -0.0114912 -0.0425816 0 -0.00619401 -0.0100295 -0.0218832 -0.0204907 0 -0.0443048 -0.00873607 -0.00325657 0 -0.0466242 0 -0.0120916 0 -0.00283552 -0.00694793 0 0 -0.0450644 -0.0538149
0.000176516 0 -0.0152545 -0.00192659 0.0143259 -0.0336497 -0.000265327 0 5.1177e-05 -0.00447418 0 -0.00876096 0 0 0 0 2.79768e-05 0 -0.0132283 -0.0105893 -0.0057549 0 0 -0.00570114 0.00623827 0 0.0240386 0 0 0.00212509 -0.00416174 -0.00702874 -0.0316169 0.00869476 0.0116445 0 -0.010373 -0.0661987 -0.0233794 -0.00300149 0.00845569 -0.00454075 0.0360564 0.00515678 0.00150759 0.8268 0.00091486 -0.0146034 0.00282379 -0.0858487 -0.000974973 -0.0103221 0.0131034 0 0 -0.00245997 -0.00681712 -0.000717105 0 0 -0.0260582 0.000456311 0 0.0134675 0.00655871 -0.021488 -0.00746455 0 -0.01336 0.0113414 -0.0109407 -0.00760452 0.00577052 0 -0.00394669 -0.0343129 -0.0263781 0.00622281 -0.00510268 0 0.023599 -0.000134684 0 0.00940671 -0.064817 0 -0.0302902 0.027577 0.00960966 0 0.00157089 0.0186732 0 0 0.00205455 0.00499682 0.0384532 0.013795 -0.00958519 0.0119687 -0.0173305 0 0.0304834 0 0 0.00315572 0.0244863 0.0163883 0
-0.0159501 0 0 0.00180095 0 0.00165878 0.00373879 0.00163085 0 0.0235885 0 -0.0259244 0 0 0.0530745 0.0194569 0.0118832 -0.00120907 0 0.000101432 0.0172955 0.0303374 0.0259603 0.0107002 -0.01491 0.013757 0 0 0.0160648 -0.0356281 0.0100842 0.0415069 0.00528272 -0.000435356 -0.0580647 0.0208381 0.0182261 0.00937737 0.0107175 0 -0.0347298 -0.0154745 0.0270594 -0.0471767 -0.0058912 0.00091486 0.852939 0.00316108 -0.0564554 0.0123666 0 0.0270268 0.0170443 0.0203094 0 0 0.0555473 0.0391817 0.0010202 0.011963 0 -0.00709166 0.0143154 -0.0907825 0 0.0329934 0.0268481 0.00928593 0.00366359 -0.00226712 0 0.00149404 -0.0770859 -0.00580656 0.0234891 0.00169937 0.00334718 0 0.0457166 0 -0.00764592 0.0169091 0.0076389 -0.0514056 0.0143878 0.0337938 0 -0.00895706 -0.0162058 0 -0.00251545 -0.00861358 -0.00168478 -0.0639153 -0.00198936 -0.00765567 -0.00563053 -0.0429836 0.0379306 -0.0198892 0.00512478 0 0 -0.00237381 0.00171748 -0.0277161 0 -0.00564828 0.00358662
