0.957386 0.00989401 0.0072357 -8.26605e-06 -0.0152105 0.0302295 -0.0367686 0.0128151 -0.0104673 -0.00127126 0.00852154 -0.00494935 -0.00203985 -0.0234965 0.0125829 -0.00767804 -0.00687406 -6.31511e-06 0.00733802 0.0569466 -0.00196336 0.0228939 0 -0.0177458 0.00904092 0 0.00507441 -0.00755423 4.16146e-05 1.12265e-05 0.0144979 0.00193302 -0.0111068 0.007292 -7.85567e-06 0.0169247 0.00690544 0.00759764 -6.28871e-06 0.0281516 0.0301146 -0.00705274 -0.0104017 -0.016172 0.00445631 0.00740617 0 0.00831366 0.00738059 -0.00290867 0.0115842 0.00742066 0.00967887 0.0221456 0.00101709 0.0115201 0 -8.20231e-06 -0.00373067 -0.00745824 -0.0048188 0.0210407 -0.025424 0.000397173 -0.0139911 -0.00334605 0.00119748 -0.033746 0.000319572 0 0.0151868 0.00459579 0 0 0.017503 0 -0.00495662 0.0131702 0.00477523 0.00284648 0.00100556 -0.00584514 0 0 0 0.020625 0.046215 0.000797076 0.00393457 0 0 0 9.23784e-06 0.031159 0.000960211 0.0150807 0.0142775 -8.95478e-05 9.18905e-06 0 -0.00652454 0.0211195 0.00452957 0.0126082 0.0382501 0 0 -0.0196628 0.00448119 0.00245431 0.00261379 0.0111419 0 0 0 0
0.00989401 0.937195 -0.0592297 0 0 0.00864269 0.0172827 -0.0548101 0.0149245 0.00250533 -0.00966424 0.0306632 0.0048793 0.0158612 -0.00976182 0.0229677 0.00635828 0.0222942 -0.057308 0 0.00868947 -0.0457898 0.00987927 0.00128999 -0.00347433 0.0154841 0 0.0163548 0.00164385 0 -0.00133537 0 -0.00771854 -0.012761 0.0102141 -0.00819634 -0.0120209 -0.000969947 0.00644844 0.0187229 0 0.0057007 -0.00959647 0 0 0.0256212 0 0 -0.0581893 -0.000488865 -0.00237116 -0.0254067 -0.00832894 -0.00585606 0.00958731 0 0.000745128 0.00588353 -0.0143113 0.000359354 0.000247941 -0.0021546 0 0.0120214 0.0147562 -0.000889663 -0.00836862 0.000752542 0 0 -0.00285109 -0.0290026 0.0132325 0.0155259 -0.0190434 0.0218719 0 -0.000618203 -0.00212457 -0.00213475 0 0 -0.010546 0 0 0 -6.67257e-05 0 0.028809 0 0 0.0105609 -0.0411979 0 0.0253407 -0.016587 -0.0359589 0 -0.0127451 0.00329239 0.000529017 0 -0.0431861 -0.000978611 -0.00475299 0 0.00284152 0.00234198 -0.00017992 0.0126065 0 -0.00151941 0 0 0 0
0.0072357 -0.0592297 0.855542 -1.67704e-05 0 0 0.00558608 -0.0746531 0.00692324 7.61242e-06 -0.0275181 0.008279 -1.8813e-06 0.027371 -0.0330667 0.00939312 0.0123535 0.00930267 -0.0178783 -0.00405034 0 -0.0289722 0 0.000362883 -0.00444286 0.0130355 -0.00119988 0.00620535 7.97266e-06 0 -0.0123331 0 -0.00545781 -0.00942873 0.00344047 -0.031778 -0.0151405 -0.00592339 0.00283074 7.79839e-06 0 0.00504238 -0.0136989 0.00288688 -0.00323905 0.00948687 0 0 -0.0435918 0.000173353 -0.00532435 -0.006234 -0.0195248 -0.0242846 0 -0.00622205 0.00277947 0 -0.0145613 0.00732212 0.001286 -0.00772777 0.00424856 0.00327278 0 0.000733623 -0.0300001 0 -0.00137578 -0.00308129 -0.00432806 -0.0290799 0.0124757 0 -0.0388433 0.0196119 -8.34571e-07 -0.00928888 -0.00431287 0 0 0.00317199 -0.00997875 0 0.00189475 0 -0.00899262 3.14405e-06 0 0 0 0.00950884 -0.00928517 0 0.00953224 -0.00523891 -0.0152637 0 0 0.00619004 0.00564543 -0.00102174 -0.0102642 0 -0.00337669 0.00133557 0 0.0034875 -0.00386365 8.05565e-06 0 -0.0121221 0 -0.000859524 0 0
-8.26605e-06 0 -1.67704e-05 0.918077 -0.00175821 0.0402283 0 -0.000553869 -0.00648998 0 -0.00293049 -0.00395371 -0.00643263 -0.0303012 -0.00608833 -0.0104819 0 -0.00709098 0 9.39513e-06 -0.00536057 0 0 0 -0.00170168 -0.00197672 -0.0025796 -0.0191049 -0.00584823 0.00865581 -0.00663717 -0.000512956 0.00955684 -0.00286305 -0.00655555 -0.00145502 -0.00210329 -0.00351317 -0.00350916 0.0114696 0 0.00460574 -0.031835 0.00294707 -0.00548642 -0.00669652 0.0024174 3.2471e-06 -0.00385754 0.00563866 0 0 -0.00277997 -0.00624106 -0.000379904 -0.00106944 -0.0373053 -0.0195819 -0.00604272 0.0351777 -0.0287131 -0.00829773 0 -0.0331387 -0.00962515 0.0174771 0 -0.00506387 -0.0402391 -0.0177773 -0.000411848 -0.00411825 0 -0.0249388 0.00712587 0 -0.0181997 -0.00373064 -0.000435005 0.0251625 -0.000307291 0 -0.016191 0.000486581 0.000665016 0.0281136 -0.00716946 0 -0.00847999 0 0.0219069 -0.0141781 0.0106922 0.0222687 0 -0.00119028 0.0030915 0.000815303 0.00446227 0 0.00766704 6.32358e-06 0.00395814 0.00952668 0.00316868 0.020437 -0.00101423 9.46392e-05 -0.00642665 -0.000320086 0 0 0 0 0 0
-0.0152105 0 0 -0.00175821 0.916677 0 -0.0280196 0.000380892 -0.00306521 0.00176379 0.0147391 -0.000183803 0 -0.0419986 0.00458997 -0.00803626 -0.00108117 0 0.00711997 0.0317867 0 0.00109711 1.67551e-06 0 0 -4.45328e-06 5.89407e-07 -0.00300393 0 0.0123025 0.0106922 0 0 0.0030246 -0.0239881 0.00386247 0.000969175 0 -0.0265032 0 0 0 -0.0234323 0 -0.00790978 0.0281556 0.00897953 0 0.00318472 0 0.00420559 0 0.0045923 0 0.00453815 0 -0.00520622 -0.00188638 -0.0171763 0 -0.0205477 0 -0.00151015 0 -0.0033484 0.0439043 -0.0116863 -0.0358172 -0.029721 -0.00401344 0 0 0.000695234 -0.000878771 0.0201141 0 -0.02558 0 0.00368076 0.000535077 0 0 -0.00264148 0 0.00242823 0.0124381 0 0 0 0 0.00781829 -0.00489745 1.81951e-05 0.0136348 4.49857e-08 0 0.00211018 0 0.0173941 0 0 0.00138992 0 0.00969257 0.0143213 0 0 0 0 0.000198103 0 0.000972437 0 0 0 0
0.0302295 0.00864269 0 0.0402283 0 0.649331 0.00249054 3.47941e-06 0.0204619 -0.0186781 0.0194044 0 -0.00837199 0.00553531 0.0340104 0.00222608 0 1.45877e-06 0 -0.0218404 0 -0.000727333 -0.0296069 0.0036174 -0.015865 0.00609649 0 0.00627555 0.00336826 0.000380228 -0.00251085 -0.000327005 0.0173804 0.0198874 0 0 0.00316782 -0.00316763 0.0316103 -0.0564676 0 0.0190435 0.0122716 0.00869022 0 0 0.0377608 -0.0439386 0 0 -0.0120889 -0.000299585 0 -0.00111729 -7.29612e-05 -0.0104675 0.0301901 0.0150861 0.00753316 -3.53767e-06 0.000225357 -0.000979569 0.0181884 0.0104884 0.00362583 0 -0.01875 0.0130376 0.013048 0.0297677 -0.0537313 0 0 0 0 0 0.0085848 -0.00456637 0 0 0 0.0010691 0.00357997 -0.00470001 0 -0.0265283 -0.00216366 1.1515e-06 -0.0011132 0.0142106 0 0.00720628 0 -0.0194432 0 -0.00599107 -0.00031345 0 0 0 0.000151452 -0.00185039 0 0 -0.00436509 -0.031908 -0.000132835 0 0 0 -0.000108484 -0.00106873 0 0 0 0
-0.0367686 0.0172827 0.00558608 0 -0.0280196 0.00249054 0.879065 0.0057092 -0.0213846 0 0.00801007 -0.00320373 -0.00540434 -0.042055 0.00619443 -0.00327827 0 -1.39257e-06 0.00467151 0.0307351 0 0.00890692 0 -0.00389592 0.00574938 -0.00315356 0 -0.0110535 0 0.0232694 0.0101297 0.00116674 -0.00241121 0.00323014 -0.0313548 0.00661843 0.00529833 0.00165601 0 0.000252398 0 -0.000196563 -0.00192342 -0.00322383 0 0.00304133 0.0177283 0 0.0101079 0 0.00475982 0.00543326 0.00370725 0.00198725 0 0.000190648 0 0 -0.00109339 -0.000441268 -0.0106713 0.00592687 -0.0184826 0 -0.0145976 0 0.000207334 -0.0131276 0.0004217 0 0.00403815 0.00312356 0 0 0.0153894 0 -0.0175581 0.00527064 0.0251921 0 0 0 0 0 0 0.0035241 0.0179964 0.0134003 0 0 0 0 0.0188509 0 0 0.00178449 0.0052574 0 0.0149812 0 -0.000710724 0.00240762 0.00485293 0 0.00615156 0 0 -0.00290055 0.000322929 0 0 0.000892725 0 0 0 0
0.0128151 -0.0548101 -0.0746531 -0.000553869 0.000380892 3.47941e-06 0.0057092 0.855152 0.0046708 -0.00211453 -0.0433179 0.00953501 0.00415226 0.017821 -0.0369925 0.00255653 0.00435653 0.00758268 -0.0127653 -0.00733587 0.0211182 -0.0376364 0.00243968 0.00478882 -0.0102399 0.00975913 -0.000273689 0.00893037 0 0.0028383 -0.0100108 0 0.00520116 -0.0107493 0.0308878 -0.035949 -0.0150257 -0.00112473 0 -0.000770591 -0.0104592 0.00678917 -0.000795207 0.00482474 -0.000887056 -0.00194074 0 0 -0.0202486 2.2185e-05 -0.00708906 -0.00466894 -0.0154989 -0.0210967 0 -0.00537136 0 6.15179e-06 0 0.00915655 0.00140599 -0.0108108 0.00544454 0.000904375 0.00231735 0.00217445 -0.0155866 0.00107315 0 -0.00261221 -0.00466642 -0.00625817 0 0 -0.0446503 0.0219261 0 -0.0355655 -0.011835 0.00118833 0 0.0047552 -0.0237195 0 0.000809631 0 -0.0101827 0 0.00393149 0 0 0.00643479 -0.00779107 0 0 -0.00650203 -0.0359033 0.000983647 0 0.0032182 0.00603896 -0.00290012 -0.0179268 0 -0.00574035 0 0 0.00632986 -0.00491925 0 -0.00164064 -0.0131038 0 -0.000365381 0 0
-0.0104673 0.0149245 0.00692324 -0.00648998 -0.00306521 0.0204619 -0.0213846 0.0046708 0.92543 0.000705493 0.0163716 -0.0237713 -0.0106791 -0.014976 0.021329 -0.0362489 -0.00716926 -0.0114409 0.00270388 0.00656561 -0.00300051 0.0356515 -0.00635533 -0.00205129 0.0230261 -0.0333355 0 -0.0102548 -0.0129259 0 0.00492873 0 0 0.00206751 -0.025592 0.00471372 0.00529911 0.00148942 -0.0281301 0.00204424 9.87259e-07 -0.000980909 -0.00654202 0 0.000123143 0 0.00533721 -0.0027871 0.0100839 0 0.0218025 0.00759038 0.0103799 0.00845008 0 0.0155383 -0.00669567 -0.000120846 0 0 -0.00830505 0.00186802 -0.0013973 -0.00833878 -0.0269947 0.00556497 0.0243465 -0.0038722 0 -0.0035275 0.00704998 0.00926465 0 -0.0177502 0.0286256 -0.019528 -0.00239079 0.0062035 0.0397037 0 0.000203542 -0.00237377 0 0.000390184 0 0.00453284 0.00370969 7.99147e-05 -0.000862337 0 0.00291213 -0.0293207 0.0414227 0.00913681 -0.00461514 0.00459138 0.0324785 0 0.00321713 -2.09353e-05 -0.000213344 0.0086454 0.0126536 0.00454561 0.0285916 0.00730406 -0.00328859 -0.00499675 0 0 0 0.00149659 0 0 0 0
-0.00127126 0.00250533 7.61242e-06 0 0.00176379 -0.0186781 0 -0.00211453 0.000705493 0.58911 -0.00259684 0.0307445 8.78053e-07 0 -0.0319902 4.6592e-06 -0.00276263 -0.0155152 -0.00833014 -0.0125209 -0.00918581 -0.00516625 -0.00101971 0 -0.00644855 -0.0269388 -0.0180799 -0.00286514 -0.0023488 0.00502101 -0.0191546 -0.00267782 0.0250887 9.40828e-06 -0.0137401 -0.012277 -0.00590113 0.0130856 -0.000969601 -0.000253738 0.0364786 0.00655908 0 -0.00496742 0.0098436 -0.0112833 0.00277319 0 0.000288796 0.00740479 -0.0299664 -0.00183246 -0.0191407 -0.00989462 -0.00581422 -0.00313875 0.0174446 8.28965e-06 0.000590932 0.00621276 0 -0.0150406 0.0036216 -0.00602449 -0.000740847 0.00832463 0.0277942 0.000374971 7.43632e-06 -0.00578677 -0.00900369 0 -0.0173279 0.00128945 0.00747411 -0.000435939 0.0220686 -0.0124483 -0.00193021 0.0126372 0 0.00248869 0.00501488 0.0069215 0.0251905 -0.0118241 -0.00862496 0 -0.0118401 0.00452762 0.000963982 0.0109433 0.0343265 0 -0.00597736 0 0.0107413 0.0230497 0.00356314 -0.0114152 0.00612282 -0.00173298 0.0612023 0 -0.00173755 0 -0.00374953 0.00144937 -0.00237967 -0.0100769 -0.00345606 0 0.0133678 0 0 0
0.00852154 -0.00966424 -0.0275181 -0.00293049 0.0147391 0.0194044 0.00801007 -0.0433179 0.0163716 -0.00259684 0.586075 0.00580705 0.000737195 0.0117451 -0.0862054 0 0.0516214 0.0108332 -0.0583649 0.0483274 0 0.0279874 0 -0.00314173 0.0458566 0.0428678 -0.0283228 0 0.00237159 0.00564315 -0.0325396 -0.0050079 -0.0122851 -0.0995373 0 -0.045167 -0.182948 0.00597495 0 0.0582981 -1.73178e-07 0.0104826 -0.0201296 -0.0310024 -0.0114276 -0.00994647 -0.0358932 0 -0.0220446 0.00380057 0.0203279 0.0153249 -0.0520426 -0.0386252 0.0155755 0.000779729 0.0321659 -0.0510633 -0.0180656 0.0182353 0.0310138 -0.0120086 -0.0138492 0.0103722 0 -0.0277942 -0.00444828 0.00296675 0.00222587 -0.00868172 0.0243014 -0.0259718 -1.83662e-06 -0.0020696 -0.110506 0.00647767 -0.0264208 0.0149206 -0.0512692 0.00162839 -0.000343082 0 -0.0387357 0 0 0.00481375 -0.0198054 -0.00267962 0.018967 0 0.00171339 0 0 0 0.0124356 0.00804165 -0.000794914 0 0.0261517 0.0349501 0.0108332 0.0420912 -0.0171437 0.00148531 0.00365955 0.0013359 0.0590109 0.00425203 -0.00889004 0 -0.00113713 -0.00301559 0 -0.0577344 0 0
-0.00494935 0.0306632 0.008279 -0.00395371 -0.000183803 0 -0.00320373 0.00953501 -0.0237713 0.0307445 0.00580705 0.86566 -0.0253553 -0.0448084 0 -0.0594448 -0.0143291 -0.0403567 0.0059645 0 -0.0149667 0.0132094 -0.00507563 -0.00107646 0.00252591 -0.0471345 3.93781e-06 -0.0289884 -0.00327267 0.00120642 0 0 0.013828 0.0141491 -0.027856 0.00962187 0.00279408 2.80609e-06 -0.00749653 0 0.02091 0.00193321 0 0 4.2711e-06 -0.0121398 0.000380393 0 0.0507102 0.00208347 0.0371259 0.02799 0.00241481 0.0227205 0 1.90928e-06 -0.0011802 -0.010791 0.0082847 0.00165012 -0.00576648 0 -0.00163801 -0.0153942 -0.044131 0.030076 0.00558956 0 0 5.13816e-06 0.0180295 0.00473069 0 -0.0169528 0.0117874 -0.0217209 -0.00334256 0 0 0.0259217 -0.000495131 0 0 0 0 3.42506e-05 0 0 -0.010451 0.00958587 0.00124088 -0.0211526 0.0525503 0.00223736 -0.025342 0.0374612 0.0243157 0 0.0383361 -0.00356776 0 0.0183506 0.0291149 0.0193938 0.00882023 0.00394462 -0.00356066 -0.0199361 0 -0.00854459 0 0.0040683 0 0 0 0
-0.00203985 0.0048793 -1.8813e-06 -0.00643263 0 -0.00837199 -0.00540434 0.00415226 -0.0106791 8.78053e-07 0.000737195 -0.0253553 0.64212 -0.00546857 0.0165416 0.00547497 1.58052e-06 -0.110012 0.00559867 0.00873377 -0.00696763 0.0275559 -0.113094 -0.0190957 0.0194345 3.30181e-06 -0.0350726 -0.0147521 2.67263e-06 -0.00100972 0 0 -0.0193684 -5.95157e-07 -0.0107932 0.000741747 0.00223065 0.0204062 0 0.00584319 -0.0599951 0.000529554 -0.0165292 0.0281118 0.0152505 1.60329e-06 0.0108014 -0.0538646 0.00475549 0.0185841 0.0124598 0.0208455 0 0 -0.00175693 -0.00189495 2.52115e-06 3.00872e-06 -0.0215638 0.00534741 0 0 -0.00908089 -0.00272262 -0.00896956 0.00974961 0 -0.00491838 0 -0.00182782 0.0161797 -2.71941e-06 0.000738251 -0.00127378 0.000480368 0.0202776 0 0.000999194 0.00130861 0.00508842 0 -0.0108106 0.0212448 0.0011883 0 0.0073006 0.0160994 0.0532438 2.59851e-06 0.0570313 0.00573704 -0.00331361 0.0175754 0.00585303 -0.00335931 0.000433762 0.00650423 0 0.00722589 0 0 7.83193e-05 0.0077621 0.00860281 0.0108561 0.00315762 -0.00360417 -0.00329161 0 -0.000312525 0 0 0 0 0 0
-0.0234965 0.0158612 0.027371 -0.0303012 -0.0419986 0.00553531 -0.042055 0.017821 -0.014976 0 0.0117451 -0.0448084 -0.00546857 0.884548 0.0058577 -0.0518113 -0.00712985 -0.0114605 0.0154805 0.0231895 -0.0259907 0.00918222 -0.000938625 -0.00100336 0.00525889 -0.0139722 3.12783e-06 -0.0280073 -0.00523373 0.0375399 0.00798049 0 0.00828509 0.00608201 -0.0169156 0.0184819 0.0125243 0.00134252 -0.0196791 0.0154264 0.0232535 0 -0.0167282 0 -0.013488 -0.00113015 0.0011338 2.59938e-06 0.0207989 0.00119726 0.014081 0.00640002 0.00850455 0.00155948 1.58667e-06 0.000486683 -0.04111 -0.0167798 -0.000111681 0.00185009 -0.0339434 0 -0.00630049 -0.0233279 -0.0107262 0.0241203 0.0009495 -0.0281891 -0.00433413 -0.0086439 0.000291918 0 0 -0.0330345 0.0412598 -0.0017149 -0.0331622 0.013697 0.00333793 0.0210496 0 0 -0.0209719 0 0 0.0245765 0 0 -0.00913035 0 0.0162093 -0.0453589 0.0161343 0.0167815 0 0.018202 0.021367 0.000546022 0.0229024 -0.000321039 0 0.0167387 0.0273754 0.0243064 0.028007 0.00216639 -4.43638e-06 -0.00132105 -0.000355724 0 0 0.0102074 0 0 0 0
0.0125829 -0.00976182 -0.0330667 -0.00608833 0.00458997 0.0340104 0.00619443 -0.0369925 0.021329 -0.0319902 -0.0862054 0 0.0165416 0.0058577 0.77305 0 0 0.00253613 -0.0529257 0.00509627 -0.00975826 -0.0633703 0.0287565 0.0095242 -0.0179545 0 0.00394131 0 -0.0084522 0.0113794 -0.0450471 0.0142218 0.0242889 -0.0221346 -0.00394555 -0.0199822 -0.0350161 -0.0173038 -0.00228875 0.0136095 0.022435 0.0185196 0.00230115 0.0072939 0.00783918 -0.0220308 0 0.0215839 -0.0154051 0.00503091 -0.00688948 -0.0102533 -0.0919513 -0.0246622 -0.00183144 -0.0115341 0 -0.0217166 0.00683826 0.0236043 0.000459577 -0.0265305 0.0115289 -0.00763726 0.00143257 0.0176772 -0.00450924 0.0160901 -0.00476998 -0.0113753 -0.0160291 -0.0135623 0 0.016009 -0.0801072 0 0 -0.0265791 -0.0253814 0.0169665 -0.0028612 0.00925876 -0.0029273 0 0.00400468 -0.00258124 -0.0264518 -0.01159 0.00830828 0 0.00130334 0.00179407 0.00619512 0 -0.00285497 0.0312731 -0.00275568 0.00481732 0.00569678 -2.62252e-07 0.0243189 -0.00387704 0.00241847 0.00070219 -0.00976784 0.00150457 0 0.00869546 -0.0116051 -0.00451145 -0.00662461 -0.00587655 0 -0.00916018 0 0
-0.00767804 0.0229677 0.00939312 -0.0104819 -0.00803626 0.00222608 -0.00327827 0.00255653 -0.0362489 4.6592e-06 0 -0.0594448 0.00547497 -0.0518113 0 0.829378 -0.000701463 -0.0107528 0.0100826 4.17762e-06 -0.0391716 0.020798 -0.00416077 -0.00449376 0.0389386 -0.0170874 0.00536345 -0.0456119 -0.0184669 0 -0.00050282 -0.00112523 0.0358383 0 -0.0100681 0 0.00368841 5.19367e-06 -0.0589564 0.00497408 0.00084188 0.00284116 -0.00369067 -5.30018e-06 -0.00537553 -0.00677779 0.0072098 -0.0030897 0.0598411 0.00550674 0.027421 0.0284534 4.34159e-06 5.20684e-06 3.64595e-06 0 -0.00565765 -0.0254491 0 0.00406368 -0.00652747 -0.00315786 0 -0.0183679 -0.0289806 0.0229159 0.0163042 -0.00755011 -0.0110939 -0.0062519 4.78464e-06 0 0 -0.0264982 0.0153747 -0.0213993 -0.024191 5.08718e-06 0 0.00800957 -0.000934901 -0.00704309 -0.0026111 0.00419577 0 0.00945433 -0.000718227 0 -0.0207251 0.0013303 0.0260025 -0.0416582 0.0331598 0.022686 -0.00357733 0.0279124 0.0329349 0 0.0486827 0 0.00557785 0.00445486 0.0196072 0.0107386 0.0213739 0.00544779 -0.00563645 -0.00211244 -0.00392524 -0.00274687 0 0.00344911 0.000221885 0 0 0
-0.00687406 0.00635828 0.0123535 0 -0.00108117 0 0 0.00435653 -0.00716926 -0.00276263 0.0516214 -0.0143291 1.58052e-06 -0.00712985 0 -0.000701463 0.985339 -0.0163946 0 0 -0.00366966 0 0.0135023 0 0 -0.0217019 0.0119626 -0.000562641 -0.00323123 0.0177888 1.57282e-06 0 0.0237238 0.0118551 -0.0226893 0.00108947 0.0110833 0 -0.0141 -0.0192575 0.0324769 0 0 0.000752287 0 -0.00353578 0 0 0.0110746 0 0 0 0.00400147 0 0 0 -0.00253804 0 0.00873671 0 -0.0258686 0 0 -0.000578429 -0.00519645 0.0120616 0 0 0 0 0 0.00577472 0 -0.00140489 0.00674093 -0.0052386 0.00242149 0 0.00390897 0.018778 0 0 0.000822585 0 0 0 0 0 -0.00226297 0 0 -0.0103108 0.00937564 0 -0.00200177 0.000600191 0.00509262 0 0.000170118 -0.00193018 0 0 0.0224418 0 0 0 -0.00263843 0 0 -0.000323631 0 0 0 0 0 0
-6.31511e-06 0.0222942 0.00930267 -0.00709098 0 1.45877e-06 -1.39257e-06 0.00758268 -0.0114409 -0.0155152 0.0108332 -0.0403567 -0.110012 -0.0114605 0.00253613 -0.0107528 -0.0163946 0.595127 0.0106578 -0.0319675 -0.0213231 -0.00336115 3.4733e-06 0 0.00277158 -0.0162886 0.0215419 -0.00042367 -0.0165269 0.0074641 -0.014903 -0.00328983 0.0276741 0 8.94074e-05 6.54207e-06 -0.00192144 7.88144e-06 -0.0262053 -0.00624914 0.0620965 0.00871077 0.0555437 -0.00466027 0.0140111 -0.0547951 0.00224796 0 0.0376534 0.00726485 -0.000204604 0.0301414 -0.00900873 0.0257345 -0.0229365 -0.00584532 3.96295e-06 -0.0121793 0.0258102 0.00602451 2.37659e-06 -0.0118658 0.00471906 -0.0219016 -0.0268707 0.0552088 0.0525098 0.000170323 -0.00316982 -0.00713937 0.0144385 0.0382442 -0.0049133 -0.0148384 -0.0157752 -0.0435895 0.0237435 -0.0201135 0 0.0131989 -0.00198991 0.0100893 0 0.000201835 0.0201453 0 -0.0120898 0 -0.0340887 0.00171462 0.00334539 -0.0180895 0.0446546 0.00585525 -0.0578836 0.0627078 0.0189631 0.0130165 0.00953643 -0.0107614 0.00960833 -0.00200998 0.0413398 0.059913 0 0.0204816 -0.0566264 -5.22653e-06 -0.00320071 -0.0282958 -0.00350452 3.0385e-06 0.026805 0 0 0
0.00733802 -0.057308 -0.0178783 0 0.00711997 0 0.00467151 -0.0127653 0.00270388 -0.00833014 -0.0583649 0.0059645 0.00559867 0.0154805 -0.0529257 0.0100826 0 0.0106578 0.600188 0.00533294 0 -0.00908117 0 0 -0.0166653 0.00284479 -0.00218751 0.00197237 0 0.00137913 -0.0102661 0.0354194 0 -0.0151469 0 -0.0228034 -0.0341441 -0.00255685 0.00233135 0.0344477 0 0.00222432 0 0 0 -0.00277513 0 0 0.000726454 0 0.0476626 -0.0043183 -0.0165011 -0.00982717 0.012244 5.80367e-06 0 0 0 -0.00261683 0.000567642 -0.00443678 0.00638683 0.0377661 0 0 -0.000790624 0.00210306 -0.0002653 -0.0225882 0 -0.00930406 0 0 -0.0456713 0.00552936 0 -0.0032357 -0.00269113 0.000384261 3.01866e-06 0.00245301 -0.00147315 0 0.000195838 0 -0.00861995 0 0 -0.00720206 0.000175325 0 0 -0.0221117 0.00707093 0 0 0 0 0 0.00147731 0.0269317 -0.00702046 0 -0.000512698 0 0.0175475 0.00266021 -0.00330837 0.0150993 0 -0.0006646 0 -0.0197133 0 0
0.0569466 0 -0.00405034 9.39513e-06 0.0317867 -0.0218404 0.0307351 -0.00733587 0.00656561 -0.0125209 0.0483274 0 0.00873377 0.0231895 0.00509627 4.17762e-06 0 -0.0319675 0.00533294 0.814939 -0.0123818 -0.0233027 0.0135133 0.0159797 -0.0383917 -0.0132739 -0.00258941 0.0249886 -0.0108419 0.00384878 -0.0225363 -0.0113582 0.0487141 0.0155051 0.0165487 -0.0133962 0.00386852 -0.0171252 0.00625988 -0.0596813 0.00876649 0.0224759 0.041655 0.0406632 -0.00839543 -0.0210192 0.00156137 1.80721e-06 -0.010135 0.0102727 -0.0495319 -0.0121576 -0.0178001 -0.0181153 -0.0394368 -0.0159327 0 0.0182254 0.015504 0.0145276 0.00374685 -0.064128 0.02029 -0.0166143 0.000302168 0.0320366 0 0.0340636 0.00239003 -0.00105256 -0.0419763 -0.000964904 0 -0.0133439 -0.0197243 0 0.0270197 -0.0417955 -0.00723703 0.0103172 -0.0214024 0.0204905 0.0102421 0 0.0043049 -0.030092 -0.0581333 -0.00105256 -0.0365254 0.000788449 0 -0.00742456 0.00984009 -0.00648077 -0.0211056 -0.00958478 -0.00633527 0.00326552 -0.0046553 0 0.0139811 -0.0798919 0.00451454 0 -0.0554501 0 -0.0207565 0.00818222 -0.0115649 -0.0254506 -0.0192832 -0.0115935 0.000797886 0 0 0
-0.00196336 0.00868947 0 -0.00536057 0 0 0 0.0211182 -0.00300051 -0.00918581 0 -0.0149667 -0.00696763 -0.0259907 -0.00975826 -0.0391716 -0.00366966 -0.0213231 0 -0.0123818 0.811315 0.00462395 -0.0171649 0.000137989 7.88921e-06 -0.0147199 -0.0431311 -0.00736491 -0.0250433 -0.00506134 0.00302852 -0.000806913 0.0408893 9.23457e-06 -0.0149333 0.00885026 -0.00180022 -0.0104668 -0.0152465 -0.00364174 0 0.0424496 -0.00600304 0.0159264 -0.0111764 -0.0140464 0.0129265 -0.00519184 0.039069 0.00940293 0.00179114 -0.000748803 -0.00342381 -0.0057808 -0.000737374 -0.00423066 -0.00268215 -0.00842645 0 0.0141071 -0.00317711 -0.0154792 0.00263144 -0.0275948 -0.010654 0.0195607 0 0 -0.00457836 -0.0325925 -0.0105512 -0.00236175 0 -0.0168884 0.015073 -0.00193259 0 -0.00798009 0 0.0129539 -0.00217886 0.000295448 0 0.00783561 0.000380129 0 -0.0127761 0 -0.0226547 0.00106299 0.0040651 -0.0202071 0.0463147 0.00310993 -0.0236422 0 0.0330336 0.00322796 0.0318336 -0.0183324 0.00832395 -0.0005519 0.0377231 0.00440678 0 0.00168037 -0.0101575 0 -0.00560694 -0.0115962 -0.00303153 0 6.12558e-05 0 0 0
0.0228939 -0.0457898 -0.0289722 0 0.00109711 -0.000727333 0.00890692 -0.0376364 0.0356515 -0.00516625 0.0279874 0.0132094 0.0275559 0.00918222 -0.0633703 0.020798 0 -0.00336115 -0.00908117 -0.0233027 0.00462395 0.881064 0.019779 0.00826359 -0.0278606 0 7.30234e-06 0.00984484 0.0225857 0.00738134 -0.0243125 -0.000585121 0.014915 -0.00826906 0.0314193 -0.0403128 0.0130626 -0.00862836 0 -0.00885351 0.00509314 0.011281 0.00922122 0.00748991 -0.00518524 -0.00558317 0 0.0200918 -0.0312466 0.00323182 -0.0431102 -0.0162684 -0.0460942 -0.0138151 -0.00178869 -0.00639955 1.564e-06 0 0.019204 0.012147 0.00362173 -0.0100155 0.0168812 -0.00133309 0.0282231 0.0110179 -0.00920121 0.0234482 -2.42142e-05 0.000601307 -0.0117403 -0.0057943 0 0.00234196 -0.0176164 5.33363e-06 0.00212561 -0.0677134 -0.0236694 0.00641892 -0.00086047 0.0450208 0 0 0.000520252 -0.00365223 -0.0272579 -0.0113684 -0.00323345 -0.0109952 0 0 -8.6424e-06 -0.00957303 -0.00129118 -0.00681634 -0.0400477 0.00110145 0 0 0.0169446 -0.016559 0 0 -0.0498274 0 -0.000622915 0.0105279 -0.00583079 -0.00145545 -0.0038738 -0.00950573 0 0 0 0
0 0.00987927 0 0 1.67551e-06 -0.0296069 0 0.00243968 -0.00635533 -0.00101971 0 -0.00507563 -0.113094 -0.000938625 0.0287565 -0.00416077 0.0135023 3.4733e-06 0 0.0135133 -0.0171649 0.019779 0.7967 0 0.00622254 -0.000100684 -0.165557 -0.0274247 5.06042e-06 0 0 0 -4.42667e-06 0 -0.00296316 -9.76756e-05 0 -0.000501192 -0.00389841 0 -0.150964 0.00163508 -0.0141139 0.019335 0 -0.00181859 0.0267803 -0.0934535 0.00948815 0.012711 0 0 0 -0.000564548 0 -0.000999361 0 4.81837e-06 -0.0113187 0.00447772 0 -0.00249345 0 -0.00538097 -0.00478587 0.00244931 0 -0.00231016 -3.75651e-05 -0.00862431 0 -0.0017427 0.00389762 -0.00516811 0 0 2.25966e-06 3.63046e-06 0.00457651 0.00427038 0 0 0.0160249 0.00369677 -0.012247 0.00929312 4.28232e-06 0.000488832 -0.0030563 0.0238034 0.00111901 -0.00423827 0.0176587 0 -0.0255018 -0.000525165 0.00968051 0 0.00436344 0 0 0 0.00704677 0 0.0121835 0 -0.00190091 0 0 -0.00121131 0 0 0 0 0 0
-0.0177458 0.00128999 0.000362883 0 0 0.0036174 -0.00389592 0.00478882 -0.00205129 0 -0.00314173 -0.00107646 -0.0190957 -0.00100336 0.0095242 -0.00449376 0 0 0 0.0159797 0.000137989 0.00826359 0 0.854823 0.0124748 0 0 -0.0263968 0.00277818 -0.00197825 0.0138077 0.00119935 -0.00713234 0.00244592 0 0.00405024 0.000480311 0.00537618 0 0.0163629 0 -0.00448032 -0.0593757 -0.0078415 0.00238818 0.00504074 0 1.5923e-07 0.0252428 7.05733e-06 0.0515989 0.00374058 0.00537455 0.00576585 0 0.00191788 0 0 -0.0558757 -0.00448257 0 0.00671169 -0.128268 -0.000528473 0 -0.00339764 0.000644608 -0.00137039 0 0 0.0073014 0.00113466 0 0 0.00749828 0 -0.0066477 0.0113313 0.00165175 0 0.00156734 -0.004685 0 0 -0.000467671 0.00705173 0.00889173 0.000204323 0.00145475 0 0 0 0 0.0108248 0.00202651 0.00337872 0.0554579 0 0 0.00397129 -0.00310673 0.00334736 0.0136819 0.00232261 0.0112979 0.00175622 0 -0.0259971 0.00273629 0.00723157 0.00355124 0.024258 0 0 0 0
0.00904092 -0.00347433 -0.00444286 -0.00170168 0 -0.015865 0.00574938 -0.0102399 0.0230261 -0.00644855 0.0458566 0.00252591 0.0194345 0.00525889 -0.0179545 0.0389386 0 0.00277158 -0.0166653 -0.0383917 7.88921e-06 -0.0278606 0.00622254 0.0124748 0.666697 0.0199446 -0.000328959 0.00809045 9.3011e-06 0.00878477 -0.0174914 -0.00122903 0.0173677 -0.00640362 -0.00462709 -0.00711078 0.0255729 -0.00758891 5.09588e-06 -0.0114326 0 0.00319966 0.00782713 0.00669618 -0.00537882 -0.00534148 0.00386802 0 -0.0397157 0.00144949 -0.000429129 -0.0479434 -0.0217199 -0.00919635 -0.00849199 -0.00599324 -0.00915056 0 0.00288991 0.00994488 -1.23382e-06 -0.0124954 0.01131 -0.00476931 0 0.00674874 -0.000907961 0.00227891 -0.000966187 -0.00203311 -0.0203483 -0.00143337 0.00444638 -0.00316807 -0.0155483 0.00255448 0.00289729 -0.0275601 -0.0386747 0.0140798 -0.000265982 0.0179112 0 0.0047209 0.0103101 0 -0.0143645 0 0.00126501 0 0 0.0272966 0 0 0 -0.0275367 -0.0136267 0.00197306 -7.45616e-06 0 0.00744006 -0.00663584 -4.61741e-06 0 -0.0116928 0 0 0.0468372 -0.00648431 -0.00278147 -0.0034007 -0.00559595 0 0 0 0
0 0.0154841 0.0130355 -0.00197672 -4.45328e-06 0.00609649 -0.00315356 0.00975913 -0.0333355 -0.0269388 0.0428678 -0.0471345 3.30181e-06 -0.0139722 0 -0.0170874 -0.0217019 -0.0162886 0.00284479 -0.0132739 -0.0147199 0 -0.000100684 0 0.0199446 0.837209 -0.00240458 -0.0355238 -0.0313397 0.00281121 0.00275766 0 0.0530198 0.0068155 -0.0163891 0.0367995 0.00816512 0 -0.0043742 -0.00160347 0.0277777 0.0315276 0 0.00397937 0 -0.0141411 0.00393954 -0.000238987 0.0128627 0.00982953 0 0.00244297 0 0 -0.00128892 0.0410366 -0.00387269 -0.00385752 0.0156553 0.00567945 -0.00614591 -0.00480925 0 -0.0193701 -0.0123954 0.0164098 0.00846593 -0.00135598 0 7.43377e-06 0 0.00840221 0 -0.0315578 0.036474 -0.00720208 0 -0.000798818 0.041705 0.00930636 0 0.000682661 0 0 0 0 -0.0026966 0 -0.049814 0.000120516 0.000200478 -0.0371012 0.0342454 0.00023719 -0.0365077 0.00428115 0.00811591 0.000702057 0.0034322 -0.02188 0.00138369 0 0.016545 0.00303268 0 0.00214421 -0.0266194 -0.00410225 -0.00128114 -0.0132773 -0.000761302 0 0 0 0 0
0.00507441 0 -0.00119988 -0.0025796 5.89407e-07 0 0 -0.000273689 0 -0.0180799 -0.0283228 3.93781e-06 -0.0350726 3.12783e-06 0.00394131 0.00536345 0.0119626 0.0215419 -0.00218751 -0.00258941 -0.0431311 7.30234e-06 -0.165557 0 -0.000328959 -0.00240458 0.758832 -0.0192871 -0.00551206 0 -0.0145407 -0.0022341 -0.00974422 0.001833 -0.00631048 -0.00588706 -0.0290265 -0.0490184 0.00784551 -0.00150032 -0.145923 0.00998163 -0.0359068 0.0136749 -0.0193459 -0.00986375 0.0448915 -0.129924 0 0.0376581 -0.00179554 -0.0173275 -0.00787482 -0.0131836 -0.00234696 -0.0184396 3.91528e-06 -0.00498394 -0.0416563 0.0146179 0 -0.0269031 0.00167393 -0.0153338 -0.00824883 -0.00986852 0.0395053 0 -0.013201 -0.0343205 -0.0151467 -0.0356348 0.0179248 -0.00886978 -0.00933774 0 2.07974e-06 0.018592 0.0389618 0.00663583 0 -7.91885e-06 0.0701954 0.0125529 0.000833145 0.00302066 -0.0039701 0 -0.0100641 0.041488 0.00305019 -0.00747849 0.0103745 0.000674278 -0.00329556 -0.00836491 0.0197786 0.00520979 0.00969787 0 0.00715884 0 0.00320635 0.00146205 0 0.000184073 -0.00167445 0.00168231 0.00171366 -0.00495377 0 0 0.00563742 -0.00605499 0 0
-0.00755423 0.0163548 0.00620535 -0.0191049 -0.00300393 0.00627555 -0.0110535 0.00893037 -0.0102548 -0.00286514 0 -0.0289884 -0.0147521 -0.0280073 0 -0.0456119 -0.000562641 -0.00042367 0.00197237 0.0249886 -0.00736491 0.00984484 -0.0274247 -0.0263968 0.00809045 -0.0355238 -0.0192871 0.847099 -0.0103546 0.00170559 0.000646921 -4.62292e-05 0.00826253 0 -0.00705181 0 0 6.26775e-06 -0.0454566 0.0224065 -0.000630281 0.00513337 -0.0188528 0.000653649 -0.00281349 -0.0109462 0.00954941 -0.005747 0.0133167 0.0518663 0.013908 0.00374789 0 0.00139374 0 0 -0.0181288 -0.0309926 -0.00273584 0.0198357 -0.0258333 -0.00572633 -0.00313306 -0.0203133 -0.027495 0.0154541 0.0346974 -0.0101078 -0.011067 -0.00539039 0.0197169 -0.00130436 0 -0.0226995 0 -0.00075342 -0.0135498 6.23277e-06 0 0.0293957 0 0 -0.000725162 0.00188473 0 0.0420643 0.00317623 0 -0.0303044 0 0.00765492 -0.0404246 0.0373864 0.0169334 -0.0035517 0.0119383 0.0278851 0.00180536 0.0139984 0 0.00134566 0.0173532 0.0204811 0.0136886 0.0136365 0.00517318 -0.00344133 0 -0.00185898 -0.00150842 0 0.0173445 0 0 0 0
4.16146e-05 0.00164385 7.97266e-06 -0.00584823 0 0.00336826 0 0 -0.0129259 -0.0023488 0.00237159 -0.00327267 2.67263e-06 -0.00523373 -0.0084522 -0.0184669 -0.00323123 -0.0165269 0 -0.0108419 -0.0250433 0.0225857 5.06042e-06 0.00277818 9.3011e-06 -0.0313397 -0.00551206 -0.0103546 0.820889 0.00392747 0.000569399 -0.00133656 0.0358651 -0.00508061 -0.0162109 -0.00444198 0.00687958 -0.00707674 -0.0199978 9.03711e-06 0.00012744 0.0136943 -0.00631184 0.00605812 -0.00567127 -0.0175304 0.00410824 3.43103e-06 0 0.0155515 -0.00492964 -0.0012078 -0.00495555 -0.00976091 -0.00953704 0.00240935 -0.00184278 -0.00768433 0 0.0190697 -0.0160032 -0.0396705 0.00302581 -0.0715539 -0.0111127 0.01496 0 0 -0.00491992 -0.0075651 -0.00769767 -0.00478869 0 -0.0264822 0.00181994 -0.000219422 0 -0.0110924 0 0.00868867 -0.000960596 0.00230089 0 0.000558626 0.00309191 0.00459625 -0.0238003 -0.00337644 -0.0241857 0 0.00263982 -0.0347752 0.0242332 0.0168132 -0.0046796 -0.000888502 0.00650783 0.00363742 0.00700186 0 0.00787283 -0.00196137 0.00758876 0.00339193 0 0.00261185 -0.0164633 0.000682419 -0.0116424 -0.00679056 -0.00237086 0 0 0 0 0
1.12265e-05 0 0 0.00865581 0.0123025 0.000380228 0.0232694 0.0028383 0 0.00502101 0.00564315 0.00120642 -0.00100972 0.0375399 0.0113794 0 0.0177888 0.0074641 0.00137913 0.00384878 -0.00506134 0.00738134 0 -0.00197825 0.00878477 0.00281121 0 0.00170559 0.00392747 0.771414 0.0121394 0 -0.018666 0 0.00615111 0.0118234 0.0115864 0.00710776 0.0230023 0.0366911 -0.0446792 -0.0049341 0 -0.00635706 0.00378963 0.0100494 0 -0.025879 -6.77622e-06 0.000136884 0.00503308 0.0121068 0.0125079 0.00769841 0.000656322 0.000800277 0.0087716 0.00317307 -0.0223208 -0.0107244 0 -0.0110277 -0.00272049 0.00843936 0.00569617 -0.023551 0.0255043 0 0 0.000816779 0.00535063 0.00131261 0 0.00522685 0.00870164 0 0 0.0107166 0.000488059 -0.0393573 0.000662013 -0.0614739 0.000889039 0 0 0 0.00859288 0 0.00720903 0 0 0.00381782 -0.0111166 0 0.00160587 0.00222695 0 0 -0.00405598 0.00664904 -0.0118241 0.0011413 -0.00228876 0 0.00266959 0 0.000216787 0 0.00713242 0.0032787 0.00639025 0.00442786 0 0 0 0
0.0144979 -0.00133537 -0.0123331 -0.00663717 0.0106922 -0.00251085 0.0101297 -0.0100108 0.00492873 -0.0191546 -0.0325396 0 0 0.00798049 -0.0450471 -0.00050282 1.57282e-06 -0.014903 -0.0102661 -0.0225363 0.00302852 -0.0243125 0 0.0138077 -0.0174914 0.00275766 -0.0145407 0.000646921 0.000569399 0.0121394 0.785996 -0.015002 0.0606518 -0.0413044 -0.0132797 -0.0239105 -0.0240789 -0.00885818 0.012193 -0.0021509 0 0.031897 0 0.00566702 -0.0158324 -0.0288726 0.00293511 0 -0.0544814 0.01183 -0.0657961 -0.0134732 -0.0435209 -0.028639 -0.00580418 -0.0135952 0 -0.0029279 0.0361455 0.0274803 0.00100258 -0.0276982 0.0301043 -0.0099671 -4.35803e-05 0.021295 -0.00411797 0.0152956 -0.00861274 -0.00886527 -0.0227251 -0.0146616 0 -0.0122348 -0.0853511 0 0 -0.0542126 -0.0307855 0.0140621 -0.0043034 0.0145715 -3.28333e-05 0 0.0148559 -0.0117934 -0.0260791 -0.0033573 -0.0535705 0.000674028 0.00410779 -0.00376441 0.0112798 0 -0.00801145 -0.0106942 -0.00676902 0.0111598 0.00944845 0 0.0461406 -0.00781053 0.00213107 0.0040867 -0.014271 0.00381206 -0.00428912 0.0128927 -0.0144911 -0.0130686 -0.010526 -0.0187176 0 -0.00314941 0 0
0.00193302 0 0 -0.000512956 0 -0.000327005 0.00116674 0 0 -0.00267782 -0.0050079 0 0 0 0.0142218 -0.00112523 0 -0.00328983 0.0354194 -0.0113582 -0.000806913 -0.000585121 0 0.00119935 -0.00122903 0 -0.0022341 -4.62292e-05 -0.00133656 0 -0.015002 0.839327 0.0087048 -0.00450144 -0.000239327 -0.0222157 0 -0.000779477 -0.00148638 -0.000492862 0.00148839 0.00346249 -0.00249746 0.00158472 -0.0331326 -0.0094312 0.000658723 0 -0.00395128 0.00741299 -0.0574865 0 -0.00201283 -0.0028001 0 -0.00194249 0 -0.00477433 0 0.00487828 0 -0.00746794 0.00305833 -0.0151193 -0.000693065 0.0041693 0 0 -0.00562377 -0.000443993 -0.00419488 -0.000560739 0 -0.00624878 -0.00482744 0 0 -0.00699105 -0.0291713 0.00218484 0 0.000437738 0 0 0.00082583 0 -0.00655249 0 -0.00934483 0.000643092 0.00090228 -0.00142785 0.00109961 0 0 -0.00123199 0 0.00111018 0 3.4646e-07 0.0114713 0 0.0009845 0.000772676 -0.000318465 0.000251501 -0.000951178 0.00391523 -0.00165723 -0.00139544 -0.000205354 0 0 0 0 0
-0.0111068 -0.00771854 -0.00545781 0.00955684 0 0.0173804 -0.00241121 0.00520116 0 0.0250887 -0.0122851 0.013828 -0.0193684 0.00828509 0.0242889 0.0358383 0.0237238 0.0276741 0 0.0487141 0.0408893 0.014915 -4.42667e-06 -0.00713234 0.0173677 0.0530198 -0.00974422 0.00826253 0.0358651 -0.018666 0.0606518 0.0087048 0.882243 -0.005538 0.0278655 0.0226681 0.00810347 0.02006 0.0156446 0.0404842 -0.0489497 -0.0305889 0.000572991 -0.024317 0.0155739 0.0294982 -0.00971917 0 -0.000268506 -0.0157224 0.0194485 0.00939076 0.0175854 0.0236001 0.0166955 0.0135897 0.00359815 0.0128567 -0.0107596 -0.0333969 0.00701411 0.0391725 -0.00979481 0.0347886 0.0233115 -0.0749657 0.00276132 -0.00221237 0.00760635 0.0120357 0.0209985 -0.00299097 0.0155351 0.0360999 0.000489027 0.00346643 -0.00218873 0.0363113 0.0126057 -0.0524195 0.0211963 -0.0168752 0.00208332 0 -0.00449696 0.0117339 0.0402213 0.0137747 0.065929 -0.000813195 -0.00497988 0.0280799 -0.0427304 0 0.0258224 0.00786857 -0.00152644 -0.00451264 -0.0146036 0.000221482 -0.0187739 0.0117476 -0.0211385 -0.00628359 0.00936386 -0.00476209 0.0169707 -0.00628809 0.0194043 0.0373394 0.0261072 0.00575605 -0.000352867 0 0 0
0.007292 -0.012761 -0.00942873 -0.00286305 0.0030246 0.0198874 0.00323014 -0.0107493 0.00206751 9.40828e-06 -0.0995373 0.0141491 -5.95157e-07 0.00608201 -0.0221346 0 0.0118551 0 -0.0151469 0.0155051 9.23457e-06 -0.00826906 0 0.00244592 -0.00640362 0.0068155 0.001833 0 -0.00508061 0 -0.0413044 -0.00450144 -0.005538 0.764429 -0.00148121 -0.0236647 -0.0175805 0.0143463 0 0.0227403 0 0.0057185 -0.00449205 0.00556625 -0.00369322 -0.0116477 5.02801e-05 0 -0.0100076 0.00376366 -0.00170783 -0.00729699 -0.054654 -0.0243235 0 -0.0040046 0 -0.00298134 -0.0103915 0.0122441 0.0145365 -0.01613 0.0015136 -0.0105023 0 0.00413538 -0.000993468 0.00178871 -0.00287353 -0.0272471 -0.00799164 -0.0227113 0 0.000231007 -0.066117 0.00635257 -0.00120963 -0.0170143 -0.00790776 0.00228618 -0.00171986 -0.0132841 -0.00239262 0.000173982 0.00245613 0.01288 -0.0143946 -0.00106153 -0.00391427 0 0.008116 -0.00281054 -8.7943e-06 0 7.43276e-06 -0.0044312 -0.0084981 0.00110706 0.00162869 0.0252747 0.00935915 -0.000205804 -0.0265462 0.000500696 -0.00432783 0.0116406 0 0.00458812 -0.00679733 -7.43507e-05 -0.00207263 -0.00301361 0 -0.0024093 0 0
-7.85567e-06 0.0102141 0.00344047 -0.00655555 -0.0239881 0 -0.0313548 0.0308878 -0.025592 -0.0137401 0 -0.027856 -0.0107932 -0.0169156 -0.00394555 -0.0100681 -0.0226893 8.94074e-05 0 0.0165487 -0.0149333 0.0314193 -0.00296316 0 -0.00462709 -0.0163891 -0.00631048 -0.00705181 -0.0162109 0.00615111 -0.0132797 -0.000239327 0.0278655 -0.00148121 0.775511 0 6.46502e-06 -0.00735929 -0.0109703 -0.00111768 0 0.00901582 -0.0077851 0.00435492 -0.00517119 -0.019187 0.0120357 -0.00264281 0.0183302 0.00817113 0.00132872 0 -0.00470818 -0.0060544 -0.00238363 0.00176618 -0.00722077 -0.0131367 0 0.0122764 -0.0132274 -0.0166804 -1.73959e-05 -0.0276291 -0.0434468 0.0724299 0 -0.0215951 -0.00250124 -0.0290645 0.0090542 -0.00183675 0.0013568 -0.012291 0 -0.00279026 0 -0.00308894 -0.000775201 0.0278163 -0.000731934 0 0 0.000973147 0.0014618 0 -0.00684073 0.013182 -0.0120922 0.0266873 0.0050732 -0.0186018 0.05193 0.00716901 -0.0179943 0 0.0182994 0 0.0139643 -0.0301177 0.00397621 0 0.0189489 0.00471487 0 0.0106653 -0.00380285 0 -0.00393288 -0.0115967 -0.00847419 0 0 0 0 0
0.0169247 -0.00819634 -0.031778 -0.00145502 0.00386247 0 0.00661843 -0.035949 0.00471372 -0.012277 -0.045167 0.00962187 0.000741747 0.0184819 -0.0199822 0 0.00108947 6.54207e-06 -0.0228034 -0.0133962 0.00885026 -0.0403128 -9.76756e-05 0.00405024 -0.00711078 0.0367995 -0.00588706 0 -0.00444198 0.0118234 -0.0239105 -0.0222157 0.0226681 -0.0236647 0 0.819694 -0.0389125 -0.00784335 -0.00149392 0.0147063 5.0929e-05 0.00579998 -0.00285626 0.00641407 -0.00819846 -0.0107809 0 0 -0.0288689 0.00395063 -0.0111919 -0.0077895 -0.0197768 -0.0160443 0 -0.00944488 0 0 0 0.0153676 0.00389246 -0.0120791 0.00780854 -0.00701761 0 0.00907741 -0.00522118 0.00214322 -0.00221495 -0.00410726 -0.0088449 -0.00994165 0.00330633 -0.000678337 -0.0304075 0.000300255 0 -0.0154892 -0.0209453 0.00212694 0 0.00471258 0 0 0.00187862 0 -0.0167565 0 -0.00455927 0 0.000252784 0.0008219 0 0 0 -0.0142898 -0.0067725 0.00191189 0.00340758 0.0258235 0.00964321 -0.00526992 0 0 -0.00574683 0.000511 0 0.00507743 -0.00802578 -0.00128077 -0.00206237 -0.00613671 0 -0.00148464 0 0
0.00690544 -0.0120209 -0.0151405 -0.00210329 0.000969175 0.00316782 0.00529833 -0.0150257 0.00529911 -0.00590113 -0.182948 0.00279408 0.00223065 0.0125243 -0.0350161 0.00368841 0.0110833 -0.00192144 -0.0341441 0.00386852 -0.00180022 0.0130626 0 0.000480311 0.0255729 0.00816512 -0.0290265 0 0.00687958 0.0115864 -0.0240789 0 0.00810347 -0.0175805 6.46502e-06 -0.0389125 0.696016 -0.0154759 0 0 0 0.0105104 -0.0137468 0.000603346 -0.00639994 0.00273802 0 0 -0.011548 -0.0211884 0.0358079 -0.010887 -0.0325123 -0.0224345 0.0259254 -0.0216978 0.0344601 -0.0055179 -0.00907618 0.0282789 0.00304013 -0.0106964 -9.11672e-06 -0.00830474 0 -0.0269594 0.000908853 0.00160287 -0.00165141 -0.00753937 -0.008122 -0.0296531 0.000685089 -0.00174782 -0.0519869 0.00283724 -0.0117328 -0.00497448 -0.00651696 0.00825909 -0.0123804 -0.0127463 -0.0137312 0 0.00199546 0.00376959 -0.0363859 0 0.00133936 0 0.00267356 0.00355901 0 0 0 -0.00604725 0 0 0.00488372 0.0077015 0.0110603 0 -0.0109016 0.00152275 -0.000432059 0.00178716 0.0344791 0.00238666 -0.00788302 0 -0.000994838 -0.00215047 0 -0.0364638 0 0
0.00759764 -0.000969947 -0.00592339 -0.00351317 0 -0.00316763 0.00165601 -0.00112473 0.00148942 0.0130856 0.00597495 2.80609e-06 0.0204062 0.00134252 -0.0173038 5.19367e-06 0 7.88144e-06 -0.00255685 -0.0171252 -0.0104668 -0.00862836 -0.000501192 0.00537618 -0.00758891 0 -0.0490184 6.26775e-06 -0.00707674 0.00710776 -0.00885818 -0.000779477 0.02006 0.0143463 -0.00735929 -0.00784335 -0.0154759 0.763793 8.86118e-06 -0.0452046 -0.00958178 0.0125022 -0.0152611 0.0457355 -0.00928508 -0.0182214 0.00576055 -0.00125848 -0.00498117 0.00628492 0.0243602 -0.0299747 -0.0152887 -0.036713 -0.000921772 -0.0096683 0 -0.00355393 0 0.0163921 0 -0.0178542 0.00757639 -0.0163671 1.23971e-05 -0.00293945 -0.0446411 0.00216659 -0.00325283 -0.0199846 -0.0758565 -0.02767 0.00115705 0.00201911 -0.014847 0.00442594 0.00127483 -0.0208993 -0.00904614 0.00865225 -0.00275182 0.00416679 0 0 0 0 -0.0172977 -0.00121103 -0.0107592 0.000851774 0.000971012 -0.00496738 0.00693688 -0.0104855 -0.00318856 -0.0167808 0 0.00163905 0.00343519 0 0.0178865 -0.0184251 0.00216789 0.00102456 -0.00801586 0.000569954 -0.000892711 0.00955418 -0.00672631 -0.0043409 -0.00336041 -0.00165221 0 0 0 0
