0.925631 0.0310826 0.0567915 0.0486695 -0.0398325 0.036002 -0.0368086 -0.0129872 0.0744602 -0.108039 0.164275 -0.0199451 -0.0691354 0.0357646 0.080358 0.103937 1.62778e-06 0.00333201 -0.0204395 0.00334675 0.0456925 -0.0550396
0.0310826 0.851403 0.103406 -0.0307687 0.162921 -0.0157119 0.0873327 0.00461251 -0.0429521 0.0415519 0.0427921 -0.0308881 0.145441 -0.0156046 -0.133447 0.071579 -8.65296e-07 0.126795 0.121279 0.0688823 0.0302552 0.031209
0.0567915 0.103406 0.879695 -0.087298 0.019443 0.018062 0.0825293 0.0502276 -0.0951011 0.076687 0.0267263 -0.0406878 0.227179 0.017948 -0.114974 0.0749007 -2.32682e-07 0.0758249 0.089691 0.0215481 -0.0738838 0.123432
0.0486695 -0.0307687 -0.087298 0.456775 0.0706573 0.057195 -0.0527844 0.0180921 0.171895 -0.035064 -0.0189767 0.0943633 -0.122382 0.0568208 0.190699 0.00592814 2.79617e-07 -0.0617115 -0.0689252 0.00461234 0.131658 -0.0383343
-0.0398325 0.162921 0.019443 0.0706573 0.743562 -0.049656 0.0665825 0.0163663 0.134693 0.0698387 0.0613908 0.0258631 -0.0209288 -0.0493344 0.0100661 0.0671172 -1.29546e-06 0.126817 0.00504921 0.0390574 0.252813 -0.0166752
0.036002 -0.0157119 0.018062 0.057195 -0.049656 0.411971 0.0248822 0.213136 0.00707192 -0.101771 -0.0188024 0.107717 0.0135305 0.409278 0.0686816 -0.0306305 2.58223e-06 0.00864839 -0.0494332 -0.000681086 -0.0920086 0.111963
-0.0368086 0.0873327 0.0825293 -0.0527844 0.0665825 0.0248822 0.241883 0.0603505 -0.032173 0.0247633 0.0584726 -0.012473 0.0449783 0.0247187 -0.0915475 0.0325789 -2.96506e-07 0.113511 0.0259712 0.0274343 0.0024573 0.0391976
-0.0129872 0.00461251 0.0502276 0.0180921 0.0163663 0.213136 0.0603505 0.414898 0.0552663 -0.0649798 0.0128308 0.188139 0.0272805 0.211743 0.0262066 -0.0004972 1.7478e-06 0.0436164 0.0278308 0.0510834 -0.049509 0.241979
0.0744602 -0.0429521 -0.0951011 0.171895 0.134693 0.00707192 -0.032173 0.0552663 0.965129 -0.23922 0.0821587 0.0598452 -0.101438 0.00702651 0.0608829 0.047067 -1.19694e-06 -0.0261966 -0.105812 -0.00717198 0.204756 0.101007
-0.108039 0.0415519 0.076687 -0.035064 0.0698387 -0.101771 0.0247633 -0.0649798 -0.23922 1.00592 0.0190722 0.00569237 0.097345 -0.101101 -0.0219441 -0.00978484 -1.0756e-06 0.0493459 0.0382033 -0.0013715 0.124593 -0.0611015
0.164275 0.0427921 0.0267263 -0.0189767 0.0613908 -0.0188024 0.0584726 0.0128308 0.0821587 0.0190722 0.722006 0.00829708 0.0975324 -0.0186809 -0.0178195 0.0668543 8.85097e-07 0.0739752 0.049626 0.0262635 0.057016 0.0286881
-0.0199451 -0.0308881 -0.0406878 0.0943633 0.0258631 0.107717 -0.012473 0.188139 0.0598452 0.00569237 0.00829708 0.521271 0.00628841 0.107014 0.0911095 -0.00758875 9.11152e-08 -0.00977635 0.0153598 0.0121235 0.0194652 0.0512676
-0.0691354 0.145441 0.227179 -0.122382 -0.0209288 0.0135305 0.0449783 0.0272805 -0.101438 0.097345 0.0975324 0.00628841 0.982486 0.0134461 -0.126786 0.0627982 5.63178e-07 0.04849 0.273503 0.125399 -0.178169 0.0895801
0.0357646 -0.0156046 0.017948 0.0568208 -0.0493344 0.409278 0.0247187 0.211743 0.00702651 -0.101101 -0.0186809 0.107014 0.0134461 0.406602 0.068232 -0.0304309 2.56514e-06 0.00859222 -0.0491097 -0.00067748 -0.0914093 0.111232
0.080358 -0.133447 -0.114974 0.190699 0.0100661 0.0686816 -0.0915475 0.0262066 0.0608829 -0.0219441 -0.0178195 0.0911095 -0.126786 0.068232 0.700766 -0.0667923 1.70551e-07 -0.107469 -0.0879737 -0.0240613 0.189367 -0.0304297
0.103937 0.071579 0.0749007 0.00592814 0.0671172 -0.0306305 0.0325789 -0.0004972 0.047067 -0.00978484 0.0668543 -0.00758875 0.0627982 -0.0304309 -0.0667923 0.544398 2.61176e-07 0.0582677 0.0472952 0.0275438 -0.00435159 0.0294635
1.62778e-06 -8.65296e-07 -2.32682e-07 2.79617e-07 -1.29546e-06 2.58223e-06 -2.96506e-07 1.7478e-06 -1.19694e-06 -1.0756e-06 8.85097e-07 9.11152e-08 5.63178e-07 2.56514e-06 1.70551e-07 2.61176e-07 3.26309e-09 1.41636e-06 4.26888e-07 1.41551e-06 -1.26124e-06 2.72985e-06
0.00333201 0.126795 0.0758249 -0.0617115 0.126817 0.00864839 0.113511 0.0436164 -0.0261966 0.0493459 0.0739752 -0.00977635 0.04849 0.00859222 -0.107469 0.0582677 1.41636e-06 0.262991 0.0460636 0.0488065 0.0344224 0.0557858
-0.0204395 0.121279 0.089691 -0.0689252 0.00504921 -0.0494332 0.0259712 0.0278308 -0.105812 0.0382033 0.049626 0.0153598 0.273503 -0.0491097 -0.0879737 0.0472952 4.26888e-07 0.0460636 0.928625 0.312367 -0.0945661 0.0192006
0.00334675 0.0688823 0.0215481 0.00461234 0.0390574 -0.000681086 0.0274343 0.0510834 -0.00717198 -0.0013715 0.0262635 0.0121235 0.125399 -0.00067748 -0.0240613 0.0275438 1.41551e-06 0.0488065 0.312367 0.611273 -0.022126 0.0185323
0.0456925 0.0302552 -0.0738838 0.131658 0.252813 -0.0920086 0.0024573 -0.049509 0.204756 0.124593 0.057016 0.0194652 -0.178169 -0.0914093 0.189367 -0.00435159 -1.26124e-06 0.0344224 -0.0945661 -0.022126 0.917459 -0.0963672
-0.0550396 0.031209 0.123432 -0.0383343 -0.0166752 0.111963 0.0391976 0.241979 0.101007 -0.0611015 0.0286881 0.0512676 0.0895801 0.111232 -0.0304297 0.0294635 2.72985e-06 0.0557858 0.0192006 0.0185323 -0.0963672 0.690275