0 0.0580578 0.00143267 0.0033052 0.0543152 0.00079753 -0.0107524 0.00260072 -0 0.0311502 0.0337704 0.0511657 0.0189834 0.0207187 0.00241827 0.0227878 0.00350358 -0 -0 0.0348159 0.0031656 0.0248667 -0.0116852 -0 0.00115685 -7.78709e-06 -0 0.000699232 0.0229962 -0.00582671 -1.2823e-05 0.0015378 -0 -0 -0 0.00397165 -0 0.00445689 -0 0.00128936 -0 -0.00530059 -0 -0 -0 -0 0.00518243 1.35016e-05 0.0154099 0.00357329 0.00167587 -0.0048595 0.0194024 -0 0.00732546 -0 -0 -0 -0 0.0333872 0.0227534 0.0132089 0.0115291 -0 0.00425305 0.000160443 0.0325594 0.00307532 0.0140431 -0 -0 -1.19613e-05 0.000653374 -0 -0 0.00649991 -0 -0 -0 -0.00416733 0.00417507 0.00410697 0.0457747 0.00433779 -0 -0 -0 0.00126342 -0.000870976 0.022294 -0.00374939 0.0132753 0.00174216 -0 0.0119366 3.86071e-05 0.00267003 -1.35061e-05 -0 -0.000319953 -0.00486896 0.0172896 -0.00486294 -0 -0 0.00381129 -0 -0 0.00923187 0.00270914 -0.0181629 -0 -0 0.00168905 -0 0.0116038 -0 0.00882158 -0 -0.00537744 -0 -0.00282495 -0 -0.0003446 -0 -0 0.000310019 -0 -0.000107693 0.00489482 0.0171496 -0.00526203 0.00277621 0.0125265 0.000307951 -0.0118112 -0 -0 -0 -0 -0 -0 -0 -0 0.00644473 -0 -0.00506492 0.000697263 -0 -0 -0 -0 -0.00522192 -0 -0.000125154 -0.00460859 0.000489064 0.00180008 0.00422749 0.00212108 -0 -0 2.02785e-05 -0 -0 -0 -0 -0 0.00267835 -0 -0 -0 -0 -0 0.000437102 -0 -0 -0 -0 0.000530159 0.0191783 -9.68885e-06 -0 -0 -0.000318563 -0 -0 -0 0.00718688 -0 -0.0066084 -0 -0 -0 -0.00328844 -0 0.0028431 -0 -0 -0 -0 -0 -5.4508e-05 -0.00684931 -0 0.00164742 -0 -0 -0 -0 -0.00375574 -0 -0 -0 -0 -0
0.0580578 0 0.00043344 -0 0.0458364 -0 -0.0166989 -0 -0 0.0288148 0.0175346 0.0650719 0.0332737 0.0145419 0.0014532 0.0405899 0.000308855 0.000348401 0.00139957 0.015816 0.00173028 0.0470231 -0.00744935 -1.85054e-05 0.00049243 -0 -0 0.000605151 0.0232358 -0.0139965 -0.000503649 -0 0.000106698 -0 0.000835369 0.00643197 -0 -0 -0 0.000361794 -0 -0.0087717 -0 -0 -0 -0 -0 -0 0.0387851 0.000742516 -0 -0.0167562 0.00602929 -7.02801e-06 0.00665895 -0 -0 -0 -0 0.00459706 0.00765347 0.0164007 0.0132031 -0.000710431 0.000140947 0.00180528 0.0239068 0.00110458 0.0115039 -0 -0 -0 -0 -0 -0 0.00362906 -0 -0 0.00416735 -0.00204426 -0 -0 0.0185489 0.00525377 -0 -0 -0 0.00819363 -0 0.0114153 -0 0.0122123 -0 -0 0.00238537 -0 -0 -0 -0 -0 -0 0.0111718 -0.00239477 -0 0.01055 -0 -0 -0 0.00554225 0.0201169 -0.0115829 0.00079115 0.00117877 -0 -0 0.00874593 0.00672421 -0 -0.0109007 -0 -0 -0.00539836 -0 -0 -0 -0 -0 -0 -0 0.000498249 0.0321872 -0.00530272 3.7763e-05 0.0097007 0.000576899 -0.00806588 -0 -0 0.0111435 -0 0.000298601 -0 -0 -0 0.00304885 -0 -0.00480739 3.83362e-05 -0 -0 0.00564775 -0 -0.00247668 0.000141961 -0.000410271 -0.00257876 0.00149711 -0 0.00293846 0.0155024 -0 -0.00436218 0.00650581 -0 -0 -2.48628e-05 -0 -0 0.00206724 -0 -0 -0 -0 -0 -0 0.0176991 -2.59011e-05 -0 -0 0.000800344 0.0095828 -0 -0 -0 -0 -0 -0 -0 0.00168393 -0 -0.00350311 -0 -0 -0 -0.00446746 -0 0.00577811 -0 -0 -0 -0 -0 -0 -0 -0 -0 -0 -0 -0 -0 -0.00313411 -0 -0 -0 -0 -0
0.00143267 0.00043344 0 0.0298205 0.00129332 0.0439405 -0 0.0471729 -0 -0 -0 -0 -0 0.00289638 -0 0.00132844 0.0235378 0.00730693 0.00718908 0.00161331 0.0202332 0.00153483 -0 0.0108011 0.0199862 0.00200699 0.0174271 0.00601365 3.78845e-05 -0 0.0077166 0.0151281 -0.00268281 0.00569089 2.51548e-05 -0 0.0220009 0.0132639 0.00717255 0.0142367 -0 -0.011115 0.0215941 -0 0.0137733 0.00356073 0.0326551 0.00727722 -0 0.0140499 0.00795866 -0 -0 0.00440054 0.0029215 -0 0.0128437 -0 0.000399639 -0 -0 0.00154293 -0 -0 0.0256645 0.00390362 -0 0.0319268 0.0033448 0.0269246 0.00115135 0.00204036 0.0118308 0.00995601 -0 0.00861028 -0 -0 -0 -0.00916191 0.0330686 -0 -0 0.0218316 0.00171299 0.00735473 -0 0.00527102 -0 -0 -0 0.00364374 0.00636401 -0 0.0058583 0.00771339 -0 0.00219765 0.000489466 0.000914187 -0.00319348 -0 -0 0.00411884 -0 0.0146165 0.0227397 0.00232027 0.0188834 -0 -0.00414513 -0 0.0225524 0.0160325 -0.000224404 0.000953429 -0 -0 0.00189793 0.00183501 -0 -0.00221585 0.0005085 -0 -0 0.0134319 0.0141088 -0 -0 0.0126688 0.000970982 -0 0.0378712 0.00285529 0.0242262 -0.00698217 -0 0.00332405 -0 0.00475376 0.00106598 0.00609351 0.00548183 0.00190053 -0 0.00527494 -0.0157381 0.00559032 -0 0.00249714 -0 -0 -0 0.000652309 -0.00237589 -0.00420414 0.00412273 -0 0.00963927 -0 -0 -0 -0 0.00448638 0.00549668 0.00197679 -0.00228065 0.000675576 0.00269652 0.00193931 -0.00025801 0.00226017 0.01004 -0 -0 -0 0.00542665 0.00534831 -0 0.0041589 -0 0.00105884 7.26097e-05 -6.31182e-05 -0.00594972 -0 0.000435085 0.00513685 -0 -0 -0.0081486 -0.00170832 0.000805928 -0 -0.00666538 0.000597978 0.0037181 -0 0.00117953 -0 -0 0.000575948 -0 -0 0.00342834 -0.00115893 -0 0.000462939 0.000949633 -0 -0.0109157 -0 -0 -0.000171924 -0 -0
0.0033052 -0 0.0298205 0 0.0115472 0.0355421 -0 0.0176916 -0.00439815 -0 0.000781093 -0 -0 0.00350742 -0 -0.00702161 0.0279588 0.0235337 0.00455389 -0 0.0142246 -0 -0 0.0123783 0.00297055 0.0373799 0.0132355 0.028888 5.56406e-06 -0 0.0197567 0.0437405 -0 0.00524649 -0 -0 0.0150549 0.042159 0.0224185 0.0161865 -0 -0.012597 0.011349 -0.000243518 0.0372145 0.0117915 0.0640978 0.0329207 -0 0.0149604 0.0045642 -0 0.000486986 0.00444726 0.00267904 0.000670722 0.00843117 -0 0.00614648 -0 0.00586477 -0 -0 0.00568189 0.0198393 -0.00385757 -2.88189e-05 0.0285275 0.000328468 0.0155623 0.0264092 0.00521337 0.0147994 0.0280045 -0 0.0119568 3.77242e-05 -5.58316e-05 -0 -0.00924804 0.0172686 0.00557432 -0 0.0191477 -0 0.0138874 0.0220151 -0.0126599 -0.0171538 -0 -0 0.00331711 0.0173279 -0 0.00920748 0.0061896 -0 0.00423058 -0 0.000767812 -0 -0 -0 0.0295193 -0 0.12348 0.0185362 0.0104492 0.0220114 -4.55162e-05 -0.000397864 -0 0.00953679 0.0147497 -0.000447873 -0 -0.016615 -0 0.00828919 -0 -0 -0.000784553 0.0147258 -0.0149161 -0 0.00823736 0.0283786 -0 -0 0.0143128 -0 -0 0.0276418 -0.0074859 0.0187398 -0.000517266 -0.015129 0.00856551 -3.85067e-05 0.00802341 -0.0120255 0.0148719 0.00159466 -0 0.00305132 0.000920899 -0.00718217 0.00088019 -0 0.001908 -0.0100291 -0.0148992 -0 -0 -0.000728806 -0.00376467 0.00952096 -0 0.0237679 -0.0105908 0.00450714 -0 -0 0.0044485 0.0036594 0.00435556 -0 -0 -0.00720576 0.00305738 -5.93156e-05 0.00226241 0.011523 -0.0125895 0.00124436 -0 0.0127474 0.00126027 -0 0.00580402 0.00576427 0.00206124 0.00163742 -0.0019657 -0.00253767 0.0192293 -0 0.00622158 -0 -0.0088208 -0.00500344 -0.00266083 -0 -5.81798e-05 -0.00764051 0.000346433 0.0119277 0.00555016 -0 0.00479827 -0 0.000962442 -0 -0 0.00183607 -9.90398e-05 -0 0.00126869 0.0029456 -0 -0.0113491 -0 -0 -0.0178688 -0 -0
0.0543152 0.0458364 0.00129332 0.0115472 0 -0 -0.0062712 0.00847533 -0 0.049015 0.0159805 0.0354776 0.0262868 0.0256803 0.0338605 0.0074821 0.0123006 -0 -0.00097697 0.00422566 0.000791742 0.00894179 -0.00772268 -0 -0 -0 -0 -0 0.0166239 -0.00382502 0.0143428 0.00213338 -0.0179995 -0.00205495 -0.000501038 0.000717154 -0 0.00266083 -0 -0 -0 -0.00539685 -0.000312758 -0 -0 -0 0.0201827 -0 7.11113e-05 0.00134024 -0 -0.00363135 0.00710603 -0.00183258 -0 -0 -0 -0 -0 0.0333617 0.00480863 0.00164135 0.00292947 -0 0.00385499 -0.0033154 0.000255458 0.000248974 0.00551246 -0 -0 -0 -0 -0 -0 -0 -0.00055798 -0.0100331 -0 -0.00582231 0.00418007 0.00456418 0.019454 0.00320983 -0.00383957 -0 -0 -8.46772e-05 -0.0105093 0.00257358 -0.0138672 0.00508253 -0 -0 0.00319597 -0 0.000241847 -0.00186084 -0.00126266 -0.00374682 -0.00744305 0.00382986 -0 0.000132857 -0 0.00458557 -0 -0 0.0104427 -0 -0.00443531 -0 -0 0.00114952 -0 -0 -0 0.0117875 -0 -0.00401153 -0 -0.00103585 -0 -0.00421381 -0.000287815 -0 -0 -0.00586433 -0.00314309 -0 0.0135246 -0 0.00201618 0.00522781 -0 -0.00463694 -0 -0 -0 -0 -0.00695818 -0 -0 -0.000113704 0.00137038 -0 -0.00098865 -0 -0.0046668 -0.001775 -0 -0.000175856 -0.00263221 -0 -0 -0.00304352 0.000225839 0.00713431 0.00551114 -0 -0 -0.00125138 -0 -0 -0 -0 -0.00472713 -0 -0 -0.000742884 -0.004209 -0 -0 -0.005686 0.00288871 0.00141817 -0 -0 -0 -3.01095e-05 0.0253195 -0 -0 0.00375342 -0.00142152 -0 -0.000235306 -0 0.00923193 -0.000308395 -0.00270654 0.000531653 -0.00114123 -0.00467031 -0.00153656 -0.00043139 -0 -0 -0.00325844 -0 -0 -0 -0 -0.00641109 -0 0.00485555 -0 -0 -0 -0.00678576 -0.000948885 -0 -0 -0 -0 -0
0.00079753 -0 0.0439405 0.0355421 -0 0 0.000898992 0.0404869 -0 -0 -0 -0 -0 0.00111203 -0 -0.000283107 0.00380202 0.0385871 0.0125263 0.000585949 0.00856143 -0 0.00121728 0.0253468 0.00825874 0.00297729 0.00270385 0.00189442 -0 0.000789569 0.010368 0.00887391 -6.19318e-05 0.0212157 0.0028125 -0.00291727 0.00538411 0.016583 0.0159336 0.00570534 -0 -0.00517462 0.0548943 -0 0.0125722 0.00465141 0.0284695 0.0114978 -0 0.00959504 0.0172968 0.00275197 -0 0.0140585 0.00849768 0.00299346 0.0137799 -1.01698e-05 0.00420703 -0 -0 0.00249967 -0.0112646 0.000874664 0.0248535 0.0229326 -0 0.0175456 -0 0.104916 0.0136095 0.00542234 0.00493256 0.00984194 0.000191151 0.015115 0.00471167 -0.00668726 -4.17229e-05 -0 0.0105098 -0.00383449 -0 0.0131651 0.0168717 0.0220054 -0 0.00481486 0.00230265 -0 -0 -0.00224928 0.00906788 -0 0.00391915 0.00925453 -0.0046543 0.00761296 0.0120078 0.00653076 0.00602612 -0.000891197 -5.52532e-05 0.00256988 0.00067273 0.0276325 0.0118706 0.00236341 0.00604944 0.00175196 -0.0027445 -0 0.0064944 0.00240936 -0.00465968 -0 0.000858362 -0.00405669 0.00751544 0.00739294 -0 -0.00405434 0.00286448 0.00322835 0.000613116 0.0142846 0.00788159 0.00458318 0.00442339 0.014588 0.00125787 -0 0.0208954 -0.00932493 0.00962514 -0.00443205 -0.00952163 -0 -0 0.00892465 0.00996268 0.0126001 0.00371757 0.0033464 -0 0.00409636 -0.00363008 0.00318442 0.00207122 0.0174782 -0 0.00149713 0.000590796 1.97143e-06 -0.00089015 -0.0017967 0.00505793 -0.00525947 0.00852392 0.000217165 -0 0.00420763 -0 0.00265235 0.0217863 0.0147767 0.00567777 0.00113825 -0.00383369 0.00605884 0.0140868 0.00490884 0.0150183 0.00183515 -0.000256342 -0 0.0127917 0.0135762 -0 0.00802002 -0.0048993 0.00255615 -0 -0.00707855 -0.000161227 -0 0.000638454 0.00827788 -0.00823648 -0.000758336 -0.00439254 -0.00662064 0.00404966 -0.00240925 -0.00631196 0.00457646 0.00450317 -0 0.00668905 -0 -0 -0 -0 0.00830148 0.00488596 -0.0116458 -0 -0 -0 0.000921631 -0.00470442 -0 -0 -0.00816204 -0 -0
-0.0107524 -0.0166989 -0 -0 -0.0062712 0.000898992 0 -0 -0 -0.00130775 -0.0154624 -0.00364526 -0 -0 -0.0116189 -0 -0.00158395 -0.0234373 -0.0157443 0.0188067 -0 -0.0334805 0.208729 0.00144494 0.00531866 -0 -0.00120003 -0.0233896 -0.0227272 0.154974 -0 -0.00740292 0.00962299 0.00998905 -0 -0.0344463 -0.0213756 -8.03441e-06 -0 -0.0126 0.0311501 -0 0.00620407 -0.0230393 -0 -0 -0.00293856 0.000799682 -0 -0.010241 0.0306171 0.0465415 -0.0413616 0.00685778 -3.92004e-05 0.000689308 -0 0.0262976 -0 -0.0010791 -0.0254109 -0.0201927 -0.0439802 0.0393275 -0 -0.00794508 -0.00132578 -0 -0.0293457 0.00417806 -0.000176356 -0.000200561 -0 0.000818495 0.0343926 0.00292906 0.0294288 0.00391636 0.00757164 0.00393184 -0.01096 -0.01263 -0.00196706 -0.00230511 0.00892743 -0 -0 -0.00573743 0.00490903 -0.00551271 0.000285333 -1.26293e-05 -0 -0 -0 0.00115709 -0.0188063 0.00939132 0.0142109 -0.00175006 0.0221325 -0.00669823 -0.00229113 -0 1.58921e-05 -0.00334337 -0 0.00776904 -0.00103497 0.00169553 0.00268154 -0 -0.0200635 -0.00277111 -0.00230155 -0.0126811 0.00164274 -0.0131899 -0 0.0157581 0.00115588 -0 0.023017 0.0155777 0.0134716 -0 -0.00276065 0.0137111 0.0136925 -0 -0 -0.00108535 -0 -0.0363381 -0 0.00472263 -0 -0.00256343 0.00044034 -0 0.00830984 -0 -0 -0 -0.0105817 -0 0.00644569 0.0402979 -0 0.00496666 -0 -0 0.134971 -0 0.00533755 0.014513 -0 -0.0104428 -0.00998248 0.0071843 -0 0.0475998 -0 -0 0.00605017 0.0050429 0.0140347 -0 -0 0.00222272 -0.008009 -0 -0 0.042673 -0.0100415 -0.000270582 0.00292749 0.00347919 -0 -0.00613999 -0.0157312 -0 -0 -0.0058841 0.00391531 0.0045894 0.000320552 -0 -0.00652616 -0.00643033 0.00241022 -0.00789445 0.00336105 -0.00465131 0.00408291 0.00224926 -0.00233902 0.0136897 0.0047224 -0 0.00187347 -0 -0.00176144 0.00300675 -0 -0.00876276 -0.020604 -0.000186598 -0.00604094 0.00559861 0.002956 -0 -0.00526926 -0.0119555 -0 -0
0.00260072 -0 0.0471729 0.0176916 0.00847533 0.0404869 -0 0 -0 -0 -0 -0 -0 0.00448861 -0 0.00517418 0.0164399 0.00768847 0.00715492 -0 0.0354635 0.000615061 -0 0.00796272 0.0343017 7.87433e-05 0.0132929 0.00515573 0.000885662 -0 0.0096377 0.0225506 -0.00678209 0.00791125 0.00236785 -0 0.0186099 0.00938488 0.00352638 0.00746177 -0 -0.010344 0.0392903 -0 0.0170362 0.00448542 0.0162166 0.00893318 -0 0.0151317 0.00668605 -0 0.000334397 0.0157893 -0.00127776 -0 0.00891905 -0 0.000864461 -0 -0 0.00224879 -0 -0 0.0345904 0.00570988 -0 0.018197 0.00100155 0.00444774 0.0020011 0.00115833 0.00300033 0.00551638 -0 0.0106911 -0 -0.000599087 -0 -0.00162685 0.0206113 -0 -0 0.0221507 0.00329731 0.00810171 -0 0.00572458 -0 -0 -0 0.00861098 0.00395759 -0 0.0208677 0.0098671 -0 0.00302027 -0.00458628 0.00244668 0.00473922 -0 -0 0.00422861 0.000167515 0.0198021 0.00806585 0.00111375 0.0130213 -0 -0.00474721 -0 0.0112284 0.00899373 -0.000668816 0.00186664 -0 -0 0.00131761 0.0035932 -0 -0.00202375 0.00141339 -0 -0 0.00428685 0.02519 -0 0.00048455 0.0269074 0.00106323 -0 0.0269865 0.00222318 0.0177103 -0.0138611 -0.000903033 0.00020208 -0 0.00465593 0.000855665 0.00407475 0.00108953 0.00340304 -0 0.00516478 -0.013567 0.000848774 0.000461896 0.00302373 -0 0.000448734 -0 0.00127881 -0.00250127 -0.00434609 0.00329348 -0.000887787 0.0100799 -0 -0 -0 -0 0.000657747 0.00750171 0.00460862 7.63454e-05 0.00107131 0.00339147 0.00381765 -0.00165 0.00305162 0.0114184 -0 -0 -0 0.00506651 0.0123107 -0 0.00459951 -0.000123252 4.38568e-05 -0 -0.00127352 -0.000680454 -0 -0 0.00594439 -5.73021e-05 -0.00114397 -0.00539052 -0.00216171 0.00190828 -0.00425251 -0.0103546 0.00069619 0.00403311 -0 0.00162985 -0 -0 -0 -0 0.00115316 0.00753835 -0.00256684 -0 -0 -0 -0 -0.00929871 -0 -0 -0.00105773 -0 -0
-0 -0 -0 -0.00439815 -0 -0 -0 -0 0 -0 -0.000218552 -0 -0 -0 -0 0.000921413 -0.000417576 -3.09857e-05 0.00477862 -0 -0 0.000530403 -0 -0 0.00101201 -0 -0.00294095 -0 -0 -0 -0 -0.00852794 0.0123879 0.00706359 0.000865934 -0 -0 -0 -0.0128912 -0 -0 -0 0.00402306 -0.0940312 -0 -0 -0.0126489 -0 0.000416959 -0 -0 0.000441497 -0 0.00329266 -0 0.00133764 -0 -0 -0.0121774 -0 -0 0.00214227 -0.0550476 -0 -0 0.00438306 -0 -0 0.000487713 -0.0158424 -0.0122681 -0 -0.0168583 -0 -0 0.000777865 0.000668572 0.0295698 -0 -0 -0 -0.0030031 -0 -0 0.0057973 -0 -0 0.00323107 0.0077905 -0 0.00447132 -0 -0 -0 -0 0.00166732 -0 0.0111124 0.00266747 0.00552261 0.00340028 -0 -0 -0.00133451 0.00047913 -0.0074724 -0 -0 -0 0.00897191 -0.000201866 -0 0.000201229 -0.00178461 -0.00107499 -0 0.00383006 -0.00121711 -0 0.00558628 0.000952465 -0 -0 0.00671057 -0 -0 -0.0120514 0.00272731 0.00988772 -0 -0 -0 -0 -0 -0 -0 -0 -0.000929276 0.0180199 -0 0.00604327 -0 -0 0.018895 -0 8.34617e-05 -0 -0 0.000771957 -0 -0 0.00281519 -0 -0 -0 -0 -0 -0 -0 0.00479328 -0 -0 -0 -0 0.00156925 -0 0.0295559 0.00290857 0.00179467 0.00286947 0.0138321 0.00109882 -4.0364e-06 0.000207305 -0.000379696 -0 -0 0.00222761 -0 -0.0007445 -0.00348397 -0 -0 -0.00154631 -0 -0 -0 -0 -0.00714021 0.00230084 -0 -0 0.0108378 0.0242416 -0 -0 -0 -0 0.00563546 -0 0.0121688 -0 -0 0.000760319 0.00309587 -0.00394826 -0 -0 -0 0.00419131 -0 -0 -0 0.00301862 -0 -0
0.0311502 0.0288148 -0 -0 0.049015 -0 -0.00130775 -0 -0 0 0.0269602 0.0147002 0.0240097 0.00339788 -0 0.00743526 -0 -0 -0 0.0309841 -0 0.0259122 -0.000124913 -0 -0 -0 -0 -0 0.00406432 -0.000209289 -0 -0 -0 -0 -0 0.000917415 -0 -0 -0 -0 -0 -0.00232633 -0 -0 -0 -0 -0 -0 0.00224649 -0 -0 -0.00364428 0.000944802 -0 -0 -0 -0 -0 -0 0.0192388 0.0123217 0.00797995 0.000439012 -0 -0 -0 0.0193213 -0 0.0031793 -0 -0 -0 -0 -0 -0 -0 -0 -0 -0 -0.000915584 -0 -0 0.00984111 -0 -0 -0 -0 -0 -0 0.00958635 -0 0.00847193 -0 1.4017e-05 -0 -0 4.54364e-05 -0 -0 -0 -0 0.00021161 -0.00310602 -0 0.00156071 -0 -0 -0 -0 0.00223769 -0.0110612 0.00027941 -0 -0 -0 -0 0.00183162 0.00220897 -0 -0 0.000117638 -0 -0 -0 -0 -0 -0 -0 -0 -0 0.00600753 -0.00125445 -0 0.00367738 -0 -0.00370909 -0 -0 -0 -0 -0 -0 -0 -0 -0 -0 -0.000266027 0.00111661 -0 -0 -0 -0 -0 -0 -0 -0.00154468 -0 -0 -0 0.00331948 -0 -0 0.00636247 -0 -0 -0 -0 -0 -0 -0 -0 -0 -0 -0 -0 -0 -0 -0 -0 -0 0.00113018 -0 -0 -0 -0 -0 -0 -0 -0 -0 -0.00295964 -0 -0 -0 -0.000558168 -0 -0 -0 -0 -0 0.00486899 -0 -2.10724e-05 -0 -0 -0 -0 -0 -0 -0 -5.94741e-05 -0 -0 -0 -0 -0
0.0337704 0.0175346 -0 0.000781093 0.0159805 -0 -0.0154624 -0 -0.000218552 0.0269602 0 0.0189943 0.0208088 0.110838 -0 0.0368298 0.00294314 -0 -0 0.057561 -0 0.00793465 -0.00592681 -0.00391961 -0 -0 -0 0.00322029 0.0075884 -0.010228 -0.0168954 0.00120903 -0.0234498 -0.00158749 -0.0192788 0.0144634 -0 0.00711925 -0 -0 0.0136432 -0.00860204 -0.0104915 -0 -0 0.000517749 0.00363068 -0 0.00604438 0.00544844 0.00608822 -0.00615017 0.00686792 -0.00351928 0.0148513 -0 -0 0.0201432 -0 0.0298617 0.0132511 0.0157574 0.0218902 -0 0.00304986 -0 0.0448244 0.00072817 0.00937676 -0 0.0130195 -0 0.000353662 -0 0.0347467 0.000650651 -0 -0.00785962 0.011389 -0.00747693 0.00166748 0.0119403 0.0228027 0.014052 -0.0125772 -0 -0 -0 -0.0278556 0.0204807 -0.0277719 0.0642148 -0 -0 0.00277402 -0 0.00410024 -0.0108748 -0 -0.00930729 -0.00477968 0.0120437 -0.00428814 0.000367096 -0 0.000955126 -0 0.000678689 0.00460193 -0 -0.0117969 -0 -0 0.00438835 -0 0.0154462 -0.00014391 0.00938345 -0 -0.0100954 -0 -0.00805051 -0 -0.0224965 0.0163222 -0 -0 -0.000609593 -0.0049852 -0 0.0167991 -0.0118307 0.000852725 0.0270302 0.000277494 -0.00864739 -0 -0 -0 -0 -0.00382943 -0.00745031 -0 -0 0.182039 -0 -0.00971685 0.0380239 -0.0007153 -0.00860769 -0 -0.00116354 -0.00310887 0.000680301 -0.00222307 -0.00718716 -0 0.00370718 0.00502879 0.00566295 -0.00128902 -0 -0 -0 -0.00573276 -0.0101788 -0.00998777 -0 0.00261345 -0.000201245 -0.00671455 -0.000181477 -0 -0 0.00840738 -0 -0.00136808 -0.00328545 -0 0.00221705 0.0172627 -0.00589885 -0 0.00239997 -0.00155823 -0 -0.0183998 -0 0.0212905 -0.000174107 -0.00490754 -0 -0.0152982 -0.0113521 -0.00393156 -0.000815973 0.0276392 -0 -0.004684 -0 -0 -0 -0 -0.00558578 -0 0.0108535 -0 -0 -0 -0.0025056 -0.00470692 -0 -0 -0 -0 -0
0.0511657 0.0650719 -0 -0 0.0354776 -0 -0.00364526 -0 -0 0.0147002 0.0189943 0 0.0434748 0.0223798 0.02056 0.0194522 -0 -0 -0 0.00429491 -0 0.0388041 -0.00258693 -0.00523579 0.00048338 -0.00608918 -0 -0 0.0124809 -0.000296767 -0.000199013 -0 -0 -0 -0 0.00677972 -0 0.000534354 -0 -0 -0 -0.00346048 -0 -0 -0 -0 -0 -0 0.00370945 -0 -0 -0.0112232 0.0049617 -0 0.00279292 -0 -0 -0 -0.00381202 0.029423 0.00815556 0.0126979 0.00784544 -0.00195545 -0 -0 0.0370806 0.00061442 0.0158135 -0 -0.000172474 -8.20689e-06 -0 -0 -0 0.00273282 -0 -0 -0 -0.00154145 -0 0.00545214 0.0192289 0.00293974 -0.000377749 -0 -0.00124025 0.00393038 -0.000719879 0.0247895 -0.0168581 0.0156053 -0 -0 0.00246647 -0 0.000883238 -0.00440553 -0 -0 -0.000987807 0.0107005 -0 -0 -0 -0 -0 -0 0.0028815 0.00226284 -0.0108835 -0 -0 -0 -0 0.0139955 -0 0.008909 -0.011003 -0.0127799 -0 -0.000890734 -0 -0 -0 -0 -0 -0 -0.00162548 -0 0.0226224 -0 0.00132484 0.00776347 -0 -0.00201815 -0 -0 0.000593309 -0 -0 -0 -0 -0 0.00274055 0.00348348 -0.0016483 -0 -0 -0.00302893 0.000584921 -0 -0.000181905 0.00123535 -0 -0.00277678 0.000113503 0.00809257 0.00228833 0.00515186 -0 -0 0.000795536 -0 -0 -0.000697109 -0 -0 -0 -0 -0 -0 -0 -0 0.000288877 0.00874448 -0.00322542 -0 0.000843824 2.04948e-05 0.0128836 -0 -0 -0 -2.21758e-06 -0 -0 -0 0.00834047 -0 -0.00388524 -0 -0.00418908 -0 -0.00153094 -0 0.000472763 -0 -0 -0 -0 -0 -0 -0.00106909 -0 0.000713757 -0 -0 -0 -0 -0.000750663 -0 -0 -0 -0 -0
0.0189834 0.0332737 -0 -0 0.0262868 -0 -0 -0 -0 0.0240097 0.0208088 0.0434748 0 0.0283778 0.0131697 0.032893 -0 -0 0.00148051 0.0232212 -0 0.0529597 -0 -0 -0 -0.000566159 -0 0.000625198 0.0304121 -0 -0.00069071 -0 0.000315981 7.42029e-05 -0 0.00224572 -0 -9.25948e-06 -2.4674e-05 -0 -0 -0.0010735 2.09219e-05 0.00177805 -0.0133279 -0 -0 -0 0.0169918 -0 0.0015812 -0.0360384 0.00877313 -0 0.010845 -0 -0 -0 -0 0.00445111 0.0120711 0.0164674 0.0248093 -0 -0 0.00271429 0.0267085 -0 0.0156114 -0 -0.00981835 -0 -0 -0 -0 0.0028486 -0 -0 0.000433841 -9.66169e-05 -0 -0 0.0187151 0.00556905 -0 -0 -0.00479176 0.00420528 -0 0.0415465 -0 0.0286054 -0 -0 -0 -0 0.00193171 -0 -0 -0 -0 0.0042994 -0.0112067 -2.60603e-05 0.00236044 -0 -0 -0 0.00091779 0.0128986 -0.0166234 0.00753304 -0 -0 -0 0.0177964 0.00238268 -0 -2.59793e-05 -0 0.0136477 -0.000218308 -0 -0 -0 -0 -0 -0 -0 5.34131e-05 0.0362524 -0.0125232 -0 0.0309953 -0 -0.00200917 7.4564e-05 -0.00751078 0.0253972 0.00101462 0.00315135 -0.0200321 -0 -0 0.000930404 0.000591466 -0.0034485 0.00373022 -0 -0 0.0221598 0.00137668 -0 0.00325546 -0 -0.00338832 -0 -0 -2.58519e-05 0.0279571 -0.00720254 -0 0.00131936 -1.00128e-05 -0 -0 0.000234853 0.00164542 0.00331577 0.00098758 0.000753476 -0 -0 -0 -0 0.00463425 -0 -0 -0 0.00749467 0.00794769 -0.000688857 -0 -0 -0 -0.000241064 -0 -0 0.00196798 -0 -0.00281247 -0 -0 0.000985287 -0.000156057 -0 0.00293642 -0.00166281 1.31576e-05 -0 0.00127665 -0 -0.0120594 -0 -0 -0 -0 -0.00290469 -3.16284e-06 0.000250924 -0.00218293 -0 -0 -0 -0 -0
0.0207187 0.0145419 0.00289638 0.00350742 0.0256803 0.00111203 -0 0.00448861 -0 0.00339788 0.110838 0.0223798 0.0283778 0 -0.080605 0.0239911 0.00221283 0.00540083 0.00514708 0.018065 0.000931014 0.0176823 -0 -0.0197986 0.0033437 -0 -0 0.00207991 0.00937952 -0 -0.029358 0.00290075 -0 0.00234025 -0 0.0121097 -0 0.022492 -0 0.000638794 0.00238399 -0.00432658 -0 -0 -0 0.000106169 0.00577017 0.000690283 0.0464001 0.00575479 0.032399 -0 0.0113303 -0 0.0194697 3.61105e-05 -0 0.0074743 2.64954e-05 0.0178506 0.00935498 0.0347713 0.0267085 -0 0.00558665 0.00751483 0.0496922 0.00751211 0.00769969 -0 -0 -0 0.00507161 0.00152505 0.0209578 0.0108355 -0 -4.06469e-05 0.0333898 -0.000904282 -0 0.0088766 0.0231872 0.0157868 -0 -0 -0 0.00452962 -0.0294297 0.00694258 -0.0230611 0.0744999 0.000666355 0.000513947 0.00285542 0.0011713 -0 -0.0158246 -0 -0.0085279 -0 0.00323991 -0.0277753 0.00384691 -0 0.00382278 -0 0.00453017 0.00945016 -0 -0.0226631 -0 9.78348e-05 0.0106824 -0 0.0224114 -0 0.00169334 -0 -0.00123495 0.000623073 -0.00360264 -0 -0.0113978 0.00251435 -0 -0 -0 -3.64353e-05 0.00637785 0.0170901 -0.0229083 0.00121006 0.0685021 0.00154149 -0.00360634 -0 -0 0.0243146 0.0042282 0.00073547 -0 -0 -0 0.0505959 0.00459939 0.00460467 0.0371808 -0 -3.80812e-05 2.41268e-05 -0 -0 0.000686227 -0.0024819 -0.00627037 -1.52668e-05 -0 0.00916012 0.00536257 -0.0137888 -0 0.000926473 -0 -0 -0 -0 -0 0.0133018 0.00169747 -0 -0 -0 -0 0.00759629 -0 -0 -0 -0 0.0116042 0.00297838 -0.00989991 -0 -0 -0.00535958 -0 -0.0185796 0.00174246 0.027118 -0 -0.00619234 -0 -0 -0 -0.00372847 -0 0.0339666 -0 -0 -0 -0 -0 -0.00966176 -0.0100213 -0 0.00551364 -0 -0 -0 -0 -0.0025849 -0 -0 -0 -0 -0
0.00241827 0.0014532 -0 -0 0.0338605 -0 -0.0116189 -0 -0 -0 -0 0.02056 0.0131697 -0.080605 0 -0 -0 -0.000211049 -0.0023566 -0 -0 0.0151959 -0.0107516 -0 -0 -0 -0 -0.00700808 0.0207389 -0.00385766 0.00260263 -0 -0.00189589 -0.00194573 -0 -0 -0 -0 -0 -0 -0.000109474 -0 -0 0.00146347 -0 -0 -0 -0.00243003 -0 -0 -0.017147 -0.00705257 0.0184417 -0 -0 -0 -0 -0.00166736 -1.18064e-05 9.03753e-05 0.0156912 -0 0.0048902 -0.000391982 -0 -0.00102277 -0 -0 0.0275188 -0.0116927 -0 -0 -0 -0 -0.02573 -0.00112509 -0.000738172 -0.000627253 -0.00302 -0.000406619 -0 0.00505522 -0 -0 -0.00151005 -0 -0 -0.000299623 -0.00439938 -0 -0.000347668 -0 -0 -0 -0 -0.00392675 0.0133145 -0.00271937 -0.00111426 -0.000411395 -0.00132586 0.00739514 0.000221442 -0 -0 -0 -0 -9.66413e-05 -0 -0 -0.00964954 -0 -0 -0 0.0196787 -0 -0 0.0152946 -0.000907045 -0.00098109 -0 -0 -0 -0.00124407 -0.0135218 -0 -0 -0.00353422 -0.00418727 -0 0.00686186 -0 -0 -0 -0 -0.00626829 -0 -0 -0 -0.000326658 -0.00111366 -0 -0 -0 -0 -0 -0.000101498 -0 -0 -0.000718841 -0 -0 -0.00581133 -0 -0 -0.00109144 -0 0.0155545 -0 -0 -0 -0.00851694 -0 0.00025202 -0 -0.00086691 -0.000555616 -0 -0.000522596 -0 -0.00277757 -0 -0 -0.000886828 -0 -0 -0.000265031 -0 -0 -0.00138886 0.00675335 0.00257784 0.000500512 0.00514974 -0 -0 -0 -0 0.00129783 -0 -0.000647614 0.00111197 -0 -0.00115912 -0 -0 -0 -0 -0.000286092 -0 -0 -0 -0 -0 -0 0.00281375 5.47451e-05 -0 -0 -0.00180995 -0 -0 0.0144361 -0 -0 -0
0.0227878 0.0405899 0.00132844 -0.00702161 0.0074821 -0.000283107 -0 0.00517418 0.000921413 0.00743526 0.0368298 0.0194522 0.032893 0.0239911 -0 0 -0 0.0043698 0.0143012 0.0129516 0.00544458 0.0319364 -0 -0 0.00209454 -0.00617787 -0 0.00549117 0.0715549 -0.0153816 -0.0126094 0.000133548 -0.00151226 0.00788045 0.0122389 0.0253941 0.000319876 0.0006385 -0 0.00152424 -0 -0.0035504 0.00785377 -0 -0 0.000265991 -3.38394e-05 -0.0019013 0.0190306 0.00502681 0.0115747 -0 0.0229302 0.00558542 0.0249562 0.00118972 0.000334481 0.000695377 0.00170218 0.00764906 0.00752735 0.0571715 0.0228711 -0.008626 0.00338065 0.0103149 0.0164941 0.00184824 0.0367764 -0 -0.00530143 -0 0.000331128 0.00176237 0.000933101 0.00957057 -0 0.0103258 0.00913291 -0.000375773 -0 -0.00140863 0.00353432 0.00525041 0.00562437 -0.00383205 -0.000273074 0.0131745 0.00498862 0.0131551 0.000351188 0.0280919 0.000972758 0.000154052 0.000611358 0.00629213 -0 0.00399615 0.00445274 0.00238017 0.00266986 -0 -0.00488729 0.000268199 0.0181148 -0.000285818 0.00300701 0.00182637 0.00184241 0.0339109 -0.00745039 0.0282162 0.00717939 2.43074e-05 -0.00810401 0.030095 0.00978249 -0.00278126 0.000781443 -0.00100351 0.0137776 -0.0126318 -0 0.00283437 0.000964198 -0 -0 0.000302332 0.00306946 0.00427657 0.0400982 -0.00169765 -0 0.0551661 0.000998101 -0.0062066 0.00307523 -0 0.00822626 0.0172029 0.00736526 -0 -0 0.00264954 0.0102431 0.0031222 -0.0033372 0.00360584 0.0019774 0.00268946 0.0103993 -0 -0 0.00311256 -0.00424257 -0.00301263 0.00951776 -0.00283594 0.00295348 0.0133197 -0.00235222 -0 0.0124426 -0 0.00159008 0.00190381 0.00511129 0.0046649 0.00844887 0.00287341 0.00600501 0.00218636 0.00186825 0.00169769 -0 -0 -0 0.00390415 -0 0.0151392 -0.00175042 -0 -0.00912681 -0.00303262 -0 -0.000711212 -0 0.00332531 -0.00070553 -0 -0.00673159 -0.00749932 0.000814434 0.00535998 -0.0057432 0.00242672 0.0112907 -0.00559857 0.00487955 -0 0.00669182 -0 -0.00164684 0.00363834 0.000523987 -0.00152075 -0 -0 -0 0.0032265 -0.00646764 -0 -0 0.00678274 -0 -0
0.00350358 0.000308855 0.0235378 0.0279588 0.0123006 0.00380202 -0.00158395 0.0164399 -0.000417576 -0 0.00294314 -0 -0 0.00221283 -0 -0 0 0.00949351 -0 -0 0.00366196 -0 -0.000129631 0.000388599 0.00206278 0.0066261 0.0360132 0.0111486 -0 -0 0.00115233 0.0290882 -0.00184493 -0 -0.000890338 -0 0.0106104 0.0102713 0.0347633 0.0166822 -0 -0.0309095 -0 -0 0.00441783 0.0318913 0.0153955 0.016844 -0 0.026172 0.00480908 -0 0.000513099 -0 -0 -0 0.00920528 -0 0.000585522 -4.38079e-07 0.00461932 -0 0.00253733 -0 0.0158683 -0 -0 0.0199942 -0 0.0014801 0.00471593 0.00492434 0.0235608 0.00110596 -0.00529163 0.000230979 -0 -0.00593794 -0.000177113 -0.0109837 0.0121773 0.0245714 0.000625113 0.0139017 -0.00275085 0.000865867 0.0125715 -0 -0.017703 0.000120214 -0 0.00380811 0.0187172 -0 0.00335349 0.000927979 2.25298e-06 -0 -0 -0 -0 0.003066 -0 0.00675111 -0.000231978 0.0225838 0.00730409 0.00724571 0.0125229 -3.69434e-05 -0.00431404 -0 0.00118541 0.00834835 -0 -0 -0.0116321 0.0053269 0.000363297 -0.00244229 -0.00668783 -0.000328944 -0 -0.00870452 -0 0.0108539 0.018117 -0 -0.00110676 0.00781662 -0 -0 0.00605009 0.00589522 0.0147807 -0.0168203 -0.00107732 0.0198496 -0.00357752 0.000708948 -0.00632541 0.0127505 0.00379497 -0 0.000941167 -0 -0.0151857 0.000274978 -0.000153962 -0 -0 -0.000395011 -0 -0 -0.00184619 -0.00645305 0.00250969 0.00333959 0.0116518 -0.00688558 -0 -0 -0 0.00393126 -0 -0 -0.00838481 -0 -0 -0 -0.0114428 -0 0.00262755 -0.00696242 0.0147738 -0 -0 -0 -0 -0 0.0162205 0.00727918 0.00358093 -0 -0.0201759 0.000822163 -0 0.00413314 0.0196819 -0 -0.00829878 -0 -0 -0.00903285 -0.00893046 -0 0.0061809 -0 -0.00274962 -3.52951e-06 -0.00198906 0.0023311 0.000107202 -0.00275661 -0 0.0117111 -0 0.00694666 0.0108124 -0.0108601 -0.0101391 0.00022218 0.00204254 -0.000287679 -0 -0
-0 0.000348401 0.00730693 0.0235337 -0 0.0385871 -0.0234373 0.00768847 -3.09857e-05 -0 -0 -0 -0 0.00540083 -0.000211049 0.0043698 0.00949351 0 0.0115157 -0 0.00460157 0.0018392 -0.0171731 0.0278107 -0.00690196 0.038005 0.0125983 0.0235485 0.00226154 -0.0165776 0.0156845 0.0229065 0.00638593 0.0201351 -0 0.008761 0.00974695 0.00403474 0.0369976 0.01178 -0 -0.0102083 0.007013 -0 0.00233757 0.01791 0.00344567 0.0232996 -0 0.0225695 0.0164293 0.00108924 -0 0.00790588 0.0134307 0.000492886 0.0165486 -0 0.0268627 -0 0.00706058 0.00254895 0.00787918 -0 0.0136117 0.0123151 -0 0.0182808 0.0019076 0.0222271 0.0431803 0.00475366 0.0177656 0.00654708 -0 0.0136459 -3.1774e-05 -0.00504161 -0 -0.00323394 0.00553636 -0 -0 0.00734878 0.0109203 0.00502577 0.00103334 0.0212879 -0.00304047 0.000304834 -0 0.0100097 0.018445 -0 0.00091143 0.0255092 -0 0.00445244 0.00191257 0.00383581 0.00294862 -0 -0 0.0195294 -0 0.0187457 0.0235436 0.0176168 0.00755956 0.00056058 -0.000949283 -0 0.0114649 0.0108868 -0.00170869 0.00285846 -0 -0.00128065 0.0161402 0.00440469 -0 -0.0019362 -0 -0.000783317 -0 0.00939075 0.00749004 -0 0.00164517 0.00801458 0.000512557 -0 0.00406378 0.00665934 0.0117238 -0.00769032 -0.0138524 0.0100225 -0 0.019133 0.0059316 0.00787159 0.00133257 0.00242975 -0 -0.00247327 -0.0167683 -0 0.000614488 0.0100869 -0 0.000521985 -0 -0 -0.0025468 -0.00111398 0.0229834 -0.00216208 0.0197601 -0 0.00471542 -0 -0 0.00228621 0.00289565 0.0179358 0.00127549 -0 0.00713377 0.00415806 -0.00472841 0.00339831 0.0115276 -0 -0 -0 0.00491719 0.00321761 -0 0.00820064 -0.00119885 0.00306964 0.00113365 -0.00744425 -0.00195712 -0 0.000223392 0.0105237 -0.00138722 -0.00310999 -0.00612077 -0.0103458 0.00120173 6.13924e-05 -0.00617511 0.00261742 0.0327597 -0 0.000110839 0.000173173 -0 0.00129172 -0 0.00172 0.00111732 -0.00277226 -0 0.00107232 0.00333991 0.00147093 -0.00471932 -0 -0 -0 -0 -0
-0 0.00139957 0.00718908 0.00455389 -0.00097697 0.0125263 -0.0157443 0.00715492 0.00477862 -0 -0 -0 0.00148051 0.00514708 -0.0023566 0.0143012 -0 0.0115157 0 0.00205061 0.0204958 0.0114483 -0.0140261 -0.00526714 -0.00930039 0.000662561 -0 0.00652527 0.0049082 -0.0037461 -0 0.00196757 0.0157433 0.0252536 -0.00445801 -0 0.00215271 -0.000399513 0.00227473 0.00220892 -0 0.00891631 0.0273673 -0.00100108 -0.00397907 0.000699632 -0 0.00597371 0.00377007 0.0182723 0.0264907 0.00868712 0.000786861 0.033536 0.0214908 0.0225757 0.00546934 0.00158564 0.00893762 -0 -0.00308367 0.0144112 0.000433519 -0 0.0109219 0.030943 0.00258197 0.00938569 0.00716074 0.00261671 -0 0.00739899 0.00391535 0.00441886 0.00246676 0.0189286 0.00429501 0.0207119 0.00654003 0.000642482 -0 -0.0126653 -0 0.00485594 0.0319594 0.0109961 -0.00106151 0.0251839 0.0173871 -0 0.00375386 0.0394842 0.00598692 -0 0.00166373 0.0209878 -0.00276532 0.0342713 0.0140755 0.0161278 0.019526 -0.0063455 -0 0.00518772 0.00663771 0.0038255 0.00603875 0.00231427 0.00518041 0.0170598 -0.00389217 0.0015374 0.0148015 0.00190134 -0.00733108 0.0113547 0.00753344 -0.0152566 0.00831147 0.0288497 0.00671498 -0.00634349 0.000740618 0.0175932 0.00241227 0.00284135 0.00380421 0.0221684 0.0329203 0.016942 0.00986172 -0 0.00427437 0.0338917 0.0063619 -0.00430956 -0 -0.000688719 0.0145936 0.0373209 0.0310766 -0.0015176 0.00771665 0.0127281 -0 0.0100633 0.00246489 0.00426232 0.0272001 0.0146517 0.00197169 0.00876339 -0.00548225 0.013799 -0.00133607 -0 0.00621848 -0.0128443 0.0065662 0.00519159 -0 0.00298334 -0 0.000298191 0.019626 0.0176695 0.0299011 0.00810318 0.0213944 0.0141403 0.0442362 0.0179193 0.00933783 0.00777319 -0.00135246 -0 0.0197868 0.0344399 -0 0.0461431 -0.0179346 -0 -0 -0.0443698 -0 -0.001984 0.00695938 0.0143659 -0.0151214 -0 -0.00164295 -0.0182905 0.0222093 0.019448 -0.00295833 0.0108743 0.0241458 -0.00113683 0.0223886 -0 0.00395037 -0 -0 0.0140782 0.00925222 -0.0241401 -0.00127419 -0 -0.00029047 0.0128395 -0.0014229 -0 -0 -0 -0 -0
0.0348159 0.015816 0.00161331 -0 0.00422566 0.000585949 0.0188067 -0 -0 0.0309841 0.057561 0.00429491 0.0232212 0.018065 -0 0.0129516 -0 -0 0.00205061 0 0.000282696 0.0225204 0.00318537 -0.00838886 -0 -0 -0 -0 0.00290908 -0 -0.00275551 -0 0.000483961 0.000360737 -0 -0 -0 0.000894377 -0 -0 0.000175482 -0.00440437 0.000244562 -0 -0 -0 -0 0.00104357 0.0292657 0.00661343 0.0051145 -0 -0 -0 0.00367953 -0 -0 0.00581713 -0 0.0176076 0.00323876 0.00722758 0.00498541 -0 -0 0.00327795 0.0406182 0.00518112 0.000372919 -0 -0 -0 0.000164108 -0 0.00587642 0.00543615 0.000427391 -0 0.0157327 -0 -0 -0 0.016438 0.00413463 -0 0.000442987 -0 0.00318867 -0 0.00212668 -0.00361175 0.0440997 0.000109566 -0 -1.33617e-05 0.00202635 -0 -0 0.00230149 -0 -0 -0 -0.00180592 0.000302634 3.3675e-05 -0 -0 0.00199554 0.00175091 0.000244254 -0.00579185 0.00122451 -0 -0 -0 0.0015766 -0 -0 -0 -0 -0 -0.00257815 -0 -0 0.00739486 -0 -0 -0 -0 0.000635858 0.0198208 -0.0107278 8.75698e-05 0.00957454 -0 -0.00399847 -0 -0 9.28964e-05 0.00548587 0.000607252 -0 -0 -0 0.0228166 -0 -0.00144167 0.0154707 -0 -0 0.0112085 -0 -0 -0 -7.20788e-05 -0 0.000222392 -0 5.07749e-05 0.0153941 -0.000172897 0.00903268 -0.0246845 -0 -0 -0 -0 -0 0.00495241 0.000112072 -0 -0 -0 0.0128414 -0 -0 -0 -0 -0 0.00749443 -0 -0 -0 -0 -0 -0 -0 0.000778168 0.00536929 -0 -0.0019589 -0.000486434 -0 0.000378781 -0.00333342 -0 0.0036218 -0 -0 -0 -0 -0 -0.00641698 -0 -0 -0 -0 -0 -0 0.000601468 -0.00159643 -0.00771019 -0 -0 -0 -0
0.0031656 0.00173028 0.0202332 0.0142246 0.000791742 0.00856143 -0 0.0354635 -0 -0 -0 -0 -0 0.000931014 -0 0.00544458 0.00366196 0.00460157 0.0204958 0.000282696 0 0.00480624 -0 0.00355132 0.0210611 -0 0.0101678 0.00684142 0.000348846 -0 -0 0.0137435 0.00429629 0.00645102 0.00301183 -0 0.0121963 0.00370884 0.00812994 0.0139563 -0 -0.00988394 0.0115353 -0 0.0174831 0.00384563 0.00370463 0.00894465 -0 0.0196266 0.00511817 -0 0.00923269 0.00551937 0.00359928 3.21519e-05 0.00783116 -0 -0 -0 0.000431742 0.00451451 -0 -0 0.0360468 0.00589069 -0 0.0153912 0.0043726 0.00321132 -0 -0 0.00647472 0.00606768 -0 0.00659879 -0 0.0025729 -0 -0.00285153 0.0179053 -0 -0 0.0139113 0.00637292 0.0322744 -0 0.00561138 0.000391619 -0 -0 0.00133806 0.00981284 -0 0.0144273 0.0034234 -0 0.00582296 0.000744454 0.00300667 0.00280551 -0 -0 0.00172475 -0 0.0119408 0.0244041 0.000393611 0.008448 -0 -0.00424538 -0 0.0213282 0.00983338 -0.000987743 0.00146322 -0 -9.01061e-06 0.000104938 0.00308876 -0 -0.0011965 0.00166071 -0 -0 0.0101786 0.00634086 0.000178511 0.00235066 0.0163547 0.00217536 -0 0.0231671 0.00372082 0.0219128 -0.00947023 -0 -0 -0 0.00633737 0.00952678 0.00489407 0.000460843 0.00787142 -0 0.0139728 -0.00358277 0.000614333 0.00118168 0.0028713 -0 -0 -0 0.00470049 -0.00243433 -0.00127502 0.0045493 -0.000707465 0.00674274 -0 -0 -0 -0 -0 0.0110034 0.00168065 0.000279413 0.00218869 0.00503158 0.00343378 0.0026338 0.00482724 0.0101051 -0 -0 -0 0.00369402 0.00718611 -0 0.00480455 -0 -0 -0 -0.00195474 -0.0016387 -0 -0 0.00524539 -0.000559478 -0 -0.00465825 -0.00130929 0.00270073 0.00195147 -0.00946149 0.00273476 0.00308448 -0 0.00256605 -0 -0 -0 -0 0.00123119 0.0124345 -0.00652729 -0 -0 -0 -0.00101697 -0.00300663 -0.00770782 -0 -0 -0 -0
0.0248667 0.0470231 0.00153483 -0 0.00894179 -0 -0.0334805 0.000615061 0.000530403 0.0259122 0.00793465 0.0388041 0.0529597 0.0176823 0.0151959 0.0319364 -0 0.0018392 0.0114483 0.0225204 0.00480624 0 -0.0231467 -0 0.0033569 -0.0382809 -0 0.00195542 0.030617 -0.00817504 -0.0278311 -0 0.00495229 0.00039423 0.022021 0.0438449 0.000699925 0.00122982 -0 0.00198824 -0 -0.00189688 0.00343982 -0 -0 8.94661e-05 -3.13978e-05 -0 0.00442791 0.00183903 0.00353745 -0.0177857 0.0185596 -0.00992245 0.018455 -0 0.000435038 -0 -3.61373e-05 0.00790577 0.0128088 0.0354666 0.0442733 -0.0208149 0.0070408 0.0218628 0.0431096 0.0034913 0.0254366 -3.99859e-05 -0.0333765 -0.020342 0.000823801 -0 -0 0.00998161 -0 0.00306703 0.0037115 -2.27437e-06 -0 -0 0.024386 0.00781353 0.00374919 0.000947229 -0.00441453 0.0125367 0.00173048 0.0193435 -0 0.0192474 0.00205248 -0 0.00381316 0.00078514 0.000756731 -0 0.000648696 -0 -0 0.0137815 -0.0100675 -3.83301e-05 0.00109406 -0 0.000192072 -0 0.00419821 0.00512704 -0.0141249 0.000313932 0.00147781 0.00138559 -0.00377886 0.0475551 0.00477354 -0 -0 -0 0.000677904 -0.0043285 -0 0.00211507 -0 -0 -0 -0 1.37709e-05 0.00309879 0.0443079 -0.0149979 -0 0.0642963 0.00362825 -0.00304978 0.0228108 -0.00371582 0.0264326 0.0119927 0.01776 -0 -0 0.00359527 -0 0.0139036 -0.00201336 0.00408734 0.00107268 -0 0.0184968 0.00323714 -0.00785488 0.027328 -0.00061037 -0.00236741 0.00085647 -0 0.00251643 0.0287423 -0.00748753 -0.015559 0.0104089 -0.0130773 0.00209293 -0 0.0027338 0.0109762 0.0113539 0.00320323 0.00468293 0.00200142 -0 0.00138406 -0 -0 -5.50157e-05 0.00292751 -0 0.0141438 -0 -0.00732708 -0.0205639 -0.000720715 -0.000276067 -0.00527017 -0 0.00153675 -0 0.0184665 -0.00499773 -0.000647296 0.00130783 0.00454522 -0.00651694 0.00100276 0.00711433 -0.018791 0.00536114 -0 0.000935341 -0 -0.00949563 -0 0.00452171 -0 -0 -0.0058744 -0.000434812 0.00189352 -0.00117635 -0 -0 0.00178329 -0 -0
-0.0116852 -0.00744935 -0 -0 -0.00772268 0.00121728 0.208729 -0 -0 -0.000124913 -0.00592681 -0.00258693 -0 -0 -0.0107516 -0 -0.000129631 -0.0171731 -0.0140261 0.00318537 -0 -0.0231467 0 0.00125274 0.00493244 0.000643464 -0 -0.0227385 -0.0206906 0.129065 -0 -0.00268844 0.0193267 0.00882608 -0 -0.0215801 -0.00644842 -1.26585e-05 -0 -0.00233732 0.0300611 -0 0.00675888 -0.0087643 -0 -0 -0.000562367 0.00277216 -0 -0.01142 0.0139463 0.0335744 -0.026946 0.0089234 -0 0.00324723 -0 0.0118103 -0 -0.00125665 -0.0185473 -0.00664688 -0.0213141 0.0358194 -0 -0.00785832 -0.000987632 -0 -0.0216469 0.00487702 -0.000135021 -0 -0 0.00303246 0.0312058 0.00325386 0.00996077 0.00493024 0.0120792 0.00540583 -0.00460363 -0.0100764 -0.000749194 -0 0.00603114 0.000278315 -0 -0.00845411 0.00439686 -0.00532715 0.000314615 0.01246 -0 -0 -0 0.000595648 -0.0145004 0.0125689 0.00794673 0.000806705 0.00940001 -0.00487071 -0.00437708 -0 -0 -0 -0 0.00126948 -0 0.0037683 0.00109862 -0 -0 -0 -0.00446436 -0.0099004 0.000352808 -0.0156917 -0 0.00647227 -0 -0 0.00718002 0.00562015 0.0131829 -0 -0.00226227 0.00530559 0.010741 0.000497932 -0 -0 -0 -0.0225062 -0 0.000937363 -0 -0.001152 0.00029388 -0 0.00695953 0.000103553 -0 -0 -0.0056529 -0 0.00220219 0.0430422 -0 0.00290793 -0 -0 0.104761 -0 -0 0.00920172 -0 -0.00723357 -0.0023465 0.00129601 -0 0.02681 -0 -0 0.00267829 0.00336916 0.00898947 -0 0.000583191 0.00207383 -0.0102276 -0 0.00045725 0.0282744 -0.00506951 -0.000880425 0.00468647 0.00207683 -0 0.00185732 -0.0171012 -0 -0 -0.00455434 5.12682e-06 -0 -0 -0 -0.012854 -0 -0 -0.00845153 0.0041903 0.000944527 -0 0.00105759 -0 0.00422554 0.00402377 -0 0.00185434 -0 -1.83629e-05 0.00305398 -0 -0.00880717 -0.0115019 -0 -0.00251302 0.00369609 -0 -0 -0.000269052 -0.00684119 -0 -0
