0.914319 -0.0523119 -0.00131271 -0.00300023 -0.0496785 -0.000722635 0.00923314 -0.00233412 0 -0.0283103 -0.0277199 -0.0460082 -0.0169973 -0.0168023 -0.00205389 -0.0198293 -0.00324759 0 0 -0.0296848 -0.0028855 -0.0210408 0.0102502 0 -0.00103325 6.77701e-06 0 -0.000589321 -0.0202446 0.00526229 1.06609e-05 -0.00141728 0 0 0 -0.00332918 0 -0.00402137 0 -0.00119959 0 0.00475221 0 0 0 0 -0.0046814 -1.24476e-05 -0.0129076 -0.0031281 -0.00148334 0.00411216 -0.0169393 0 -0.0064612 0 0 0 0 -0.0303568 -0.0202966 -0.0120415 -0.0101276 0 -0.00389989 -0.000145956 -0.0280052 -0.00279438 -0.0124615 0 0 1.08757e-05 -0.000596423 0 0 -0.00594541 0 0 0 0.00381187 -0.00384057 -0.00376418 -0.0412583 -0.00396149 0 0 0 -0.00115238 0.000791308 -0.020362 0.00323384 -0.0118614 -0.00160404 0 -0.0109183 -3.48415e-05 -0.00247254 1.2299e-05 0 0.000288699 0.00438478 -0.0159534 0.00441327 0 0 -0.00355255 0 0 -0.00846117 -0.0024726 0.0164615 0 0 -0.00153158 0 -0.0102113 0 -0.00817515 0 0.00481127 0 0.00260715 0 0.000312944 0 0 -0.000285093 0 9.82257e-05 -0.00446457 -0.015771 0.00481466 -0.0025398 -0.0110877 -0.000284011 0.0107391 0 0 0 0 0 0 0 0 -0.00586806 0 0.00456884 -0.000634561 0 0 0 0 0.00487315 0 0.000117573 0.00424935 -0.000447489 -0.00166757 -0.00389644 -0.00193606 0 0 -1.84678e-05 0 0 0 0 0 -0.00243502 0 0 0 0 0 -0.000399893 0 0 0 0 -0.000481704 -0.0175864 8.95215e-06 0 0 0.000291481 0 0 0 -0.00663576 0 0.00610147 0 0 0 0.00305803 0 -0.0025864 0 0 0 0 0 5.0941e-05 0.00623809 0 -0.00152256 0 0 0 0 0.00346025 0 0 0 0 0
-0.0523119 0.887937 -0.000391378 0 -0.0413143 0 0.014131 0 0 -0.0258073 -0.0141838 -0.0576623 -0.0293596 -0.0116217 -0.0012163 -0.0348068 -0.000282128 -0.000310441 -0.00120206 -0.0132891 -0.00155426 -0.0392099 0.00643959 1.6242e-05 -0.000433425 0 0 -0.000502616 -0.0201583 0.0124569 0.000412644 0 -9.4845e-05 0 -0.000693793 -0.00531315 0 0 0 -0.000331711 0 0.00774993 0 0 0 0 0 0 -0.032015 -0.00064056 0 0.0139732 -0.00518738 6.21546e-06 -0.00578797 0 0 0 0 -0.00411906 -0.00672789 -0.0147338 -0.0114295 0.000615167 -0.000127365 -0.00161842 -0.0202641 -0.000989087 -0.0100599 0 0 0 0 0 0 -0.00327123 0 0 -0.00363218 0.00184272 0 0 -0.0164758 -0.00472828 0 0 0 -0.00736491 0 -0.0102745 0 -0.0107531 0 0 -0.00215017 0 0 0 0 0 0 -0.0101586 0.00214175 0 -0.00927269 0 0 0 -0.00500574 -0.0180937 0.0103453 -0.000696856 -0.00106055 0 0 -0.00758455 -0.00588452 0 0.0097515 0 0 0.00490976 0 0 0 0 0 0 0 -0.000447848 -0.0291696 0.00478137 -3.40452e-05 -0.00846164 -0.000524318 0.00722712 0 0 -0.00977851 0 -0.000264001 0 0 0 -0.0027357 0 0.00427351 -3.43817e-05 0 0 -0.00507301 0 0.00227767 -0.000128004 0.000379817 0.00234319 -0.00134993 0 -0.00266899 -0.0139445 0 0.00392284 -0.00583879 0 0 2.23782e-05 0 0 -0.00185211 0 0 0 0 0 0 -0.0162697 2.32535e-05 0 0 -0.000716627 -0.00865967 0 0 0 0 0 0 0 -0.0015322 0 0.00318739 0 0 0 0.00409407 0 -0.00518002 0 0 0 0 0 0 0 0 0 0 0 0 0 0.00284556 0 0 0 0 0
-0.00131271 -0.000391378 0.91823 -0.0271268 -0.00118544 -0.0398992 0 -0.0424276 0 0 0 0 0 -0.0023539 0 -0.00115844 -0.0218646 -0.00662092 -0.00627899 -0.00137849 -0.0184823 -0.00130145 0 -0.00964044 -0.017889 -0.00175039 -0.0161825 -0.0050792 -3.34227e-05 0 -0.00642922 -0.0139723 0.00242512 -0.0050706 -2.12451e-05 0 -0.020143 -0.0119933 -0.00663911 -0.0132737 0 0.0099864 -0.0190417 0 -0.0123306 -0.0033469 -0.029561 -0.00672346 0 -0.0123257 -0.0070594 0 0 -0.0039576 -0.00258232 0 -0.0118557 0 -0.000366043 0 0 -0.00140957 0 0 -0.0235837 -0.00355875 0 -0.0290721 -0.00297444 -0.0238444 -0.00102429 -0.00185914 -0.0108227 -0.00904253 0 -0.00789258 0 0 0 0.00839835 -0.0304842 0 0 -0.0199803 -0.00155541 -0.00659827 0 -0.00481804 0 0 0 -0.00326262 -0.00587197 0 -0.00536999 -0.00697594 0 -0.00200551 -0.000443196 -0.00082665 0.00288205 0 0 -0.0037486 0 -0.0136533 -0.0207358 -0.00213155 -0.0173439 0 0.00376487 0 -0.0206338 -0.0145689 0.000205485 -0.000840808 0 0 -0.00172656 -0.00164531 0 0.00204938 -0.000466293 0 0 -0.0126537 -0.0130021 0 0 -0.0115799 -0.000894836 0 -0.0347203 -0.00253271 -0.0223905 0.00636192 0 -0.00306401 0 -0.00437084 -0.0009584 -0.00558639 -0.00504602 -0.00174059 0 -0.00479474 0.014227 -0.00509847 0 -0.00228208 0 0 0 -0.000598127 0.00223674 0.00388471 -0.00378032 0 -0.0089034 0 0 0 0 -0.00412822 -0.0050305 -0.00180934 0.00210418 -0.000623695 -0.00245676 -0.00178024 0.000234701 -0.00206903 -0.00917042 0 0 0 -0.00495435 -0.00489298 0 -0.00378686 0 -0.00098042 -6.74653e-05 5.80558e-05 0.00545555 0 -0.000394785 -0.00471646 0 0 0.0075396 0.00159129 -0.000734898 0 0.00621161 -0.000549653 -0.00338963 0 -0.0010881 0 0 -0.000539349 0 0 -0.00314364 0.00107338 0 -0.000432187 -0.000885864 0 0.0100784 0 0 0.000160726 0 0
-0.00300023 0 -0.0271268 0.901188 -0.0104853 -0.0319723 0 -0.0157636 0.00356695 0 -0.000636526 0 0 -0.00282393 0 0.00606596 -0.0257293 -0.0211255 -0.00394031 0 -0.0128725 0 0 -0.0109451 -0.00263405 -0.0322969 -0.0121756 -0.0241717 -4.863e-06 0 -0.0163072 -0.040022 0 -0.00463105 0 0 -0.0136551 -0.0377651 -0.0205577 -0.014951 0 0.0112124 -0.00991426 0.000211206 -0.0330059 -0.0109801 -0.0574836 -0.030132 0 -0.0130021 -0.00401074 0 -0.000422099 -0.00396233 -0.00234594 -0.000581525 -0.00771003 0 -0.00557728 0 -0.00519383 0 0 -0.00495657 -0.0180608 0.00348398 2.46093e-05 -0.0257346 -0.000289374 -0.0136535 -0.0232759 -0.00470605 -0.0134121 -0.0251979 0 -0.0108579 -3.42419e-05 5.02496e-05 0 0.00839826 -0.0157706 -0.00507224 0 -0.0173606 0 -0.0123429 -0.020027 0.011464 0.0154724 0 0 -0.00294246 -0.0158391 0 -0.00836132 -0.00554564 0 -0.0038247 0 -0.000687818 0 0 0 -0.0266154 0 -0.114268 -0.0167452 -0.00950985 -0.0200284 4.12428e-05 0.000357996 0 -0.00864411 -0.0132783 0.000406291 0 0.0146483 0 -0.00747044 0 0 0.000718849 -0.0133776 0.0134482 0 -0.00768779 -0.0259088 0 0 -0.0129606 0 0 -0.0251057 0.00657828 -0.0171584 0.000466922 0.0137188 -0.00782183 3.40412e-05 -0.00730835 0.0107111 -0.0135071 -0.0014542 0 -0.00275827 -0.000829261 0.00643204 -0.000795266 0 -0.00172742 0.00907546 0.0132966 0 0 0.000679724 0.0034462 -0.00864882 0 -0.0217488 0.00959732 -0.00409422 0 0 -0.0040552 -0.00331782 -0.00394943 0 0 0.00650388 -0.00278042 5.34539e-05 -0.00205178 -0.0104269 0.0113095 -0.00113023 0 -0.0115295 -0.00114222 0 -0.00523555 -0.00524771 -0.00189078 -0.00150723 0.00179119 0.00230521 -0.0178161 0 -0.00565917 0 0.00792031 0.00458634 0.00245544 0 5.37015e-05 0.00705397 -0.000315468 -0.0107725 -0.00514034 0 -0.00443444 0 -0.000892879 0 0 -0.0016679 9.08737e-05 0 -0.00117337 -0.00272218 0 0.0103808 0 0 0.0165493 0 0
-0.0496785 -0.0413143 -0.00118544 -0.0104853 0.914951 0 0.00538697 -0.00760916 0 -0.0445618 -0.0131219 -0.0319125 -0.0235448 -0.0208332 -0.0287684 -0.00651295 -0.0114058 0 0.000851767 -0.00360414 -0.000721936 -0.00756863 0.00677666 0 0 0 0 0 -0.0146399 0.00345569 -0.0119286 -0.00196687 0.0162415 0.00182769 0.000422406 -0.000601352 0 -0.00240164 0 0 0 0.00484019 0.000275297 0 0 0 -0.0182377 0 -5.95847e-05 -0.00117367 0 0.00307395 -0.00620608 0.00164517 0 0 0 0 0 -0.0303441 -0.00429091 -0.0014968 -0.00257424 0 -0.00353611 0.00301709 -0.000219803 -0.000226308 -0.00489331 0 0 0 0 0 0 0 0.000510326 0.00909867 0 0.00532754 -0.0038465 -0.00418468 -0.0175406 -0.00293239 0.00348015 0 0 7.72619e-05 0.00955134 -0.00235136 0.0119646 -0.00454279 0 0 -0.00292434 0 -0.000224036 0.00169511 0.00114126 0.003382 0.0067052 -0.00353508 0 -0.000120699 0 -0.00427575 0 0 -0.00957418 0 0.00402123 0 0 -0.00104271 0 0 0 -0.0109275 0 0.00359041 0 0.000956321 0 0.00382804 0.000262579 0 0 0.00537537 0.00286778 0 -0.0124417 0 -0.00184513 -0.00462892 0 0.00421747 0 0 0 0 0.00624479 0 0 0.00010395 -0.00124819 0 0.000892127 0 0.0042677 0.00161924 0 0.000158134 0.00245725 0 0 0.00280725 -0.000206712 -0.00661141 -0.00508132 0 0 0.00114234 0 0 0 0 0.00435356 0 0 0.000680729 0.00382191 0 0 0.00514675 -0.00264371 -0.00132331 0 0 0 2.7367e-05 -0.0232259 0 0 -0.0034462 0.00130112 0 0.000213129 0 -0.00852693 0.000279018 0.00249979 -0.000494348 0.00103879 0.00434362 0.0014294 0.000395819 0 0 0.00300048 0 0 0 0 0.005841 0 -0.00448909 0 0 0 0.00632079 0.000874531 0 0 0 0 0
-0.000722635 0 -0.0398992 -0.0319723 0 0.897939 -0.000765023 -0.0360097 0 0 0 0 0 -0.000893711 0 0.000244134 -0.00349252 -0.0345759 -0.010819 -0.000495098 -0.00773367 0 -0.00105818 -0.0223716 -0.00730997 -0.00256779 -0.00248285 -0.00158227 0 -0.000706669 -0.0085423 -0.00810486 5.53611e-05 -0.0186933 -0.00234896 0.00242336 -0.00487468 -0.0148279 -0.0145847 -0.00526033 0 0.00459754 -0.0478681 0 -0.0111303 -0.00432351 -0.0254857 -0.0105048 0 -0.00832402 -0.015172 -0.00230779 0 -0.012503 -0.00742768 -0.00259069 -0.0125785 9.05092e-06 -0.00381055 0 0 -0.00225823 0.00980619 -0.000761631 -0.0225847 -0.0206742 0 -0.0157993 0 -0.0918808 -0.0119731 -0.00488585 -0.00446209 -0.00883961 -0.000165148 -0.0137011 -0.00426902 0.00600781 3.65691e-05 0 -0.0095808 0.00348282 0 -0.0119148 -0.0151495 -0.0195227 0 -0.00435219 -0.00207321 0 0 0.00199163 -0.00827383 0 -0.00355256 -0.00827674 0.00427127 -0.00687016 -0.0107519 -0.0058398 -0.00537803 0.000814919 4.96929e-05 -0.00231289 -0.0005946 -0.0255249 -0.0107043 -0.00214706 -0.00549452 -0.00158461 0.00246503 0 -0.00587588 -0.00216509 0.00421943 0 -0.000755392 0.00372559 -0.0067609 -0.00655505 0 0.0037081 -0.00259753 -0.0029054 -0.000554132 -0.0133075 -0.00718268 -0.0041618 -0.00399823 -0.013186 -0.00114635 0 -0.018944 0.00817955 -0.00879701 0.00399347 0.00861857 0 0 -0.0081146 -0.00885775 -0.0114231 -0.003384 -0.00303073 0 -0.00368208 0.00324508 -0.00287198 -0.0018764 -0.0157955 0 -0.00133368 -0.000546376 -1.78759e-06 0.000828705 0.00164174 -0.00458632 0.00482846 -0.00778571 -0.000196438 0 -0.00380511 0 -0.00241349 -0.019717 -0.0133747 -0.00518024 -0.00103916 0.00345402 -0.00550006 -0.0126718 -0.00444379 -0.0135651 -0.0016456 0.000232411 0 -0.0115486 -0.0122824 0 -0.00722144 0.0044522 -0.00234054 0 0.00643847 0.000146194 0 -0.00057288 -0.007516 0.00753644 0.00067969 0.0040191 0.00609858 -0.00365172 0.00221979 0.00581689 -0.00415988 -0.00405973 0 -0.00610197 0 0 0 0 -0.00749265 -0.00443044 0.0106663 0 0 0 -0.000850461 0.00429529 0 0 0.00754567 0 0
0.00923314 0.014131 0 0 0.00538697 -0.000765023 0.806474 0 0 0.00111623 0.0119201 0.00307845 0 0 0.00926798 0 0.00137891 0.0199026 0.0128872 -0.0150597 0 0.0266061 -0.171959 -0.00120864 -0.00446145 0 0.00104431 0.018514 0.0187908 -0.131448 0 0.00640775 -0.00815217 -0.00834109 0 0.0271178 0.0183409 6.80836e-06 0 0.0110097 -0.0258106 0 -0.00512704 0.0189031 0 0 0.00249301 -0.000692411 0 0.00841982 -0.0254514 -0.0369883 0.0339144 -0.00578002 3.24725e-05 -0.000565363 0 -0.0221803 0 0.000921476 0.0212885 0.0172883 0.0362838 -0.0324543 0 0.00678808 0.00107098 0 0.0244567 -0.00346762 0.000147037 0.000171266 0 -0.000696691 -0.02816 -0.00251623 -0.0252696 -0.00333444 -0.00628928 -0.00337771 0.00946866 0.0108718 0.00166514 0.00197709 -0.00759693 0 0 0.00491488 -0.00418872 0.00472872 -0.00023113 1.05978e-05 0 0 0 -0.000980718 0.016356 -0.00803177 -0.0120591 0.00148306 -0.0187192 0.00580461 0.0019528 0 -1.33118e-05 0.00292684 0 -0.00668874 0.000890875 -0.00145337 -0.00228253 0 0.0172033 0.00235993 0.00197511 0.0104806 -0.00137007 0.0114798 0 -0.0132414 -0.00097233 0 -0.0197805 -0.0132862 -0.0115388 0 0.00238428 -0.0117993 -0.0117291 0 0 0.000932669 0 0.0302077 0 -0.00403275 0 0.00221444 -0.000368251 0 -0.00700183 0 0 0 0.0090488 0 -0.00546072 -0.0344433 0 -0.00425376 0 0 -0.118295 0 -0.00470924 -0.0125677 0 0.0090856 0.0086411 -0.00615875 0 -0.0407949 0 0 -0.00518917 -0.00432572 -0.0121352 0 0 -0.0019122 0.00682773 0 0 -0.036264 0.00862789 0.000237045 -0.00250478 -0.00298301 0 0.00523948 0.013548 0 0 0.00507213 -0.00336456 -0.00402247 -0.000272587 0 0.00565919 0.00546204 -0.00208998 0.00689163 -0.00287228 0.00406141 -0.0035659 -0.0019376 0.00199841 -0.0119941 -0.00408264 0 -0.00161172 0 0.00154604 -0.00257187 0 0.007606 0.0177056 0.000163258 0.00528123 -0.00489609 -0.00255777 0 0.00458205 0.0104746 0 0
-0.00233412 0 -0.0424276 -0.0157636 -0.00760916 -0.0360097 0 0.880971 0 0 0 0 0 -0.00357315 0 -0.00441955 -0.0149583 -0.00682384 -0.00612105 0 -0.0317306 -0.000510849 0 -0.00696135 -0.0300729 -6.72681e-05 -0.0120905 -0.00426533 -0.000765338 0 -0.00786522 -0.0204008 0.00600499 -0.00690445 -0.00195882 0 -0.0166891 -0.00831195 -0.0031972 -0.00681446 0 0.00910314 -0.033936 0 -0.0149392 -0.00412964 -0.0143792 -0.00808422 0 -0.0130026 -0.00580902 0 -0.000286573 -0.0139089 0.00110626 0 -0.00806418 0 -0.000775558 0 0 -0.0020123 0 0 -0.0311344 -0.00509872 0 -0.0162303 -0.000872394 -0.00385816 -0.00174378 -0.00103381 -0.0026884 -0.00490754 0 -0.00959905 0 0.000533109 0 0.0014607 -0.018611 0 0 -0.0198568 -0.00293263 -0.00711943 0 -0.00512536 0 0 0 -0.00755226 -0.00357675 0 -0.0187362 -0.00874082 0 -0.0026997 0.00406761 -0.00216705 -0.00418938 0 0 -0.00376962 -0.000146654 -0.0181181 -0.00720431 -0.00100219 -0.0117146 0 0.00422333 0 -0.0100626 -0.00800517 0.000599876 -0.00161241 0 0 -0.00117407 -0.00315571 0 0.00183334 -0.0012695 0 0 -0.00395571 -0.0227384 0 -0.000433819 -0.0240905 -0.000959766 0 -0.024234 -0.00193159 -0.0160329 0.0123709 0.000809626 -0.000182453 0 -0.00419314 -0.000753543 -0.00365906 -0.000982353 -0.00305278 0 -0.00459837 0.012013 -0.00075823 -0.000414477 -0.00270668 0 -0.000395948 0 -0.00114856 0.0023065 0.00393356 -0.00295804 0.000807295 -0.00911953 0 0 0 0 -0.00059283 -0.00672475 -0.00413176 -6.89942e-05 -0.000968766 -0.00302659 -0.00343267 0.00147017 -0.00273629 -0.0102157 0 0 0 -0.00453074 -0.0110317 0 -0.00410221 0.000110942 -3.97763e-05 0 0.00114736 0.000611147 0 0 -0.00534604 5.19342e-05 0.0010156 0.00488541 0.00197235 -0.00170443 0.00388091 0.00945183 -0.000626811 -0.00360144 0 -0.00147269 0 0 0 0 -0.00103093 -0.00677065 0.00232862 0 0 0 0 0.00840943 0 0 0.000968571 0 0
0 0 0 0.00356695 0 0 0 0 0.729857 0 0.00016028 0 0 0 0 -0.000716355 0.000345824 2.50316e-05 -0.00372102 0 0 -0.000400976 0 0 -0.000807572 0 0.00243472 0 0 0 0 0.00702216 -0.00998351 -0.00561109 -0.000652025 0 0 0 0.0106383 0 0 0 -0.00316279 0.0733937 0 0 0.0102086 0 -0.00031204 0 0 -0.000333792 0 -0.00264007 0 -0.00104371 0 0 0.00994403 0 0 -0.00174484 0.0432035 0 0 -0.00356246 0 0 -0.000386671 0.0125084 0.0097306 0 0.0137491 0 0 -0.000635696 -0.000546131 -0.0239504 0 0 0 0.00245917 0 0 -0.00469312 0 0 -0.00263309 -0.00632375 0 -0.0034456 0 0 0 0 -0.00134437 0 -0.00904103 -0.00215336 -0.0044522 -0.00273587 0 0 0.00108283 -0.000381798 0.00622299 0 0 0 -0.00731608 0.000163463 0 -0.000164142 0.00144581 0.000877601 0 -0.00303881 0.00100774 0 -0.00446557 -0.00076221 0 0 -0.00544479 0 0 0.00990161 -0.00223277 -0.00805758 0 0 0 0 0 0 0 0 0.000763679 -0.0143361 0 -0.00484412 0 0 -0.0154282 0 -6.76359e-05 0 0 -0.000630503 0 0 -0.00226097 0 0 0 0 0 0 0 -0.003909 0 0 0 0 -0.0012804 0 -0.0243115 -0.00239398 -0.00145777 -0.00234842 -0.0112178 -0.000896799 3.28696e-06 -0.000167593 0.000310361 0 0 -0.00181693 0 0.000604378 0.00285437 0 0 0.00126804 0 0 0 0 0.00589022 -0.00185923 0 0 -0.00881079 -0.0201367 0 0 0 0 -0.0046348 0 -0.00995896 0 0 -0.000618687 -0.0025309 0.00326021 0 0 0 -0.00348692 0 0 0 -0.00251596 0 0
-0.0283103 -0.0258073 0 0 -0.0445618 0 0.00111623 0 0 0.90338 -0.021997 -0.0131392 -0.0213688 -0.00273905 0 -0.00643112 0 0 0 -0.0262592 0 -0.0217939 0.000108916 0 0 0 0 0 -0.00355654 0.000187881 0 0 0 0 0 -0.000764396 0 0 0 0 0 0.00207314 0 0 0 0 0 0 -0.00187042 0 0 0.00306532 -0.000819912 0 0 0 0 0 0 -0.0173876 -0.0109253 -0.007231 -0.00038333 0 0 0 -0.0165191 0 -0.0028043 0 0 0 0 0 0 0 0 0 0 0.000832464 0 0 -0.0088169 0 0 0 0 0 0 -0.00870306 0 -0.00752421 0 -1.27148e-05 0 0 -4.18233e-05 0 0 0 0 -0.000194084 0.0028019 0 -0.00138362 0 0 0 0 -0.00203007 0.00996488 -0.000248239 0 0 0 0 -0.00161677 -0.00203482 0 0 -0.000104735 0 0 0 0 0 0 0 0 0 -0.00549147 0.00114091 0 -0.00323544 0 0.00335216 0 0 0 0 0 0 0 0 0 0 0.000238532 -0.0010101 0 0 0 0 0 0 0 0.00141573 0 0 0 -0.00301174 0 0 -0.00575958 0 0 0 0 0 0 0 0 0 0 0 0 0 0 0 0 0 -0.00103015 0 0 0 0 0 0 0 0 0 0.00271621 0 0 0 0.000515945 0 0 0 0 0 -0.00443325 0 1.95753e-05 0 0 0 0 0 0 0 5.44661e-05 0 0 0 0 0
-0.0277199 -0.0141838 0 -0.000636526 -0.0131219 0 0.0119201 0 0.00016028 -0.021997 0.736905 -0.0153333 -0.0167267 -0.0806961 0 -0.0287714 -0.00244916 0 0 -0.0440598 0 -0.00602736 0.0046674 0.00313401 0 0 0 -0.00243659 -0.00599736 0.00829275 0.0126105 -0.00100035 0.0189895 0.00126713 0.0145863 -0.0108841 0 -0.00576677 0 0 -0.010806 0.00692357 0.00828778 0 0 -0.000435967 -0.00294433 0 -0.00454523 -0.00428194 -0.00483781 0.0046722 -0.00538297 0.00283537 -0.0117598 0 0 -0.0162402 0 -0.0243751 -0.0106117 -0.012896 -0.017263 0 -0.00251066 0 -0.0346127 -0.000593997 -0.00746993 0 -0.0103763 0 -0.000289826 0 -0.0271951 -0.000534294 0 0.00639664 -0.00904288 0.00613989 -0.00137705 -0.00982473 -0.0184513 -0.0115209 0.0102307 0 0 0 0.02272 -0.0167932 0.0215041 -0.0515092 0 0 -0.00227793 0 -0.00340874 0.00889031 0 0.00753945 0.00386426 -0.00997664 0.00349371 -0.000299298 0 -0.000799256 0 -0.000558545 -0.00378649 0 0.00959859 0 0 -0.00357237 0 -0.0122028 0.000114729 -0.00780673 0 0.00810891 0 0.00667016 0 0.018341 -0.0133638 0 0 0.00050146 0.00408204 0 -0.0138691 0.00971807 -0.000700346 -0.0214791 -0.000229754 0.00705851 0 0 0 0 0.00308435 0.00611883 0 0 -0.148803 0 0.00786894 -0.0310664 0.000587042 0.00704701 0 0.000938977 0.00260459 -0.000558819 0.00187488 0.00594934 0 -0.00308313 -0.00416107 -0.00464046 0.00105884 0 0 0 0.00470008 0.00834615 0.00825511 0 -0.00213307 0.000165495 0.00547174 0.000148826 0 0 -0.00690523 0 0.00111891 0.00269266 0 -0.00180845 -0.0142113 0.00489304 0 -0.00197755 0.00127998 0 0.0149565 0 -0.0176479 0.000141367 0.00406779 0 0.0124969 0.00947523 0.00328227 0.000671908 -0.0225728 0 0.00387084 0 0 0 0 0.00456715 0 -0.00900529 0 0 0 0.00209455 0.00389319 0 0 0 0 0
-0.0460082 -0.0576623 0 0 -0.0319125 0 0.00307845 0 0 -0.0131392 -0.0153333 0.884332 -0.0382828 -0.0178494 -0.0171733 -0.0166469 0 0 0 -0.00360139 0 -0.0322908 0.00223173 0.00458608 -0.000424595 0.00521172 0 0 -0.0108059 0.000263588 0.000162722 0 0 0 0 -0.00558903 0 -0.000474165 0 0 0 0.00305117 0 0 0 0 0 0 -0.00305573 0 0 0.00934015 -0.00426019 0 -0.00242268 0 0 0 0.0034265 -0.0263101 -0.00715469 -0.0113842 -0.00677776 0.0016898 0 0 -0.0313667 -0.000549059 -0.0138005 0 0.000150582 7.33865e-06 0 0 0 -0.00245836 0 0 0 0.00138666 0 -0.00491445 -0.0170451 -0.00264033 0.000336611 0 0.00111764 -0.00352567 0.000643217 -0.0222668 0.0142997 -0.0137127 0 0 -0.00221876 0 -0.000804385 0.00394544 0 0 0.000874866 -0.0097102 0 0 0 0 0 0 -0.00259728 -0.00203112 0.00970092 0 0 0 0 -0.0121124 0 -0.00811965 0.00982302 0.0112453 0 0.000808468 0 0 0 0 0 0 0.00145807 0 -0.0204598 0 -0.00119198 -0.00675809 0 0.00180461 0 0 -0.000519576 0 0 0 0 0 -0.00245406 -0.00310737 0.00146227 0 0 0.0027165 -0.000524329 0 0.000166948 -0.00111164 0 0.00251799 -0.000102137 -0.00737288 -0.00207425 -0.00462471 0 0 -0.00071252 0 0 0.000626169 0 0 0 0 0 0 0 0 -0.000259916 -0.00802189 0.00288984 0 -0.000766957 -1.83137e-05 -0.0116189 0 0 0 1.99551e-06 0 0 0 -0.00757355 0 0.00352789 0 0.0037487 0 0.00140013 0 -0.000422967 0 0 0 0 0 0 0.000957587 0 -0.000648752 0 0 0 0 0.000680167 0 0 0 0 0
-0.0169973 -0.0293596 0 0 -0.0235448 0 0 0 0 -0.0213688 -0.0167267 -0.0382828 0.876832 -0.0225369 -0.0109536 -0.0280296 0 0 -0.0012636 -0.0193888 0 -0.0438831 0 0 0 0.000482515 0 -0.000516009 -0.0262186 0 0.000562355 0 -0.000279117 -6.46074e-05 0 -0.00184345 0 8.18159e-06 2.23181e-05 0 0 0.000942507 -1.80283e-05 -0.00152115 0.0116598 0 0 0 -0.0139378 0 -0.00137056 0.0298643 -0.00750074 0 -0.00936734 0 0 0 0 -0.00396327 -0.0105447 -0.014701 -0.021342 0 0 -0.00241806 -0.0224969 0 -0.0135662 0 0.00853569 0 0 0 0 -0.00255162 0 0 -0.000375755 8.65453e-05 0 0 -0.0165192 -0.00498059 0 0 0.00429972 -0.00375624 0 -0.03716 0 -0.0250294 0 0 0 0 -0.00175178 0 0 0 0 -0.00388494 0.00995977 2.31769e-05 -0.00206164 0 0 0 -0.000823746 -0.0115286 0.0147542 -0.00659359 0 0 0 -0.0153364 -0.00207206 0 2.30947e-05 0 -0.0119709 0.000197304 0 0 0 0 0 0 0 -4.7709e-05 -0.0326476 0.0112212 0 -0.0268667 0 0.00178894 -6.66941e-05 0.00676536 -0.0221465 -0.000911619 -0.00276872 0.0179462 0 0 -0.000829604 -0.000525363 0.00304631 -0.00332446 0 0 -0.0197798 -0.00121188 0 -0.00291699 0 0.00305949 0 0 2.33339e-05 -0.0249898 0.00645367 0 -0.00117666 9.00333e-06 0 0 -0.00021174 -0.00148442 -0.00295208 -0.000885901 -0.000669777 0 0 0 0 -0.00423324 0 0 0 -0.00666862 -0.00713703 0.000623295 0 0 0 0.000220309 0 0 -0.00177943 0 0.00254294 0 0 -0.000897073 0.000142117 0 -0.00261596 0.00151907 -1.18609e-05 0 -0.00114519 0 0.0110368 0 0 0 0 0.0026499 2.88317e-06 -0.00022881 0.00196952 0 0 0 0 0
-0.0168023 -0.0116217 -0.0023539 -0.00282393 -0.0208332 -0.000893711 0 -0.00357315 0 -0.00273905 -0.0806961 -0.0178494 -0.0225369 0.71931 0.0607217 -0.0185167 -0.00181931 -0.00433139 -0.00397887 -0.0136616 -0.000752715 -0.0132706 0 0.0156403 -0.00264889 0 0 -0.00155483 -0.00732391 0 0.0216491 -0.00237124 0 -0.00184554 0 -0.00900345 0 -0.0180003 0 -0.000527141 -0.00186555 0.00344053 0 0 0 -8.83252e-05 -0.00462317 -0.000564465 -0.0344727 -0.00446839 -0.0254356 0 -0.00877383 0 -0.0152317 -2.79711e-05 0 -0.00595366 -2.14791e-05 -0.0143959 -0.00740169 -0.0281153 -0.0208098 0 -0.00454373 -0.0060636 -0.0379107 -0.00605432 -0.00606024 0 0 0 -0.00410627 -0.00122594 -0.016206 -0.00879093 0 3.26836e-05 -0.0261932 0.000733658 0 -0.00721614 -0.0185371 -0.0127877 0 0 0 -0.00366454 0.0237156 -0.00562422 0.017642 -0.0590414 -0.000544178 -0.000416003 -0.00231661 -0.000937581 0 0.0127815 0 0.00682513 0 -0.0026516 0.0223578 -0.00309876 0 -0.00316051 0 -0.00368345 -0.00768226 0 0.0182185 0 -7.92249e-05 -0.00859165 0 -0.0174928 0 -0.00139188 0 0.000980034 -0.000494999 0.00294908 0 0.00918083 -0.0020339 0 0 0 2.94761e-05 -0.00515972 -0.0139399 0.0185915 -0.000981892 -0.0537802 -0.00126097 0.00290835 0 0 -0.0192038 -0.00344085 -0.000585257 0 0 0 -0.0408615 -0.00370024 -0.00368418 -0.0300126 0 3.08022e-05 -1.95054e-05 0 0 -0.000556916 0.00206802 0.0051281 1.23901e-05 0 -0.0074885 -0.00434154 0.0111905 0 -0.000748378 0 0 0 0 0 -0.0107264 -0.00137916 0 0 0 0 -0.00616413 0 0 0 0 -0.00935188 -0.00242246 0.00811326 0 0 0.00434966 0 0.0149213 -0.001416 -0.0222084 0 0.0050711 0 0 0 0.00307533 0 -0.0274072 0 0 0 0 0 0.0080089 0.00809536 0 -0.00451978 0 0 0 0 0.00211234 0 0 0 0 0
-0.00205389 -0.0012163 0 0 -0.0287684 0 0.00926798 0 0 0 0 -0.0171733 -0.0109536 0.0607217 0.788947 0 0 0.000177262 0.00190788 0 0 -0.0119439 0.0087608 0 0 0 0 0.00548662 -0.0169596 0.00323632 -0.00200999 0 0.00158856 0.00160697 0 0 0 0 0 0 8.97175e-05 0 0 -0.00118761 0 0 0 0.00208107 0 0 0.0140982 0.00554371 -0.014956 0 0 0 0 0.00139094 1.00237e-05 -7.6331e-05 -0.013002 0 -0.00399036 0.000319941 0 0.000864283 0 0 -0.0226836 0.00959843 0 0 0 0 0.020837 0.000955952 0.000626919 0.000528216 0.00248111 0.000345496 0 -0.00430392 0 0 0.00127096 0 0 0.000253863 0.00371284 0 0.000278547 0 0 0 0 0.00329184 -0.0114532 0.00230029 0.000935206 0.000344822 0.00110913 -0.00633852 -0.00018668 0 0 0 0 8.22941e-05 0 0 0.00812393 0 0 0 -0.016703 0 0 -0.0131663 0.000764856 0.000815395 0 0 0 0.00104947 0.0114553 0 0 0.00300821 0.00354768 0 -0.00586168 0 0 0 0 0.00529414 0 0 0 0.0002784 0.00092811 0 0 0 0 0 8.50482e-05 0 0 0.000608933 0 0 0.00503767 0 0 0.000934824 0 -0.0133851 0 0 0 0.00721961 0 -0.000214956 0 0.000735498 0.000475168 0 0.000441342 0 0.00234203 0 0 0.000745402 0 0 0.000224285 0 0 0.00117221 -0.00575256 -0.00221252 -0.00043107 -0.00439061 0 0 0 0 -0.00111312 0 0.00055543 -0.000960113 0 0.00100106 0 0 0 0 0.000244631 0 0 0 0 0 0 -0.00241563 -4.65301e-05 0 0 0.00156554 0 0 -0.0124162 0 0 0
-0.0198293 -0.0348068 -0.00115844 0.00606596 -0.00651295 0.000244134 0 -0.00441955 -0.000716355 -0.00643112 -0.0287714 -0.0166469 -0.0280296 -0.0185167 0 0.828152 0 -0.00376032 -0.0118623 -0.0105096 -0.00472319 -0.0257179 0 0 -0.00178042 0.00511692 0 -0.00440456 -0.0599514 0.0132209 0.00997716 -0.000117138 0.00129823 -0.00666821 -0.0098165 -0.0202584 -0.000278128 -0.000548288 0 -0.00134963 0 0.00302939 -0.00657701 0 0 -0.000237438 2.90919e-05 0.00166823 -0.0151707 -0.00418804 -0.00975028 0 -0.0190526 -0.00477047 -0.020949 -0.000988822 -0.000293216 -0.000594336 -0.00148064 -0.00661897 -0.00639038 -0.0496018 -0.0191207 0.00721348 -0.00295025 -0.00893043 -0.013502 -0.00159831 -0.0310587 0 0.00447909 0 -0.000287669 -0.00152013 -0.000774205 -0.00833142 0 -0.00890885 -0.00768741 0.000327124 0 0.00122872 -0.00303178 -0.00456341 -0.00485005 0.00326493 0.000238134 -0.0114364 -0.00431346 -0.0114349 -0.000288274 -0.023888 -0.000852388 -0.000133796 -0.000532203 -0.00540424 0 -0.00346327 -0.00382895 -0.00204397 -0.00228826 0 0.0042212 -0.00023181 -0.0153762 0.000253551 -0.00260407 -0.00159341 -0.00160706 -0.0294557 0.00642643 -0.024002 -0.00623811 -2.0977e-05 0.00704741 -0.0252047 -0.00826767 0.002453 -0.000675117 0.000854496 -0.0117446 0.011095 0 -0.0024497 -0.000836891 0 0 -0.000263651 -0.00266445 -0.00371231 -0.0350943 0.00147831 0 -0.0464716 -0.00087606 0.0053707 -0.00267321 0 -0.00697137 -0.0150214 -0.00628879 0 0 -0.00230448 -0.00887618 -0.00269518 0.00286498 -0.00312312 -0.00172038 -0.00233417 -0.00902109 0 0 -0.00271042 0.00379313 0.00264367 -0.00828815 0.00250031 -0.00259075 -0.0115707 0.00204831 0 -0.0107844 0 -0.00138201 -0.00165486 -0.00447852 -0.00408996 -0.00731036 -0.002505 -0.00518766 -0.00190077 -0.00162059 -0.00146198 0 0 0 -0.00339206 0 -0.0130913 0.00152762 0 0.00805349 0.00264904 0 0.000631677 0 -0.00289955 0.000619971 0 0.0059151 0.0066341 -0.000705288 -0.0047427 0.00508291 -0.00211837 -0.00977533 0.00497063 -0.00427482 0 -0.00583374 0 0.00146475 -0.00315366 -0.000456298 0.00133762 0 0 0 -0.0028593 0.00567106 0 0 -0.00602193 0 0
-0.00324759 -0.000282128 -0.0218646 -0.0257293 -0.0114058 -0.00349252 0.00137891 -0.0149583 0.000345824 0 -0.00244916 0 0 -0.00181931 0 0 0.939726 -0.00870233 0 0 -0.003384 0 0.000115281 -0.000350875 -0.00186781 -0.00584619 -0.0338303 -0.00952584 0 0 -0.000971258 -0.0271785 0.00168713 0 0.000760705 0 -0.00982742 -0.00939549 -0.0325523 -0.0157348 0 0.0280941 0 0 -0.00400112 -0.030325 -0.014099 -0.0157434 0 -0.0232274 -0.00431534 0 -0.000454144 0 0 0 -0.00859604 0 -0.00054254 4.03813e-07 -0.00417742 0 -0.00225964 0 -0.0147515 0 0 -0.0184183 0 -0.00132603 -0.00424434 -0.00453919 -0.0218039 -0.00101618 0.00467695 -0.00021419 0 0.00545735 0.000158806 0.0101855 -0.0113563 -0.0228313 -0.00057121 -0.0128709 0.00252688 -0.00078585 -0.0116781 0 0.0163057 -0.000111311 0 -0.00344948 -0.0174711 0 -0.00310974 -0.000849024 -2.11513e-06 0 0 0 0 -0.00286807 0 -0.00621576 0.000209753 -0.0213411 -0.00673796 -0.00673385 -0.0116358 3.41832e-05 0.00396388 0 -0.00109719 -0.00767452 0 0 0.0104722 -0.00500468 -0.00033434 0.0022153 0.00607285 0.000307772 0 0.00801397 0 -0.0103441 -0.0168902 0 0.00102339 -0.00722792 0 0 -0.00561126 -0.00529006 -0.0138197 0.0155044 0.000997575 -0.0185097 0.00322956 -0.000659428 0.00575325 -0.0118254 -0.00353392 0 -0.000868777 0 0.0138874 -0.000253704 0.000142688 0 0 0.00035998 0 0 0.00175829 0.00603214 -0.00232803 -0.00313644 -0.0108875 0.00637169 0 0 0 -0.00365951 0 0 0.00782604 0 0 0 0.0105302 0 -0.00242792 0.00638687 -0.0137027 0 0 0 0 0 -0.0150794 -0.0068185 -0.00336593 0 0.0187154 -0.000777857 0 -0.00383906 -0.0184234 0 0.00776791 0 0 0.00851398 0.00841934 0 -0.00570043 0 0.00256599 3.3309e-06 0.00184713 -0.00220837 -0.000101569 0.00254526 0 -0.0109729 0 -0.00656066 -0.0102037 0.010252 0.0094703 -0.000206196 -0.00191729 0.000272072 0 0
0 -0.000310441 -0.00662092 -0.0211255 0 -0.0345759 0.0199026 -0.00682384 2.50316e-05 0 0 0 0 -0.00433139 0.000177262 -0.00376032 -0.00870233 0.894162 -0.00992515 0 -0.00414792 -0.00153897 0.0148972 -0.0244946 0.0060962 -0.0327087 -0.0115441 -0.019627 -0.00196887 0.0148058 -0.0128954 -0.0208773 -0.00569639 -0.0177037 0 -0.00726238 -0.00880613 -0.00360012 -0.0337942 -0.0108383 0 0.00905075 -0.0061025 0 -0.00206512 -0.0166124 -0.00307805 -0.0212426 0 -0.0195386 -0.0143807 -0.000911511 0 -0.0070163 -0.0117148 -0.00042567 -0.0150741 0 -0.0242798 0 -0.00622842 -0.0022979 -0.00684464 0 -0.0123431 -0.011079 0 -0.0164266 -0.00167399 -0.0194246 -0.0379084 -0.00427431 -0.0160373 -0.00586793 0 -0.0123434 2.87283e-05 0.00451983 0 0.00292531 -0.00503635 0 0 -0.00663689 -0.00978497 -0.00444937 -0.000936344 -0.0192018 0.00273174 -0.000275331 0 -0.00884446 -0.0167943 0 -0.000824437 -0.022766 0 -0.00400956 -0.00170893 -0.00342276 -0.00262596 0 0 -0.0175394 0 -0.0172794 -0.0211857 -0.0159704 -0.00685167 -0.000505965 0.000850823 0 -0.0103512 -0.00976246 0.00154399 -0.00248756 0 0.00117365 -0.0144892 -0.00389725 0 0.00176712 0 0.000703475 0 -0.00873 -0.00681149 0 -0.00148391 -0.00722907 -0.00046613 0 -0.00367651 -0.00582908 -0.0106926 0.00691473 0.0125122 -0.00911653 0 -0.0173598 -0.00526264 -0.00712129 -0.00121045 -0.00219592 0 0.00221846 0.0149583 0 -0.000555516 -0.0090966 0 -0.000464018 0 0 0.002366 0.00101576 -0.0207965 0.00198072 -0.0180108 0 -0.0042667 0 0 -0.00207594 -0.00261511 -0.0161999 -0.00116127 0 -0.00641375 -0.00376663 0.00424449 -0.00306988 -0.0103903 0 0 0 -0.00443001 -0.00290485 0 -0.00736853 0.00108715 -0.0028048 -0.00103943 0.00675685 0.00177089 0 -0.000200026 -0.00953502 0.00126665 0.00278159 0.00558861 0.00950994 -0.00108136 -5.64455e-05 0.0056788 -0.00237416 -0.0294716 0 -0.000100898 -0.000159417 0 -0.00119368 0 -0.00154915 -0.00101102 0.00253374 0 -0.000987875 -0.00307452 -0.00135448 0.00429982 0 0 0 0 0
0 -0.00120206 -0.00627899 -0.00394031 0.000851767 -0.010819 0.0128872 -0.00612105 -0.00372102 0 0 0 -0.0012636 -0.00397887 0.00190788 -0.0118623 0 -0.00992515 0.830771 -0.0016666 -0.0178082 -0.00923371 0.0117281 0.00447164 0.00791809 -0.000549644 0 -0.00524229 -0.00411877 0.00322495 0 -0.00172853 -0.0135365 -0.0214026 0.00358131 0 -0.00187471 0.000343609 -0.00200277 -0.00195898 0 -0.00761989 -0.0229545 0.000833642 0.0033884 -0.000625516 0 -0.00524973 -0.00301015 -0.0152475 -0.0223505 -0.00700722 -0.000654831 -0.0286881 -0.0180685 -0.0187932 -0.00480216 -0.00135738 -0.00778665 0 0.00262203 -0.0125229 -0.000363003 0 -0.00954645 -0.0268322 -0.00211693 -0.00812929 -0.00605699 -0.00220423 0 -0.00641273 -0.00340686 -0.0038175 -0.00204993 -0.0165038 -0.00374313 -0.017898 -0.00551362 -0.000560188 0 0.0110651 0 -0.00422723 -0.027603 -0.00938354 0.000927156 -0.0218959 -0.0150577 0 -0.00308623 -0.0336285 -0.00525438 0 -0.00145061 -0.0180547 0.00244099 -0.0297482 -0.0121228 -0.0138716 -0.0167616 0.00558115 0 -0.00449093 -0.00564312 -0.00339898 -0.00523781 -0.00202226 -0.00452581 -0.0148419 0.00336254 -0.00130985 -0.0128812 -0.00164343 0.00638533 -0.00952468 -0.00637694 0.0134772 -0.00719192 -0.0246046 -0.00573313 0.00558054 -0.000645992 -0.0152296 -0.00209708 -0.00254607 -0.00333468 -0.0193627 -0.0286216 -0.0147299 -0.00864471 0 -0.00372745 -0.0285953 -0.00559284 0.00373505 0 0.000603851 -0.012387 -0.0326396 -0.0265765 0.00132339 -0.00675643 -0.0110879 0 -0.0087007 -0.00211945 -0.00369755 -0.0237021 -0.0127362 -0.00171308 -0.00750899 0.00487674 -0.0120352 0.00119641 0 -0.00542367 0.0113421 -0.00576887 -0.00451704 0 -0.00259507 0 -0.000260991 -0.0170847 -0.0153833 -0.0262408 -0.00711571 -0.0185407 -0.0123468 -0.0382755 -0.0156032 -0.00811275 -0.00670452 0.00117945 0 -0.0171829 -0.0299699 0 -0.0399643 0.0156766 0 0 0.0388189 0 0.00176492 -0.0060065 -0.0125464 0.0133087 0 0.00144596 0.0162058 -0.0192633 -0.0172355 0.00262235 -0.00950759 -0.0209381 0.00101092 -0.0196449 0 -0.00344926 0 0 -0.0122221 -0.00806975 0.0212667 0.00111132 0 0.000257738 -0.0113963 0.00124962 0 0 0 0 0
-0.0296848 -0.0132891 -0.00137849 0 -0.00360414 -0.000495098 -0.0150597 0 0 -0.0262592 -0.0440598 -0.00360139 -0.0193888 -0.0136616 0 -0.0105096 0 0 -0.0016666 0.795089 -0.000240294 -0.0177696 -0.00260566 0.00696726 0 0 0 0 -0.00238819 0 0.00213632 0 -0.000407086 -0.00029909 0 0 0 -0.000752526 0 0 -0.000144372 0.00368226 -0.000200674 0 0 0 0 -0.000897181 -0.0228594 -0.00539881 -0.00422147 0 0 0 -0.00302643 0 0 -0.00487161 0 -0.0149291 -0.00269412 -0.00614418 -0.00408385 0 0 -0.00278077 -0.0325794 -0.00439013 -0.000308589 0 0 0 -0.000139695 0 -0.00477742 -0.00463688 -0.000364387 0 -0.0129756 0 0 0 -0.0138164 -0.00352116 0 -0.000369817 0 -0.00271218 0 -0.00181131 0.00290493 -0.0367441 -9.40718e-05 0 1.13971e-05 -0.00170531 0 0 -0.00193916 0 0 0 0.00152834 -0.000256297 -2.80076e-05 0 0 -0.00170589 -0.00149645 -0.000207886 0.00489509 -0.00102062 0 0 0 -0.00129379 0 0 0 0 0 0.00221883 0 0 -0.00628905 0 0 0 0 -0.000540831 -0.0169976 0.00915338 -7.47068e-05 -0.0079029 0 0.00339019 0 0 -7.71379e-05 -0.00469359 -0.000508043 0 0 0 -0.0193732 0 0.00121272 -0.0131295 0 0 -0.00952693 0 0 0 6.31435e-05 0 -0.000189756 0 -4.36408e-05 -0.0131031 0.000147523 -0.00768654 0.0209635 0 0 0 0 0 -0.00419865 -9.57322e-05 0 0 0 -0.0108355 0 0 0 0 0 -0.00634997 0 0 0 0 0 0 0 -0.000664853 -0.00462302 0 0.00168659 0.000421635 0 -0.0003284 0.00289069 0 -0.00307247 0 0 0 0 0 0.00559238 0 0 0 0 0 0 -0.000522269 0.00137158 0.00658183 0 0 0 0
-0.0028855 -0.00155426 -0.0184823 -0.0128725 -0.000721936 -0.00773367 0 -0.0317306 0 0 0 0 0 -0.000752715 0 -0.00472319 -0.003384 -0.00414792 -0.0178082 -0.000240294 0.908725 -0.0040543 0 -0.00315324 -0.0187532 0 -0.00939261 -0.00574837 -0.000306164 0 0 -0.0126276 -0.00386347 -0.00571805 -0.0025305 0 -0.0111084 -0.00333616 -0.00748625 -0.0129448 0 0.00883424 -0.010119 0 -0.0155707 -0.00359594 -0.00333622 -0.00822113 0 -0.0171287 -0.00451631 0 -0.00803592 -0.00493806 -0.00316491 -2.79925e-05 -0.00719122 0 0 0 -0.000383946 -0.00410289 0 0 -0.0329523 -0.0053424 0 -0.0139423 -0.00386825 -0.00282918 0 0 -0.00589224 -0.00548236 0 -0.00601737 0 -0.00232533 0 0.00260032 -0.0164203 0 0 -0.0126656 -0.00575667 -0.0288046 0 -0.00510254 -0.000354707 0 0 -0.00119189 -0.00900717 0 -0.0131561 -0.00308004 0 -0.00528628 -0.000670582 -0.00270466 -0.00251878 0 0 -0.00156157 0 -0.0110961 -0.0221381 -0.000359721 -0.00771901 0 0.00383591 0 -0.0194124 -0.00888933 0.000899776 -0.00128368 0 8.32475e-06 -9.49678e-05 -0.00275509 0 0.00110087 -0.00151496 0 0 -0.0095392 -0.00581318 -0.000163069 -0.00213745 -0.0148714 -0.00199437 0 -0.0211293 -0.00328333 -0.0201474 0.00858419 0 0 0 -0.00579666 -0.00852091 -0.00446349 -0.000422004 -0.00717161 0 -0.0126349 0.00322196 -0.000557376 -0.00107693 -0.0026104 0 0 0 -0.00428769 0.00227986 0.00117203 -0.00414981 0.000653378 -0.00619567 0 0 0 0 0 -0.0100179 -0.0015303 -0.000256455 -0.00201012 -0.00456043 -0.00313577 -0.00238342 -0.00439609 -0.00918207 0 0 0 -0.00335502 -0.00654021 0 -0.00435205 0 0 0 0.00178863 0.0014948 0 0 -0.00479113 0.000514993 0 0.00428774 0.00121327 -0.00244993 -0.00180878 0.0087716 -0.00250071 -0.00279739 0 -0.00235485 0 0 0 0 -0.00111789 -0.0113427 0.00601409 0 0 0 0.000944058 0.00276159 0.00703431 0 0 0 0
-0.0210408 -0.0392099 -0.00130145 0 -0.00756863 0 0.0266061 -0.000510849 -0.000400976 -0.0217939 -0.00602736 -0.0322908 -0.0438831 -0.0132706 -0.0119439 -0.0257179 0 -0.00153897 -0.00923371 -0.0177696 -0.0040543 0.783047 0.0187902 0 -0.00277467 0.0308312 0 -0.00152516 -0.0249437 0.00683261 0.0214132 0 -0.00413397 -0.000324375 -0.0171748 -0.0340119 -0.000591772 -0.0010269 0 -0.00171187 0 0.00157383 -0.00280108 0 0 -7.76571e-05 2.62474e-05 0 -0.00343234 -0.00148986 -0.00289759 0.0139281 -0.0149952 0.00824068 -0.0150639 0 -0.000370836 0 3.05659e-05 -0.00665219 -0.0105738 -0.029921 -0.0359913 0.0169257 -0.00597474 -0.0184058 -0.0343149 -0.0029358 -0.0208887 3.27011e-05 0.0274206 0.0171166 -0.00069592 0 0 -0.0084493 0 -0.0025731 -0.0030378 1.92525e-06 0 0 -0.020341 -0.00660362 -0.00314375 -0.00078476 0.00374338 -0.0105823 -0.00145496 -0.0163498 0 -0.0159151 -0.00174884 0 -0.00322779 -0.000655726 -0.000648506 0 -0.000542416 0 0 -0.0117681 0.0084553 3.22146e-05 -0.000903018 0 -0.000161741 0 -0.00356082 -0.00433047 0.0118471 -0.000259671 -0.0012486 -0.00116273 0.00319543 -0.0387279 -0.00392296 0 0 0 -0.000561912 0.0036969 0 -0.00177755 0 0 0 0 -1.16238e-05 -0.00261565 -0.0377079 0.0126995 0 -0.0526672 -0.00309667 0.00256617 -0.0192812 0.00316298 -0.0217818 -0.0101827 -0.0147455 0 0 -0.00304069 0 -0.0116706 0.00168074 -0.00344241 -0.000907488 0 -0.0156023 -0.00269292 0.00678366 -0.0231402 0.00053064 0.0020201 -0.000725227 0 -0.00214642 -0.0242789 0.0063401 0.0131396 -0.00877258 0.0111122 -0.00176882 0 -0.00232921 -0.0093577 -0.00955266 -0.00271541 -0.00393382 -0.00169194 0 -0.00115898 0 0 4.63831e-05 -0.00247328 0 -0.0118928 0 0.00626514 0.0176445 0.000612171 0.000233762 0.00455156 0 -0.00130299 0 -0.0154563 0.00427028 0.000556804 -0.00110129 -0.00391071 0.00560843 -0.000851178 -0.0059894 0.0162227 -0.00456703 0 -0.000792888 0 0.00821251 0 -0.00382886 0 0 0.00506441 0.000374568 -0.00163169 0.00100298 0 0 -0.00153954 0 0
0.0102502 0.00643959 0 0 0.00677666 -0.00105818 -0.171959 0 0 0.000108916 0.0046674 0.00223173 0 0 0.0087608 0 0.000115281 0.0148972 0.0117281 -0.00260566 0 0.0187902 0.841584 -0.00107044 -0.00422658 -0.000537264 0 0.0183862 0.0174754 -0.11183 0 0.00237715 -0.0167253 -0.00752869 0 0.0173548 0.00565211 1.09578e-05 0 0.00208629 -0.0254447 0 -0.00570583 0.00734571 0 0 0.000487374 -0.00245199 0 0.00959131 -0.0118429 -0.0272575 0.0225701 -0.00768297 0 -0.0027207 0 -0.0101757 0 0.0010962 0.015873 0.00581339 0.017963 -0.0301959 0 0.00685855 0.000815002 0 0.018429 -0.00413489 0.000114998 0 0 -0.00263677 -0.026101 -0.00285544 -0.00873718 -0.00428807 -0.0102495 -0.00474398 0.00406287 0.00886039 0.000647858 0 -0.00524282 -0.000239042 0 0.00739804 -0.0038325 0.00466796 -0.000260339 -0.010681 0 0 0 -0.000515727 0.0128827 -0.0109809 -0.00688866 -0.000698352 -0.00812155 0.0043118 0.00381106 0 0 0 0 -0.0011165 0 -0.00329966 -0.000955278 0 0 0 0.00391365 0.00835861 -0.000300584 0.0139514 0 -0.00555572 0 0 -0.00630328 -0.00489665 -0.0115347 0 0.00199592 -0.00466416 -0.00939903 -0.000435725 0 0 0 0.0191123 0 -0.000817672 0 0.0010166 -0.000251061 0 -0.00599035 -9.08863e-05 0 0 0.00493811 0 -0.00190585 -0.0375813 0 -0.00254416 0 0 -0.093795 0 0 -0.00813999 0 0.00642901 0.00207494 -0.00113493 0 -0.0234721 0 0 -0.00234661 -0.00295225 -0.0079402 0 -0.000508679 -0.00182254 0.00890683 0 -0.000399838 -0.0245454 0.00444966 0.00078791 -0.00409613 -0.00181899 0 -0.00161905 0.0150451 0 0 0.00401042 -4.50053e-06 0 0 0 0.0113864 0 0 0.00753683 -0.00365805 -0.0008425 0 -0.000930667 0 -0.0037819 -0.00355357 0 -0.00162962 0 1.64645e-05 -0.00266853 0 0.00780918 0.0100967 0 0.0022443 -0.00330191 0 0 0.000239002 0.00612288 0 0
