1.08019 0.0256782 -0.0795472 -0.0602422 0.0187424 -0.0455288 -0.0327388 -0.0635278 -0.0101635 0.124327 0.115961 0.00514011 -0.075126 -0.00135615 0.0421625 0.0585984 0.0435639 0.0690747 -0.0589263 0.0451928 -0.0041737 0.124284
0.0256782 1.493 -0.046948 -0.0842283 0.0724912 0.033528 -0.0145852 0.0336971 0.0542253 0.00899455 0.075716 0.0132911 -0.0364674 0.0502466 0.0058259 -0.11287 0.00715551 0.176785 0.0740078 0.0113886 0.0404876 0.130556
-0.0795472 -0.046948 1.17141 0.156116 0.0528264 0.100896 -0.0700132 -0.0410998 0.0625788 0.109291 -0.0726425 -0.158727 0.142763 -0.103107 -0.0673363 0.074529 -0.0496392 -0.122243 -0.0120965 0.0753472 -0.0313132 -0.0647557
-0.0602422 -0.0842283 0.156116 1.30616 -0.0205945 0.135089 -0.23409 -0.181053 0.0703387 0.117504 -0.126335 0.0634192 0.105233 -0.0192618 0.0714969 0.0594789 -0.0681714 -0.225195 0.0547188 0.101117 -0.00685448 0.0206063
0.0187424 0.0724912 0.0528264 -0.0205945 1.14072 -0.0939841 0.16735 0.0094999 0.105713 0.203794 0.0285842 -0.0428497 -0.0640529 -0.0486335 0.0167526 -0.0795366 -0.0791022 0.155816 -0.138509 -0.124294 0.176318 0.0623123
-0.0455288 0.033528 0.100896 0.135089 -0.0939841 1.19887 -0.110103 -0.0172923 -0.0184146 0.0546889 0.0268284 0.0666736 0.0707289 0.252288 0.174035 0.100944 -0.0580358 -0.276282 0.0780695 0.0884571 -0.186866 0.121614
-0.0327388 -0.0145852 -0.0700132 -0.23409 0.16735 -0.110103 1.2821 0.178358 0.00540529 -0.159224 0.177888 0.0716113 -0.0426292 -0.0803156 -0.156656 -0.0557626 0.0246827 0.319843 -0.173075 -0.0781746 -0.0580434 0.0555156
-0.0635278 0.0336971 -0.0410998 -0.181053 0.0094999 -0.0172923 0.178358 1.19068 0.0593605 -0.16516 -0.0286288 0.125211 -0.119315 0.0513327 -0.0380038 -0.152847 0.173872 0.285139 -0.15255 -0.193321 -0.000966134 0.0991828
-0.0101635 0.0542253 0.0625788 0.0703387 0.105713 -0.0184146 0.00540529 0.0593605 0.944701 -0.0555627 -0.132147 -0.00391994 -0.0490462 0.0868687 -0.050092 -0.106243 0.0534941 0.00862707 -0.149882 0.00614738 0.0894519 0.0587736
0.124327 0.00899455 0.109291 0.117504 0.203794 0.0546889 -0.159224 -0.16516 -0.0555627 0.969388 0.0552312 -0.106037 -0.00295463 -0.0345497 0.0464315 -0.0400209 -0.0300279 -0.128999 0.0820836 0.109605 0.110116 -0.0645725
0.115961 0.075716 -0.0726425 -0.126335 0.0285842 0.0268284 0.177888 -0.0286288 -0.132147 0.0552312 1.14296 -0.010148 -0.103627 -0.0718395 -0.0188333 -0.00950925 -0.0690092 0.154388 -0.041603 -0.0264852 0.135095 0.111149
0.00514011 0.0132911 -0.158727 0.0634192 -0.0428497 0.0666736 0.0716113 0.125211 -0.00391994 -0.106037 -0.010148 1.12872 0.00381628 0.0442232 0.0624908 0.0342879 -0.0374267 0.0515486 -0.010565 -0.0287257 -0.00623941 0.0837356
-0.075126 -0.0364674 0.142763 0.105233 -0.0640529 0.0707289 -0.0426292 -0.119315 -0.0490462 -0.00295463 -0.103627 0.00381628 0.914854 0.0148633 -0.0952801 0.0613386 0.0277105 -0.0217334 0.105683 0.20061 -0.169251 -0.0475327
-0.00135615 0.0502466 -0.103107 -0.0192618 -0.0486335 0.252288 -0.0803156 0.0513327 0.0868687 -0.0345497 -0.0718395 0.0442232 0.0148633 1.2075 0.0384349 -0.020435 0.0193345 -0.112772 0.0761548 0.0656489 -0.0691532 0.0532125
0.0421625 0.0058259 -0.0673363 0.0714969 0.0167526 0.174035 -0.156656 -0.0380038 -0.050092 0.0464315 -0.0188333 0.0624908 -0.0952801 0.0384349 1.18972 -0.0700594 -0.0221266 -0.140383 0.0748615 0.00268777 0.064865 -0.00562845
0.0585984 -0.11287 0.074529 0.0594789 -0.0795366 0.100944 -0.0557626 -0.152847 -0.106243 -0.0400209 -0.00950925 0.0342879 0.0613386 -0.020435 -0.0700594 1.35744 -0.0606475 -0.128647 0.0596192 0.0960291 0.0147575 0.0412659
0.0435639 0.00715551 -0.0496392 -0.0681714 -0.0791022 -0.0580358 0.0246827 0.173872 0.0534941 -0.0300279 -0.0690092 -0.0374267 0.0277105 0.0193345 -0.0221266 -0.0606475 0.599456 0.0851381 -0.0239388 -0.011603 -0.026921 0.0393774
0.0690747 0.176785 -0.122243 -0.225195 0.155816 -0.276282 0.319843 0.285139 0.00862707 -0.128999 0.154388 0.0515486 -0.0217334 -0.112772 -0.140383 -0.128647 0.0851381 1.23248 -0.165611 -0.135409 -0.0372162 0.0241311
-0.0589263 0.0740078 -0.0120965 0.0547188 -0.138509 0.0780695 -0.173075 -0.15255 -0.149882 0.0820836 -0.041603 -0.010565 0.105683 0.0761548 0.0748615 0.0596192 -0.0239388 -0.165611 0.894994 0.277009 0.040968 0.0461424
0.0451928 0.0113886 0.0753472 0.101117 -0.124294 0.0884571 -0.0781746 -0.193321 0.00614738 0.109605 -0.0264852 -0.0287257 0.20061 0.0656489 0.00268777 0.0960291 -0.011603 -0.135409 0.277009 0.936306 -0.0877219 -0.0613818
-0.0041737 0.0404876 -0.0313132 -0.00685448 0.176318 -0.186866 -0.0580434 -0.000966134 0.0894519 0.110116 0.135095 -0.00623941 -0.169251 -0.0691532 0.064865 0.0147575 -0.026921 -0.0372162 0.040968 -0.0877219 0.975839 0.0712303
0.124284 0.130556 -0.0647557 0.0206063 0.0623123 0.121614 0.0555156 0.0991828 0.0587736 -0.0645725 0.111149 0.0837356 -0.0475327 0.0532125 -0.00562845 0.0412659 0.0393774 0.0241311 0.0461424 -0.0613818 0.0712303 1.17816