0 0.057425 0.00921643 0.00346186 0.047715 -0.010134 -0 0.00566624 0.0194947 0.0154617 0.0163807 0.0021754 -0.0078658 -0 -0.00095762 -0 -0.00561185 0.00651689 -0 0.0372923 -0 -0.0297757 0.0248406 0.0208225 -0 -0 0.00616304 0.024118 0.000271375 0.010102 -0 0.00290132 -0 0.000353841 -0.000937772 -0 0.00638144 0.00399913 -0 -0 -0.000767637 -0 -0 0.00434625 0.000963414 -5.92655e-06 -0 -0 -0 0.00258333 -0 -0 -0.000917521 -0 -0 0.00186836 0.00190933 0.0049529 -0 -0 -0.00833541 0.000126491 -0 0.00552865 0.000358967 0.00192951 -0 -0 -0.00407025 -0 0.0166527 0.00708282 -0.0161737 4.15406e-05 -0 0.00448927 0.00747478 -0 0.0027687 -0 0.0138066 0.00437401 0.0116772 -0.00387655 -0.00536617 -0 0.0380827 0.00417293 0.00876017 0.00020271 -0.00156841 -0 0.00040531 -0 0.00447004 -0 -0.00663985 -0 0.0276868 0.00503793 -0 -0 0.022788 0.0122625 -0 0.00555052 -0 0.0413008 0.00850858 -0.00403439 0.0031712 -0 -0 -0.0021472 0.00592338 -0 -0 -0 0.0107898 0.00373198 -0 -0 -0 -0 -0 0.00301182 0.00165969 -0 0.00600589 0.0249198 0.00456854 -0 0.000539439 -0.00263909 -0 -0 0.00119525 -0.00217217 0.000842367 0.00566482 -0.00850438 0.00078706 0.00771884 0.00746739 0.00873024 -0.00113299 0.00449383 -0.00614227 0.000641167 -0 0.0026632 0.00323419 0.00242405 0.00106098 -0.00559815 0.00211912 0.0366404 0.0035021 -0 0.0015454 0.00124569 0.00155822 0.00537979 -0 0.00178077 -0 0.00656993 -0 0.00277028 0.00674902 0.000502157 0.000680012 -0 -0 -0 0.00142897 -0.00698431 0.00105739 -0 -0.0241559 -0 -0 0.0016483
0.057425 0 0.00756577 0.0106464 0.0460168 -0.0296212 -0 0.00769902 0.00754794 0.00951658 0.01125 0.00539008 -0.0419872 -0 -0.00924405 -0 -0.016226 0.0255466 0.00749117 0.0218646 0.00198287 -0.0242855 0.0433047 0.0252086 -0 -0.000957973 0.0260794 0.0462803 0.00118312 0.00892031 -0 0.0190893 -0 0.00355843 -0.0107032 0.000562405 0.0424609 0.00661092 0.00159116 -0 -0 0.00060521 -0.00361442 0.00821409 0.0019852 -0.00184199 -0 -0 -0.000570853 0.0170874 -0 -0.00125794 -0.00675902 -0 -0 0.00235648 0.00888078 0.00828937 -0 -0 -0.0370252 0.00354676 -0 0.00650097 0.00175308 0.00155857 0.000165704 -0 -0.00865706 0.000950386 0.0169813 0.0294104 -0.00981702 0.00050946 -0 0.00719838 0.00413531 0.00119474 0.0185154 0.000841397 0.0103913 0.00200587 -0 -0.00986582 -0.0207282 2.48786e-05 0.0113742 0.0124648 0.00421006 0.000196686 -0.00187554 -0 0.0019058 -0 0.00901967 -0 -0.0138576 0.0096248 0.00936328 0.00257389 -0 -0 0.0109352 0.00281204 0.00293973 0.00438586 0.00150457 0.0178101 0.0320938 -0 0.011005 -0 -0 -0 0.00912847 0.00338942 -0 0.00316259 0.00437387 0.00441144 -0.00089432 0.000303393 -0.00164736 -0 -0 0.00909364 0.00606504 0.00271114 0.010194 0.0194159 0.00290323 0.00632318 0.0011598 -0.00821765 -0 -0 0.00278442 -0.00559887 -0 0.00725008 -0.0133541 0.00206179 0.0068386 0.00131048 0.00663422 -0.00183442 0.00819244 -0.00398564 0.00134489 -0 0.00975369 0.00559176 0.0164191 0.00819008 -0.00175404 0.000729402 0.0208202 0.015898 -0 0.00417979 0.00413967 0.000875618 0.00395728 -0 0.00374664 -0 0.0162563 -0.00096723 0.0100554 0.00664635 0.000733118 0.00283783 4.78584e-05 -0 -0 -0 -2.02125e-05 0.00281623 -0 -0.0256983 -0 -0 0.000385493
0.00921643 0.00756577 0 0.0173549 0.0113038 -0 -0.0206188 0.050863 0.00788615 -0.000409262 0.00626364 0.0155738 -0 0.00712247 -0.00496516 -0 -0 -0 0.0202684 0.00738907 0.00597175 -0 -0 0.00233982 0.00415745 0.00178303 -0.00450759 0.0107828 0.00467202 0.0116141 0.010742 0.04208 -0 0.0130936 -0.00786865 0.00568678 -0 0.0394939 0.00675573 -0 -0 0.00161653 -0.00213555 0.0151288 -0.00399067 -0 -0.000129793 -0 -0 0.00323076 -0 -0.0103357 -0.00511463 6.51307e-05 -0 0.00808058 0.0110472 0.0144745 -0.00146019 -0 0.00512672 0.0300285 0.00797722 0.0176716 0.00655536 0.00535548 -0.0129042 0.00601506 -0.00636703 0.00311967 0.00805271 0.0155848 0.00188163 0.00261966 0.000808205 0.00402011 0.00941466 0.010842 -0 0.00329962 -0 0.00451729 0.00458128 -0.0137375 0.000666964 0.000194228 0.00394477 0.00519616 0.0278387 0.0042019 -0 0.00158722 0.00883381 0.000939118 0.00793933 0.00105363 -0.0122375 -0 -0 0.00107658 -0 -0 0.0310264 0.00372497 8.60402e-05 0.00435602 0.000101292 0.00045533 -0 -0 0.000839573 0.0059664 -0 -0 0.0110665 0.00638409 -0 0.0030074 -0 0.0332728 -0.00577022 0.000279431 -0.0042188 0.00113068 -0 0.00690464 0.0105283 0.00512122 0.00818635 -0 0.00785926 0.00564218 -0 -0.00548146 -0 -0.00310929 0.0416605 -0.00988887 -0 0.004194 -0.00789805 0.000971212 0.0114061 -0 0.0144894 -9.59068e-05 0.0105302 -0.00902566 0.000690594 -0.00161155 0.00989117 0.0185919 -0 0.0189465 -0 -0 0.00546685 0.0100151 -0.00225072 0.0118994 0.0108479 0.000620724 0.0072676 -0 0.00311626 0.0186901 0.0011323 0.00163179 0.00661303 0.00987192 0.0103747 0.00281767 0.015978 -0 0.00239862 0.0217801 0.000430954 0.00420877 0.00213542 -0.00871099 0.00446108 -0 0.00195688
0.00346186 0.0106464 0.0173549 0 0.00686313 -0.00172779 -0 0.0147374 7.27357e-05 0.00339788 0.014373 0.0134756 -0 0.0207647 -0.0174966 0.0106842 -0.00459163 -0 0.0225675 0.00192033 0.0345312 -0 -0 -0.000952651 0.00221973 -4.44886e-05 0.00718535 -0.0100682 0.0168451 0.0119499 0.0075277 0.013324 -0 0.0521619 -0.0052065 0.0213614 -0 0.0381287 0.0279185 -0.0025596 -0.00911525 0.0351832 0.00148327 0.00980987 -0.0106608 -0 -0.00110681 -0.00563178 -0 0.000751445 -0 -0 -0.00332435 -0.0367922 -0 0.00631593 0.0188824 0.00896319 -0.00738482 -0 0.00394549 0.0148636 0.000497828 0.0036031 0.0270716 0.00287781 -0.0153501 -0 -0.0107047 -0 0.0312951 0.015057 0.00519674 0.00552279 -0.00950089 0.0047126 0.01292 0.00470094 -0 0.0147606 0.0073446 0.000861584 0.0128567 -0.00677288 -0 -0.0041899 0.00381279 0.00855951 0.0450836 0.000671148 -0 -0.0134251 0.00958561 -0 0.00969092 -0 -0.00509661 -0.000176574 -0 0.00739132 -0.0115564 -0 0.03146 0.00819032 -0 0.0138972 -0 0.00203905 -0 -0.00606164 0.000301922 0.00862709 -0.00655532 -0.00173873 0.00357576 0.0176845 -0.0133354 0.0100833 -0 0.0242538 -0 -0 -0 -0 -0 0.0106417 0.0135148 0.00815616 0.0190008 -0 0.00346915 0.0136455 -0 -0.00193795 -0 -0 0.0174858 -0.00353701 0.00386576 0.0081074 -0.00989136 0.00084786 0.0108091 0.0020641 0.0081216 -0 0.00725133 -0.010415 -0.000132438 -0.00199517 0.010361 0.116225 -0 0.0148814 -0.0104064 0.00614718 0.00294854 0.0120601 -0.00995675 0.0142624 0.0104665 -0.000587559 0.0251845 -0.00598926 -1.91384e-05 0.000139985 -0 -0 0.0160416 0.0216537 0.0433995 0.00154532 -0 -0 -0.0212772 0.0247583 0.0101023 0.0143538 -0.0155795 -0.00428705 0.000586205 -0 0.00540684
0.047715 0.0460168 0.0113038 0.00686313 0 -0.00487224 -0 -0 0.0147068 0.0305533 0.0508514 0.00522047 -0.00193593 0.000245624 -0.0162977 0.0502516 -0.00367832 0.0159179 -0 0.00680987 -0 -0.0264976 0.0508032 0.0498196 -0 -0.00443768 0.00578175 0.00496111 0.00236927 -0 -0 -0 -0 0.000231399 -0 -0 0.0172862 0.00444087 -0 -0 -0.00752979 0.00018986 0.00402109 -0 0.00296492 -0.000137897 -0 -0.00656679 -0 0.00146903 -0.00262437 0.00334608 -0 -0.00809262 -0 -0 0.00339554 -0 -0.00486262 -0 -0.000926081 -0 -0.00307655 -0 -0 -0 -0.0131523 -0.00569775 -0.000654632 -0.00068491 0.000458393 0.00588128 -0.00915892 0.00227579 -0.000530463 -0 -0 -0 -0 -0 0.00970584 0.0133559 0.00379674 -0 -0.00122121 -0.00270077 0.0300738 0.00404911 0.00663141 -0 -0 -0.0175191 0.000104373 -0.00640018 0.00184069 -0 -0 -0 -0 0.00622091 -0.00714246 -0 0.00801224 0.00608689 -0.00293312 0.00104319 -0 0.0334733 0.00380485 -0.00247702 -0 -0 -0.00143301 -0.0185281 -0 0.00221126 -0.00633088 -0 0.000447898 0.013495 0.00217251 -0 0.00506895 -0.00348492 -0 0.00932727 -0 -0 0.0141988 -0 -0 0.00567423 -0 -0 -0 0.0035483 0.00151333 -0 -0.00175097 0.000517019 -0.0043836 -0 -0 0.000676516 0.00617244 -0 -0 -0.00254612 0.00142478 -0 -0 0.00368838 -0 -0 -0.015954 0.00564209 0.011106 -0 -0.00747782 0.00339087 -0 0.00349049 0.000196073 -0.00217049 -0 -0.000443808 -0 -0.00314558 0.00698486 0.00801289 -0 -0 0.00287693 -0 -0.0189911 -0 -0 0.0040895 -0.00441811 -0.00792612 -0 0.00548567 0.00119186
-0.010134 -0.0296212 -0 -0.00172779 -0.00487224 0 -0.00640362 -0 -0.0228535 -0.0370213 -0.0135778 -0 0.176553 -0 0.0187174 -0 0.189497 -0.00323837 -0 -0 0.0148062 0.0373398 -0.010711 -0.00973601 0.0383951 0.00246242 -0.0401571 -0.0125109 -0.00160828 -0.0522835 0.0476871 -5.71376e-06 -0 -0.000711688 -0 0.00986762 -0.0393349 0.0041767 1.81646e-05 0.00401372 -4.1575e-05 0.0346424 -0.00667331 0.00558187 -0.00385289 0.0813403 -0.000104303 -0.00942079 0.00646686 -0.0556114 0.00856249 -0.0131929 -0 -0.00173487 -0 -0.00440943 -0.00965878 0.00164955 0.0313341 0.0192093 0.0767267 0.0325986 0.00702102 -0 0.0235107 -0.0309762 -0.00472409 0.0184544 -0 0.00156554 -0.0784091 -0 0.038775 0.0227098 -0 -0 -0.00285281 -0.0147475 -0.0329032 1.72334e-05 -0.0198474 -0.0147292 -0.0126406 -0 0.177588 -4.39947e-05 -0 -0.0202284 -0.0398132 0.00877738 -0.00033751 0.0124903 -0 0.0121696 -0.0048199 0.00608503 -0.00505375 -0.00951929 -0.046883 0.00615095 0.00533023 -0 -0 -0.00353419 0.000876589 -0.0145402 -0 -0.0520395 -0.0169517 0.0107437 -0.0384069 0.0310114 -0.0134191 0.0285192 -0.0136831 0.032958 -0.000504328 -0 -0.0275656 0.00192598 -0.0139278 -0.0245074 -0.0120831 0.00782147 -0 -0.0255599 -0.00424577 0.000965304 8.54552e-06 -0.00418919 -0 -0.00244678 -0.0687333 -0 -0 -0.00791409 -0.00721501 -0.00858328 -0.0109097 -0.000923855 0.00494074 -0.00757602 -0 -0.00510689 -0.0265694 -0 -0 -0 -0.00771539 -0.0010735 -0 -0.00526676 -0.0126888 0.00406422 0.00797914 -0.0154729 -0.0160382 -0.0762002 0.00617389 0.025317 0.00421191 0.00197812 -0 -0 -0 -0 -0 0.00409973 -0.0117027 -0.0114401 -0 -0.0172005 -0.00804171 -0.0208511 0.0068157 0.0204409 0.0448156 2.1173e-05 0.00631703 0.00666069 0.0117493 -0.00340611 -0.00308454
-0 -0 -0.0206188 -0 -0 -0.00640362 0 -0.00919568 -0 0.0284087 -0 -0.00629168 -0.00447579 -0 -0.0565917 -0 -0.000218921 -0 -0.00213243 -0 -0 0.0113043 -0 -0 -0 -0.00195228 0.0284378 -0.000839315 -0 -0 -0.000122529 -0.00408621 -0 -0.00139436 -0 -0 -0 -0 -0.00528602 -0 -0 -0.00820572 -0 -0.00195105 -0 -0.0173724 -0 -0.00085159 -0 -0 -0 -0 -0 0.0196051 -0 -0.00767566 -0.000184916 -0.0232101 -0 -0.000934242 -0.000323193 -0.00239457 -0.036189 -4.5942e-05 -0.0125842 -0.00265598 -0 -0.0270859 -0 -0.000465797 -0 -0.00150582 -0.0143353 -0.00289426 -0.000167811 -0.00631319 -0.010001 -0 -0 -3.40721e-05 -0 -0 -0 0.000333583 -0.00105651 -0 -0 -0 -0 -0.00154588 -0.00654609 -0 -0 -0.00080024 -0 -0 0.00245908 -0 -0 -0.000373701 -0 -0 -0 -0.00778548 -0 -0 -0 -0 0.0133181 -0 -0 -0.00347673 -0 -0 0.0254224 -0 -0 -0 -0 -0.00210184 0.0165568 -0 -0 -0 -0.00378249 -0 -0.000525986 -0 -0 -0 -0.00123527 -0.000523474 -0 0.000587546 -0 0.000450369 -0.00787015 0.000151447 -0 -0 -0 -0.0165066 -0.0129506 -0 -0 -0.011156 -0 -0 -0.000662562 -0 -0 -0 -0 -0 -0 -0 -0 -0 -0 -0.000557838 -0.000665945 -0 -0.00278077 -0 -0.000296236 -0 2.94344e-05 -0.000666064 -0 -0.000576898 -0 -0 -0 -0 -0 -0.000507347 -0.00233413 -0.000904142 -0 -0 -0.00167253 0.00516689 -0.0113116
0.00566624 0.00769902 0.050863 0.0147374 -0 -0 -0.00919568 0 0.0044949 -0 0.000371684 0.0440901 -0 0.00244609 -0.00651356 -0.0354214 -0 -0 0.0384577 0.00696628 0.00617069 -0 -0 0.00178562 0.00535978 0.0113626 -0.00374735 0.0135768 0.00669533 -0.00565199 0.0119882 0.0487409 -0 0.0125568 -0.0109513 0.00482865 0.00595068 0.0147475 0.0121835 -0 -0 0.00258852 -0.0105339 0.0287454 0.00180773 -0 -0 0.00115281 -0 0.00617253 0.00251411 -0.00888233 -0.0105236 0.00180469 -0 0.0195991 0.0166487 0.022629 -0.00109483 -0 0.00394086 0.0256361 0.0111795 0.0175545 0.0133398 0.00891999 -0.00714093 0.0112855 -0.00770672 0.00685994 0.01923 0.0664929 0.00412587 0.00388044 0.00109117 0.019924 0.020529 0.00985907 0.00734267 0.0139581 0.000130876 -0 -0.00168624 -0.0105876 0.000214873 0.004671 0.00433161 0.00775928 0.0196851 0.0068144 -0.000491272 0.0101444 0.0133921 0.0034514 0.0153032 0.00166869 -0.0342927 2.12916e-05 0.00198232 0.00527995 0.00209955 -0 0.0116609 0.0030572 0.00810998 0.00380265 0.00385372 0.00241766 0.00327406 0.00270379 0.0305949 0.00348672 -0 0.00285745 0.016449 0.00812398 0.00158886 0.0126814 -0 0.0181092 -0.0110066 0.00266457 -0.0133026 0.00623192 -0 0.0146743 0.0255034 0.0108984 0.00853931 0.00169967 0.0103436 0.00636161 0.0122136 -0.00927123 -0 -0.00654828 0.0307563 -0.0166147 0.000990324 0.00561449 -0.0109404 0.0031224 0.0170719 0.000544308 0.00805095 -0.00091661 0.0155251 -0.0105309 0.00720486 -4.16482e-05 0.0149508 0.0110163 0.0018362 0.0307816 -0.00337578 -0 0.00700487 0.0178632 0.00114009 0.0102509 0.0165861 -0 0.00756594 -3.31569e-05 0.00776363 0.00167518 0.00486567 0.0104256 0.0062946 0.0174717 0.00834987 0.0188326 -0.00826948 0.00130515 -0.00569984 0.0108884 0.00201551 0.00962811 0.00568465 -0.0102164 0.0148086 -0.000745782 0.00244728
0.0194947 0.00754794 0.00788615 7.27357e-05 0.0147068 -0.0228535 -0 0.0044949 0 0.00393943 0.0797996 0.00697436 -0.00227635 -0.010088 -0.0124523 -0 -0.019306 0.0197086 -0.00824842 0.069278 -0.0163754 -0.0406381 0.0368609 0.0373265 0.00331359 -0 0.017686 0.0283088 7.78058e-05 0.00440821 0.00278827 -0.0112202 0.00247389 0.0057853 -0.0010983 -0 0.00046653 0.0184054 0.00213616 -0 -0.00958053 0.0076914 0.00383112 0.00181792 0.0147652 -0 -0 -0.0160975 0.00189642 0.0141035 -0.0111509 0.010222 -0.00354964 -0.00314658 -0.00418247 0.00229595 0.00525477 0.00705337 -0 -0 -0.0078296 -0 -0 0.0031234 0.00465238 2.71787e-05 -0.00279131 -0 -0.0158525 -0 0.0133461 0.00672693 -2.9029e-05 0.0393817 -0.000314968 0.00287734 0.00954646 0.000942568 0.00426708 -0.0022299 0.0333179 0.0175533 0.0123052 -0.0124993 -0.0155877 -0.0122031 0.0228431 0.0383971 0.0113487 0.0292187 -0 -0.00596122 0.00080361 -0 0.0152137 -0 -0.00174341 -0.0244851 -0 0.0266744 -0.0189688 -0 0.0152829 0.170237 -0 0.005319 -0 0.0297102 0.0108472 -0.0250821 0.0042678 0.000416393 -0 -0.00908171 0.00115233 0.00158019 -0.00429337 0.0026665 0.011708 0.00556689 0.00819533 -0.00634136 0.000272481 -6.62697e-05 -0 0.0173287 0.00550055 0.0123269 0.0266345 0.00310718 0.0112967 0.00950308 -0 -0.000492425 -0 0.00507516 0.00374006 -0.000993786 0.0125915 0.00240887 -0.0123475 0.00327877 0.00913784 0.00762883 0.00762319 -0 0.00728359 -0.00444898 0.0115845 -0 0.00327163 0.00625083 0.00155472 -0.00558948 -0.00832923 0.00806566 0.0114809 -0.00277 -0.0154014 0.0135085 0.00265252 0.00944788 0.00125948 -0.0110609 0.000426169 -0.00137624 0.000670807 -0 0.00663953 0.0137036 0.00127448 0.00702719 0.0018873 0.000973886 -0.00645584 -0 -0 0.00986682 -0.00220162 -0.00866281 -0 -0 0.00631806
0.0154617 0.00951658 -0.000409262 0.00339788 0.0305533 -0.0370213 0.0284087 -0 0.00393943 0 -3.04843e-05 0.00703073 -0.0297094 -0.00267233 -0.020002 0.0142156 -0.0134875 0.00198543 -0.00430957 -0.0108046 0.00398737 -0.0378986 0.0197995 0.0015096 -0.0254631 -0.00839416 -0 -0 0.00196471 -0 -0.0095331 -0 -0 0.000289466 -0 -0.00574541 4.97961e-05 0.00350711 -0 -0 -0.00774298 -0.00146951 0.0203823 -0.0010901 0.0250518 -0.0573043 -0 -0.0106772 -0 0.00378039 -0.0108662 0.0655224 -0 -0.000201039 -0.00415953 -8.6501e-05 -0 -0.0104412 -0.0127691 -0.0266714 -0.0275555 -0.00874116 -0.0146977 -0 -0 -0.00315462 -0.0119287 -0.0124042 -0 -0.00623201 0.0102461 -0 -0.00175394 -0 -0.00448442 0.00130766 -0 0.00172107 0.00034117 -0 0.00913089 0.0223043 0.00302698 -0 -0.0191955 -0.00543272 -0.000929526 -0 0.00736258 -0.00602087 -0 -0.0371136 -0 -0.00526808 -0 -0.0278853 0.00193542 -0.000308018 0.02682 0.0266206 -0.00787085 -0 -0 0.00103695 -0.00790323 0.00408542 -0.0132196 0.00430893 0.00202953 -0.00621375 0.0102081 -0 -0.00342642 -0.00815796 -0.00148558 -0 -0.00677029 -0 0.00370848 -0 0.0107379 -0.00100547 0.0278654 -0.0226074 -0 0.0156617 -0 -0 -0 0.0103711 -0.00294796 0.0104716 0.0208265 0.000785324 -0 0.0147734 -0 -0.00563331 0.0063289 -0 -0.00665317 0.000206424 0.00165555 0.00885289 -0 -0 -0.00272777 -0 0.0272215 0.000667747 -0.00185988 0.00201394 -0 -0.00474399 -0.0103365 0.0268939 -0 0.00522823 -0.0087856 -0.000245682 -0.00403569 0.0185178 -0 -0.00586737 -0.00384982 -0.0138533 -0 -0.00924209 0.00459158 0.0130508 -0 0.00390826 0.016514 -0 -0.0107225 -0.000860078 -0 0.00490225 -0.00892857 -0.0168615 -0.0055827 0.032261 0.00913033
0.0163807 0.01125 0.00626364 0.014373 0.0508514 -0.0135778 -0 0.000371684 0.0797996 -3.04843e-05 0 0.000964806 -0.00128405 0.0091748 -0.0184439 0.0244666 -0.00347338 0.0246597 0.00947046 0.0245223 0.0167244 -0.00362282 0.025689 0.0211395 0.0447524 -0.0374339 0.0728866 0.00641349 0.00901588 0.0218207 0.0189786 -0 0.027353 0.00744015 -0.0137131 0.0109797 0.0272538 0.00501464 0.000417292 -0 -0.0224344 0.0104687 0.0129595 0.0079503 0.00788971 -0.00289177 -7.0921e-05 -0.0179023 0.0264507 0.00173089 -0.0023063 0.0103933 -0.000491053 -0.0194008 -0 -3.68094e-05 0.00542583 0.00321616 -0.00780159 -0 -0 -0 -0.00179491 -0 0.00606515 0.000256196 -0.00570949 -0.0224244 -0.00801916 -0.00641587 -0.00384836 0.0165747 -0.030044 0.0127959 -0.000134893 -4.919e-05 0.000539484 -0 -0 0.00945515 0.0567316 0.0416449 0.0165909 0.00873764 -0.00514289 -0.0329436 0.0305133 0.0407977 0.0190412 0.0172426 -1.28798e-05 -0.009734 -0.00120396 -0.0221731 0.0231205 0.021532 -0 -0.000261335 -0.010353 0.0206547 -0.00851395 -0 0.0578503 0.0424044 -0 0.00651173 -0 0.0480759 0.00880244 -0.0255211 -3.26565e-05 -0 -0 -0.0257088 0.0059997 0.0259226 -0.00251278 0.00830644 0.00627809 0.00435359 0.0264428 -0.00215575 0.00229005 -0.00162978 -0 0.0235192 -0.00374741 0.00885348 0.044941 -0.0133865 0.00332419 0.0187797 -0.0430503 -0 -0 0.0159189 0.00106598 -0 -0.0168769 0.00496359 -0.00444219 0.00252218 0.00244603 0.00291297 0.00614616 -1.09282e-05 0.0162883 -0.00277158 -0.0269902 -0.0217179 0.0185984 0.00992882 -7.49567e-06 0.00889139 -0.0113518 -0.0190424 0.0177164 -4.90216e-05 -0.0183419 0.0100745 0.00206045 -0.00382192 0.0109275 -0.014892 -0 -0 0.00382107 -0.00184848 0.035215 0.00626005 0.000536215 -0.0304168 -0 -0 -0.0126331 0.00211938 0.00256511 0.0103018 -0.00802213 -0.00690702 -0 0.00206361 -0.0153017
0.0021754 0.00539008 0.0155738 0.0134756 0.00522047 -0 -0.00629168 0.0440901 0.00697436 0.00703073 0.000964806 0 -0 0.00765159 -0.00853532 -0 -0 0.00693829 -0.0176504 0.00451094 0.00522542 -0 0.00823018 0.00082268 0.00317392 0.00814947 -7.81707e-05 0.00123391 0.00536011 -0.041092 0.00745136 0.0198314 -0 0.0210409 -0.0125249 0.00392088 -0 0.0247112 0.00590679 -0 -0.0042408 0.0186253 0.00305567 0.0144112 0.00585202 -0 -0.000426471 0.000174511 -0 0.00928714 -0 0.00328219 -0.00283865 -0.00472241 0.000394491 0.0308018 0.052674 0.0188348 -0 -0 -0 0.0231076 0.00646257 0.0482686 0.0208513 0.00556098 -0 0.00695008 -0.0106445 0.00382246 0.00979885 0.0109366 0.000485794 0.0155314 -0 0.0340207 0.0381125 0.0049239 0.0176032 0.00747616 0.00619381 -0 -0.00733459 -0.0157028 -0 0.0016252 0.00357363 0.00806169 0.0136762 -0.00401786 -0.00885901 -0.000586365 0.0102169 0.00274724 0.00175998 -0 -0.0119324 -0 -0 0.00516923 -0 -0 0.0109895 0.00504975 0.00656388 0.00375311 0.000362904 -0 0.000997214 -0 0.018625 0.0013316 -0 -0 0.00550399 0.0138276 -0 0.00496202 -0 0.0178695 -0.00430964 0.000812479 -0.00029439 0.00181582 -0 0.00927595 0.0267852 0.00743812 0.0240276 0.000652067 0.00429308 0.00681819 0.00271464 -0.00498809 -0 -0.00222443 0.0298165 -0.0111292 0.00139426 -0.000329617 -0.0163142 0.00236947 0.0308891 0.00322768 0.00912864 -0 0.00942282 -0.00806732 0.0125345 -0 0.00775613 0.0113673 0.0019901 0.0117617 -0.0336991 0.0122466 0.00524919 0.0171527 -0 0.0140068 0.0114528 0.00321574 0.00603393 -0 0.00472804 0.00320658 -0 0.000342839 0.023004 0.0556861 0.00999283 0.0325852 -0.00338701 0.00129812 -0 0.0054171 0.00268008 0.020643 0.00214233 -0.00749602 0.00335817 -0 0.00403456
-0.0078658 -0.0419872 -0 -0 -0.00193593 0.176553 -0.00447579 -0 -0.00227635 -0.0297094 -0.00128405 -0 0 -0 0.00370017 0.0109926 0.109731 -0.000317387 -0 -8.29011e-06 0.0350312 0.0111553 -0.00656353 -0.00692415 0.0397898 0.00392015 -0.015404 -0.00262023 -0 -0.00422331 0.075479 0.000292912 -0 -0 -0 0.00711271 -0.0303507 -0 0.00456252 -0 -0.026028 0.0267282 0.00544414 0.00541521 1.89526e-05 0.0720973 -0.0179237 -4.32687e-05 0.0221932 -0.0346186 0.00230874 -0.00572832 -0 -0.00302595 -0 -0.00679696 -0.0049054 -0.0032428 0.0254134 0.0203851 0.0900972 0.00530655 0.00296604 -0 0.0143718 -0 -0.00935687 0.015477 -0.000510434 0.000411014 -0.0591402 0.000387577 0.0224946 0.0250642 -4.0139e-05 -0 -0 -0.00512324 -0.0527554 0.0106583 -0.0028877 -0.00175844 -0.00539567 -0 0.114608 -0.0350222 -0 -0.0208458 -0.0103868 0.0312358 -0 0.00717889 -0 0.0209867 -0 0.0125789 0.000701856 -0.0112886 -0.0433264 0.0371096 0.00285898 -0 0.000618958 -0 0.00226089 -0.00020887 -0 -0.0140627 -0.010797 0.00195963 -0.064425 0.0321023 -0.0111259 0.00658003 0.00236219 0.00617476 0.000968375 0.00159176 -0.00617058 0.00243908 -0.00479156 -0.0122384 -0.01999 0.00183202 -0 -0.00405526 -0 0.00278779 0.0125132 -0.000909533 0.000675623 6.9046e-06 -0.0414191 -0 -0 -0.00376615 -0.00803755 -0.00437887 -0 -0 -0 -0.0032126 0.0098409 -0 -0.00206236 -0 0.00135065 -0 -0.00312686 -0.00532803 0.000721398 -0 -0.0229086 0.00348271 0.00371064 -0.000573538 -0.00865959 -0.0440615 0.00228683 0.0123273 0.00541339 2.44284e-05 -0 -0.0174966 -0 -0 -0 0.00371964 -0.00111996 -0.000342469 -0 -0.0251045 -0.00843023 -0.000817165 0.00283694 0.016059 0.029005 0.000569685 0.00314516 0.000781234 0.015978 -0.000674413 -0
-0 -0 0.00712247 0.0207647 0.000245624 -0 -0 0.00244609 -0.010088 -0.00267233 0.0091748 0.00765159 -0 0 -0.0117206 0.00135778 -0.000414324 -0 0.021525 -0 0.0349476 -0 -0 -0 -0 -0.00298541 -0 -0 0.047068 0.000366533 0.00383367 0.00896275 -0 0.0394864 -0.000299678 0.0541245 -0 0.00694891 0.0546351 -0.000146117 -0.00777465 0.0405287 0.0168196 -0 0.00199212 -2.10093e-05 -0 -0.00358816 -0 -0 -0.00204486 0.00118137 -0 -0.0110083 -0 -0 0.0208096 -0 -0.0194003 -0 0.00900928 -0 -0.000822962 -0 0.0206639 -0 -0.0326526 -0.00171809 -0.00472836 -0.00167275 0.00915818 0.00617207 0.0325605 0.00399548 -0.00291825 0.000849669 -0 0.0175438 -0.00223086 0.0179374 0.00159422 0.000429979 0.0354278 -0.00419527 -0 -0.00656298 -0 -0 0.00823503 -0.00856355 -0 -0.00885626 0.0322972 -0.000591531 0.00424043 -0 0.00254609 -0.00472906 -0 0.00556628 -0.0113473 -0 0.00619733 0.00187078 -0.0203705 0.00205935 -0.000795001 -0 -0 -0.00639395 -0 0.0329285 -0.00340197 -0.00331576 -0.000693719 0.00449944 -0.0115499 0.00750921 -0 0.00676714 0.00127585 -0.00126946 0.00212759 -0 -0 0.00108549 0.00592905 0.00513379 0.00197 -0.00556969 -0 0.00695938 -0 0.0027115 -0 0.000626143 0.025158 0.0188741 0.0119441 -0 -0.00153956 -0 0.00398141 -0 0.00234427 4.15993e-05 -0 -0.0045545 0.00448168 -0 -0 0.0244582 -0.00588813 0.00594103 -0.00559528 0.00780347 -0 -0 -0.0117152 0.0118716 0.00312127 -0.00133869 0.0011658 -0.00335576 -0.0111554 -0 -0.00766726 -0.00203249 0.0087176 0.00437723 0.00430102 -0 0.00709785 -0 -0.0118897 0.0126676 0.0263447 0.00933546 -0.00396247 -1.36586e-06 -0 -0 0.0124293
-0.00095762 -0.00924405 -0.00496516 -0.0174966 -0.0162977 0.0187174 -0.0565917 -0.00651356 -0.0124523 -0.020002 -0.0184439 -0.00853532 0.00370017 -0.0117206 0 -0.0243126 -0.00669796 -0.00156508 -0.013492 -0.0301853 -0 -0 -0.00222473 -0.00673871 -0 0.0073619 -0.00200134 -0 -0.00903538 -0 -0 -0.00407742 -0.0292636 -0.0150147 -0 -0 -0 -0.0171303 -0.00814274 -0 0.0126942 0.00434381 -0.00711485 -0 0.00758608 0.000966315 -0 0.00502277 -0 -0.00120697 0.00364759 -0.00905831 -0 0.0200625 -0 -0 -0.0192683 0.00220642 0.0113833 -0 0.000317563 -0 0.00478057 -0 -0.0015283 -0 0.0365975 0.00984872 -0 0.00682 -0.0104052 -0.00304652 -0 -0.0133961 0.00407485 -0 -0.00746431 -0.0212606 -0 -0.0110374 -0.00294772 -0.00790995 -0.0125588 -0 0.00314871 0.00455602 -0.0177917 -0.00384263 -0.0130391 0.00769153 0.0179259 0.0269446 -0.00298689 0.00367184 -0.00139536 -0 -0.00240216 -0 -0 0.018158 0.0143532 -0 -0.0288213 -0.0034885 0.00865324 -0.0107244 0.000234374 -0.0311135 -0.00115101 0.00984607 -0 -0.000380155 0.0104732 0.00418191 0.001093 -0.00102237 0.00698587 -0.0114337 -0.00202303 -0 -0.00411277 -0 -0.00843067 0.00266264 2.54032e-05 -0.0243936 -0.0060658 -0.00343385 -0.0159715 -0 -0 -0.0158175 -0 -0.0152033 -0 -0.00697407 -0.00232905 -0.00280311 -0.00236373 -0 -0 -0.000386749 -0 -0 -0.0161484 -0 -0 0.00220509 -0.00169578 -0 -0 -0.00879446 -0 -0.0227452 0.0536699 -0.00365431 -0.00253236 -0.00545345 0.0185528 -0.00249563 -0 0.00967343 -0 0.00352721 0.00445693 0.000404471 0.00101763 0.00393146 -0.00862192 -0.0114529 -0 -0.0229851 -0.00487758 -0 0.0286143 -0 -0.00235159 -0.00537249 0.003982 -0 0.00197584 1.63661e-05 0.000190645
-0 -0 -0 0.0106842 0.0502516 -0 -0 -0.0354214 -0 0.0142156 0.0244666 -0 0.0109926 0.00135778 -0.0243126 0 -0 -0.00644857 -0 -0 -0 -0.0370958 -0 -0 -0 2.95204e-05 -0 -0.0915155 -0 0.0148147 -0.0361104 -0 0.00420723 -0 -0 -0 -0 -0 -0 -0.00823097 -0 0.00581537 0.0032427 -0.00154342 0.0136286 -0 -0.0740558 3.48835e-05 -0 -7.90645e-05 -0.000657668 0.0297557 -0 -0.00845104 -0 -0 0.000534269 0.026217 -0.00432991 -0 -0 -0 -0 -0.00134234 -0 0.0677355 -0.004848 3.18722e-05 -0.00407693 -0.00523048 0.000125499 -0.0505721 -0 0.0172694 -0.00192211 -0.0369296 0.0108963 -0 -0.0634871 0.0244793 -0 8.08459e-05 -3.69911e-05 -0.00034355 -0 -0.00554742 0.0276038 -0 0.000285651 0.0322754 0.000104529 -0.0212368 -0 -0 -0.0175405 -0 0.000130814 -0.000192557 -0 0.00897188 -0.00263435 -0 -0 0.0109311 -0.00194562 -0 -0 0.0135922 -0.0654977 -0.00585467 -0.0146619 0.0020549 -0.047463 -0.0354591 -0.000266994 -0 -0 0.0106835 -0 0.015111 0.0169046 0.00803893 0.00205257 2.365e-05 -0 0.0517143 -0 -0 0.0023668 -0.0102182 2.12375e-05 0.0525954 -0 0.000407747 -0 0.00474177 0.00176041 -0 0.00912514 -0 -0 0.000518267 0.0325531 0.000647276 0.0016513 0.0106929 -0 -0 0.00881052 -0.0245718 1.83148e-05 0.00585396 -0.0507356 -0 -0.00630441 0.0100598 -0 -0 -0.00512381 -0 -0 0.0139823 -0 -0.00242669 -0 -0 -0.0581263 -0.00262673 0.0015938 0.00311073 -0 -0.00223297 -0 -0 -0.00300864 -0 0.00774215 0.0180965 -0.0148921 -0 -3.08927e-05 0.003365 0.0111643
-0.00561185 -0.016226 -0 -0.00459163 -0.00367832 0.189497 -0.000218921 -0 -0.019306 -0.0134875 -0.00347338 -0 0.109731 -0.000414324 -0.00669796 -0 0 -0.00255037 -0 -0 2.91905e-05 0.0159299 -0.00992682 -0.00606682 0.0147363 0.00174691 -0.0468155 -0.00541721 -0.00332443 -0.0284752 0.00853415 -0 3.69614e-06 -0.00243129 -0 -0 -0.0196873 -0 -0 -0 0.00145539 3.80772e-05 -0.00490406 0.00358522 -0.00541062 0.063498 -0 -0.000664378 0.00691611 -0.0259472 0.00189744 -0.00970502 -0 -0.00424055 -0 -0 -0.00858289 -0 0.0171865 0.029715 0.03413 0.0279061 0.0052841 -0 0.0057334 -0 -0.00623699 0.0103975 -0 -0 -0.0564736 -0 0.0130203 0.0356074 0.000272395 -0 -0 -0.00390595 -0.0201791 -0 -0.00919886 -0.0064648 -0.00774116 -0 0.126304 -4.68346e-05 -0 -0.0235254 -0.00952094 0.00458431 -0 0.0075193 -0 0.00680478 -0.00570818 0.00215664 -0.00347443 -0.00814472 -0.0185864 -0.00403381 0.00371985 -0 1.47212e-05 -0.00172885 0.00577392 -0.0170805 -0 -0.0201581 -0.0164029 0.00576292 -0.0241555 -0 -0.000684461 0.0253677 -0 0.0103067 0.00134366 -0 -0.0115906 0.00248044 -0.0120711 -0.0042246 -0.0127443 0.00198564 -0 -0.0164689 -0.00277201 -0 0.019496 -0 -0 -0.0032951 -0.0250197 -0 -0 -0.0105171 -0.00588177 -0.00392794 -0.00319229 -0 -0 -0 -0 -0.00195016 -0.0103226 -0 -0 -0 -0.00231426 -0 -0 -0.00464344 -0.0056435 0.001817 0.00394254 -0.00615846 -0.00815288 -0.0510265 0.00409367 0.00652269 0.00124062 -0.000474734 -0 0.0010963 -0 -0 -0 0.00209827 -0.0114046 -0.00663186 -0 -0.0115943 -0.00523881 -0.0120715 0.00735617 0.0010925 0.00622671 -0 0.00520098 0.00104922 0.0103882 -0.00279549 -0.00174632
0.00651689 0.0255466 -0 -0 0.0159179 -0.00323837 -0 -0 0.0197086 0.00198543 0.0246597 0.00693829 -0.000317387 -0 -0.00156508 -0.00644857 -0.00255037 0 -0.0245007 0.0172404 -0 -0 0.0498611 0.0245366 -0 -0 0.0044729 0.0265369 -0 -0 -0 -0 -0 -0 -0.000143622 -0 0.000707249 -0 -0 -0 -0.000199134 -0 -0 -0 0.000458999 -0 -0 -0 -0 0.0148321 -0 0.00291454 -0 -0 -0 -0 0.00254428 -0 -0 -0 -0.00011819 -0 -0.0186355 -0 8.18973e-05 -0 -0 -0 -0.00100244 -0 0.00129621 0.00279617 -0.0164446 0.00309135 -0 0.0222123 -0 -0 0.0132254 -0 0.0346661 -0 -0 -0.000597019 -0.000202779 -0 0.00397221 0.0230477 -0 -0 -0 -0 -0 -0 0.00233506 -0 -0.00288984 -0 -0 0.00179956 -0 -0 0.00353785 0.00878624 -0 -0 -0 0.0181912 0.0376999 -0 0.00142099 -0 -0 -0 0.000341336 0.00174844 -0 -0 -0 -0 -0 -0 -0 -0 -0 -0 0.000438065 -0 0.00382691 0.0119813 -0 -0 -0 -0 -0 -0 -0 -0.000266592 -0 -0 -0.00625121 -0 -0 -0 -0 -0 0.000238925 -0.000243021 -0 -0 -0 -0 0.00190124 -0 -0.000196069 -0 0.0228374 -0 -0.000194182 -0 -0 -0 -0 -0 0.00107959 -0.00395938 0.00405926 -0 0.00874125 0.000283059 -0 -0 -0 -0 -0 -0 -1.37564e-05 -0 -0 -0.00823838 -0 -0 -0
-0 0.00749117 0.0202684 0.0225675 -0 -0 -0.00213243 0.0384577 -0.00824842 -0.00430957 0.00947046 -0.0176504 -0 0.021525 -0.013492 -0 -0 -0.0245007 0 -0.00246818 0.0294931 0.000172028 -1.18525e-05 0.00077389 0.0108401 0.0137545 0.00857776 0.00685405 0.0103694 0.0456565 0.0137098 0.0252943 -0 0.0196777 -0.00406606 0.0336681 0.00177179 0.00712877 0.0330091 -0 -0 2.69491e-05 -0.00613684 0.0243279 0.00187471 -0 -0 0.00139025 -0 0.00520815 0.00321916 -0.0124675 -0.00309692 0.00979329 0.00142483 -0.011155 0.00772987 0.0239645 0.0119727 -0 0.00848437 0.0192849 0.0165293 0.00429132 0.0148003 0.00952867 0.00887573 0.010724 -0.00750839 0.00751078 0.0179488 0.025146 0.0212614 0.00149402 0.00244125 -0 -0.00271239 0.00811645 -2.44531e-05 0.0193373 -0 -0 -0.00257756 -0.00853116 -0 0.00678051 0.0039254 0.00839237 0.0124612 0.00874146 -0 0.0110483 0.0208449 0.00364751 0.0163989 0.00165083 -0.0186145 -0 -0 -0 0.00383179 -0 0.0133349 -0.0103369 0.0146735 0.00729298 0.00471929 -0 -0 0.00296506 -1.53834e-05 0.00261306 -0 0.00414477 0.0194721 0.0116278 0.00799142 0.0120658 -0.00080122 0.0209627 -0.00963468 0.00229706 -0.0138038 0.00545356 -0 0.0131506 0.0111873 0.0294255 0.00735302 -0 0.0133352 0.016009 -0 -0.00822796 -0 -0.00637948 0.0188816 -0.0159605 -0 0.0139795 -0.00783658 -0 0.0152406 -0 0.00543811 -0 0.0155933 -0.00752685 -0 -0.0217799 0.0221487 0.0181876 -0 0.031757 0.00618169 -0 0.0124966 0.010823 0.0029879 0.0169192 0.0350982 -0 0.00894082 -0 0.00527789 0.0159851 0.00416874 0.0132953 0.00566559 -0.0106522 0.00723338 -0 -0.0109583 0.00127421 0.00941546 0.00776131 0.00411159 0.00250982 0.00668143 -0.00439409 0.00532177 -0 0.00169892
0.0372923 0.0218646 0.00738907 0.00192033 0.00680987 -0 -0 0.00696628 0.069278 -0.0108046 0.0245223 0.00451094 -8.29011e-06 -0 -0.0301853 -0 -0 0.0172404 -0.00246818 0 -0 -0.000348122 0.0012111 0.0283908 0.00808802 0.00292369 0.00567793 0.0508629 -0 0.00395663 0.00237975 0.00526909 -0 -0 -0.00168403 -0 0.00330359 0.0260278 0.00208109 -0 -0.00599055 0.00128836 -0.00164848 0.0118875 0.0070832 -0 -0 -0 -0 0.00704484 -0 -0.000422749 -0.0201926 5.62698e-05 -0 -0 0.00327945 0.00646574 0.00163431 -0 -0 0.00402659 0.000273504 0.00206541 0.00427103 0.0132181 0.00222069 0.00228747 -0.00355642 0.000535298 -0.00323471 0.00438606 0.000391871 0.0213265 0.00571101 0.016256 0.00754055 -0 0.0062974 0.000441031 0.00580328 0.00929095 -0 -0.00697487 -0 -0 0.00675148 0.0140448 0.00352824 0.00424257 -0 0.00124165 -4.39376e-05 -0 0.00446747 0.00567973 -0.00833276 -0 -0.0221244 0.0107323 -0 -0 0.00616764 0.0376748 0.00466493 0.0010737 0.00728991 0.0305095 0.00603987 -0 0.00194909 -0 -0 0.00040023 0.00537434 0.00170195 9.46401e-05 -0.000544825 0.00438714 0.00416316 -0.00064862 0.00134089 -0.00237819 -0 -0 -0.00523626 0.00175304 0.000464231 0.00455567 0.0205249 0.00340719 0.00169721 -0 -0.012154 -0 -0.000436514 0.000300133 -0.00500869 0.00214954 0.00232025 -0.0106746 0.0171394 0.00756855 0.00384199 0.0111489 -0 0.0151976 -0.00573141 0.00615671 -0 0.00498968 0.00197543 0.00174431 0.00497494 -0 0.00919566 0.0278867 -0.014611 -0 0.00288463 0.00828648 0.0045746 0.00180845 -0 0.00293265 0.000318484 0.0121098 0.00137072 0.00128378 0.00316833 -0 0.00263605 -0.00179266 -0 0.000627591 0.000666136 -0 0.000416459 -0 -0.0239067 0.000724196 -0 0.0038187
-0 0.00198287 0.00597175 0.0345312 -0 0.0148062 -0 0.00617069 -0.0163754 0.00398737 0.0167244 0.00522542 0.0350312 0.0349476 -0 -0 2.91905e-05 -0 0.0294931 -0 0 -0 0.00157015 0.00180955 0.00648384 -0 0.00235093 0.0121231 0.0181698 0.016256 0.0432226 0.0056209 -0 0.0328748 -0.0117152 0.052686 -0 -0.000473455 0.0485704 -0 -0.0352851 0.0972295 0.0286076 -0.00271771 0.0103923 -0 -0.00868998 -0.0328003 -0 -0.0351892 -0 0.00182215 -0.00361595 -0.016352 -0.00121421 -4.33034e-05 0.00689622 0.00300356 -0.00143816 -0 0.0356096 -0 -0.00585345 -0 0.0273439 -0 -0.0102404 -0.00313001 -0.0256127 -0.0013868 0.00774689 0.0305271 0.0668574 -0.00489496 -0.0125162 0.0168487 -0 0.00755754 -0.00432722 0.053596 0.0126793 0.00515084 0.0144507 -0.00697458 0.00183353 -0.0072678 -5.00944e-05 -0.00150919 0.00331766 -0 -0 -0.00665362 0.0106226 -0.00109193 0.0133082 -0 -0 -0.00118043 -0 0.028377 -0.00304242 -0 0.0143499 -0.0202585 -0 0.0112766 -0.0262252 -4.40798e-05 -0 -0.00307698 -0.0156975 0.0237563 -0.0108268 -0 -0 0.0156172 -0.0107018 0.0398656 -0 0.0036391 -0 -0.00330478 -0 -0 -0 0.00381281 0.00257485 0.0261273 0.00501267 -0 0.000776031 0.0311859 -0.0017895 -0 -0 0.00106612 -0.00151799 -0 0.00944267 0.0237381 -0.00919614 0.000874097 0.010384 0.00782174 0.00126375 -0 -0 -0.00985916 0.00349685 -0.000599905 0.00306697 0.0225753 -0.0185296 0.0114403 -0.0015959 0.0207497 -0 0.000394082 -0.0249058 0.0154794 0.00685364 0.013179 0.0146201 -0.0247794 -0.015263 -0 -0 -0.00331409 0.0119365 -0.00811135 0.00365998 -3.4838e-05 -0 -0 -0.00925153 0.0182895 0.024131 0.0200168 -0.0101494 -0.00189617 -0 0.0160458 0.0107506
-0.0297757 -0.0242855 -0 -0 -0.0264976 0.0373398 0.0113043 -0 -0.0406381 -0.0378986 -0.00362282 -0 0.0111553 -0 -0 -0.0370958 0.0159299 -0 0.000172028 -0.000348122 -0 0 -0.00869439 -0.0200743 0.0411367 -0 -0 -0.00981412 -0.000461105 0.016465 0.0202859 -0 -0 -0 -0 -0 -0.0016337 -0 -0 -0 -0 -0.000746412 -0.00550641 4.13766e-05 -0.00520235 0.00230114 -0 -0 -0 -0.00730745 0.00179295 -0.00800188 -0 0.00609679 0.000925676 -0 -0 -0 0.00660478 0.000275748 0.0356282 0.00311682 -0 -0 -0 -0.0161145 0.00639668 0.00125498 -0 -0 -0.00896163 -0 0.0022563 -0.000325933 -0 -0 -0.0117075 -0 -0.00172959 -0 -0.00440417 -0.000941615 -0.00552883 -0 0.0278973 0.00120926 -0.0214926 -0.00771319 -0 -0 -0 0.00605669 -0 -0 -0 -0 -7.54582e-05 -0 -0.00346624 -0.00363086 0.00152385 -0 -0.00135624 -0.034514 0.00116386 -0 -0 -0.00970908 -0 0.00189477 -0.00292736 -0 -0 0.00370571 -0 5.21756e-06 -0 -0 -0.00148569 -0 -0.00130888 -0.0101916 -0.00503416 0.00602832 -0 -0.0258852 -0 -0 -0 -0.00144387 -0.013324 -0.00543688 -0.00799919 -0 -0 -0.00354275 -0.000191136 -0.000802362 -0.00395522 -0 -0 -0.000467063 -0.00376232 -0.00122757 -0.00122393 -0 -0 -0 -0.00523231 -0 -0 -0.000289471 -0.000958277 0.000297148 0.0161548 -0.00657879 -0.00271749 -0.00423952 0.00338725 -0 -0 -0.00653613 -0.00113237 -0 -0 -0 -0 0.00149805 -0.0014321 -0.00549424 -0.00173559 -0.00577293 -0.00383925 -0 0.00282898 -0 -0 -3.84199e-05 0.00325668 -0 0.00474085 -0 -0.00770326
0.0248406 0.0433047 -0 -0 0.0508032 -0.010711 -0 -0 0.0368609 0.0197995 0.025689 0.00823018 -0.00656353 -0 -0.00222473 -0 -0.00992682 0.0498611 -1.18525e-05 0.0012111 0.00157015 -0.00869439 0 0.0236176 -0 -0.000618597 0.011807 0.0183885 -0 -0 -0 0.000423605 -0 -0 -0.000685729 -0 0.0126043 0.00405773 -0 -0 -0.0198896 -0 0.00223244 -0 0.00176763 -0.000183735 -0 -0.0102992 -0 0.00422593 -0.00173339 0.00511117 -0.000155317 -0.000761705 -0 -0 0.00319189 -0 -0.00375728 -0 -0.00259231 -0.000601791 -0.00867661 0.00146892 -0 -0 -0.00646538 -0.00334958 -0 -0 0.00307072 0.00158178 -0.0179971 0.000500358 -0.00964306 0.00464585 -0 -0 0.00227895 -0 0.00594319 0.00177329 0.00262674 -0 -0.00274764 -0.00138664 0.00155615 0.00431386 -0 -0 -0 -0.00428504 -0 -0.00260695 0.00692626 -0 -0 -0 0.00037794 0.0127944 -0.00223444 -0 0.00819101 0.00786192 -0.00209269 0.00596578 -0.000722313 0.00645092 0.0234375 -0.001277 0.000305031 -0 -0 -0.00133957 -0 -0 -0.00260596 -0 0.0031938 -0 0.00118954 -0 0.00160911 -0.000327266 -0 0.00437929 0.000898604 -0 0.0176704 0.00108681 -0 0.000710419 -0 -0 -0 0.00449845 -0 -0 -0 0.000533117 -0.000841752 -0 -0 0.00261024 4.87814e-05 -0 -0 1.34033e-07 0.000542037 -0 -0 0.000193455 0.000735027 -0 -0.0119934 0.00399879 0.0195222 -0 -0.00433662 -0 -0 0.00156565 -0 -0.00396806 -0 -0.0153425 0.00210505 -0.000644244 0.00371328 0.00422191 -0 0.00022947 0.00337061 -0 -0.0108174 -0 -0 -0 -0.00141288 -0.0131931 -0 0.000202723 0.000469814
0.0208225 0.0252086 0.00233982 -0.000952651 0.0498196 -0.00973601 -0 0.00178562 0.0373265 0.0015096 0.0211395 0.00082268 -0.00692415 -0 -0.00673871 -0 -0.00606682 0.0245366 0.00077389 0.0283908 0.00180955 -0.0200743 0.0236176 0 -0 -0 0.0323132 0.0179779 -0 0.0007412 0.00571829 0.000209175 -0 0.00137239 -0 -0 0.0159198 0.00858368 -0 -0 -0.00962273 -0 -0 0.00326029 0.00672313 -0.000390137 -0 -0.00333967 -0 0.00081937 -0 0.00609445 -0 -0 -0 -0 0.00169427 0.00129257 -0 -0 -0 -0 -0 -0 0.00177964 -0 -0.00781733 -0.00846378 -0.0045849 -0 0.00639574 0.00959161 -0 0.00569605 -0.00190198 0.00314727 -0 -0 -0 2.34901e-05 0.0146074 0.00323235 0.00257418 -0.000558937 -0.00329724 -0.00744071 0.0120498 0.0173218 0.00131678 -0 -0 -0 3.64959e-05 -0.00102635 0.0086446 -0 -0.000410208 -0 -0 0.0096216 -0 -0 0.00491217 0.0108297 -0 0.00144029 -0 0.0306338 0.0145345 -0.00131452 -0 -0 -0 -0 0.0019154 0.00261256 -0 0.000849738 -0 0.00045794 -0 -0 -0 -0 -0 0.00462015 -0 0.000917068 0.00456242 -0 -0 0.00880443 -0 -0 -0 0.00188166 -0 -0 0.000328369 0.0276365 -0.00977639 7.50753e-05 0.00189394 0.000762089 0.00208106 -0 0.00132479 -0.00185474 0.001946 -0 0.00163741 0.000846807 -0 0.00179629 -0.00372552 0.00205306 0.0137722 0.000475626 -0.00199749 0.00230887 9.3272e-05 0.00378192 0.000363718 -0.00740279 -0 -0 0.00190717 -0 0.00282301 0.00165737 -0 -0 -0 -0 -0.00278209 -0 -0 0.000844302 -0 -0.0135176 -0 -0 0.0034787
-0 -0 0.00415745 0.00221973 -0 0.0383951 -0 0.00535978 0.00331359 -0.0254631 0.0447524 0.00317392 0.0397898 -0 -0 -0 0.0147363 -0 0.0108401 0.00808802 0.00648384 0.0411367 -0 -0 0 -0.0184375 0.0112159 -0 -0 0.00625858 0.0468381 0.00340874 0.0207325 0.00191982 -0.000653134 0.00353897 -0.00932971 0.00121274 0.00158385 -0 -0.0489728 -0 -0.00461164 0.0115366 -0 0.00332455 -0.0192268 -0.0378485 0.0233861 -0.0122321 0.00175414 -0.00516124 -0 0.0075074 -0 -0 0.00120545 0.00723689 0.00973532 0.00866036 0.0778846 0.00763501 -0.0126642 2.41099e-05 0.0110153 0.00229691 0.00751287 0.00273117 -0.00307377 0.00296851 -0 0.0109223 -0 0.00127383 4.72227e-05 -0 0.00104424 -0 -0.0177701 0.00253871 -0 -0 -0.00615521 -0.0068273 0.0315189 -0 -0 0.00384042 -0 0.0120181 -0.0012897 0.0085463 0.00279599 0.00361061 0.0202595 0.0577296 -0.00681641 -0 -0.0117177 -0 0.00638657 0.000493805 0.00737625 -0 0.00810902 -0 0.000281843 -0 0.0158183 0.00119798 -0.00422082 0.00167294 -0 0.00256577 0.0272478 0.0117871 -0.00541337 0.00120892 -0.00421499 0.00687786 -0.00307382 -0.0127671 -0.00984764 0.00116856 -0.00040684 0.00190666 0.00200483 0.00709072 0.0145233 -0 0.00504795 -0 -0.00966011 0.00223794 -0 -0.00344394 -0 -0.00859107 -0.000158928 0.000903192 -0.00201139 -0 0.00152324 -0 -0 -0.00271152 0.00668347 -0.00195635 -0 -0.00486754 0.00584265 0.00129187 -0.00350533 0.00749132 0.00398784 -0.000644867 0.00101824 -7.34526e-05 0.00321048 0.0270815 0.00778008 -0 -0 -0 0.000773145 -0 0.00294629 0.00639605 0.000131775 -0 -0 -0.00909415 -0.0153625 -0 0.00592009 0.0141577 -0 0.000128487 0.00427927 -0.000867745 0.0394755 -0 -0
