0.912828 -0.0518954 -0.00837105 -0.00313961 -0.043554 0.00888409 0 -0.00513516 -0.0162484 -0.0130205 -0.0134566 -0.00190242 0.00687622 0 0.000809926 0 0.00496176 -0.00593245 0 -0.0322998 0 0.0260031 -0.0225865 -0.0190264 0 0 -0.00522803 -0.0207439 -0.000249694 -0.00855479 0 -0.00260616 0 -0.000322524 0.000874249 0 -0.00564234 -0.00357348 0 0 0.000673643 0 0 -0.00394854 -0.000863081 5.19138e-06 0 0 0 -0.0022758 0 0 0.000850217 0 0 -0.00168056 -0.00173837 -0.00446532 0 0 0.00736564 -0.000114179 0 -0.00504166 -0.000328867 -0.00172036 0 0 0.00371082 0 -0.0149767 -0.00637895 0.0145835 -3.70659e-05 0 -0.00395126 -0.00669478 0 -0.00244272 0 -0.0125254 -0.00397056 -0.0105299 0.00346247 0.00486448 0 -0.0342969 -0.00380396 -0.00798268 -0.000183856 0.00142838 0 -0.000372294 0 -0.00406361 0 0.00610601 0 -0.0246273 -0.004572 0 0 -0.0205844 -0.0110451 0 -0.00503739 0 -0.0376757 -0.00756303 0.00372469 -0.00291113 0 0 0.00195717 -0.0053664 0 0 0 -0.00988069 -0.00339622 0 0 0 0 0 -0.00273976 -0.00153245 0 -0.00545799 -0.022545 -0.0041585 0 -0.000493173 0.00240429 0 0 -0.00109661 0.00200819 -0.000774106 -0.00516434 0.00774218 -0.000719304 -0.0070159 -0.00692792 -0.00802069 0.00103898 -0.00413144 0.00570084 -0.000581286 0 -0.00244391 -0.00301898 -0.00221393 -0.000963173 0.00521388 -0.0019666 -0.0338158 -0.00318689 0 -0.00141062 -0.00113395 -0.00144235 -0.00491637 0 -0.00163751 0 -0.00598937 0 -0.00252944 -0.00617701 -0.000459437 -0.000621518 0 0 0 -0.00132504 0.0064018 -0.000965125 0 0.0220717 0 0 -0.00152789
-0.0518954 0.894677 -0.00680313 -0.00955894 -0.0415842 0.0257083 0 -0.00690769 -0.00622819 -0.00793393 -0.00914937 -0.00466661 0.0363381 0 0.00774021 0 0.0142029 -0.0230231 -0.0065984 -0.0187482 -0.00169656 0.0209966 -0.0389817 -0.022804 0 0.00084132 -0.0219017 -0.0394079 -0.00107772 -0.00747863 0 -0.0169759 0 -0.00321107 0.00987846 -0.000509282 -0.0371679 -0.00584826 -0.00143746 0 0 -0.000527481 0.00324599 -0.00738788 -0.00176069 0.00159738 0 0 0.000516678 -0.0149028 0 0.00113032 0.00620063 0 0 -0.00209844 -0.0080048 -0.00739866 0 0 0.0323906 -0.00316954 0 -0.00586909 -0.00159003 -0.00137574 -0.000148116 0 0.00781373 -0.000870315 -0.0151196 -0.026223 0.00876336 -0.000450039 0 -0.0062724 -0.00366677 -0.0010981 -0.0161722 -0.000755669 -0.00933281 -0.00180266 0 0.00872392 0.0186026 -2.23746e-05 -0.0101412 -0.0112491 -0.00379807 -0.000176609 0.00169102 0 -0.00173307 0 -0.00811765 0 0.0126161 -0.00870208 -0.0082454 -0.0023125 0 0 -0.00977912 -0.00250755 -0.00266574 -0.00394062 -0.00136495 -0.0160845 -0.0282422 0 -0.0100015 0 0 0 -0.00818747 -0.00305574 0 -0.00284127 -0.00396532 -0.00397444 0.000815578 -0.000273856 0.00148425 0 0 -0.00818956 -0.0055441 -0.00245326 -0.00917147 -0.0173901 -0.00261625 -0.00568262 -0.00104974 0.00741171 0 0 -0.00252911 0.0051245 0 -0.0065435 0.0120358 -0.00186546 -0.00615371 -0.00120366 -0.00603413 0.00166541 -0.00745654 0.00366224 -0.00120711 0 -0.00886112 -0.00516752 -0.014846 -0.00736078 0.00161732 -0.000670141 -0.0190232 -0.0143226 0 -0.00377713 -0.00373067 -0.000802405 -0.00358026 0 -0.00341081 0 -0.0146717 0.000886515 -0.00908949 -0.00602225 -0.000664047 -0.00256781 -4.33896e-05 0 0 0 1.83416e-05 -0.0025448 0 0.0232464 0 0 -0.000353762
-0.00837105 -0.00680313 0.903744 -0.0156609 -0.0102666 0 0.0182521 -0.0458659 -0.00654015 0.000342924 -0.00511982 -0.0135516 0 -0.00653892 0.00417843 0 0 0 -0.0179431 -0.00636793 -0.00513532 0 0 -0.00212733 -0.00370952 -0.00157382 0.00380466 -0.00922798 -0.00427733 -0.00978623 -0.0091785 -0.0376105 0 -0.0118752 0.00729904 -0.00517566 0 -0.0351143 -0.00613401 0 0 -0.00141603 0.00192756 -0.0136758 0.00355724 0 0.00011041 0 0 -0.00283196 0 0.00933409 0.00471582 -5.85696e-05 0 -0.00723211 -0.0100079 -0.0129845 0.00130903 0 -0.00450766 -0.0269704 -0.00717968 -0.0160346 -0.00597573 -0.00475115 0.0115928 -0.00540727 0.00577583 -0.00287128 -0.00720614 -0.013966 -0.00168817 -0.00232581 -0.000724068 -0.00352068 -0.00839017 -0.0100154 0 -0.00297841 0 -0.00408018 -0.00411057 0.0122089 -0.000601594 -0.000175562 -0.0035349 -0.00471309 -0.0252414 -0.00379206 0 -0.00144999 -0.00807374 -0.000852739 -0.00718147 -0.000958474 0.0111974 0 0 -0.000972141 0 0 -0.0278864 -0.00333841 -7.84153e-05 -0.0039336 -9.23569e-05 -0.000413292 0 0 -0.000766873 -0.005403 0 0 -0.00997591 -0.00578469 0 -0.00271551 0 -0.0301283 0.00528877 -0.000253502 0.00382029 -0.00103436 0 -0.00624962 -0.00967266 -0.00465751 -0.00740244 0 -0.0071182 -0.00509624 0 0.00496886 0 0.00288867 -0.0380317 0.00909678 0 -0.00380439 0.00715432 -0.000883174 -0.0103156 0 -0.0132454 8.75105e-05 -0.00963275 0.00833523 -0.000622974 0.00147746 -0.00903145 -0.0172682 0 -0.0171142 0 0 -0.00502024 -0.00906826 0.00210086 -0.0108074 -0.00982557 -0.000571699 -0.00660843 0 -0.00285127 -0.0169927 -0.0010271 -0.00150317 -0.00600798 -0.00899015 -0.00944476 -0.00256245 -0.0145593 0 -0.00222583 -0.0200954 -0.000393041 -0.00382235 -0.00199575 0.0079197 -0.00408128 0 -0.00180488
-0.00313961 -0.00955894 -0.0156609 0.90104 -0.00622405 0.00150487 0 -0.0132696 -6.02309e-05 -0.00284286 -0.0117308 -0.0117082 0 -0.0190349 0.0147022 -0.00851275 0.00403342 0 -0.0199485 -0.00165247 -0.0296501 0 0 0.000864838 -0.00197761 3.92098e-05 -0.00605576 0.00860357 -0.015399 -0.0100542 -0.00642241 -0.0118909 0 -0.0472372 0.00482237 -0.0194123 0 -0.0338497 -0.0253113 0.0023147 0.0079473 -0.0307733 -0.00133681 -0.00885447 0.00948871 0 0.000940112 0.00501986 0 -0.000657701 0 0 0.00306054 0.0330363 0 -0.00564429 -0.0170803 -0.00802848 0.00661043 0 -0.00346387 -0.0133299 -0.000447385 -0.00326444 -0.0246409 -0.00254925 0.0137694 0 0.00969616 0 -0.0279632 -0.0134728 -0.00465544 -0.00489596 0.00849906 -0.00412096 -0.0114968 -0.00433604 0 -0.0133037 -0.00661987 -0.000777047 -0.0115184 0.00601023 0 0.00378156 -0.00341151 -0.00775212 -0.0408162 -0.00060478 0 0.012246 -0.00874774 0 -0.00875273 0 0.00465648 0.000160213 0 -0.00666428 0.0106713 0 -0.0282338 -0.00732938 0 -0.0125308 0 -0.00184803 0 0.00556007 -0.000275365 -0.00780074 0.00595429 0.00157458 -0.00321854 -0.0160001 0.0121857 -0.00909097 0 -0.0219287 0 0 0 0 0 -0.00961772 -0.0123978 -0.00740654 -0.0171556 0 -0.00313734 -0.0123067 0 0.00175409 0 0 -0.0159388 0.00324883 -0.00352948 -0.00734323 0.00894651 -0.000769849 -0.00976107 -0.00190258 -0.00741319 0 -0.00662339 0.00960387 0.000119292 0.00182642 -0.00944626 -0.107789 0 -0.0134221 0.00962932 -0.00566779 -0.00270361 -0.0109035 0.0092799 -0.0129342 -0.0094659 0.000540343 -0.022866 0.0054259 1.74848e-05 -0.000127081 0 0 -0.0145521 -0.01969 -0.0394501 -0.00140324 0 0 0.0197149 -0.0228091 -0.00919975 -0.0130164 0.0145387 0.00389178 -0.000535494 0 -0.0049794
-0.043554 -0.0415842 -0.0102666 -0.00622405 0.912762 0.00427115 0 0 -0.0122573 -0.0257283 -0.0417722 -0.00456521 0.00169231 -0.000226623 0.0137836 -0.0402982 0.0032521 -0.0144898 0 -0.00589798 0 0.0231395 -0.0461916 -0.0455206 0 0.00393649 -0.0049044 -0.00426689 -0.0021799 0 0 0 0 -0.000210911 0 0 -0.0152835 -0.00396806 0 0 0.00660756 -0.00016714 -0.00364752 0 -0.00265604 0.000120787 0 0.00589123 0 -0.0012941 0.00246304 -0.00303685 0 0.00731361 0 0 -0.00309139 0 0.00438093 0 0.000818308 0 0.00278274 0 0 0 0.0118745 0.00514751 0.000596802 0.000633513 -0.000412245 -0.00529662 0.00825812 -0.00203057 0.000477605 0 0 0 0 0 -0.00880483 -0.0121236 -0.00342359 0 0.00110699 0.00245337 -0.0270831 -0.00369095 -0.00604263 0 0 0.016084 -9.58678e-05 0.00584042 -0.00167327 0 0 0 0 -0.00564536 0.00663822 0 -0.0072372 -0.00548238 0.00268648 -0.000946716 0 -0.0305341 -0.00338189 0.00228679 0 0 0.00131006 0.0168877 0 -0.00201362 0.00582258 0 -0.000410145 -0.0122805 -0.00200115 0 -0.00461299 0.00320392 0 -0.00848444 0 0 -0.012903 0 0 -0.00515069 0 0 0 -0.00331293 -0.00138838 0 0.00160902 -0.000471323 0.00399057 0 0 -0.000627619 -0.00567057 0 0 0.00236305 -0.00129167 0 0 -0.00344283 0 0 0.0148583 -0.00523582 -0.0102495 0 0.00701467 -0.00309502 0 -0.00323081 -0.000179177 0.00197908 0 0.00040551 0 0.00291207 -0.00637737 -0.00733348 0 0 -0.00263452 0 0.0177108 0 0 -0.00373252 0.00414968 0.00724199 0 -0.00511336 -0.00110475
0.00888409 0.0257083 0 0.00150487 0.00427115 0.841927 0.00547127 0 0.0182932 0.0299408 0.0107121 0 -0.148226 0 -0.0152034 0 -0.160907 0.00283115 0 0 -0.0122892 -0.0313168 0.00935322 0.00854373 -0.0330659 -0.00209785 0.0327151 0.0103343 0.00142117 0.0425217 -0.039328 4.92912e-06 0 0.000622997 0 -0.00866815 0.0334011 -0.00358428 -1.59189e-05 -0.00350861 3.50388e-05 -0.0292896 0.00581372 -0.00487018 0.00331488 -0.0684273 8.56381e-05 0.00811706 -0.00567798 0.0470501 -0.00771802 0.0114996 0 0.00150581 0 0.00380907 0.00844552 -0.00142824 -0.0271127 -0.0167541 -0.0651137 -0.0282597 -0.00609913 0 -0.0206858 0.0265243 0.00409628 -0.0160123 0 -0.00139073 0.0677239 0 -0.0335773 -0.0194606 0 0 0.00245388 0.013149 0.0278791 -1.50143e-05 0.0172922 0.0128408 0.010947 0 -0.154607 3.83826e-05 0 0.0177092 0.0348422 -0.00764556 0.000295199 -0.0110132 0 -0.0106656 0.00420807 -0.0053428 0.0044633 0.00834911 0.0400501 -0.00536091 -0.00475782 0 0 0.00305718 -0.000771098 0.0126732 0 0.0455909 0.0144709 -0.00952596 0.0338602 -0.0271055 0.0117821 -0.0249653 0.0119053 -0.0288242 0.000445475 0 0.0242428 -0.00168326 0.0123214 0.0214595 0.0105609 -0.00690614 0 0.0223298 0.00376493 -0.000847343 -7.45825e-06 0.00363981 0 0.00213311 0.0603486 0 0 0.00709662 0.0063573 0.00762094 0.00962841 0.000808863 -0.00431972 0.00664949 0 0.00455022 0.0234429 0 0 0 0.00671768 0.000949922 0 0.00472152 0.0111298 -0.00354338 -0.00713699 0.0137904 0.0142153 0.0665944 -0.00556224 -0.0221934 -0.00368217 -0.00175847 0 0 0 0 0 -0.00364516 0.010262 0.0100556 0 0.0150981 0.00707262 0.0186346 -0.00610457 -0.0182034 -0.0394503 -1.85598e-05 -0.00569835 -0.00584487 -0.0103748 0.00304926 0.00274593
0 0 0.0182521 0 0 0.00547127 0.867065 0.00812221 0 -0.0233158 0 0.00536247 0.00381336 0 0.0466483 0 0.000188646 0 0.00184908 0 0 -0.00962143 0 0 0 0.00168789 -0.023511 0.000703565 0 0 0.000102548 0.00357731 0 0.00123868 0 0 0 0 0.00470115 0 0 0.00704061 0 0.00172751 0 0.014831 0 0.000744612 0 0 0 0 0 -0.0172687 0 0.00672886 0.000164084 0.020394 0 0.000826909 0.00027834 0.00210661 0.0319031 4.08315e-05 0.0112363 0.00230796 0 0.0238498 0 0.000419919 0 0.00132174 0.0125976 0.00251693 0.000147259 0.00541552 0.00872997 0 0 3.01247e-05 0 0 0 -0.000290386 0.000933423 0 0 0 0 0.0013665 0.0058103 0 0 0.000711737 0 0 -0.00220396 0 0 0.000330529 0 0 0 0.00683448 0 0 0 0 -0.0115375 0 0 0.00308387 0 0 -0.0224471 0 0 0 0 0.00186418 -0.0148642 0 0 0 0.00339387 0 0.00047333 0 0 0 0.00109585 0.000463128 0 -0.000521682 0 -0.000409834 0.00703733 -0.00013646 0 0 0 0.0147026 0.0114723 0 0 0.00997059 0 0 0.000585432 0 0 0 0 0 0 0 0 0 0 0.000496259 0.000590815 0 0.00247671 0 0.000265489 0 -2.61521e-05 0.000600987 0 0.000514597 0 0 0 0 0 0.000458506 0.00208514 0.000804296 0 0 0.00149876 -0.00469411 0.0102191
-0.00513516 -0.00690769 -0.0458659 -0.0132696 0 0 0.00812221 0.899766 -0.0037195 0 -0.00030314 -0.0382806 0 -0.00224073 0.00546941 0.0282025 0 0 -0.0339707 -0.00599033 -0.0052947 0 0 -0.00161988 -0.00477177 -0.0100073 0.003156 -0.0115935 -0.0061162 0.00475198 -0.0102207 -0.0434679 0 -0.0113632 0.0101361 -0.00438498 -0.00522369 -0.0130832 -0.0110379 0 0 -0.00226247 0.00948703 -0.0259275 -0.00160784 0 0 -0.00102682 0 -0.00539867 -0.00234271 0.00800387 0.00968166 -0.00161932 0 -0.0175025 -0.0150491 -0.0202549 0.000979331 0 -0.00345736 -0.0229746 -0.0100396 -0.0158933 -0.0121334 -0.00789599 0.00640109 -0.0101228 0.00697573 -0.00629982 -0.0171705 -0.059455 -0.0036935 -0.00343758 -0.000975418 -0.0174104 -0.0182547 -0.00908736 -0.00643165 -0.0125716 -0.000117878 0 0.00150965 0.00938877 -0.000193386 -0.0042128 -0.00387299 -0.00702241 -0.0178092 -0.0061362 0.000444199 -0.00924686 -0.0122129 -0.00312704 -0.0138119 -0.00151464 0.0313091 -1.93051e-05 -0.00175061 -0.00475722 -0.00193738 0 -0.0104577 -0.0027339 -0.00737498 -0.00342633 -0.00350603 -0.00218962 -0.00288932 -0.00247831 -0.0278841 -0.00315051 0 -0.00258586 -0.0147953 -0.007345 -0.00145085 -0.0114253 0 -0.0163616 0.010066 -0.00241199 0.0120195 -0.00568849 0 -0.013253 -0.023379 -0.00988972 -0.00770458 -0.00152665 -0.0093476 -0.00573339 -0.0110859 0.00838571 0 0.00607024 -0.0280155 0.0152502 -0.000903538 -0.00508171 0.00988831 -0.00283311 -0.0154058 -0.000501358 -0.0073435 0.000834521 -0.0141706 0.00970389 -0.00648507 3.80986e-05 -0.0136212 -0.0102094 -0.001665 -0.0277433 0.00312148 0 -0.00641844 -0.0161387 -0.00106183 -0.00928965 -0.0149898 0 -0.00686456 3.00169e-05 -0.00708781 -0.00151969 -0.00440386 -0.00958276 -0.00570609 -0.0158761 -0.00758466 -0.017089 0.00751861 -0.00120581 0.00527759 -0.0100241 -0.00183414 -0.00872487 -0.00530112 0.0092679 -0.013518 0.000690199 -0.00225222
-0.0162484 -0.00622819 -0.00654015 -6.02309e-05 -0.0122573 0.0182932 0 -0.0037195 0.761027 -0.00302906 -0.0598559 -0.005569 0.00181699 0.00849879 0.00961629 0 0.0155858 -0.0163815 0.0067008 -0.0547874 0.0129222 0.0324042 -0.0306027 -0.031142 -0.00271311 0 -0.0136986 -0.0222319 -6.53668e-05 -0.00340856 -0.00218625 0.00920258 -0.00206794 -0.00481488 0.000934902 0 -0.000376639 -0.0150168 -0.00177985 0 0.0076766 -0.00618263 -0.00317323 -0.001508 -0.0120777 0 0 0.0131866 -0.00158306 -0.0113446 0.00955602 -0.00847122 0.00300334 0.00259659 0.00349139 -0.00188566 -0.00436838 -0.00580624 0 0 0.00631726 0 0 -0.00260068 -0.00389176 -2.21262e-05 0.00230114 0 0.0131963 0 -0.0109595 -0.00553179 2.38996e-05 -0.032085 0.000258941 -0.00231237 -0.00780703 -0.000799005 -0.00343743 0.00184707 -0.0275986 -0.0145492 -0.0101316 0.0101937 0.0129021 0.010122 -0.018784 -0.0319594 -0.00944253 -0.0241973 0 0.00499734 -0.000673984 0 -0.0126282 0 0.00146388 0.0204174 0 -0.0221032 0.0160977 0 -0.012605 -0.140006 0 -0.00440765 0 -0.0247465 -0.00880361 0.0211438 -0.00357723 -0.000346021 0 0.00755839 -0.000953226 -0.00131392 0.00360554 -0.00220942 -0.00978955 -0.00462567 -0.00689296 0.00527918 -0.000226424 5.56321e-05 0 -0.0143931 -0.00463736 -0.0102875 -0.0221007 -0.00256672 -0.00938892 -0.00787671 0 0.000409617 0 -0.00432676 -0.00313312 0.000838902 -0.0105653 -0.00200515 0.0102637 -0.00273603 -0.00758369 -0.00646245 -0.00639482 0 -0.00611416 0.0037703 -0.00958958 0 -0.00274127 -0.00532769 -0.00129652 0.00463313 0.00708316 -0.00683449 -0.00967478 0.00230157 0.0131921 -0.0112585 -0.00220468 -0.0079851 -0.00105094 0.00920914 -0.00035782 0.00114821 -0.000558372 0 -0.00553533 -0.0114519 -0.0010647 -0.00586441 -0.00157811 -0.000827489 0.00549744 0 0 -0.008223 0.00188818 0.00722732 0 0 -0.00534743
-0.0130205 -0.00793393 0.000342924 -0.00284286 -0.0257283 0.0299408 -0.0233158 0 -0.00302906 0.77687 2.31023e-05 -0.00567214 0.0239596 0.00227467 0.0156065 -0.0105171 0.0110012 -0.00166735 0.00353724 0.00863317 -0.0031791 0.0305328 -0.0166081 -0.00127252 0.0210646 0.00686951 0 0 -0.0016677 0 0.00755218 0 0 -0.000243406 0 0.0048481 -4.06177e-05 -0.00289104 0 0 0.00626847 0.00119347 -0.017057 0.000913628 -0.0207041 0.0463071 0 0.00883705 0 -0.00307235 0.00940846 -0.054862 0 0.000167617 0.00350819 7.17786e-05 0 0.00868404 0.0106133 0.0223456 0.0224631 0.00727905 0.0122646 0 0 0.00259477 0.00993578 0.0103385 0 0.00531797 -0.008501 0 0.00145897 0 0.0037249 -0.00106178 0 -0.00147404 -0.000277683 0 -0.00764181 -0.0186784 -0.00251812 0 0.0160529 0.00455289 0.000772268 0 -0.00618936 0.00503779 0 0.0314348 0 0.00443506 0 0.023519 -0.00164193 0.000259507 -0.0220081 -0.022287 0.00674871 0 0 -0.000861639 0.00667813 -0.00342048 0.0111754 -0.0036262 -0.00166423 0.00529232 -0.00864495 0 0.00288988 0.00685989 0.00124162 0 0.00574452 0 -0.00313292 0 -0.00912503 0.000845725 -0.0233951 0.019175 0 -0.0131432 0 0 0 -0.00865584 0.00247549 -0.00876932 -0.0175652 -0.000660026 0 -0.0127253 0 0.00480459 -0.00536546 0 0.00558764 -0.000174038 -0.0013882 -0.00757702 0 0 0.00231352 0 -0.0227673 -0.000567589 0.00157451 -0.00173429 0 0.00397303 0.00888113 -0.0230247 0 -0.00438908 0.00760325 0.000206881 0.00338906 -0.0158128 0 0.00493565 0.00326586 0.0116777 0 0.00789346 -0.0038676 -0.0110193 0 -0.00329534 -0.0139515 0 0.00922528 0.000735744 0 -0.00412784 0.00773669 0.0142131 0.00473535 -0.0277428 -0.00780769
-0.0134566 -0.00914937 -0.00511982 -0.0117308 -0.0417722 0.0107121 0 -0.00030314 -0.0598559 2.31023e-05 0.739284 -0.000759309 0.00101018 -0.00761825 0.0140383 -0.0176578 0.00276372 -0.0202019 -0.00758285 -0.0191141 -0.0130077 0.00284722 -0.0210206 -0.0173832 -0.0361152 0.0298844 -0.0556419 -0.00496425 -0.0074655 -0.0166296 -0.0146667 0 -0.0225356 -0.00610304 0.011505 -0.00903799 -0.021686 -0.00403252 -0.000342685 0 0.0177173 -0.00829404 -0.0105796 -0.00650005 -0.00636079 0.00227959 5.45651e-05 0.014454 -0.0217624 -0.00137225 0.001948 -0.0084892 0.0004095 0.0157793 0 2.97964e-05 -0.00444568 -0.00260941 0.00632566 0 0 0 0.00146109 0 -0.00500056 -0.000205568 0.00463914 0.0182323 0.00657945 0.00534077 0.00311472 -0.0134338 0.0243793 -0.010275 0.000109302 3.89626e-05 -0.000434838 0 0 -0.00771918 -0.0463169 -0.0340208 -0.0134638 -0.00702336 0.00419557 0.0269322 -0.0247302 -0.0334689 -0.015615 -0.0140739 1.05561e-05 0.00804268 0.000995225 0.0182098 -0.0189152 -0.0177157 0 0.000214784 0.00828751 -0.0168688 0.00712134 0 -0.0470272 -0.0343725 0 -0.00531837 0 -0.0394676 -0.00704129 0.0212043 2.69785e-05 0 0 0.0210887 -0.00489163 -0.0212443 0.00207985 -0.00678357 -0.00517383 -0.00356546 -0.0219206 0.00176884 -0.00187558 0.00134848 0 -0.0192539 0.00311387 -0.00728245 -0.0367545 0.0108989 -0.00272306 -0.0153417 0.0354196 0 0 -0.0133762 -0.000880144 0 0.0139574 -0.00407226 0.00363939 -0.00207439 -0.0020008 -0.00243209 -0.00508161 9.0187e-06 -0.0134764 0.00231499 0.0220209 0.0180082 -0.0153592 -0.00834074 6.1609e-06 -0.00726404 0.00951461 0.0159035 -0.0147145 4.01455e-05 0.0154847 -0.00827564 -0.00168793 0.00318371 -0.00898693 0.0122204 0 0 -0.00313485 0.00154008 -0.028936 -0.00515615 -0.000441506 0.0250185 0 0 0.0106029 -0.0017686 -0.00211591 -0.00846199 0.00678101 0.00567956 0 -0.00173113 0.0127646
-0.00190242 -0.00466661 -0.0135516 -0.0117082 -0.00456521 0 0.00536247 -0.0382806 -0.005569 -0.00567214 -0.000759309 0.837809 0 -0.00676358 0.00691592 0 0 -0.00605096 0.0150447 -0.00374304 -0.0043265 0 -0.00716927 -0.000720166 -0.0027267 -0.0069259 6.3528e-05 -0.00101674 -0.00472488 0.0333379 -0.00613016 -0.0170662 0 -0.0183737 0.0111864 -0.00343584 0 -0.0211542 -0.00516385 0 0.00356533 -0.0157088 -0.00265555 -0.012543 -0.00502253 0 0.000349298 -0.000149993 0 -0.00783815 0 -0.00285393 0.00252002 0.00408884 -0.000345521 -0.0265429 -0.0459447 -0.0162679 0 0 0 -0.0199829 -0.00560026 -0.0421693 -0.0183011 -0.00475008 0 -0.00601559 0.00929719 -0.00338734 -0.00844279 -0.00943632 -0.000419645 -0.0132767 0 -0.0286868 -0.0327027 -0.00437945 -0.0148788 -0.00649753 -0.00538319 0 0.00633638 0.0134368 0 -0.00141441 -0.00308329 -0.00704042 -0.0119393 0.0034912 0.00772945 0.000515757 -0.00899075 -0.00240183 -0.0015328 0 0.0105125 0 0 -0.00449425 0 0 -0.00951021 -0.0043575 -0.00575983 -0.00326318 -0.000318592 0 -0.000849191 0 -0.0163799 -0.00116104 0 0 -0.00477715 -0.0120636 0 -0.00431388 0 -0.0155793 0.00380323 -0.000709689 0.000256673 -0.0015994 0 -0.00808389 -0.0236936 -0.00651319 -0.0209191 -0.000565166 -0.00374375 -0.00592955 -0.00237764 0.00435356 0 0.00198978 -0.0262076 0.00985722 -0.0012275 0.000287883 0.0142286 -0.00207459 -0.0268977 -0.00286881 -0.00803471 0 -0.00829935 0.00717327 -0.0108869 0 -0.00681875 -0.0101656 -0.00174131 -0.0102293 0.0300686 -0.0108881 -0.00464119 -0.0149537 0 -0.0122485 -0.00998781 -0.00285167 -0.00528272 0 -0.0041652 -0.002807 0 -0.000304078 -0.0201224 -0.0488272 -0.00875896 -0.0285322 0.00297156 -0.00115729 0 -0.00481231 -0.00235345 -0.0180509 -0.00192779 0.00656178 -0.00295807 0 -0.00358286
0.00687622 0.0363381 0 0 0.00169231 -0.148226 0.00381336 0 0.00181699 0.0239596 0.00101018 0 0.837191 0 -0.00299703 -0.00844249 -0.0929129 0.000276695 0 6.87635e-06 -0.0289941 -0.00932954 0.00571535 0.0060591 -0.0341706 -0.00333034 0.012514 0.00215827 0 0.00342511 -0.0620729 -0.000251976 0 0 0 -0.00623051 0.0256997 0 -0.00398719 0 0.0218742 -0.0225346 -0.00472951 -0.00471145 -1.62601e-05 -0.0604808 0.0146749 3.71757e-05 -0.019431 0.0292066 -0.00207518 0.00497906 0 0.00261901 0 0.005855 0.00427714 0.00279983 -0.0219276 -0.0177296 -0.0762451 -0.00458729 -0.00256933 0 -0.0126094 0 0.00809054 -0.013391 0.000445663 -0.000364093 0.050937 -0.000334286 -0.0194245 -0.0214178 3.46109e-05 0 0 0.00455506 0.0445741 -0.00925975 0.00250884 0.00152868 0.00465962 0 -0.0994957 0.0304686 0 0.0181983 0.00906434 -0.0271314 0 -0.00631209 0 -0.0183413 0 -0.0110135 -0.00061811 0.00987304 0.0369076 -0.0322521 -0.00254477 0 -0.000535441 0 -0.0019832 0.000181538 0 0.0122854 0.00919092 -0.00173262 0.0566381 -0.0279801 0.0097412 -0.00574383 -0.00204949 -0.00538507 -0.000852959 -0.00138333 0.00541149 -0.00212569 0.00422696 0.0106861 0.0174225 -0.00161306 0 0.00353281 0 -0.00244023 -0.0108903 0.000788029 -0.000588955 -6.00248e-06 0.036264 0 0 0.00336762 0.00706211 0.00387697 0 0 0 0.00281176 -0.00856612 0 0.00181455 0 -0.00118917 0 0.00271484 0.0047014 -0.000633978 0 0.0200373 -0.00302783 -0.00330966 0.00050973 0.00765374 0.0383987 -0.00205447 -0.0107759 -0.00471921 -2.16548e-05 0 0.0152789 0 0 0 -0.0032979 0.000979313 0.000300176 0 0.0219739 0.00739344 0.000728243 -0.00253379 -0.0142609 -0.0254606 -0.000497967 -0.00282914 -0.000683616 -0.0140691 0.000602055 0
0 0 -0.00653892 -0.0190349 -0.000226623 0 0 -0.00224073 0.00849879 0.00227467 -0.00761825 -0.00676358 0 0.932622 0.0100198 -0.00110062 0.000370278 0 -0.0193576 0 -0.030529 0 0 0 0 0.00267689 0 0 -0.0437747 -0.000313743 -0.0033276 -0.00813775 0 -0.0363798 0.000282391 -0.0500407 0 -0.00627626 -0.0503934 0.000134433 0.00689624 -0.0360647 -0.0154221 0 -0.0018039 1.86016e-05 0 0.00325386 0 0 0.00193992 -0.00108379 0 0.0100563 0 0 -0.0191506 0 0.0176676 0 -0.00804695 0 0.000752425 0 -0.0191354 0 0.0297992 0.00156897 0.0043573 0.00156397 -0.0083253 -0.00561865 -0.0296757 -0.00360353 0.00265589 -0.000755907 0 -0.0164632 0.00198943 -0.0164479 -0.00146187 -0.000394528 -0.0322916 0.00378755 0 0.00602628 0 0 -0.00758507 0.00785079 0 0.00821878 -0.0299862 0.000545636 -0.00389645 0 -0.00236664 0.00436541 0 -0.00510596 0.0106603 0 -0.00565843 -0.00170322 0.0188595 -0.00188912 0.000736361 0 0 0.00596679 0 -0.0302918 0.00314375 0.0030549 0.000635265 -0.00414162 0.0107375 -0.00688786 0 -0.00622473 -0.00118794 0.00116992 -0.00195716 0 0 -0.000998083 -0.00553352 -0.00474295 -0.00180959 0.00509325 0 -0.00638563 0 -0.0024969 0 -0.000590935 -0.0233307 -0.0176375 -0.0110945 0 0.00141669 0 -0.00365785 0 -0.00217697 -3.85591e-05 0 0.00427276 -0.00410693 0 0 -0.023077 0.00543573 -0.00545152 0.0052674 -0.00731992 0 0 0.0111086 -0.0109531 -0.00287191 0.0012525 -0.00107687 0.00309293 0.0103686 0 0.00706511 0.00190197 -0.00804554 -0.00404944 -0.00397755 0 -0.00657013 0 0.0112081 -0.0118731 -0.0244079 -0.00861274 0.00376199 1.26148e-06 0 0 -0.0116456
0.000809926 0.00774021 0.00417843 0.0147022 0.0137836 -0.0152034 0.0466483 0.00546941 0.00961629 0.0156065 0.0140383 0.00691592 -0.00299703 0.0100198 0.783636 0.0180653 0.005487 0.00132006 0.0111222 0.0242236 0 0 0.00187425 0.0057051 0 -0.00605093 0.00157299 0 0.00770281 0 0 0.00339354 0.0248224 0.0126804 0 0 0 0.0141825 0.00688459 0 -0.0103215 -0.0035432 0.00597996 0 -0.00629679 -0.000784264 0 -0.00417518 0 0.000985178 -0.00317199 0.0076175 0 -0.0167998 0 0 0.0162542 -0.00184308 -0.00950263 0 -0.000260001 0 -0.00400652 0 0.00129729 0 -0.0306156 -0.00824428 0 -0.005845 0.00867056 0.0025422 0 0.011075 -0.00339941 0 0.00619427 0.0182881 0 0.0092773 0.00247772 0.00665287 0.010493 0 -0.00264465 -0.00383477 0.0148459 0.00324553 0.011009 -0.00646364 -0.0151262 -0.0229209 0.00254203 -0.00310466 0.0011753 0 0.00204675 0 0 -0.0152681 -0.0123604 0 0.0241217 0.00291133 -0.00734365 0.00901791 -0.000198992 0.0262975 0.000947942 -0.00842245 0 0.000320567 -0.00887162 -0.00353178 -0.000917477 0.000862626 -0.00595319 0.00961352 0.00171648 0 0.0035102 0 0.00710893 -0.00226819 -2.1669e-05 0.02056 0.0051893 0.00290802 0.0134482 0 0 0.0133038 0 0.0128332 0 0.00603333 0.00197986 0.00240113 0.00201261 0 0 0.000327489 0 0 0.0137461 0 0 -0.00189627 0.00142446 0 0 0.0076062 0 0.0191315 -0.0463138 0.00314217 0.00216544 0.00459804 -0.0161257 0.00211063 0 -0.00829628 0 -0.00297999 -0.00379731 -0.00034243 -0.000859551 -0.00337237 0.00729402 0.00971216 0 0.0194646 0.00413863 0 -0.0247257 0 0.00199712 0.00454346 -0.00346544 0 -0.00168322 -1.41352e-05 -0.000163736
0 0 0 -0.00851275 -0.0402982 0 0 0.0282025 0 -0.0105171 -0.0176578 0 -0.00844249 -0.00110062 0.0180653 0.704553 0 0.00515726 0 0 0 0.028461 0 0 0 -2.30066e-05 0 0.0691521 0 -0.011022 0.0272429 0 -0.00338385 0 0 0 0 0 0 0.00658201 0 -0.00449782 -0.00258428 0.00123188 -0.0107264 0 0.0556225 -2.74948e-05 0 6.11925e-05 0.00054229 -0.0237266 0 0.00671013 0 0 -0.000427349 -0.0207653 0.00342731 0 0 0 0 0.00107542 0 -0.0530579 0.00384551 -2.52979e-05 0.00326546 0.00425052 -9.91593e-05 0.0400143 0 -0.0135376 0.00152044 0.028556 -0.00857394 0 0.0492092 -0.0195098 0 -6.44752e-05 2.93053e-05 0.000269582 0 0.00442735 -0.0218403 0 -0.000228683 -0.0257179 -8.36344e-05 0.0171297 0 0 0.0140089 0 -0.000105686 0.000154495 0 -0.00715318 0.00215107 0 0 -0.00865002 0.00156564 0 0 -0.0108932 0.0511478 0.00474873 0.0118247 -0.00164304 0.0381221 0.0283952 0.000212508 0 0 -0.00851741 0 -0.0120813 -0.0136805 -0.0064393 -0.00164112 -1.91029e-05 0 -0.0413292 0 0 -0.00188964 0.00812161 -1.69834e-05 -0.0419454 0 -0.000326351 0 -0.00388965 -0.00141896 0 -0.00736718 0 0 -0.000416122 -0.0259947 -0.000527576 -0.00133283 -0.00861472 0 0 -0.0070175 0.0198903 -1.47654e-05 -0.00480073 0.0407097 0 0.0051585 -0.00820185 0 0 0.00422282 0 0 -0.0113706 0 0.00194401 0 0 0.0465538 0.00213647 -0.00127849 -0.00250128 0 0.001793 0 0 0.0024651 0 -0.00623451 -0.0145112 0.0122889 0 2.49543e-05 -0.00275575 -0.00909177
0.00496176 0.0142029 0 0.00403342 0.0032521 -0.160907 0.000188646 0 0.0155858 0.0110012 0.00276372 0 -0.0929129 0.000370278 0.005487 0 0.856387 0.00224873 0 0 -2.44354e-05 -0.0134746 0.00874255 0.00536939 -0.0127995 -0.00150099 0.0384657 0.00451299 0.00296277 0.0233566 -0.00709838 0 -3.27749e-06 0.0021465 0 0 0.0168603 0 0 0 -0.00123707 -3.24689e-05 0.0043089 -0.00315484 0.0046949 -0.0538743 0 0.00057733 -0.00612435 0.0221404 -0.00172493 0.00853177 0 0.00371211 0 0 0.00756894 0 -0.0149982 -0.0261386 -0.0292119 -0.0243986 -0.00462952 0 -0.00508766 0 0.00545437 -0.0090987 0 0 0.0491947 0 -0.0113714 -0.0307739 -0.000237558 0 0 0.00351236 0.0172441 0 0.0080831 0.00568418 0.00676135 0 -0.110899 4.12096e-05 0 0.0207717 0.00840342 -0.00402732 0 -0.00668676 0 -0.00601482 0.00502619 -0.00190977 0.00309473 0.00720459 0.0160133 0.00354576 -0.00334877 0 -1.288e-05 0.00150829 -0.0051225 0.0150146 0 0.0178112 0.0141221 -0.00515343 0.021478 0 0.000606106 -0.0223964 0 -0.00909102 -0.00119701 0 0.0102806 -0.00218639 0.0107701 0.00373082 0.011234 -0.00176826 0 0.0145107 0.00247909 0 -0.017161 0 0 0.00289723 0.0221554 0 0 0.00951142 0.00522687 0.00351737 0.00284146 0 0 0 0 0.00175244 0.00918578 0 0 0 0.00203222 0 0 0.00419833 0.00499243 -0.00159769 -0.00355659 0.00553571 0.00728804 0.0449755 -0.00371964 -0.00576681 -0.00109386 0.000425629 0 -0.00096826 0 0 0 -0.00188156 0.010086 0.00587912 0 0.0102641 0.00464689 0.0108805 -0.006645 -0.000981227 -0.00552812 0 -0.00473172 -0.000928585 -0.00925146 0.00252401 0.00156791
-0.00593245 -0.0230231 0 0 -0.0144898 0.00283115 0 0 -0.0163815 -0.00166735 -0.0202019 -0.00605096 0.000276695 0 0.00132006 0.00515726 0.00224873 0.907816 0.0217387 -0.0148913 0 0 -0.045212 -0.0223585 0 0 -0.00378387 -0.0227616 0 0 0 0 0 0 0.000133525 0 -0.000623616 0 0 0 0.00017427 0 0 0 -0.000410067 0 0 0 0 -0.0130305 0 -0.00263801 0 0 0 0 -0.0023101 0 0 0 0.000104152 0 0.0168101 0 -7.48238e-05 0 0 0 0.000911409 0 -0.00116255 -0.00251137 0.014787 -0.00275077 0 -0.0194966 0 0 -0.0116362 0 -0.0313626 0 0 0.00053178 0.000183316 0 -0.00356749 -0.020952 0 0 0 0 0 0 -0.00211692 0 0.0026502 0 0 -0.00162864 0 0 -0.00318696 -0.00789217 0 0 0 -0.0165489 -0.0334182 0 -0.00130087 0 0 0 -0.000308389 -0.00158785 0 0 0 0 0 0 0 0 0 0 -0.000403368 0 -0.00346823 -0.0108097 0 0 0 0 0 0 0 0.00024579 0 0 0.0056753 0 0 0 0 0 -0.000219054 0.000224936 0 0 0 0 -0.00173167 0 0.000182108 0 -0.0210189 0 0.000181661 0 0 0 0 0 -0.000990013 0.00360789 -0.00369038 0 -0.00795936 -0.000258356 0 0 0 0 0 0 1.25744e-05 0 0 0.00750688 0 0 0
0 -0.0065984 -0.0179431 -0.0199485 0 0 0.00184908 -0.0339707 0.0067008 0.00353724 -0.00758285 0.0150447 0 -0.0193576 0.0111222 0 0 0.0217387 0.867185 0.00208362 -0.0248438 -0.000146428 1.05041e-05 -0.00068923 -0.00947455 -0.0118926 -0.00709215 -0.00574588 -0.00929936 -0.0376849 -0.011475 -0.0221456 0 -0.0174819 0.00369464 -0.0300159 -0.00152691 -0.00620871 -0.0293589 0 0 -2.31243e-05 0.00542595 -0.0215421 -0.00163694 0 0 -0.00121569 0 -0.00447197 -0.00294488 0.0110292 0.00279708 -0.00862677 -0.00126965 0.00977967 -0.00685953 -0.0210583 -0.010514 0 -0.00730742 -0.016967 -0.0145728 -0.00381423 -0.0132159 -0.00828067 -0.00781078 -0.00944338 0.00667203 -0.00677149 -0.0157336 -0.0220736 -0.0186856 -0.00129933 -0.00214241 0 0.00236783 -0.00734444 2.10278e-05 -0.0170981 0 0 0.00226546 0.00742692 0 -0.00600364 -0.00344566 -0.00745659 -0.0110677 -0.00772763 0 -0.00988683 -0.0186621 -0.00324434 -0.0145304 -0.00147105 0.0166845 0 0 0 -0.00347122 0 -0.0117405 0.00907486 -0.0130998 -0.00645116 -0.00421505 0 0 -0.00266813 1.37641e-05 -0.00231796 0 -0.00368229 -0.0171944 -0.0103208 -0.00716395 -0.0106721 0.000715133 -0.0185937 0.00865033 -0.00204132 0.0122444 -0.00488704 0 -0.0116598 -0.010068 -0.0262143 -0.00651303 0 -0.011831 -0.0141644 0 0.00730611 0 0.0058057 -0.0168847 0.014382 0 -0.0124218 0.00695357 0 -0.0135019 0 -0.00486962 0 -0.0139729 0.00680902 0 0.0195596 -0.0198103 -0.0165475 0 -0.0280995 -0.00561158 0 -0.0112412 -0.00959948 -0.00273196 -0.0150525 -0.0311407 0 -0.00796376 0 -0.0047304 -0.0142364 -0.00370413 -0.0119972 -0.00504204 0.00950246 -0.00645043 0 0.0097812 -0.00115571 -0.00855865 -0.00701464 -0.00367324 -0.00223281 -0.0061168 0.0039133 -0.0047692 0 -0.00153493
-0.0322998 -0.0187482 -0.00636793 -0.00165247 -0.00589798 0 0 -0.00599033 -0.0547874 0.00863317 -0.0191141 -0.00374304 6.87635e-06 0 0.0242236 0 0 -0.0148913 0.00208362 0.821809 0 0.00028846 -0.00104486 -0.0246146 -0.0068817 -0.00246089 -0.00457008 -0.0415088 0 -0.00317921 -0.00193901 -0.00449088 0 0 0.00148963 0 -0.00277151 -0.0220676 -0.00180188 0 0.00498806 -0.00107619 0.00141888 -0.0102471 -0.00602087 0 0 0 0 -0.00588865 0 0.000364062 0.017754 -4.82531e-05 0 0 -0.00283304 -0.00553098 -0.00139713 0 0 -0.00344869 -0.000234736 -0.00178711 -0.00371269 -0.0111823 -0.00190243 -0.00196091 0.00307647 -0.000469813 0.00276031 -0.00374807 -0.000335264 -0.0180556 -0.00487902 -0.0135758 -0.00640813 0 -0.00527169 -0.000379622 -0.00499537 -0.00800246 0 0.00591108 0 0 -0.00576922 -0.0121479 -0.0030506 -0.00365108 0 -0.00108165 3.82936e-05 0 -0.00385349 -0.004927 0.00727076 0 0.0186727 -0.00924136 0 0 -0.00528619 -0.0321981 -0.00405422 -0.000924585 -0.00633837 -0.0264076 -0.00509398 0 -0.00169769 0 0 -0.000346144 -0.00461987 -0.00147059 -8.2591e-05 0.000469116 -0.00381194 -0.00359477 0.000566911 -0.00116001 0.00205361 0 0 0.00451956 -0.00153583 -0.000402604 -0.00392825 -0.0176188 -0.0029427 -0.00146184 0 0.0105061 0 0.000386721 -0.000261275 0.00439367 -0.00187428 -0.00200703 0.00922065 -0.0148624 -0.00652732 -0.00338206 -0.00971874 0 -0.0132572 0.00504734 -0.00529613 0 -0.00434455 -0.00174964 -0.00151161 -0.00428525 0 -0.00809719 -0.0244201 0.0126156 0 -0.00249833 -0.00715719 -0.00401777 -0.00156811 0 -0.00255875 -0.000276122 -0.0104748 -0.00120409 -0.0011122 -0.00275143 0 -0.00228602 0.00155768 0 -0.000555354 -0.000586088 0 -0.000360671 0 0.0207264 -0.000631792 0 -0.00335863
0 -0.00169656 -0.00513532 -0.0296501 0 -0.0122892 0 -0.0052947 0.0129222 -0.0031791 -0.0130077 -0.0043265 -0.0289941 -0.030529 0 0 -2.44354e-05 0 -0.0248438 0 0.81825 0 -0.00135169 -0.00156546 -0.00550482 0 -0.00188813 -0.00987215 -0.0158284 -0.0130336 -0.0351413 -0.00478034 0 -0.0283704 0.0103404 -0.0456263 0 0.000400546 -0.0419628 0 0.0293166 -0.0810417 -0.0245697 0.00233762 -0.00881455 0 0.0070339 0.0278609 0 0.0293502 0 -0.00156579 0.00317237 0.0139919 0.001051 3.68778e-05 -0.00594457 -0.00256376 0.00122678 0 -0.029792 0 0.00501285 0 -0.0237178 0 0.00875377 0.00267734 0.0221081 0.00121451 -0.00659642 -0.0260301 -0.0570755 0.00413523 0.0106697 -0.0140403 0 -0.00664294 0.00361456 -0.0460333 -0.0108905 -0.00442689 -0.0123375 0.00589802 -0.00157365 0.00625089 4.27135e-05 0.00130252 -0.00286231 0 0 0.00578369 -0.00923804 0.000943431 -0.0114543 0 0 0.00102066 0 -0.0243819 0.00267724 0 -0.0122724 0.017276 0 -0.00968941 0.0227527 3.80707e-05 0 0.00268959 0.0136432 -0.0204702 0.00937144 0 0 -0.013465 0.00931902 -0.0342514 0 -0.00313545 0 0.00285279 0 0 0 -0.00328381 -0.00225091 -0.0226097 -0.00431294 0 -0.000668786 -0.0268029 0.00154895 0 0 -0.000942461 0.00131859 0 -0.00821566 -0.0204891 0.00792637 -0.000756332 -0.00893601 -0.00687045 -0.00109925 0 0 0.0086636 -0.00300154 0.000523328 -0.00266465 -0.0199516 0.0160227 -0.00983296 0.00140725 -0.0182315 0 -0.000339527 0.0221206 -0.0133774 -0.00590679 -0.0115497 -0.0126496 0.0213925 0.0132882 0 0 0.00290489 -0.0103187 0.00702876 -0.00317039 3.01467e-05 0 0 0.00816892 -0.0160568 -0.0209412 -0.0172978 0.00902575 0.00164036 0 -0.0141613 -0.00943494
0.0260031 0.0209966 0 0 0.0231395 -0.0313168 -0.00962143 0 0.0324042 0.0305328 0.00284722 0 -0.00932954 0 0 0.028461 -0.0134746 0 -0.000146428 0.00028846 0 0.835481 0.00756312 0.0175484 -0.0352911 0 0 0.00807557 0.000405895 -0.0133395 -0.0166658 0 0 0 0 0 0.00138193 0 0 0 0 0.000628659 0.00477872 -3.59626e-05 0.00445874 -0.00192841 0 0 0 0.00615877 -0.00160992 0.00694814 0 -0.00527149 -0.000809641 0 0 0 -0.00569304 -0.000239581 -0.0301197 -0.0026916 0 0 0 0.0137456 -0.00552533 -0.00108473 0 0 0.00771069 0 -0.00194636 0.00027823 0 0 0.0100317 0 0.00145987 0 0.00382245 0.000817749 0.00476973 0 -0.0241941 -0.00105095 0.0185178 0.0067267 0 0 0 -0.00531995 0 0 0 0 6.63865e-05 0 0.0029497 0.00315236 -0.00135499 0 0.00117204 0.0297411 -0.00101987 0 0 0.00847334 0 -0.00167357 0.00257091 0 0 -0.00323148 0 -4.54563e-06 0 0 0.00130159 0 0.00115347 0.00888986 0.00438309 -0.00530242 0 0.0225273 0 0 0 0.00124971 0.011603 0.0047217 0.00699644 0 0 0.00316462 0.000167768 0.00070967 0.00347731 0 0 0.00040837 0.0032716 0.00108957 0.00107576 0 0 0 0.00453823 0 0 0.000258509 0.000837313 -0.000258074 -0.0143943 0.00584091 0.00239939 0.00369088 -0.00303997 0 0 0.00578809 0.000990017 0 0 0 0 -0.00132684 0.00125097 0.00481081 0.00151917 0.00504786 0.00336364 0 -0.0025241 0 0 3.35488e-05 -0.00292646 0 -0.00417021 0 0.00683132
-0.0225865 -0.0389817 0 0 -0.0461916 0.00935322 0 0 -0.0306027 -0.0166081 -0.0210206 -0.00716927 0.00571535 0 0.00187425 0 0.00874255 -0.045212 1.05041e-05 -0.00104486 -0.00135169 0.00756312 0.905704 -0.021496 0 0.000546607 -0.00997655 -0.0157541 0 0 0 -0.000379022 0 0 0.000636779 0 -0.0111009 -0.00361167 0 0 0.017386 0 -0.0020172 0 -0.00157735 0.000160314 0 0.00920386 0 -0.00370829 0.00162053 -0.00462084 0.000143361 0.000685715 0 0 -0.00289473 0 0.00337197 0 0.00228176 0.000541091 0.00781761 -0.00133429 0 0 0.00581463 0.00301439 0 0 -0.00275087 -0.00141902 0.0161642 -0.000444714 0.00864853 -0.00407309 0 0 -0.00200277 0 -0.00537059 -0.00160343 -0.00235941 0 0.00248102 0.00125474 -0.00139597 -0.00391705 0 0 0 0.00391879 0 0.00236974 -0.0062719 0 0 0 -0.000334863 -0.0115657 0.00206865 0 -0.00737002 -0.00705369 0.0019093 -0.00539309 0.000659308 -0.00586169 -0.0207514 0.00117436 -0.00027892 0 0 0.00121624 0 0 0.00238745 0 -0.00291326 0 -0.00109147 0 -0.00145869 0.000299712 0 -0.00396814 -0.000826467 0 -0.0159956 -0.000979399 0 -0.000642373 0 0 0 -0.00418378 0 0 0 -0.000484116 0.000763313 0 0 -0.00241219 -4.46415e-05 0 0 -1.23914e-07 -0.000489492 0 0 -0.000179877 -0.00066869 0 0.0111265 -0.00369647 -0.0179468 0 0.00405226 0 0 -0.00144356 0 0.00360411 0 0.0139642 -0.00191153 0.00059411 -0.00337719 -0.00384897 0 -0.000208911 -0.00307465 0 0.0100491 0 0 0 0.0013219 0.0120076 0 -0.000188233 -0.000433791
-0.0190264 -0.022804 -0.00212733 0.000864838 -0.0455206 0.00854373 0 -0.00161988 -0.031142 -0.00127252 -0.0173832 -0.000720166 0.0060591 0 0.0057051 0 0.00536939 -0.0223585 -0.00068923 -0.0246146 -0.00156546 0.0175484 -0.021496 0.914657 0 0 -0.0274383 -0.0154782 0 -0.000628309 -0.00491541 -0.000188082 0 -0.00125217 0 0 -0.0140901 -0.00767775 0 0 0.00845291 0 0 -0.00296492 -0.006029 0.000342084 0 0.00299921 0 -0.000722551 0 -0.00553697 0 0 0 0 -0.00154411 -0.0011665 0 0 0 0 0 0 -0.00163204 0 0.00706516 0.00765436 0.00418421 0 -0.00575781 -0.00864706 0 -0.00508757 0.00171423 -0.00277286 0 0 0 -2.1331e-05 -0.0132651 -0.00293715 -0.0023236 0.000499732 0.00299197 0.00676612 -0.0108628 -0.015806 -0.00120111 0 0 0 -3.35566e-05 0.000937555 -0.00786649 0 0.000377605 0 0 -0.00874048 0 0 -0.00444161 -0.00976425 0 -0.00130845 0 -0.0279729 -0.0129322 0.00121483 0 0 0 0 -0.00173703 -0.00238152 0 -0.000771883 0 -0.000417157 0 0 0 0 0 -0.00420702 0 -0.000839052 -0.00415036 0 0 -0.00800038 0 0 0 -0.00175867 0 0 -0.000302062 -0.0252201 0.00890909 -6.86808e-05 -0.00172319 -0.00070774 -0.00191384 0 -0.00121918 0.00172317 -0.00176602 0 -0.00150409 -0.000791252 0 -0.00163234 0.00347326 -0.0019072 -0.0127233 -0.000433251 0.00187572 -0.00210961 -8.499e-05 -0.00350418 -0.00033272 0.00675696 0 0 -0.00174038 0 -0.00258016 -0.00151841 0 0 0 0 0.00259721 0 0 -0.000771401 0 0.0123637 0 0 -0.00322781
0 0 -0.00370952 -0.00197761 0 -0.0330659 0 -0.00477177 -0.00271311 0.0210646 -0.0361152 -0.0027267 -0.0341706 0 0 0 -0.0127995 0 -0.00947455 -0.0068817 -0.00550482 -0.0352911 0 0 0.880919 0.0160673 -0.00934652 0 0 -0.00520658 -0.0395122 -0.00300796 -0.0186456 -0.00171904 0.000598155 -0.00317996 0.00810368 -0.00106456 -0.00141981 0 0.0422184 0 0.00410959 -0.0102961 0 -0.0028608 0.0161476 0.0333573 -0.0210034 0.0105859 -0.00161734 0.00460182 0 -0.00666532 0 0 -0.00107816 -0.00640941 -0.00861659 -0.00772638 -0.0676096 -0.00677032 0.0112532 -2.15985e-05 -0.0099137 -0.00201182 -0.00666359 -0.002424 0.00275292 -0.00269743 0 -0.00966343 0 -0.00111657 -4.17689e-05 0 -0.000918778 0 0.0154015 -0.00226244 0 0 0.0054526 0.00599049 -0.0280684 0 0 -0.00343912 0 -0.0107081 0.00115384 -0.00770815 -0.00252294 -0.00323684 -0.0180927 -0.0518484 0.00615785 0 0.0102391 0 -0.00583123 -0.000443492 -0.00654548 0 -0.00729646 0 -0.000253715 0 -0.0138125 -0.00108652 0.00380633 -0.00149571 0 -0.00229745 -0.0242504 -0.0105447 0.00489112 -0.00107771 0.00379178 -0.00614871 0.00278154 0.0114352 0.00880411 -0.00105543 0.000367945 -0.00170384 -0.00181848 -0.00636673 -0.0129657 0 -0.00451386 0 0.00867586 -0.00200288 0 0.0031589 0 0.00780249 0.000143474 -0.000808877 0.00179883 0 -0.00136011 0 0 0.0024427 -0.00603616 0.00178374 0 0.00440581 -0.00526701 -0.00118464 0.00314504 -0.00668081 -0.00364861 0.000587901 -0.000923169 6.56628e-05 -0.00295864 -0.0242837 -0.00695728 0 0 0 -0.000698412 0 -0.00263858 -0.00581706 -0.000118197 0 0 0.00816531 0.0138205 0 -0.00542381 -0.0128966 0 -0.000115207 -0.00394855 0.000778894 -0.0356557 0 0
