0 0.0699078 0.000658693 0 0.0675791 0 -0.00781816 0.0088263 0 0.0474217 0.0395232 0.0550232 0.0242814 0.0281075 0.00338966 0.0423821 0 0 -0.00018076 0.0151726 0 0.0311434 -0.00592711 0 0.000797928 -0.00480183 0 0 0.0193744 -0.0129984 -0.000379332 0 0 0 0 0.0078841 0 0.00187018 0 0 0 -0.00853865 0 0.000583529 0 -2.31699e-05 0.0134332 0 0.0171688 0.000478104 0 -0.00592877 0.0107988 -0.00366539 0 0 0 0 -0.0163095 0.0425838 0.0102172 0.0106332 0 -0.000180672 0 0 0.0105377 4.19203e-05 0.016983 0 -0.000631543 0 0 9.88056e-05 0 0.00177597 0 0 0 0 0.000480209 0 0.0561995 0.00497413 0 0 -0.00880963 0 -8.31124e-06 0.0320882 0 0.0234466 0 0.00155305 0.0117732 0 0.000887024 -0.0020539 0 -0.00084817 0 0.0184381 -0.00547827 -0.000818929 0.00197586 0 0 0 0.0173896 0.00793839 -0.025109 0 0.00039137 0.000804582 0 0.0073979 0 0.0212956 -0.0167005 -0.000978036 0.00549231 -0.0140443 0 -0.0123746 0 0 0 0 -0.00250197 0.00296304 0.0399391 -0.0021603 0.0099396 0 0.00560887 -0.0111718 0 0 0.00047128 0 0 0 0.000307337 0 0.0162678 0 -0.0060791 0.00874458 0 0 0.0107335 0 -0.00553628 0.00150284 0 -0.00152107 0.000168505 0.00822546 0.00606344 0.00900032 -0.000740435 -0.0179538 0.00728991 0 0 -0.0112383 0 0.00363203 -8.20183e-06 0 0 0 5.88321e-05 0 0 0.00257366 0 0.000660924 0 0 0.0257278 0 0 0.0180488 -0.00151118 0 0 0 0.00729804 0 -0.00204097 0 0 -0.00381904 -0.00644725 0 0 -0.00197284 0 0 0.00290974 0 -5.92359e-05 0 0 0 0 0 0 0 -0.00427421 0 0 0.00186064 0 0
0.0699078 0 0 0 0.0534068 0 -0.0267674 0.00399609 0 0.0318806 0.0128712 0.0709916 0.0372115 0.0213243 0.0178042 0.0653042 0 0 0 0.0186732 0 0.0284792 -0.0146003 -0.00258453 -5.75942e-06 -0.00392728 0 0 0.0256522 -0.0228454 -0.0111051 -0.000167217 0 0 0 0.0224869 0 0 -0.000505683 0 0 -0.00905033 0 0 0 -5.2843e-05 0.00123154 0 0.0251383 0.000640684 -1.50371e-05 -0.00140413 0.0037543 -1.26143e-05 0 0 0 0 -0.00589169 0.0285166 0.00336984 0.0272448 0 -0.00384844 0 0 0.0222376 0 0.0276209 0 -0.0071353 0 0 0 0.000120027 0.00279766 0 0 0.00174121 0 0 0 0.0109178 0.0035612 0 0 -0.00231785 0 0 0.0325281 0 0.00669002 0 0.00869756 0.00889893 0 0 -1.35678e-05 0 -0.00153923 0 0.0158372 -9.98475e-05 -0.00478521 0.00154163 0 0 -5.02875e-07 0.0155581 0.0330961 -0.0177111 0 0 0.00262696 -0.00129629 0.000579218 0.00978663 0.0107702 -0.0050144 -0.00157188 0.0216574 -0.012068 0 -0.00344339 0 0 0 -0.00328596 -0.010664 0.00983838 0.0432527 -0.000769678 5.08213e-06 0 0.000390673 -0.0204515 0.00415449 0 0.0102996 0 0 0 0 0 0.0220154 0 -0.00285644 0.00091708 0 0 0.0102377 0 -0.024187 0.0104814 0 -0.000102413 0 0.00188817 0.000360745 0.0219517 0 -0.0184878 0.0162831 0 0 -0.0135636 0 0.00416559 0 0 0 0.00161664 0.00078152 0 0.0078656 0.027279 8.25475e-05 0.000381518 0 0 0.0110393 0 0 0.00925616 -0.00251027 -0.000662123 0 0 0.0107464 0 -0.000495685 0 0 0 -0.00777996 0 0 -0.00192265 0 0 0.0111451 0 0 0 0 0 0 0 0 0 -0.00336711 0 0 0.00874279 0 0
0.000658693 0 0 0.0355687 0.00908102 0.0479921 -0.000218249 0.0308401 -0.00585283 0 0.00665063 0 0 0 0 0.0123404 0.0163394 0.0103871 0.00138256 0 0.0137012 0 -0.000515013 0.00781909 0.0187625 0.0216031 0.00901414 0.00983185 0 0.00174291 0.00281585 0.0143025 0.000546575 0.0139447 0 0 0.024408 0.0339139 0.0293469 0.0101299 0.000216373 -0.00924365 0.010852 -0.00695373 0.00844745 0.0129795 0.0355988 0.00887257 -0.00273083 0.0190583 0.00558908 0 0.0120583 0.00594992 0.00193618 0.000156554 0.0133749 0 0.00311632 0 -0.00142106 0.00153779 -0.00194009 0.00255447 0.0322287 0.00236721 0 0.0281017 0 0.0313976 0.0124642 0.00355676 0.005379 0.0215244 0 0.00886081 0.000152238 0 0 -0.000761327 0.0173992 -0.00164321 0.00145431 0.0181847 0.0115168 0.00811008 0 0.00541478 0 0 0 0.00458018 0.0211647 0 0.0238766 0.0112226 -0.00335369 -0.00447447 -0.000259048 0.0021007 0.00328053 0 0.000229683 0.00234676 0 0.0161129 0.00247719 0.00487509 0.0242528 1.216e-05 -0.00284633 0 0.013571 0.00663605 0 -0.000407896 0 -0.000621156 0.000483606 0.00431542 -0.00140042 -0.0038364 0.00631741 0 0.000100714 0.00442643 0.0269283 0 -0.00364335 0.0114277 0 0 0.0297633 0 0.0252141 -0.00851543 -0.00225795 0.00468536 0 0.00851784 -0.00708009 0.0241365 0.00830782 0.00271764 0.00638768 0.0126885 -0.00755749 0.00232417 0 0.00309775 0 0 0.00182236 0 -0.00179061 -0.00505261 0.00873277 -0.00417888 0.0073618 0 0.00127029 0.000438629 0 0.00313662 0.00602005 0.00264819 0 0.00171592 0 0.00239705 0 0.00324637 0.0104568 0 0 0 0.00465842 0.00599602 0 0.00102835 0 0.00623066 0.00369392 0.0132076 -0.0172303 0.000482912 0 0.00782154 0 -0.000517575 -0.0119283 -0.00689132 0.00215079 0 -0.00830518 0.00254941 0.00696283 0.000652272 -0.00141439 0 -0.00179552 0.00168771 0 0 0.00342181 -0.0124278 0 0.0024231 0.00249861 -0.0223749 -0.00664724 0.00944611 0.000631404 -0.0173289 0 0
0 0 0.0355687 0 0.00123286 0.0123212 -0.00996292 0.0225056 -0.0114555 0 0.00102398 0 0 0 -0.00130831 0 0.0223176 0.0194624 0.00513367 0 0.00813415 -0.000622226 -0.0116184 0.027711 0.0117983 0.0194941 0.0179876 0.0366233 0 0.000752135 0.00983937 0.0202764 0 0.0184438 0 0 0.0258399 0.0482062 0.0148458 0.0193685 0.000138943 0.00192643 0.0191549 -0.00497731 0.020632 0.0138444 0.0342682 0.0128593 -0.00579221 0.0250202 0.00634284 0 0.00279156 0.00741232 0 0 0.0163917 0 0.00934428 0 -0.000275642 0 -0.0024383 0.00343659 0.0241522 0.00106658 -0.0086517 0.0200994 0 0.0109838 0.0130695 0.00234934 0.0218374 0.0252871 0 0.0112835 0.000341003 -0.0104683 0 -0.000190551 0.0201681 0.000328613 0 0.0161135 0.000986223 0.00841918 0.00707098 0.00168075 -0.0266466 -0.00511203 0 0.00430132 0.0145649 -0.00438621 0.0123399 0.00606309 -0.0048355 0.00211797 -0.00193182 0.000978034 0.00288512 0 0 0.00993323 0 0.133194 0.00938741 0.00679197 0.0124284 0 -0.00221793 0 0.0244157 0.0159562 0 -0.00475108 0 -0.000326643 0.00352872 0.00267564 -0.00574209 -0.00489692 0.016666 0 0 0.013305 0.0191599 0 0 0.0128026 0 0 0.024076 0 0.02034 -0.00921725 -0.00718046 0.00607942 -0.00633632 0.00622798 0 0.0147143 0.0122139 0.00131884 0.00339168 0.00285847 -0.0184126 0.000164027 0 0.00231571 -0.000682769 0 0.00095137 0 -0.00259647 -0.00800039 0.00339214 -0.00251041 0.0287246 0 0.000285513 0.000151481 0 0.00573245 0.0101315 0.0032969 -0.0162232 0 -0.0166085 0 -0.0172688 0.00275178 0.0292664 -0.00802579 0 0 0.0102945 0.00548448 -0.00590552 0 0 0.00243744 0.00252143 -0.00202566 -0.0107292 0.0135634 0 0.0135935 0.0134493 -0.00605944 -0.0142446 -0.00558104 0.00128019 -0.0157831 -0.00609703 0.000192903 0.00396572 0.00160344 0 0.0013455 -0.00746761 0.00377781 0.000563096 0 0.000768647 -0.0054933 0 0.00771007 0.00372983 -0.0135022 -0.0109227 0.0147631 9.81502e-05 -0.0195659 0 0
0.0675791 0.0534068 0.00908102 0.00123286 0 0 -0.00707886 0.0120295 -0.00195859 0.0689244 0.0142112 0.0416819 0.0372069 0.0161374 0.0530604 0.0297285 0.00250433 0 -0.00129308 0.00824108 0.00300069 0.022302 -0.00487566 -0.000100474 0 0 0.00238416 0 0.011712 -0.010989 0 0 -0.00774952 -2.74116e-05 -0.000731615 0.0108141 0 0.00305292 0 0 0 -0.0177875 0 0 0.000915715 0 0.0151268 0 0 0.000664099 -0.0014669 -0.0146448 0.0239715 -0.00158756 -0.00204642 -0.00265945 0 0 -0.00021383 0.0339844 0.0010617 0.00116588 0 0 0 -0.00421911 0.00951585 0 0.021456 0 0.00319282 -8.36005e-06 0 0.00098371 0 0 -0.00185154 -0.0129607 0 0 0.000628681 0.00197373 0.0222395 0.0029118 -0.00506389 0 0 -0.000543869 -0.00488994 0.00983393 -0.0122516 0.0155822 0 0 0.00235041 -9.33839e-06 0 -0.00278783 -0.00351352 -0.003008 -0.00251046 0.00602368 0 0 0 0.00125086 0 -0.000156875 0.0102838 0 -0.00576489 0 0 0.00138091 0 0 0 0.00456985 -0.000102823 -0.00219012 0 -0.0111957 0.00712571 -0.0128855 0 0 0 -0.00038603 -0.00905112 0.00414699 0.0158727 0 0.0133816 0 0.00898149 -0.00800368 0 0 0 0 -0.00304233 0 0 0 0.0223246 0 -0.00471508 0.0030732 0 -0.000367336 0 0 -0.0045556 0 0 -0.000939855 0 0.00221464 0.00145025 0 0 -0.0090386 0.000348424 0 0 -0.000132618 -0.00808939 0 -0.0172671 -0.000943347 -0.00512025 0 0.00438189 -0.00696403 0.000836681 6.89509e-05 0 0 0 -0.00196353 0.00966 0 0 0.00301972 -0.00571513 0 0 0 0.013263 -0.000706741 -0.00158291 0.000429222 0 -0.0193741 -0.0112846 -0.000627686 0 0 -0.0039252 0 0 0 0 -0.000375829 0 0.000913946 0 0 0 -0.0140712 -0.00328948 0 0 0 0 0
0 0 0.0479921 0.0123212 0 0 0.00215993 0.0389172 4.97283e-05 0 0 -0.000403237 -0.00230983 -2.87689e-05 0.00477472 0.00414816 0.0014868 0.0349016 0.0158786 0.000486965 0.022319 0 0.00807471 0.0254904 0.00923473 0.00886939 0.00562323 0.00716541 0 0.00549779 0.00339586 0.0151689 0.00397811 0.0200607 -2.3575e-05 0 0.0114562 0.0191378 0.0117607 0.00764302 0 -0.00522364 0.0361947 -0.00686859 0.0072698 0.00506136 0.0105361 0.00949879 -0.00440201 0.0225899 0.0103513 0.00220082 0 0.0236719 0.0105332 0.000907182 0.0119344 0 0.0116416 -0.000405046 -0.00381652 0.00264352 -0.00572483 0.00452083 0.0381444 0.00978518 -0.00333736 0.0225412 0 0.0856998 0.00199645 0.00152571 0.005277 0.0124053 0 0.0143754 0.0038685 -0.000972374 0.00131573 0 0.00939346 -0.00813874 0 0.00897436 0.0109915 0.027039 0 0.00869029 -0.00545417 -0.000430041 0.000204336 0.00503998 0.0093624 0 0.00770474 0.010629 -0.00941438 0.00863788 0.00820988 0.00590628 0.00877271 -0.00175697 0.00150774 0.004001 0.00283553 0.0149822 0.00245537 0.00441947 0.00780671 0.00330548 -0.00242107 0 0.0108299 0.0113228 -0.0039948 -0.00673908 0.001367 -0.0171518 0.00430692 0.00779792 0 -0.00241125 0.00764411 0 0.00170949 0.00560344 0.0201692 0.00146666 0.00473751 0.0348618 0.00142289 0 0.0189532 0 0.0109454 -0.0064414 -0.00610378 0 0 0.0237863 0.0076348 0.0102201 0.00243523 0.00466087 0 0.00905664 -0.0104213 -0.00287812 0 0.0104799 0 0.000730377 0.0026418 0 -0.00169887 -0.00312337 0.00655212 -0.00849175 0.00815407 0.00179592 0.00424341 0.00361071 0 0.000924962 0.0103986 0.00531629 -0.00526078 0.00196942 -0.00465559 0.00724365 0.000420065 0.00647189 0.0162552 0.000868744 -0.0024111 0 0.00840099 0.00728918 0 0.00639263 -0.00596534 0.0020915 0.00320383 -0.0117131 -0.00580597 0.000410327 0.000407961 0.0229217 -0.00608695 -0.00273177 -0.00442837 -0.035482 0.00792463 -0.00711462 -0.00529907 0.00594121 0.0111223 0.0012122 0.00620976 0 0 0.00032625 0 0.00289064 0.00618718 -0.0144463 0 0 0.000147018 0 -0.00410231 0 0 -0.0115933 0 0
-0.00781816 -0.0267674 -0.000218249 -0.00996292 -0.00707886 0.00215993 0 0 0 -0.00422961 0 -0.00573454 -0.00624687 0 -0.0215004 -0.00668635 0 -0.0168373 -0.0210742 0.0146599 0.00251087 -0.033736 0.208611 0.00471904 0.00373506 0.00622224 0 0 -0.036126 0.197433 0 0 0.0049247 0.0282432 0 -0.0333195 -6.79629e-05 0.00162607 0.00281797 -3.92874e-05 0.0164206 -0.0019146 0.0102272 -0.0256953 -0.000161521 0.00124424 0 0.00738868 -0.00887432 -0.0153254 0.00997288 0.0322209 -0.0362672 0.0150333 0.00651006 0.00639157 -0.00281338 0.00402518 0.00417628 -0.00567092 -0.0117202 0 -0.00044432 0.0590467 -0.00465841 0.00635753 -0.00431277 0.00519233 -0.0236521 0.0129824 0.00144136 0 0.00789646 0.00269747 0.0247353 0.0101484 0.0475998 -0.000357598 0.00195553 0 -0.0228508 0.00714523 -0.000577756 0.0040791 0.00773921 -0.00961947 0 0.00274509 0.00472445 -0.0150895 -0.0245331 0.0164195 0.0108594 0 -0.00131721 0.0059939 -0.00642342 0.0139132 0.0414247 -0.00619966 0.00552323 -0.0101565 0 0 0 0 0 0.0168418 0.00128841 0 -0.00198853 0.000369253 -0.0452027 0 -0.000975824 -0.010459 0 -0.0160234 0.00120165 0.00314605 -0.0307327 -0.000381755 0.0016345 0.00581234 0.0174794 0.00329753 0 0.00174068 0.0147908 -0.00774712 0 0 0.00213812 -0.0135594 0.00310543 0 -0.00655106 0 0 0.00516488 0.00807493 0.00738322 0.000654055 0 -0.00102249 0 -0.000241946 0.0537053 0 0.00403232 0 -0.0160766 0.144498 -0.0205448 0 0 0.000675951 -0.00759756 1.86567e-05 0 0 0.0533807 -0.0009428 0 -0.0111879 0.00345418 0.00293506 -0.0186457 0.00205382 0.00920924 0.00254777 0 0.00335316 0.0361291 -0.00362651 -0.0141416 0.00489207 -0.0113478 0 0.00520002 0.00136985 0 0 -0.0170502 0 0 0 0.00670734 -0.000147865 0 -0.00486329 -0.00729179 0 0.00565917 -0.000923909 0.00951254 0.00832827 0.00121137 0.00462668 0 -0.0157562 0 0 0.00170683 0 -0.00857538 -0.0018237 0 0 0 -0.000228067 0 0 -0.00592371 0 0
0.0088263 0.00399609 0.0308401 0.0225056 0.0120295 0.0389172 0 0 -0.00354636 0 0 0 0 0 0 0.00187414 0.00892683 0.00420416 0.00597307 0.00420779 0.0114009 8.54083e-06 -0.00197997 0.00648409 0.0107734 0.00473523 0.00922162 0 0 5.00086e-05 0 0.00559406 0.000319228 0.00807238 0 0.00329998 0.0162906 0.0120827 0.00763688 0.0029694 0.00122459 -0.03253 0.0113785 -0.00465808 0.0253381 0.00267322 0.0200966 0.00578885 0 0.0117974 0.00387414 0 0.00801145 0.0045786 0.000444082 0 0.00983618 0 0.00422964 0 0 0 -0.000970624 0.000425092 0.00818142 0.000969912 -0.00986222 0.0109766 0 0.0107623 0.00972294 0.00506344 0.0105429 0.0172066 0 0.0160802 0 0 0.000257123 -0.00099363 0.00806045 0 0.00808253 0.0147594 0.0042207 0.0057904 0 0.00271594 0 0.00924937 0 0.00965685 0.00965944 -0.000143047 0.00616225 0.0056831 0 0.000485994 0.00134382 0.00162583 0.00251046 0 0 0.00867745 0 0.00954891 0.0028066 0.00105914 0.0149134 0.00105664 -0.00208243 0 0.00872317 0.0197311 0.021926 0 0 0 0.012189 0.00147654 0.012168 -0.00392128 0.0124573 -0.0100982 0 0.00379766 0.0106534 0 0 0.0114482 2.08998e-05 0 0.0474533 0 0.0384413 -0.0250229 0 0.00948964 0 0.0113523 0.000216573 0.00471106 0.012086 0.00226817 0.000525296 0.0121308 -0.0206128 0.00194034 6.49029e-05 0.00446293 -0.00882099 0 0.000352058 0 -0.00404469 -0.00636198 0.00190892 -0.000255783 0.0149206 0 0.0036573 0 0 0.0109802 0.00546984 0.00112982 -0.016247 0.00110672 0 0.000813818 0 0.00787504 0.0067287 0 0 0 0.00426805 0.00438613 0 0 0 0.00335932 0.0067457 -0.00514139 -0.0179748 0 0 0.0116485 0 -0.00383116 -0.0110551 0.00313327 0.00218844 0 -0.0218375 0.00079758 0.00278023 0.00607854 0 0 0 0.00395868 0 0 0.00316728 -0.00869287 0 0.00584864 0.00544543 -0.00302966 -0.00954087 0.000725664 0.00123072 -0.00782986 0 0
0 0 -0.00585283 -0.0114555 -0.00195859 4.97283e-05 0 -0.00354636 0 0 -0.0270789 0 0 -0.0107066 0 0.00126634 -0.00213874 0.000626766 0.00830403 -2.97646e-05 0 0 8.35113e-05 0 0 -0.0013878 -0.000650151 0 3.0308e-06 0 3.54124e-05 -0.00317401 0.0076279 0.00441661 0.0050123 0 0 -0.0233974 -0.00421407 0 -0.00449879 0 0.00165945 -0.0645707 -0.0176042 0 -0.00550315 0 -0.0184813 0.000955551 0.0112583 0 0 0.00470238 0.0140409 0 0 0 0 0 -0.002221 0.00200835 -0.0348572 -0.00411695 0 0.0207933 0.000773988 0 0.00613018 0 -0.00931344 0 0 0 0 0.00397421 0 0.0376606 0 0 0 -0.0141828 -0.00263027 -0.00513803 0.0115929 0.000382326 -8.82068e-05 0.00699094 0.0227516 0 0.0121485 -0.0145691 0 0.0035532 0 0.0102164 0 0.00271636 0.00487912 0.0023449 0.0130237 0 0 -0.0034255 0.00172241 -0.00228817 0.00126666 0 -0.00312239 0.00364912 -0.00603708 0.000891381 0.000938485 0 -0.00333336 0 0.00172062 -0.00335037 -0.00565588 0.00605469 0.00140629 0 -0.00523911 0.0134123 0 0 0 0 0.00860505 0 0.00159595 0 -0.0327442 0.00224007 -0.0107964 0 0 -0.00543801 0 -0.000108393 0.0114847 0 0 0.00856604 -0.0160111 0 0 0 0.00649956 0 0.00092932 0.00672015 0 0 0 0 0.00517017 -0.00107583 0 0.000761058 -0.00243172 0 0 0 0 0 0.0179098 0.00160635 0.011714 0.00393983 0.0137141 0.000728713 0 0.00126889 -0.00515377 0 0.00029624 0.00121762 0.00046272 0.00537406 -0.00228273 0 0 -0.00150708 0 -0.00272095 0.000892611 0.00130661 -0.00982467 0.015565 0 -0.00376645 0.0019285 0.0121605 0 0.00175141 0.000615941 -9.09937e-05 0.0097192 -6.48572e-05 0.00663026 -0.000120096 -0.00213995 0.00189659 0 -0.00456458 0 -0.00802035 -0.00180792 0.00757298 0 -0.000241377 0 0.0146865 0 0
0.0474217 0.0318806 0 0 0.0689244 0 -0.00422961 0 0 0 0.035692 0.0283771 0.0219057 0.0118775 0.0150304 0.0437549 0 -0.00089569 0 0.0249483 0 0.0165531 -0.000221532 -0.00060766 0 0 0 0 0.0279966 -0.0064351 0 0 0 0 0 0.00353549 -0.000986315 0 -0.000436292 0 0 -0.00346633 0 0.00175713 0 -0.000320891 0 -0.00686383 0.000283962 0 -0.0207157 -0.000775786 0.00463902 0 0 0 0 0 -0.00051496 0.00687245 0.0187844 0.0184844 0.00171445 -0.0153692 0 0 0.0120145 0 0.0294641 0 0 0 0 0 0 0 0 0 0 0 0 0 0.0186665 0 0 0 -0.000251979 0 0 0.00789055 0 0.0204818 0 0.00171257 0 0 0.000398686 0 0 -0.00117193 0 0.00495498 0 0 0.00172054 -0.000947128 0 0 0 0.0142704 -0.0137419 0 0 0 0 0.00712776 9.58804e-05 0.00360775 -0.000447321 -0.0177263 0.00904289 -0.000489955 0 -0.00105463 0 0 0 -0.000380037 -0.000846292 0 0.0353159 0 0 0 0 -0.0040314 0 0 0.000375405 0 0 3.05405e-06 0 0 0.0111342 0 -0.00319626 0.0132366 0 -0.00230352 0.00184192 0 -0.00218437 9.17554e-05 0 0 0 0.00529032 0 0.011659 0 -0.0217757 8.15698e-05 0 -0.00407913 -0.00196501 0 0.000846602 0 0 0 0 0 0 0 0 0 0 0 0 0.00735419 0 0 0.00158057 0 0 0 0 0 0 0 0 -3.90772e-06 0 -0.00116899 0 0 -0.000770938 0 0 0.0102986 0 0 0 -0.00156465 0 0 0 0 0 -0.00179005 0 0 0.00306401 0 0
0.0395232 0.0128712 0.00665063 0.00102398 0.0142112 0 0 0 -0.0270789 0.035692 0 0.0302395 0.0386821 0.128247 0 0.0557229 0.00471426 0 -0.000363083 0.0647869 0 -0.0309779 0 0 0.001065 0.0287066 0.000221738 0 0.0054922 0 -0.0130711 0.000652204 -0.0116618 -0.0159794 -0.000187337 0 0 0.00322924 0.000930551 0 0.0497682 -0.0142295 0 0 0.000670042 0 0.00558874 0.000810242 0.021018 0.00444016 0 0 0.0036282 0 0 0 0 0.00266458 -0.00207029 0.0288317 0 0.00846711 0.00541601 0 0.00176493 -0.010467 0.027397 0.00740657 0.000585093 0.003535 0.00715928 0.000579901 0.000365642 0.00339419 0.0416935 0.000478285 0 -0.00155488 0.0201767 0 0 0 0.0253082 0.00152283 0 0 -4.91145e-05 0 -0.000526424 0.000396867 0 0.066095 0.00445681 0 0.00719409 0 0 0 0 -0.00836795 -1.24246e-05 0.0112813 0 0 0.000895378 0.00183013 0 0.00566223 0.0115183 0.00131455 -0.0244182 0 0 0 0 0 0.00489239 0.00706793 -0.0166717 -0.028529 0.0158276 -0.0153422 0 -0.00227779 0.0409294 0 0 0 -0.000296639 0.00275024 0.0102648 0 0.00595411 0 0.00416759 -0.0125673 0 0.000829187 0 0 -0.00346578 0.00067328 0.00821271 -0.0183133 0.201825 0 -0.00810945 0.0371195 0 0 0 -0.000326559 0 0 0 -0.0045263 0.00388043 0 0.00225155 0.00488109 0 0 0 0.000788605 0 -0.00220533 -0.0070637 0 -0.0145531 -0.00738849 -0.00505602 0.000427687 0 0 0 0 0 0.00841737 0 -0.00483915 0.0287937 0.00385092 0.00146916 0.0146545 -0.00383223 0 0 0 0.00598074 -0.00253777 -0.00471052 0 -1.09886e-05 -0.0111358 -0.00194616 0 0 0 -0.00533101 0 0.00172058 0.00200832 0 -0.000591709 0 0.00120603 0 0.000199828 0.00337983 -0.0126777 -0.00631703 0.00420322 0.000354779 0 0 0
0.0550232 0.0709916 0 0 0.0416819 -0.000403237 -0.00573454 0 0 0.0283771 0.0302395 0 0.0356688 0.0148229 0.0205468 0.0430126 0 -0.00280417 -0.00207666 0.0136156 0 0.045085 -0.00670941 -0.00249089 0 -0.0230268 0 -0.00289779 0.00967564 -0.0150612 -0.00551093 -0.00275166 0 -0.00117359 0 0.0303084 -0.000498499 0 -0.00237656 0 0 0 0 0 -0.000376659 0 0 -0.00210959 0.00429378 0 -0.00203118 -0.00937895 0.000829566 -0.00424957 0 0 0 0 -0.0215691 0.0337443 0.0068472 0.0163245 0 -0.00341336 0 0 0.0512426 0 0.0262596 -0.00115448 -0.00517112 0 -0.000856786 0 0 0 -0.000841104 -0.000228117 0 0 0 0 0.0307029 0 -0.00250264 0 -0.000132455 0 -0.000651791 0.00778667 3.80135e-07 0.00606386 0 0.00416684 0 -0.00051828 0 -0.00240585 -0.0163825 -0.00173233 -0.00378599 0.00622741 0 -0.00616213 0 0 0 -0.00113762 0.00849251 0.000699968 -0.0179506 0 0 0 0 0.00171967 0 0.00183633 -0.0240837 -0.0011136 0.00715702 -0.0137104 0 -0.00876518 0 0 0 -0.000225593 -0.0114255 0 0.0299397 0 0 0 0 -0.0131466 0 0 0.0115996 -0.00012942 1.12001e-07 0 0 0 0.0141 0 -0.00255995 0 0 -0.00110192 0.0153407 0 -0.0137175 0.00369589 0 -1.12482e-05 0 0.00508633 0 0.0152434 0 -0.0122143 0.0165735 0 0 -0.0215745 0 0.00772843 -0.00255698 -0.000625833 -0.00831574 0 0 -0.000240822 0.000325215 0.00501543 0 0 0.00340873 -0.000734562 0.0235301 0 0 0.0366973 -0.00170629 0 0 -0.000458802 0.00655522 0 0 -6.39113e-06 0 -0.00762231 -0.00138181 0 -0.00363319 -0.00121371 -5.72549e-05 0 0.00242144 0 0 0 0 0.003028 9.28296e-05 0 0 -6.5127e-06 -0.000893603 0 0 0.00150659 0 0
0.0242814 0.0372115 0 0 0.0372069 -0.00230983 -0.00624687 0 0 0.0219057 0.0386821 0.0356688 0 0.0441045 0.0271202 0.0328296 0 -0.0135029 -0.00970358 0.0334625 0 0.0315413 -0.00897332 -0.00640086 0 -0.00381434 -0.00207463 0 0.0256414 -0.00587816 -0.0101012 -0.000482435 0 0 0 0.0101508 -0.000257979 0 -0.00367966 -0.00104431 0 0 0 0 0 -0.00132285 0 0 0.00901106 0 0 0 0.0148644 -0.00058532 -5.4947e-06 0 -0.000139784 0 -0.00701297 0.0328703 0.0141027 0.00762052 0 -0.00554003 0 0 0.0341616 -0.0028234 0.0242914 0 -0.000432718 0 -2.85698e-05 0 0.00174112 0 0 0 0 0 0 -0.00047219 0.00109623 0.00107087 0 0 -0.0017331 0 0 0.0137328 0 0.0200755 0 0.0204972 0 0 0 -0.00683334 0 -0.00283086 0 0.00429449 -0.00692639 -0.00445605 0.0103395 0 0 0 0.000884348 0.0217662 -0.00644216 0.00474422 0 0 0 0.00431167 0.00781858 0 -0.0201508 0 0.0146438 -0.0148528 -0.0037991 0 0 -0.00136107 0 0 0 0 0.0274852 -0.0111414 0 0.00127655 0 -0.000787609 0.00168068 -0.00175262 0.0123537 0 0 -0.00677197 0 0 0.00931019 0 0 0.0101632 0 0 0.00656843 0.000662844 -0.00229772 0.0031557 0 0 0 0 0 0.0340891 -0.00154431 -0.0014626 0.00888544 0 0 -0.00951112 0 0.0104097 0 0 0 0 0 0 0 0.00912375 0 0 0.0076138 0 0.00143355 0 0 0.00199502 0 -0.00666108 0 -0.000987951 0.0117576 0 0 0 0 0 -0.000726422 0 0 -0.00807979 0 -0.000244388 0.00532494 0 -0.00246308 0 0 0 0 -0.00119001 -0.000207404 0.000302215 0 0 0 0.00632687 0 0
0.0281075 0.0213243 0 0 0.0161374 -2.87689e-05 0 0 -0.0107066 0.0118775 0.128247 0.0148229 0.0441045 0 -0.0617817 0.0450858 0 0 -4.02018e-05 0.0146516 0 0.00913169 0.00859825 0 0 -0.00295172 -0.00492015 0 0.01267 0 -0.00867656 -0.00694127 0 0 0 0 -0.00918328 0 -0.00338148 -0.00342092 0.00729036 -0.00184914 0 0 0 -0.00423196 0 0 0.0259388 0 0 0 0 8.63278e-05 0.00454713 0 0 0.0102528 -0.00938457 0.0279143 0.0084553 0.0104844 0.0152104 -0.00689151 0 0 0.0320718 0 0.00654061 0.000207166 0 0 0 0 0.0316534 0.00199854 0 0 0.0235218 0 0 -0.00117448 0.00130569 0.00243932 0 0 -0.000326135 0.00219603 0.000324224 0.0039129 -1.77937e-05 0.0601427 0 0.00322286 0 0 0 0 0 -0.0164042 0 0.00400499 -0.00185095 -0.00434601 0.00133038 0 0 9.90595e-06 0.0040894 0.00661997 -0.00517372 0 0 0 0 0.00304252 0.00442214 0 -0.00247268 0 0.00679441 -0.00424001 0 0 0.0285729 0 0 0 0 0 0.0161948 0 0 0.000107008 0 -0.00368663 0.000888095 0 0.000194636 0 0 0 0 -3.11554e-05 0.0619251 0 0 0.0247817 0 0 0.00323163 0 0 0.000977111 0 0 0 3.28962e-05 0 0.0272784 -0.000897294 0 0 0 0 -0.0136818 0 0.000570955 0 0 0 4.72045e-05 0 0.00315365 0 0.000129722 0 0.000477216 0 0 0 0 0 0.00352445 0 -0.00246553 0 0 0 0 0 0 0 0 -0.000909978 0 0 -0.000476954 0 0 0.00597053 0 0 0 0 0 0 -0.000174737 0 0 0 0 0 0.00025565 0 0
0.00338966 0.0178042 0 -0.00130831 0.0530604 0.00477472 -0.0215004 0 0 0.0150304 0 0.0205468 0.0271202 -0.0617817 0 0 0 -0.0106037 0.00126606 -0.00177033 0 0.00107611 -0.0221861 -0.00415403 0 0 0 -0.000218048 0.0223892 -0.0352111 0.00263853 0 -0.00902569 -0.011329 -0.00292504 0.00462432 -0.00110119 0.017142 -0.00133627 0 0 0 -0.010557 0 0 -0.00458375 0.0132031 -0.00378982 0 0 -0.0159182 -0.0187918 0.0266253 -0.0183035 -0.00659038 -0.000179037 -0.000631197 0 -0.0114104 0.0158836 0.0312204 -0.00119174 0.019101 -0.00246353 -0.00162914 -0.00862784 0 -0.000979932 0.0301917 -0.00573619 0 0 -0.000447699 -0.00151234 -0.0226671 -0.00496258 -0.00511414 -0.00693289 -0.00365114 0 0 0.0118993 0.00131715 -0.00103097 -0.00710491 0.00710331 0 -0.00442612 -0.0181189 0.000724286 -0.000480823 0 -0.000158111 0 0 -0.0117607 0.00829269 -0.00641676 -0.0124162 -0.00343545 -0.00514688 0.0130219 -1.21943e-05 0 -0.0019282 -0.000500648 0 -0.0148331 0 -0.00259789 0 -0.000470603 0 0.0219382 0.0472549 0 -0.00600159 0.0160566 -0.00466999 -0.0058049 0 0 0 -0.00424445 -0.00953924 -0.00140975 0 -0.00478847 -0.0109171 0.0108167 0 0 0.0224064 0 0 0 0 0.00127226 0 -0.0147993 -0.0119007 -0.00406037 9.51944e-06 -0.00631522 0 0 -0.00313144 -0.000840719 -9.03733e-05 -0.00521538 0 0 -0.033352 0 0 0 0 0.00660817 -0.000681667 -0.00318875 0 -0.0222919 0.00216733 0.00729538 -0.00117805 -0.00258364 -0.00562319 0 -0.0117627 -0.0123958 -0.00621251 -0.000922385 -0.00189785 -0.00841142 0.00348232 0 -0.00766956 0.0031907 0 -0.00501027 0.0170845 0 0.000281314 0.023779 -0.00145533 0 0 -0.00187972 0.00560159 0 0 0.00709086 -0.00344154 -0.00741145 -0.0101509 -0.00677922 -0.00770875 0 -0.0134277 0 -0.000625733 0 0 -0.00761546 0 0.00861362 0.00558534 0.000235185 0.000760239 -0.0120332 0 0 0.0147475 0 0 0
0.0423821 0.0653042 0.0123404 0 0.0297285 0.00414816 -0.00668635 0.00187414 0.00126634 0.0437549 0.0557229 0.0430126 0.0328296 0.0450858 0 0 -0.0032651 0.00163091 0.00667735 0.0455841 0.0019178 0.0319199 0 0 0.00364519 -0.0084278 -0.00336651 2.58603e-05 0.0583211 -0.0243533 -0.0321786 0 0.00796344 0.013324 0.00187042 0.0171486 0 0 0 0 0 -0.00435538 0.00513433 0 0.00200963 -0.00266575 0 0 0.0304013 0.00290219 0.00420918 0 0.018152 -0.00434497 0.0168198 3.88799e-05 0 0.0012165 -0.00256676 0.0283401 0.0143535 0.0657371 0 -0.00165751 0.00271422 0.00799843 0.0333126 0.0033592 0.0464594 0.00302639 -0.00338867 0 0 0.000182846 0.00711377 0.0290279 0 0.00814679 0.00751082 0 0 -0.00989821 0.00519994 0.00670815 0.00730637 0.00383977 -0.0200863 0.0152346 0.0111321 0.0224482 0.0011794 0.0367956 0 0.00748761 0.0015149 0.00436017 0 0.00196895 0.00548249 -0.00307319 0.00484124 0.0255534 -0.00475758 -0.0116652 0.0155465 0 0 0 0.00711356 0.0645117 -0.0286624 0.0172574 0.00187746 0 -0.0113628 0.00875583 0.0112255 -0.00177501 -0.00578412 -0.00110351 0.0246782 -0.0245357 -0.00751161 0 0.00579475 0 0 0 0.00256753 0.00623441 0.0569321 -0.00610657 0 0.0048758 0.000503471 -0.0127364 0.00330167 -0.00992255 0.00871328 0.00369 0.00646015 0 0 0.00319939 0.0415291 3.41736e-05 -0.00161307 0.0134171 0.000839986 0.000469226 0.0141891 0 0 0.0261961 0 -0.000679958 0.00418433 -0.00151049 0.000597809 0.0508392 -0.00404373 -0.0164547 0.0380599 0 0.000749185 0 0.0124814 0.0129953 0.00138273 0.00440424 0.00386423 0.00273648 0.0080477 0.00160888 -0.00032119 0.0166677 0.00391273 0.00379177 3.91489e-05 0.00314878 0.00574177 0 -0.00344834 0 -0.000112248 -0.0142888 0 0.00148358 -0.00284371 0 -0.0016368 -0.00418424 0.00246367 0.0032823 -0.00361925 0.00411303 0.00104325 -0.0229583 0.0109837 -0.00173967 0.0314254 0 -0.00505191 0.00178994 0 -0.0043933 0 -0.00393298 -0.00237674 0.0106541 -0.00137306 0 0 0.02064 -0.000238141 0
0 0 0.0163394 0.0223176 0.00250433 0.0014868 0 0.00892683 -0.00213874 0 0.00471426 0 0 0 0 -0.0032651 0 0.00727094 -0.0098336 0 0.00271191 -0.00274302 0 0.00237898 0.00232239 0.0198462 0.0366004 0.000751731 -0.00183159 0 0.0108728 0.0297532 -0.0101146 0 -0.00192196 0 0.0202243 0.00594361 0.0214625 0.0163427 0 -0.0329368 0 -0.00429814 0.00315234 0.0344588 0.0146307 0.0281794 -0.00155866 0.00469975 0 0 0 0 -0.00246492 -0.000189974 0.0148118 0 0.00813968 0 4.05541e-05 -0.00273274 0 0.00100437 0.00602595 -0.00687221 -0.006858 0.018402 -0.000299369 0.001071 0.0176303 0.00739546 0.018132 0.00359301 0 0 0 -0.0205288 0 -0.00420352 0.0179514 0.0316254 0 0.0153467 -0.0086688 1.70189e-05 0.00817901 -0.00350133 -0.0155363 0 0 0.00462299 0.0127718 -0.00380572 0.00314593 0 0 -0.00427147 -0.00136906 -0.000121093 -0.00197591 0 0 0.00689863 -0.00219958 0.0125032 0.000201073 0.00692803 0.0259975 -0.00593838 0 0 0.000630729 0.00688941 0.0039594 -0.000829359 -0.00171806 0.00498028 0.00171417 -0.00173519 -0.00379895 -0.000700548 0.00799947 -0.00544423 0 0.012687 0.0171878 0 -0.00577579 0.00491046 -0.00161503 0 0.0126654 -0.00187835 0.00740228 -0.0216011 -0.00140914 0.0168058 -0.0049443 0 -0.0137802 0.0247582 0.00975846 0 0.00169833 0 -0.027898 9.84102e-05 0 0 -0.00639616 -0.00320673 0 -0.000196134 -0.00304313 -0.0138157 0 0.00571795 0.00722661 -0.00847252 0.000303882 0 0 0.00788054 0.000437833 0 -0.0126739 -0.00246014 -0.0108662 -0.00118205 -0.00717328 0 0.00325313 -0.00241849 0.0159221 -0.000525823 0 0 -0.00147531 -0.00312555 0.00997084 0.00425567 0.0106739 0 -0.0155154 0.00516923 0 0.00591347 0.0286982 -0.00538358 -0.0100569 0.00965201 0 -0.00947264 -0.0115447 0 0 0.0032794 -0.00579369 0.000964725 -0.00640713 0.00704872 0.00105535 -0.0112671 0 0.0138899 -0.000520083 0.0154656 0.010045 -0.00989797 -0.0130294 0.00427565 0.000851504 -0.0114355 0 0
0 0 0.0103871 0.0194624 0 0.0349016 -0.0168373 0.00420416 0.000626766 -0.00089569 0 -0.00280417 -0.0135029 0 -0.0106037 0.00163091 0.00727094 0 0.0192874 0 -0.0108315 0 -0.0023637 0.0482707 -0.000125959 0.034137 0.0119928 0.03857 0 -0.00540261 0.0336924 0.0297787 0.00489541 0.0125422 0 0 0.0138251 0.00535221 0.0409137 0.0237786 0 -0.0062362 0.0104918 0 0.00331395 0.0303517 0.0126789 0.00984419 -0.00607885 0.0186586 0.0027583 0.0028664 0 0.00983378 0.00488667 0 0.022623 0 0.0120026 -0.000155978 0 0.000830424 -0.00271314 0.00143433 0.00972364 0.0206099 -0.0173369 0.0513452 0 0.0180569 0.0265437 0.0108638 0.00595485 0.0047035 0 0.00913707 0.00110138 0.00321597 0 0 0.00521434 -0.016752 -0.000573562 0.0133913 0.00867343 0.00704845 0.00561927 0.00650864 0.00145052 0 0.0180251 -0.00600636 0.0133791 0 0.00603104 0.0124762 -0.00164684 0.00432952 0.00733839 0.0043767 0.0065028 -2.06255e-06 0.000319246 0.00433669 0 0.0132302 0.00138497 0.00663164 0.00563787 0.00475725 -0.000801711 0 0.0257997 0.00215623 -0.00512235 -0.00663329 0 -0.0050436 0.00398886 0.00494017 0 -0.00220329 0.00112577 0.000283368 0 0.0047389 0.00607935 9.44562e-05 0.00394586 0.013587 9.33737e-05 0 -0.00232231 0 0.00263466 -0.00596696 -0.00154545 0 -0.0162813 0.027034 0.00418311 0.0262255 0.00415374 0.00405235 0 -0.00157822 -0.00483075 -7.01253e-05 0.00055709 0.00903673 0 0.00116722 -0.00463871 0 0 -0.00448616 0.0231002 -0.00472239 0.0148266 0 0.00067513 0.0008889 0 0.00397824 0.00435728 0.0126444 -0.001608 0 0.00075241 0.00455807 0 0.00263555 0.00884618 0 -0.00909187 0 0.00628471 0.00439858 0 0.00817534 -0.00363445 0.0066572 0.00145666 -0.0141597 -0.00417988 0.00243534 0 0.0302421 -0.00365754 0 -0.00347387 -0.0113297 0.00364157 0.00359525 -0.00401518 0.00505649 0.00481373 0 0.00374746 0 0 0.00397403 0.000517458 0.00146199 0 -0.008584 0 0.00239425 0.00272817 0 -0.00399898 0 0 -0.0035929 0 0
-0.00018076 0 0.00138256 0.00513367 -0.00129308 0.0158786 -0.0210742 0.00597307 0.00830403 0 -0.000363083 -0.00207666 -0.00970358 -4.02018e-05 0.00126606 0.00667735 -0.0098336 0.0192874 0 -6.3237e-05 0.00978224 0 -0.00783996 0.0126022 0.00864422 0 0 0.00931998 0 -0.0220907 0 0 0.0237233 0.0508434 0.00617635 0 0.00673201 0.0019971 0.00240559 0 0 -0.00680453 0.0199424 -0.00130432 0.00759506 0.000208782 -0.00990805 0.00710249 -0.00901405 0.017107 0.0398702 0.00515539 0 0.0299251 0.0204069 0.0269093 0.00554952 0 0.0017364 -0.0015816 -0.0135055 0.00721189 -0.00271549 0.0016194 0.0107949 0.0199681 0.00100261 0.014236 0.000560712 0.00122098 -0.00133602 0 0.000743575 0.00492631 -0.00247487 0.0183 0.00347672 0.0145955 0.00635832 0 0.00105932 -0.0194175 -0.00364092 -0.000323568 0.042823 0.0140517 -0.000274746 0.0295733 0.0264706 0 0.0135828 0.000777241 0.00445727 0.00180499 0.00582776 0.0193937 -0.00680764 0.0456084 0.0139944 0.0427701 0.0220737 -0.00990838 0 0 0.00989488 0.00239549 0.00313961 0.00198617 -0.0100049 0.012425 -0.00204252 0.00194841 0.011429 0 -0.010273 0 0.00752625 -0.0162535 0.00490489 0.0584268 0.00487434 -0.00472446 0.00159145 0.00670353 0.00340674 0.0038214 0.00160476 0.0102054 0.0144176 0.0147943 0.00196597 -0.000402063 0.00109675 0.00410796 0.00637671 -0.00164446 -0.00447268 -0.0083199 0.00466095 0.0227772 0.0206318 0.00187619 -0.00831574 0.0103556 0 0.00592299 0.0103905 -0.00843903 0.00245395 0.0225362 0.0021969 0.0115597 -0.00580977 0.00597941 0 -0.000142975 0.00353374 -0.0210825 0.00309306 0.00536999 0 0.000576739 0 -0.00064134 0.0148595 0.0152408 0.0137311 0.00963766 0.0150882 0.0144842 0.0160986 0.0360541 0.013237 0.00357527 -0.0135826 0.0144083 0.0132361 0.0259941 0 0.0212124 -0.044847 -0.000983966 -0.00413141 -0.0413586 -0.00147718 0 0.0225735 0.0120829 -0.0271091 0 -0.00301265 -0.0263988 0.0154514 0.0459034 -0.00104667 0.0199126 0.0111431 0 0.0165263 0 0.00731004 -0.00283283 -0.00235065 0.0127977 0.0234734 -0.0420923 0 -0.0135271 -0.0117747 0.00788361 0 -0.000489065 -0.00227609 -0.00131217 0 0
0.0151726 0.0186732 0 0 0.00824108 0.000486965 0.0146599 0.00420779 -2.97646e-05 0.0249483 0.0647869 0.0136156 0.0334625 0.0146516 -0.00177033 0.0455841 0 0 -6.3237e-05 0 0 0.0117807 0.0159374 0.00122243 0 1.25828e-05 0 0 0.0453099 0.00466774 -0.0179013 0 -0.00210236 0.00671259 0 0.0060659 0 0 0 -0.00915544 0.00242902 -0.00761023 0.00210194 0 0 0 0 0 0.0285786 0 0 0 0 0 0.00577011 0 0 0.00737097 0 0.0293091 0.00912348 0.023075 0 0 0 0.00373501 0.0110689 0.00264338 0.0042578 0.00539 0 0 0 0 0.034097 0.00387523 0.00356845 0.0044482 0.0126235 0 0 -0.00167627 0.000852557 0.00143428 0.00479169 0.00302646 0 0.000416071 0.0016903 0.020437 0 0.0476896 0.000256122 0.0080214 0 0.00187976 0 0 0.00549689 -4.78458e-05 0 0.00288643 -0.00170994 -8.69557e-05 0.00260268 0 0 0.0281294 8.80971e-05 0.0169544 -0.00699127 0.00288181 0 0 0 0.000368989 0.00572359 0 0 -5.65848e-05 0.0112735 -0.0126322 0 0 0.0210762 0 0 0 0 0 0.0082585 -0.00742555 0 0 0 -0.00972141 0.00744074 0 0.0014196 0.000572634 0.00326452 0.000278118 0 0 0.0110584 -0.0128782 -0.00774257 0.0350293 0 0 0.0158605 0 0.00368455 0.000359975 0 -0.000172868 0.00023515 0 0.00228291 0.0346063 0 0 0 0 0 0 -8.84573e-05 0.000535666 0.000913492 0.00209261 0.000716943 0 0 0.0156052 0 0 0.00169915 -5.04868e-05 0.000852499 0.000616716 0 0 0 0 0 0 0 0 0 0 -0.00234291 -0.00150225 0 0.00225336 -0.00554874 0.00192771 0 -0.00142574 0.00108967 0 0.00469187 0 -5.21232e-05 0 -0.0155732 -0.00101391 0 0 0 0.00573797 -0.00354211 -7.90591e-05 0 0.000996233 0 0
0 0 0.0137012 0.00813415 0.00300069 0.022319 0.00251087 0.0114009 0 0 0 0 0 0 0 0.0019178 0.00271191 -0.0108315 0.00978224 0 0 0 -1.36955e-05 0.00785027 0.0158281 0 0.00194188 -0.00425627 0 0.00187989 0 0.00517578 0.00326085 0.0096723 0.000560086 0 0.0108734 0.00884882 0.00521938 0.00350818 0 -0.0219924 0.00986336 -0.00866611 0.0260134 0.0026816 0.0217629 0.00495718 -6.66223e-05 0.0121746 0.0145395 0.000529455 0.014288 0.00944441 0.00319316 0.000537558 0.00603374 0 0 0 -0.00342859 0.00226618 -0.000372776 0.00129942 0.034886 0.00466023 0 0.00706187 0 0.00865149 0 0 0.00421906 0.0125686 0 0.00875396 0 0.00175605 0.00182868 -3.36322e-05 0.0236413 -0.00439917 0 0.00639026 0.00866462 0.0318344 0 0.0063423 -0.00190576 0 0 0.00271351 0.00367358 0 0.0114062 0.00722337 -0.0036961 0.00270903 0.00234266 0.00408785 0.00567312 -0.000348279 0 0 0.00173897 0.00960665 0.00830167 0.000514398 0.00730334 0.00160245 -0.00325706 0 0.0117255 0.00400444 -0.00228632 0 0.000320563 -0.0040589 0 0.0105861 0 -0.00502814 0.00754256 0 0.0016873 0.0106225 0.0101547 0.000850262 0.00199877 0.0216613 0.00422551 0 0.0206249 0.00189402 0.0228502 -0.00817184 -0.000233764 0 0 0.0146185 0.011178 0.00558628 0.00048335 0.0110414 0 0.0292838 -0.0053725 0.000986313 0.000169058 0.00486228 0 0 0.00171481 0.00110777 -0.000312381 -0.00193091 0.0102532 -0.00448556 0.00380675 0.00205389 0 0 0 0 0.0163135 0.00143108 0.000342977 0.0158231 0.000932611 0.00316049 0.000957107 0.0102744 0.0301307 0 0 0 0.00475431 0.00672502 0 0.00229067 -0.00223886 0 0 -0.000833339 -0.00584556 0 0.000437402 0.00349017 -0.00162011 0 -0.00495176 -0.00574481 0.0131635 -0.00636425 -0.00421694 0.00157299 0.00501752 0 0.00291695 0 0 0 0 0.000567502 0.0130105 -0.00658657 0 0 0 -3.10739e-05 -0.00232123 -0.00875302 0 -0.00319191 0 0
0.0311434 0.0284792 0 -0.000622226 0.022302 0 -0.033736 8.54083e-06 0 0.0165531 -0.0309779 0.045085 0.0315413 0.00913169 0.00107611 0.0319199 -0.00274302 0 0 0.0117807 0 0 -0.020872 -0.00835824 0.0185784 -0.0291103 -0.000665521 -0.00823833 0.0439431 -0.018269 -0.0274842 -0.00629664 0.00703083 0.00386835 0.0100306 0.0409711 0 0 -0.00468918 0 0 -1.35508e-05 0 0.00663887 0 -0.00555613 0 -0.0092379 0.013367 0 0 -0.0186903 0.00126614 0 0.00673606 0 0 0 -0.029995 0.0195537 0.0160247 0.0437081 0.000320281 -0.0148053 0 0.00352134 0.0418036 0 0.0156648 -0.0102473 -0.0131979 -0.00321439 -0.0134247 0 0 0.0111479 0 0.00673617 0.010142 0 0 -0.00323912 0.00115312 0 3.70551e-05 0.00877756 -0.00673682 0.00238947 0.00271534 0.03314 0.000192024 0.0040263 0 0.00161644 0 0 0.00246407 0 0.000212276 0 0 0.0237785 -0.00341066 -0.0188249 0.00355549 -0.000879884 0 -0.00215927 0.00852446 0.0346063 -0.00533307 0.00287225 0.0003771 0 -0.00809053 0.0653296 0.00449851 0 -0.0285995 0 0.0388334 -0.0166308 -0.00448641 0 0 -0.00392408 -5.93265e-06 0 0 0 0.0263356 -0.0010009 0 0.00849202 0 -0.0164943 0.00677316 -0.00393334 0.0117316 0 0.00166214 -0.00157688 -0.000682825 0.026121 0 -2.48202e-06 0 0 0.0137939 0 0.016607 0.0076378 -0.0143373 0.0178837 0 -0.00357953 0 0.0153357 0 0.0232176 -0.00388248 -0.0183784 0.0033625 3.88059e-06 0 -0.0144215 0.00141095 0.0313433 0.0143275 0.00107257 0.00471512 9.70607e-05 0 0 2.68827e-05 0.0109122 0.0024678 0.00091546 0.000529768 0 3.55538e-05 -0.000979285 -0.00456581 0.00295507 -1.54803e-05 -0.00355587 0 0 0 0.00307726 0 0 0.000558455 0.0012565 -0.00568454 0.00019351 0 -0.0114793 0.00203425 -0.00359003 0.0350304 0 -0.00154464 0.0037326 0 0 0.00100732 -0.00732199 -0.00321357 0.0125498 -1.69542e-05 0 0 0.0335912 0 0
-0.00592711 -0.0146003 -0.000515013 -0.0116184 -0.00487566 0.00807471 0.208611 -0.00197997 8.35113e-05 -0.000221532 0 -0.00670941 -0.00897332 0.00859825 -0.0221861 0 0 -0.0023637 -0.00783996 0.0159374 -1.36955e-05 -0.020872 0 0.00503287 0.00293117 0.00945075 0 0 -0.0166764 0.145989 0.00440721 0 0.00363354 0.00956971 0 -0.0228584 0 0.000413664 0.00302893 0 0.021676 -0.00363263 0.00840861 -0.0148713 -0.000458018 0.00167874 0 0.00925594 -0.0138153 -0.00256792 0.0132851 0.0306289 -0.0227105 0.00977048 0.00644588 0.000549042 0.00203749 0.0121694 0.00400961 -0.00593247 -0.00837679 0 0 0.01473 -0.00593512 0.00529684 -0.00481078 0.00429379 -0.00728269 0.00838527 0.00380407 0.000447472 0.0125054 0.00158565 0.00425065 0.00649975 0.0109173 0.00363043 0.00240934 0 -4.47841e-05 0.00137558 -0.0009045 0.00299091 0.0141831 -0.00417696 0 -0.00534109 0.00507488 -0.00560855 -0.00741642 0.00856833 0.00802866 0 -0.00197312 0.00497661 -0.00762095 0.00969073 0.0175123 0.000601436 0.00412877 -0.00977011 0 6.41992e-05 0 0 0 0.0157298 0.000690667 0 -0.000986828 0 -8.14652e-05 0 -0.000803777 -0.010581 0 -0.00748313 0.00317076 0.00434524 -0.0166016 -0.000266362 0.00122767 0.00427718 0.00600362 0.00281024 0 0.00122358 0.00675156 -0.00180831 0 0 0.00163401 0 0.00227292 -7.71663e-05 -0.00516865 0 0 0.00453927 0.00641737 0.0104608 0.000545486 0 0 0 -0.000196431 0.0361746 0 0.00578581 0 -0.0196246 0.0963678 -0.00571555 0 -4.03427e-05 0.000478496 -0.00670457 0.000285815 0 0 0.0292989 0 0 -0.00176012 0.00303265 0.00267807 -0.00837133 0.00169214 0.00571332 0.00259277 0 0.00406705 0.00910353 -0.00266304 -0.00608816 0.00357968 -0.00553703 0 0.00547357 -0.00665737 0 0 -0.00788553 0 0 0 0.00535854 -0.00363199 0 -0.00143247 -0.00631291 -0.00333737 0.00517816 -0.00024391 0.00909241 0.00505165 0.000122999 0.00404907 0 -0.0103902 0 0 0.00135236 0 -0.00994769 -0.000298969 0 0 0 -0.000143472 0 0 -0.00861811 0 0
