1.13058 0.0624075 0.04416 0.0311409 -0.0103069 0.00976826 -0.0419326 -0.0251372 -0.021424 0.0427142 0.108532 -0.0291507 0.0966584 -0.0171698 -0.0461561 -0.0316996 -9.80864e-07 0.0618298 0.0485902 0.00379452 0.016742 0.0684756
0.0624075 1.04116 -0.0102126 -0.0719096 0.0290661 -0.0132536 -0.0741232 -0.0799735 0.00252295 0.0286703 0.0339738 -0.0366153 -0.00355058 -0.0545691 -0.0187669 0.00343691 7.46304e-07 -0.00243193 0.00501543 -0.00664721 0.00754027 -0.0276534
0.04416 -0.0102126 1.11555 0.116799 -0.0414534 0.0677534 -0.0785009 -0.0166605 0.0139265 0.0280693 -0.0167678 -0.0126103 0.0348492 -0.0530451 -0.00329807 0.0116716 -2.13285e-06 -0.0306521 0.0126293 0.0440891 -0.0290507 0.00538695
0.0311409 -0.0719096 0.116799 1.53258 0.0392096 0.0285789 -0.0550162 -0.0379568 0.0111821 0.0370898 -0.00184793 0.0611199 0.0329375 0.0144235 -0.0154996 -0.00752856 2.74584e-06 -0.00129615 0.0112146 0.0543129 0.00750603 0.0088332
-0.0103069 0.0290661 -0.0414534 0.0392096 1.15152 0.0199662 0.0439632 0.0145382 -0.0133872 0.021487 0.0642031 -0.0748547 0.00806998 0.00303455 0.0543382 -0.00516107 9.04105e-07 0.0184961 -0.0142857 0.026487 -0.020907 -0.029863
0.00976826 -0.0132536 0.0677534 0.0285789 0.0199662 1.40943 -0.11214 -0.0283185 0.00753004 0.00891351 -0.00282922 -0.0624327 -0.0111885 0.0512649 -0.00172841 0.0374928 -1.26513e-06 -0.0360475 0.0307313 0.018823 0.00884756 0.0757146
-0.0419326 -0.0741232 -0.0785009 -0.0550162 0.0439632 -0.11214 1.36201 0.0474906 -0.0500584 -0.0696992 -0.012366 -0.0680466 -0.0226003 0.0466996 0.0279647 -0.051283 -5.67369e-07 -0.00777053 0.0300652 0.029631 -0.0448341 0.0120053
-0.0251372 -0.0799735 -0.0166605 -0.0379568 0.0145382 -0.0283185 0.0474906 1.31277 -0.0700403 -0.0154907 0.00679717 -0.0385222 -0.00318918 0.0678411 -0.0286358 -0.0752134 2.60965e-06 0.00935842 -0.00627045 -0.0149508 0.0214276 0.0651205
-0.021424 0.00252295 0.0139265 0.0111821 -0.0133872 0.00753004 -0.0500584 -0.0700403 1.01031 -0.0290325 0.0147122 -0.0672397 0.0398896 -0.013168 0.0183488 0.00455956 3.83709e-08 -0.00825796 0.00967085 -0.0244182 0.052348 0.0172513
0.0427142 0.0286703 0.0280693 0.0370898 0.021487 0.00891351 -0.0696992 -0.0154907 -0.0290325 0.942944 -0.0472441 0.0618208 0.00910018 0.0106216 0.0152313 0.0201651 4.69002e-07 0.0136728 0.0143122 0.0257773 0.0165813 0.0290998
0.108532 0.0339738 -0.0167678 -0.00184793 0.0642031 -0.00282922 -0.012366 0.00679717 0.0147122 -0.0472441 1.22675 -0.141912 0.0174239 0.00512282 -0.00067703 -0.0418481 -3.05018e-07 0.010438 -0.00978961 0.00703635 -0.00068884 0.059509
-0.0291507 -0.0366153 -0.0126103 0.0611199 -0.0748547 -0.0624327 -0.0680466 -0.0385222 -0.0672397 0.0618208 -0.141912 1.44651 -0.0130433 0.038543 -0.0534704 0.0264475 -1.03106e-06 0.0137817 0.0364651 -0.0130603 0.0137001 -0.0369297
0.0966584 -0.00355058 0.0348492 0.0329375 0.00806998 -0.0111885 -0.0226003 -0.00318918 0.0398896 0.00910018 0.0174239 -0.0130433 0.922156 0.0179654 -0.0105848 -0.00114226 -2.554e-06 0.00990902 0.0357039 0.054192 -0.0314598 0.021272
-0.0171698 -0.0545691 -0.0530451 0.0144235 0.00303455 0.0512649 0.0466996 0.0678411 -0.013168 0.0106216 0.00512282 0.038543 0.0179654 1.35035 -0.0310232 -0.0221629 -1.00615e-06 -0.0320881 0.0091931 0.0203869 -0.0357793 0.0174718
-0.0461561 -0.0187669 -0.00329807 -0.0154996 0.0543382 -0.00172841 0.0279647 -0.0286358 0.0183488 0.0152313 -0.00067703 -0.0534704 -0.0105848 -0.0310232 1.3855 0.0171219 2.67777e-06 0.000767836 -0.043335 -0.0217457 0.058715 -0.0393478
-0.0316996 0.00343691 0.0116716 -0.00752856 -0.00516107 0.0374928 -0.051283 -0.0752134 0.00455956 0.0201651 -0.0418481 0.0264475 -0.00114226 -0.0221629 0.0171219 0.610643 -1.36947e-06 -0.0332962 -0.00955544 -0.0111449 -0.00534972 -0.0112991
-9.80864e-07 7.46304e-07 -2.13285e-06 2.74584e-06 9.04105e-07 -1.26513e-06 -5.67369e-07 2.60965e-06 3.83709e-08 4.69002e-07 -3.05018e-07 -1.03106e-06 -2.554e-06 -1.00615e-06 2.67777e-06 -1.36947e-06 3.13503e-09 1.35323e-06 -6.93034e-07 -1.04465e-06 -1.00686e-06 -6.86388e-07
0.0618298 -0.00243193 -0.0306521 -0.00129615 0.0184961 -0.0360475 -0.00777053 0.00935842 -0.00825796 0.0136728 0.010438 0.0137817 0.00990902 -0.0320881 0.000767836 -0.0332962 1.35323e-06 0.89771 0.0129104 -0.0279397 0.0211266 0.0346001
0.0485902 0.00501543 0.0126293 0.0112146 -0.0142857 0.0307313 0.0300652 -0.00627045 0.00967085 0.0143122 -0.00978961 0.0364651 0.0357039 0.0091931 -0.043335 -0.00955544 -6.93034e-07 0.0129104 0.783467 0.0706981 -0.0227692 -0.00306581
0.00379452 -0.00664721 0.0440891 0.0543129 0.026487 0.018823 0.029631 -0.0149508 -0.0244182 0.0257773 0.00703635 -0.0130603 0.054192 0.0203869 -0.0217457 -0.0111449 -1.04465e-06 -0.0279397 0.0706981 0.87615 0.0172142 0.0656974
0.016742 0.00754027 -0.0290507 0.00750603 -0.020907 0.00884756 -0.0448341 0.0214276 0.052348 0.0165813 -0.00068884 0.0137001 -0.0314598 -0.0357793 0.058715 -0.00534972 -1.00686e-06 0.0211266 -0.0227692 0.0172142 1.14169 0.0226963
0.0684756 -0.0276534 0.00538695 0.0088332 -0.029863 0.0757146 0.0120053 0.0651205 0.0172513 0.0290998 0.059509 -0.0369297 0.021272 0.0174718 -0.0393478 -0.0112991 -6.86388e-07 0.0346001 -0.00306581 0.0656974 0.0226963 1.33764