0.873543 0.114151 0.0144679 -0.0274822 -0.00114788 0.00985824 0.00329132 0.00921594 0.0712958 0.000817838 0.0905479 -0.00813175 0.0817523 0.00978951 0.0309102 0.151279 -4.22117e-07 0.0432295 0.00159827 -0.0188557 0.0623226 -0.0286593
0.114151 0.765855 0.023675 -0.00766474 0.153684 -0.0786796 0.024239 -0.0334108 0.0101266 0.0839054 0.0205506 -0.0223761 0.0852488 -0.078164 -0.064744 0.0809117 -3.80192e-06 0.104836 0.0717384 0.0297732 0.17669 0.0207586
0.0144679 0.023675 0.735113 -0.052054 -0.0284789 -0.000307351 0.0230907 -0.0567103 0.000456243 0.0207517 0.0745665 -0.0617735 0.120188 -0.000306431 -0.0983208 0.0114356 1.63789e-06 0.0490971 0.0292343 0.00206779 -0.0854977 0.0242268
-0.0274822 -0.00766474 -0.052054 0.470487 0.0282482 0.025735 -0.00472214 0.033664 0.0819743 -0.0343477 -0.00302825 0.0390083 -0.0155236 0.0255634 0.152105 0.0420357 -2.01976e-06 -0.0487741 -0.0630778 0.000350711 0.120361 -0.0233501
-0.00114788 0.153684 -0.0284789 0.0282482 0.632205 -0.104909 0.00430363 -0.0381975 0.0881001 0.0599098 -0.0140333 -0.0311564 -0.000578577 -0.104223 -0.0210233 0.0290418 -1.50712e-06 0.117409 0.0443708 -0.0299085 0.22038 -0.0234772
0.00985824 -0.0786796 -0.000307351 0.025735 -0.104909 0.504645 0.0134118 0.198174 0.0931531 -0.109136 0.0471514 0.0676769 -0.0040267 0.501346 0.0649004 -0.0198282 -3.962e-07 -0.0304275 -0.0240965 -0.0217277 -0.103178 0.13491
0.00329132 0.024239 0.0230907 -0.00472214 0.00430363 0.0134118 0.0686226 -0.00361232 -0.0107999 0.00915962 0.0177046 0.000460129 0.00682826 0.0133248 -0.0155456 0.00723369 6.78146e-08 0.0244745 0.026696 0.00644481 -0.0161428 -0.00340389
0.00921594 -0.0334108 -0.0567103 0.033664 -0.0381975 0.198174 -0.00361232 0.4207 0.0736092 -0.0415315 0.0447514 0.161992 -0.0265349 0.19688 0.0313788 0.0104026 6.19296e-07 0.00860099 -0.0170412 -0.0315429 -0.0229093 0.272008
0.0712958 0.0101266 0.000456243 0.0819743 0.0881001 0.0931531 -0.0107999 0.0736092 0.800803 -0.253158 0.0464712 -0.0223981 -0.0674224 0.0925444 -0.0137459 -0.000773949 3.39303e-06 0.0341305 -0.0689316 -0.0901562 0.113957 0.0492733
0.000817838 0.0839054 0.0207517 -0.0343477 0.0599098 -0.109136 0.00915962 -0.0415315 -0.253158 0.907924 0.0795887 -0.0170101 0.0944717 -0.108423 -0.0272332 0.0540079 3.30036e-08 0.0674773 0.0604389 0.0974842 0.0770969 0.0530202
0.0905479 0.0205506 0.0745665 -0.00302825 -0.0140333 0.0471514 0.0177046 0.0447514 0.0464712 0.0795887 0.52342 0.0319876 -0.00362164 0.0468442 -0.0598842 0.0362327 5.59678e-07 0.076209 -0.0676445 -0.0489628 -0.0121239 0.0796206
-0.00813175 -0.0223761 -0.0617735 0.0390083 -0.0311564 0.0676769 0.000460129 0.161992 -0.0223981 -0.0170101 0.0319876 0.446564 0.0330241 0.0672361 0.0527377 0.0311266 -7.59006e-07 -0.034879 0.0211739 0.0322924 0.0117121 0.0440245
0.0817523 0.0852488 0.120188 -0.0155236 -0.000578577 -0.0040267 0.00682826 -0.0265349 -0.0674224 0.0944717 -0.00362164 0.0330241 0.936022 -0.00399838 -0.0380253 0.128925 7.78452e-07 0.0160912 0.200612 0.18522 0.0176599 0.0517777
0.00978951 -0.078164 -0.000306431 0.0255634 -0.104223 0.501346 0.0133248 0.19688 0.0925444 -0.108423 0.0468442 0.0672361 -0.00399838 0.498068 0.0644729 -0.0196964 -3.938e-07 -0.0302281 -0.0239348 -0.0215851 -0.102504 0.134029
0.0309102 -0.064744 -0.0983208 0.152105 -0.0210233 0.0649004 -0.0155456 0.0313788 -0.0137459 -0.0272332 -0.0598842 0.0527377 -0.0380253 0.0644729 0.694538 -0.0285384 -2.91458e-06 -0.0669916 -0.0483829 0.0635275 0.14525 -0.0266312
0.151279 0.0809117 0.0114356 0.0420357 0.0290418 -0.0198282 0.00723369 0.0104026 -0.000773949 0.0540079 0.0362327 0.0311266 0.128925 -0.0196964 -0.0285384 0.568798 -3.55202e-06 0.0531163 0.0531204 0.003936 0.0336514 0.00703938
-4.22117e-07 -3.80192e-06 1.63789e-06 -2.01976e-06 -1.50712e-06 -3.962e-07 6.78146e-08 6.19296e-07 3.39303e-06 3.30036e-08 5.59678e-07 -7.59006e-07 7.78452e-07 -3.938e-07 -2.91458e-06 -3.55202e-06 3.47583e-09 4.8015e-07 2.34092e-06 2.86706e-06 -2.20028e-06 1.25635e-06
0.0432295 0.104836 0.0490971 -0.0487741 0.117409 -0.0304275 0.0244745 0.00860099 0.0341305 0.0674773 0.076209 -0.034879 0.0160912 -0.0302281 -0.0669916 0.0531163 4.8015e-07 0.284728 0.0379259 -0.00930695 0.0506279 0.030597
0.00159827 0.0717384 0.0292343 -0.0630778 0.0443708 -0.0240965 0.026696 -0.0170412 -0.0689316 0.0604389 -0.0676445 0.0211739 0.200612 -0.0239348 -0.0483829 0.0531204 2.34092e-06 0.0379259 0.731237 0.159314 -0.00102331 -0.0157995
-0.0188557 0.0297732 0.00206779 0.000350711 -0.0299085 -0.0217277 0.00644481 -0.0315429 -0.0901562 0.0974842 -0.0489628 0.0322924 0.18522 -0.0215851 0.0635275 0.003936 2.86706e-06 -0.00930695 0.159314 0.926289 0.0368 -0.0352395
0.0623226 0.17669 -0.0854977 0.120361 0.22038 -0.103178 -0.0161428 -0.0229093 0.113957 0.0770969 -0.0121239 0.0117121 0.0176599 -0.102504 0.14525 0.0336514 -2.20028e-06 0.0506279 -0.00102331 0.0368 0.694423 -0.0490675
-0.0286593 0.0207586 0.0242268 -0.0233501 -0.0234772 0.13491 -0.00340389 0.272008 0.0492733 0.0530202 0.0796206 0.0440245 0.0517777 0.134029 -0.0266312 0.00703938 1.25635e-06 0.030597 -0.0157995 -0.0352395 -0.0490675 0.607189