0.911503 -0.0680395 -0.000578149 -0.000141983 0.00633087 -0.028937 0 -0.0280403 0.0107168 -0.00138556 0 0.000462149 -0.0304944 -0.0532779 -0.0115427 0 -0.0189605 -0.00967976 0 -0.0116588 0 0 0 0.000777122 0 8.38328e-05 0 0 0 -0.0171319 0 0 0 0 0 -6.87323e-06 0 0 0.000775909 0 0 -0.00101589 -0.00285069 -0.0168546 0 0.000372563 -0.0135651 -0.0105988 0 0 0.00353011 0 0 0 0 -0.0417943 0 0 -0.000935506 0 0 0 8.46888e-05 0 0 0 0 0 0 0 0.00103026 0.00802027 -0.00268655 -0.0100788 -0.0127537 -0.0019115 -0.00428527 0 0 0 0.00230692 -0.000558893 0.000209619 0.000595238 0 0 0.000632961 0 0.0107138 0.00146184 0.00147002 0.000359999 0 0 0 -0.0152372 0 -0.0430613 0 0 0 0.00183066 0 -6.68636e-05 0 0 0.00880465 0.00021711 -0.000218255 0 0 -0.00118233 0.0120314 0.00143691 0.0141 0 0.000222358 0 0 -0.00273906 -0.00143911 0.00157863 0 0 0.0143742 0.0265354 0 -0.0148886 0 0 0 -0.0427118 0 -1.21551e-05 0 0 0 3.19721e-06 0 0 0.00131274 0.0103538 0 0 -0.00333715 0 -0.0126778 0 0.00234263 0 0 0 -0.00279185 0.000611998 0 -0.0019633 0 -0.00466618 0 -0.0110627 0 -0.00863139 0 -0.00443571 0.00140117 0 0 0 0 -0.000517303 -0.0139851 -0.00165471 0 0 0 0 0 -0.0175097 0 0 -0.0211631 0.00997137 0 0 0 0 0 -0.00766175 0 0 0 0 0 0.000570999 0 0 0 0 0 0 0 0 0 0 0 0.00573744 0 0 0 0 0 0 0 0 0 0
-0.0680395 0.878785 0 0 0.0229433 -0.0495892 0 -0.0156215 0.02636 0 0 0.0101688 -0.0340387 -0.0435413 -0.00234396 0 -0.0287825 -0.0182907 0 -0.0226682 0 0 0 0.000545601 0 0 -0.0186512 0 0 -0.00613561 0 0 0 0 0 0 0 0 0 0 0 -0.000775303 0 -0.0268198 0 0 -0.00502316 -0.0120388 0 0 0.0154792 0 0 0 0 -0.0251609 0 0 0 -0.00177759 0 0 0 0 0 1.02238e-05 0 0 0 0 0 0.0114476 0 -0.0294786 -0.0212218 0 -0.0133704 0 0 0 0.000601189 -0.000384202 0 0.00395852 0 0 0 0 0.0164796 0.00344609 0 0.000923864 0 0 0 -0.00576552 0 -0.0166462 -0.00315321 0 0 0.0113072 -0.000308782 0 0 0 0.00371842 0 -0.00699806 0 0 -0.00161749 0.0123858 0.000441867 0.0288682 0 0 0 0 -0.00421629 0 0.00666606 0 -0.00489026 0.0151375 0.0215075 0 -0.00299545 0 0 0 -0.00312622 0 0 0 0 0 0 -0.000136096 0 0.00575128 0.0179148 -1.76634e-05 0 0 0 -0.0117032 0 0 0 0 0 -0.0114977 0 0 -0.00167435 0 0 0 -0.00289186 0 -0.0196609 0.00595865 0 0 0 0 -0.0244582 0 0 -0.000383118 -0.00134757 0 0 0 0 0 -0.0190995 0 0 -0.0210433 0.0150552 0 -0.00180047 0 0 -0.001362 -0.00512674 -0.00278837 0 0 0 0 0 0 0 0 0 0 0 0 0 0 0 0 0.00741833 0 0 0 0 0 0 0 0 0 0
-0.000578149 0 0.907749 -0.0190124 0.000784909 -0.00275844 -0.0441507 -0.00198728 -0.00180071 -0.0378554 0 -0.00216043 0 0 -0.00441789 0 0 -0.000534917 -0.00261545 -0.000520777 -0.0057128 -0.000333083 -0.000596898 0 -0.0268369 -0.000369799 0 -0.0120198 -0.000248859 0 0 0.00231882 0 -0.00986469 -0.000646388 -0.0149998 -0.00646454 0 0.00860701 -0.00487551 0.00199702 -0.0059459 -0.0127757 0 0 0.0133176 0 0 0 -0.00612211 -0.00134691 0 -0.00192846 -0.0175711 -0.0162941 -0.0122085 -0.0129185 0 -0.0172759 0 0 -0.0036889 -0.00240953 -0.00876505 -0.0112277 0.00374903 -0.00230886 0 3.64221e-05 0 0 0.0194284 -0.0142569 0 0 0 0 -0.00251178 -0.0214344 0 -0.000744201 -0.00162233 0 0.0013322 0 0 0 -0.000587732 0.015106 -0.00273805 0 0.00181554 0.00713123 0.00125173 0 -9.75126e-05 2.98045e-05 0 0.001336 -0.000675153 0 0 -0.00765501 -0.013983 -0.0155524 -0.0181878 -0.00014288 0 -0.0208313 0 -0.000831915 -3.14324e-05 0 0.00791554 0.000757423 0 0 0 0 0.000743134 0 0 0 -0.00111914 0 0.00499257 -0.00451015 -0.0145484 0 -0.00820623 -0.00184123 0 -0.00483242 -0.0200833 -0.0154518 -0.00662784 -0.0160548 0 0.00171771 0.00214005 0.00306868 0.00950542 0 -0.00148911 -0.00955652 -0.0106023 0 0 -2.83833e-05 0 0.000569747 -0.00235945 0 3.74312e-05 -0.000131082 -0.0106108 -0.000434526 -0.00934568 -0.00147025 0 -0.0238929 0 0 -0.0125508 -0.000766694 -0.000978216 -0.00163798 0 -8.48826e-05 -0.00643547 -0.0303268 0 -0.00553238 -0.00302462 -0.00666305 -0.000641269 -0.0117947 0 0 0.00675423 0 0.0129302 -0.000451457 -0.00946055 0 -0.000769027 0 -0.0209295 0 0 0 0.00253533 0 0.00989853 -0.00101241 0 0 -0.0215323 0 0 -0.00629332 -0.00519627 -0.0119973 -0.000860444 0 0.00790841 0.00191128 -0.00183708 0 -3.77246e-05 0 0 0 0 0 0
-0.000141983 0 -0.0190124 0.909568 2.87066e-05 -0.00301572 -0.0126259 -0.00416393 0 -0.00957663 0.000164199 0.00596944 0 0 -0.0015444 0 0 0 0 0 -0.0277484 -0.0257121 -0.00141586 0.00909693 -0.0238755 0 0.00432583 -0.0145507 -0.00171518 1.22879e-05 0.00055958 0.00510434 0.00208864 -0.00982571 -0.000822276 -0.0171621 -0.00515149 0 0.0079433 -0.0238479 0.000909007 -0.000493273 -0.0330116 0 0.00333937 0.0168456 0 0.00356698 0 -0.00334208 0 0 -0.0040932 -0.0215159 -0.00927339 -0.00610784 -0.0212225 0.00478654 -0.019974 0 0 -0.024436 -0.00256148 -0.015319 -0.0242194 0.00256422 -0.0123112 0 0.0200404 0.00498524 0 0.0145494 -0.0493207 0.000209085 0.000542567 0 0.00229384 -0.019677 -0.00577045 0.00130391 0 -0.00321805 0.0159602 0.000180229 0 0 0.00594103 0 0.018894 -0.000860278 0 0.00266388 0.00564676 0.00338733 0 -0.00369294 0 0 0.00323016 -0.00927999 0 0 -0.0244244 -0.0200294 -0.0163409 -0.00660444 -0.000155432 0 -0.0165829 0 -0.00106621 0 0 0.00384553 0.000255199 0 0.0154156 0.00817188 0 0.00258085 0 0.00429833 0 0 0 0.00644132 -0.00938576 -0.0373011 0 -0.00156426 -0.0116744 0 -0.00848283 -0.023064 -0.0106326 -0.00526721 -0.0196456 -0.00494877 0.000728313 0.000755391 0.00460262 0.0103859 0 -0.00511326 -0.00600642 -0.0110029 0 0.00599307 0 0 0.00326139 -0.00920483 0 0.0160274 -0.00467722 -0.02012 0 -0.0251514 -0.00126624 -0.0172736 -0.108854 0.0100544 0 -0.0204046 0 -0.01397 -0.00623047 0 0.00111583 -0.0135937 -0.0292327 0 -0.00470941 -0.00174579 -0.00973956 0 -0.00866032 -0.00351024 0 0.00844797 0 0.0161774 0 -0.0240411 0 -9.08357e-06 0 -0.018974 0 0 0 0.0061974 -0.000376312 0.0248653 -0.0040624 0 0 -0.0248933 0 0 -0.0135895 -0.0119679 -0.0136685 -0.00413772 -0.00503084 0.0100068 0 -0.00354102 0 -0.000365093 0 0 -0.00181619 -0.00279776 0 0
0.00633087 0.0229433 0.000784909 2.87066e-05 0.812424 0.003001 0.0120197 0 -0.162942 0.0109055 0.0112216 -0.192451 0 0 0.0305019 -0.00852578 0 -0.00202753 0.0252779 5.7173e-05 5.92075e-05 0.0334746 0.00355975 -0.00375712 -0.00302285 -0.0293658 0.0116692 -0.00386529 -0.0151618 -0.0103603 0.00603457 0 -0.00730614 0.000175158 -0.00167831 0 -0.00515169 -0.0423689 -0.00162749 -0.0307494 0.000239422 -0.00494949 2.15933e-05 0 0 0.0234713 0.003805 0.00758451 -0.0459958 -0.0113917 -0.15544 -0.0153265 -0.0137453 -0.00498563 -0.0232717 0.0185727 -0.00347371 0.00203312 -0.0101869 0 -0.00502211 -0.00831726 -0.0101675 6.0586e-05 3.84858e-05 0 0 -0.00258899 0.0102761 0.00172313 -0.0100133 0.00669135 0.000225595 0 0.0278541 0.0040408 -0.00102425 0 -0.0122284 0.0183139 -0.0103436 -0.0214579 -0.0287412 0.000766302 0 0 0.00990935 -0.00992881 0.0027502 -0.00772306 0.0143409 0 0 0.0199367 -0.00688114 -0.0228976 0.00405974 0 0 0.00235515 -0.0532938 0.008114 -0.00590887 0.00548127 0.01509 -0.00176188 -0.0096709 -0.00695386 -0.00258945 0.000125798 -0.015792 0 0.00157126 0.00285841 0.0121936 -0.0711288 0.00851248 0.010118 0.00622071 0 0.00524481 -0.00820221 0 -0.00708375 -0.0556738 0.00436789 -0.00997664 -0.0039293 0 -0.0110171 -0.006839 0 -0.0109385 1.86158e-05 0.0513398 -0.0256302 -0.00158209 -0.00495618 0.00735578 0 0.0019849 0.00380332 0.00499454 -0.0100894 -0.00568617 0.00685412 0.00953768 0 -0.000229723 -0.00303388 0.0112044 -0.00319831 0.00213744 -0.00589554 0 -0.0083932 -0.0108888 0.00590284 -0.00037997 0.000929038 2.87565e-05 -0.00260354 0.000351355 -0.00113445 0.000567686 -0.000806764 -0.0139969 0.0110224 -0.00469009 -0.00262897 -0.00619665 0.0084765 -0.0059555 -0.00195955 -0.00625423 -0.00934717 -0.00513326 0.00778598 0.0399443 0.0133001 -0.000547203 0.00237136 -0.0029716 0.00340679 -0.0023544 -0.00108316 0.00469568 -0.00472316 0 -0.00264014 0.0027168 0.00706455 0 0.00471189 -0.00294873 0.0101098 0.00301904 0 0.0237958 -0.00540583 0.00241611 -0.00209963 -0.00302447 -0.00458149 -0.00531308 0.00333546 0.00670588 0 0 0 0 0 0 0 0 0
-0.028937 -0.0495892 -0.00275844 -0.00301572 0.003001 0.914993 0 -0.0149979 0.00340461 -0.00851019 0.000902856 0.00151046 -0.061746 -0.0317752 -0.0479947 0 -0.022234 -3.21905e-05 0.00379164 0 0 0.00103379 0 0.00926954 -0.00205225 0.00541023 -0.00922909 0 0 0 8.31143e-05 0 0.00525576 0 0.000341605 -0.00174038 0.000367227 0 0.00618815 -0.000478639 0 0 -0.00142472 0 0.0025662 0.00970358 -0.00610652 0 0 0.00352766 0.00376514 -4.05377e-06 0.00333757 0 0.00186156 -0.0284567 -0.00121277 0 0 0 0.00223814 0 0.00528277 0 0 0 0 0.00338888 0.00492663 -0.00382813 0.00418654 0.00986386 -0.00352777 -0.00756649 0 0 0.000554535 0 0 1.20087e-05 0.00361162 0 0.00732145 1.63176e-05 0 0.000606587 0.00596169 0.0056986 0.00681587 0.00407615 0.00636828 0.000519061 0.000205923 0.000879427 0.00410018 -0.00383247 -0.000485903 -0.0200109 0 0 0.000778304 0 0 -3.18192e-05 0 0 0.0102413 0.00800168 0 0.000170344 0 0 0.0131619 0.000793324 0.0104496 0 0.00763149 0 -0.00363628 0 0 0.0188761 9.86445e-06 0.00290846 0.00884873 0.00719312 0 -0.0115387 0.000762715 -0.000272926 -0.00882662 -0.00709277 0 -0.000129456 0.000895845 0.000973658 3.64686e-05 0 -0.00264978 0 0.000756758 0.00523607 0.0014243 0.00064461 0 -0.000689855 -0.00336481 0.013289 0.00377804 0.00130556 0 0 -0.00146486 0.00790725 0 -0.0025599 0.002218 -3.39774e-05 0.000518559 -0.0165943 -0.00224255 0.000421574 0 0 0.00152741 0 0.000958712 0 0.00812746 0 -0.0200525 -0.00923531 0.00143366 0.000737159 0 0.00325171 0 -0.0113324 0.000598699 0.00190912 -3.58136e-05 0.00475438 0.007721 -0.00275429 0 6.6632e-05 -0.00243962 -0.0145985 0 0 0 -0.00125637 0 0.00965652 0 0 0.00265857 0 0 0.00229722 0 0 0 -0.000318428 0 0.0119512 -0.00245371 0 -0.000757975 0 0 0 0 0 0 0
0 0 -0.0441507 -0.0126259 0.0120197 0 0.895274 -0.00212894 -0.00576474 -0.0415682 0.0131991 -0.00535617 0 0 0 -6.6466e-05 0 -0.000162172 -0.0108702 -0.00518121 -0.0394266 -0.00185218 0 -0.000878449 -0.00205246 -0.00165744 0.00276134 -0.0246194 -0.00159712 -0.000361485 0 0.0117438 -0.00604483 -0.00767682 -0.00415459 0 -0.00554132 0 0.019783 -0.0165156 0.00219942 -0.00893999 -0.00717098 0 -0.000852731 0.0146089 0 0 0 -0.0329347 -0.00648071 0 -0.00772136 -0.0112215 -0.0430837 -0.00590914 -0.0180694 0.00302713 -0.0234262 -0.000307559 -0.00603 -0.0127198 -0.00981039 -0.0133885 -0.0248068 0 -0.00303178 -0.00390141 0.0158638 0.000136789 -0.00599862 0.00546783 -0.021918 0 0 0.00151821 0.00272444 -0.00119543 -0.0819933 0 -0.00695846 -0.00448481 -0.00350391 0.00155131 -0.00010232 0 -0.00468744 -0.00656703 0.00472379 -0.00652388 -0.00611405 0.00147382 0 0 -0.00536682 -0.00490774 0.00669383 0 0 -0.0100282 -0.00214388 0 -0.0046662 -0.0231896 -0.0182847 -0.0128038 -0.00681782 -0.00729969 -0.0249795 -0.00132638 -0.00292801 0.000228452 0 0.00264213 0.000316194 -0.00196441 0.000198226 0 0.00435563 0.000809253 0 0.00791486 0 -0.00785321 -0.00129603 0.00118404 -0.00915812 -0.0121709 -0.000706341 -0.00973759 -0.00553666 0 -0.00840428 -0.0143492 -0.00669487 -0.00622118 -0.0114243 0 0.00744603 3.64843e-05 0.0035078 0.0104585 -0.00205302 -0.00777689 -0.00734884 -0.00519149 0 0.00653674 -0.00687734 -0.00117595 0.00822909 -0.0131857 0.00200633 0.00467983 -0.00221435 -0.0134769 -0.00499096 -0.0252033 -0.033886 0.00473283 -0.00987387 0.0024759 0 -0.00566301 -0.00283171 -0.0104537 -0.00559296 0.00139198 7.45334e-05 -0.0231179 -0.0131404 0.00451019 -0.0134087 -0.00668868 -0.022698 -0.00880096 -0.0127539 0.00422639 -0.00333774 0.014496 -0.00117934 0.0066943 -0.00220397 -0.0145615 0 -0.00325441 0.00784729 -0.0149669 -0.000225437 0 0 0.019355 0 6.65319e-05 -0.0166028 0 -0.0039353 -0.00778382 -0.00123942 -0.00563695 -0.00529726 -0.0201698 -0.0106892 -0.0052721 0 0.00411784 0.0187127 0 0 0 0 0 0 0 0 0
-0.0280403 -0.0156215 -0.00198728 -0.00416393 0 -0.0149979 -0.00212894 0.720782 4.27237e-06 -0.00181166 0.000846313 -0.00091695 -0.0270816 -0.0159387 0.00394637 -0.0245082 -0.0114079 -0.0947979 0 -0.00383145 0 -0.00796956 0.00267945 0.0130829 0 -0.0107116 -0.000640417 0 -0.0228548 -0.0366715 0 0 0.00972282 0 -0.00549819 0 -0.0164104 -0.0387478 0.0191096 0 0.00505213 -0.0029613 0 -0.030082 0 0.00402788 -3.93192e-06 0 -0.0156624 -0.0031071 -0.000969285 -0.0141046 0 -3.70229e-05 -0.00207789 -0.00190933 -0.00473735 0 -0.000933287 -0.0258326 0.0154667 0 0 -0.0153276 -0.00816682 0 0 0 0.01035 0 0 0.0217823 -0.00388706 -0.000360998 0 0 -0.0218394 -0.000141522 -0.00712402 0 0 -0.0134442 0 0.0149574 0.00331206 0 0.0129972 0 0.00853222 0 0 0.000374347 0 0 0 0 0.00111363 -0.0266941 0 1.29943e-05 0 0.000904259 1.16465e-05 -0.00437539 -0.00164141 0 0 0.00949075 -0.000591897 0 0 -0.00555436 0.00895887 0.0150166 0.0110437 -0.00917263 1.88511e-05 0 0 0.00367839 -0.00180821 2.0472e-05 0 0 0 0.0190544 0 -0.00483729 0 -0.00213864 0 -0.00518802 0 0 -0.000290609 -0.0151391 -0.0110784 0 0 0 0.00305377 0.0147248 0 0 -0.00127518 0 -0.136612 0 0.0184558 0 0 0 0 0.0084447 0.00777874 -0.00362662 0 -0.000513494 0 -1.62828e-05 -0.00190243 -0.000138245 0.00235035 0 0 1.26878e-05 -0.00371624 0 0 -8.45257e-05 0 0 0 -1.65707e-05 0 0 0 -0.00307654 1.57523e-05 0 -0.00494367 0.00516418 0 -0.000265077 0 0 0 -9.93112e-05 -0.0181091 0 0 0.0032287 0 0.00562059 0 0 0.00697661 -0.000124063 0 0 0 0 -0.00376399 1.62536e-06 0 0.00426744 0 0 0 0 0 0 0 0 0 0
0.0107168 0.02636 -0.00180071 0 -0.162942 0.00340461 -0.00576474 4.27237e-06 0.867509 -0.00161308 0.00978724 -0.131798 0.000716014 0.000536795 0.0232049 -0.00600139 0 0.00257845 0.0242286 6.46789e-05 0 0.0170527 0.00252869 -0.00397378 0 -0.0286565 0.0104743 0.00198221 -0.011201 -0.00916764 0 0 -0.00623833 -0.000137527 -0.00151887 0.00575015 -0.00486393 -0.015057 -0.0007186 -0.0317384 0.000504604 -0.00446567 2.282e-05 0 0.00647522 0.00397322 0.0169363 0.00323991 -0.0354205 -0.0147317 -0.125453 -0.00468067 -0.010616 -0.00206796 -0.00965808 0.0212027 -0.00345605 0.00684487 -0.00805297 0 -0.00526032 -0.00732053 -0.00919945 0.0187173 4.23538e-05 0 2.63514e-05 -0.00216758 0.00359045 0.000127911 -0.0227007 0.0106651 -0.000580998 0.00378064 0.029933 0.00286016 0.000374563 0 -0.0111667 0.00870335 -0.0188215 -0.0180724 -0.0294813 0.00107336 0 0 -0.000392522 0.00146735 0.00247369 -0.00642516 0.0024562 0 0 0.0189338 -0.0176506 -0.0127502 0.00253434 0.000733278 0 -0.00111018 -0.0384831 0.00127304 -0.00167013 -0.00338202 0.00644238 -0.00147257 -0.00703766 -0.000956501 0.0079058 -0.000261128 -0.0222602 0 0 0.00426277 0.00160294 -0.047884 0.00072085 0 0.00567966 0.000150375 0.00387039 -0.00715995 -0.000293412 0.00208179 -0.0481428 0.00126622 -0.0040884 -0.00496686 0 -0.00916593 -0.00366078 0 -0.0117998 1.98863e-05 7.85964e-05 -0.0149357 -0.00270323 -0.00259263 0.00914706 0 0.00123226 0.00163745 -0.00215972 -0.0140789 -0.00341765 0 0.000546191 0 -0.00497127 -0.00173091 0.00718772 -0.00392083 0.00472849 0.00643128 0 -0.0128995 -0.00581596 -0.00453583 -0.00267284 0.00114892 0 0.000724407 0 0 -0.00124171 -0.000749709 -0.0115409 0.00989136 -0.000478798 -0.00545343 -0.00374283 0.00655086 -0.00805315 -0.00301812 -0.00761571 -0.00976257 -0.00415132 0.00759343 6.47073e-05 0.00787604 0 0.0040181 -0.00283663 0.00815397 -0.00432254 -0.00163809 0.00418243 -0.00861603 0 -0.00451074 0.00124339 0.00671463 0 0.0128255 -0.0041658 0 -0.002951 0 0.00914398 -0.00564296 0.000387102 0.0024885 -0.00210573 -0.00134328 -0.00591013 0.0017952 0.00648187 0 0 0 0 0 0 0 0 0
-0.00138556 0 -0.0378554 -0.00957663 0.0109055 -0.00851019 -0.0415682 -0.00181166 -0.00161308 0.859337 0 -0.00204156 -0.000278132 0 -0.0201207 -0.000961803 0 -0.000524459 -0.00470329 0 -0.00401358 0 -0.0056862 0 -0.0127083 0 0 -0.0209203 -0.00359284 0 0 0.000661476 -0.000160782 -0.0189945 -0.00203363 -0.00431546 -0.0129612 0 0 -0.00756306 0.0032531 -0.0151164 -0.00866966 2.53544e-05 0 0 0 0 0 -0.005106 0.00118654 0 -0.00516028 -0.00208834 -0.0269203 -0.0297617 -0.01196 0.00149379 -0.00838575 0 -0.000247594 -0.00679093 -0.00524559 -0.0240864 -0.0286479 0.00160147 -0.00447068 0 0 0.00298184 0.00205792 0.0121532 -0.0161959 0 0 0.000562681 0 -0.000442651 -0.0172097 0 -0.00204278 -0.0044307 0 0.00206111 0 0 0.00739111 -0.00191047 0.0122147 -0.0038736 -0.00228401 0.00118179 0.00143432 0 -0.000943313 -0.00246283 0 0 0 -0.00135888 0 0 -0.00522665 -0.0208213 -0.0113783 -0.0113342 -0.00294608 0.00274687 -0.0203424 0 -0.00451316 0 0 0.00562329 0.00162134 -0.000203247 0 0 0 0.00266701 0 0 0 -0.00298262 0 0.00878982 -0.00508785 -0.0192133 0 -0.0191587 -0.00689767 0 -0.00368821 -0.0272116 -0.0155066 -0.00266856 -0.00368962 0 0.00228351 0.00864132 0.00539155 0.00878774 0 -0.00231855 -0.0108119 -0.00686472 0 0.00450188 -0.00300987 0 0.000770722 -0.00204457 0 0 -0.00221334 -0.00733801 -0.00156748 -0.026324 -0.00233701 0 -0.0161776 0 0 -0.0236824 -0.00204094 -0.00235112 -0.00438361 0 -0.0013879 -0.00936573 -0.0378839 0 -0.0103501 -0.00306784 -0.012971 -0.000851185 -0.00581586 0 -0.00100714 0.0189495 -0.000153021 0.0106352 0 -0.00319964 0 -0.00155791 0.000768305 -0.0118495 0 0 0 0.00436978 0 0.0113149 -0.00565448 0 -0.000970574 -0.00170669 -0.000784647 -0.00121072 0 -0.00638419 -0.0181691 -0.00180538 0 0.00885536 0.00318749 -0.000845078 0 0 0 0 -0.000124964 0 0 0
0 0 0 0.000164199 0.0112216 0.000902856 0.0131991 0.000846313 0.00978724 0 0.739283 0.0104982 0 0 0 0 0 0 -0.00941231 0 0 -0.00302426 0 -0.00950246 0.00100556 0 -0.00120191 0 0 -9.54099e-05 0.0260832 0.0500438 -0.0151638 -0.00597635 0 0 0 0 -0.00426308 0 0 0 0 0 -0.00190367 -0.0263519 0 -0.0142188 0 0.000182237 0.0140053 0 0 0 1.9435e-05 -0.0113441 0 0 0.009446 0 0 0 -0.0126033 -0.00225253 0 0 0 -0.00216688 -0.00677235 0 -0.00328085 0 0.000105394 0 -0.000329749 0.00487539 -0.00162815 0 0.0275191 -0.00256374 -0.00179225 0 -0.00154495 0 0 -0.000211013 -0.0128893 -0.00456864 0 0 -0.00216451 0 -0.000162129 -0.000957891 -0.0051995 0 0 0 -0.0170365 0 0 0 0 0 0 0 -0.00103575 -0.00606487 0 -0.00090721 0 -0.00123607 0.00125698 0 0.0012909 0 -0.00620913 0 0.0020107 0.00752081 0 -0.0164882 0 -0.00498633 0 0 0 0 -0.00448241 0 0 0 0 0 -0.000753832 0 0 0.00053542 0.00176227 -0.000247553 0 0.000201587 -0.00093831 -0.0221513 0 0 0 0 -0.00698858 0 -1.84442e-05 0 0 -0.011407 0 0 0 0 0 0.00199189 0.00108492 -0.000183918 0 0 0 -7.76277e-06 0 0 -0.00366737 0 0.00105581 0.000132463 -0.000167116 -0.000560807 0 -0.00202884 0 0.00483881 -0.00044933 -0.000566625 -0.000399856 0 -0.00645702 0 0 0 0 0 0 0 0 0 0 -0.00573787 -0.00809634 0 -0.00173408 0 0 -0.000240945 0 0 0 0 0.000740784 0 0.00110667 0.000217901 0.00666987 0 0 0 0 0 0 0
0.000462149 0.0101688 -0.00216043 0.00596944 -0.192451 0.00151046 -0.00535617 -0.00091695 -0.131798 -0.00204156 0.0104982 0.856453 0 0 0.0183262 -0.00816464 0 -0.00242899 0.00994221 0 0.0165031 0.0294051 0.00115946 -0.00126925 -0.00215057 -0.0180934 0.00994121 -0.00439994 -0.00933513 -0.0140697 0.00297412 0 -0.00382699 -0.00243239 0.000468612 0 -0.00540391 -0.0400531 -0.000194083 -0.0390014 0.00125107 -0.00639531 0 0 0 0.0123867 0.00626054 0.00614201 -0.0365272 -0.00979795 -0.109687 -0.00664873 -0.0264424 -0.00295209 -0.00761915 0.00818816 -0.0105646 0.00419374 -0.016154 0 -0.0033298 -0.0105569 -0.00839652 0.0209247 0 0 0 -0.0037822 0.0190127 0.00228134 -0.00867893 0.0130817 -0.000715382 0 0.0167627 0.0048824 0.00134181 -0.000168115 -0.00721222 0.020605 -0.0134345 -0.0133873 -0.0216007 0.000460414 0 0 0.00685476 -0.00612447 0.00384274 -0.000986339 0.00849947 0 0 0.0143797 -0.00723122 -0.0207666 0.00218089 0 0 -0.00104177 -0.0485386 0.00157793 -0.00317489 -0.00462327 0.00110866 -0.00268315 -0.00740538 -0.00579633 -0.00209674 0.000264721 -0.0203568 0 0.000314216 0.00507331 0.00585114 -0.0541631 0.00905036 2.72112e-05 0.00476672 0 0.00203422 -0.00632747 -2.34515e-06 -0.0049453 -0.0319006 0.00877414 -0.00779352 -0.00604217 0 -0.0159329 -0.00117199 0 -0.00784525 0 7.37794e-05 -0.0078636 -0.00287313 -0.00301229 0.00687298 0 0.00492777 0.00327724 0.00251362 -0.00494585 -0.00645384 0 0.000204059 0.000907099 -0.00522006 -0.0013903 0.00468312 -0.00375128 0.0011791 0.00455222 0 -0.0106121 -0.00496987 -0.0104557 -0.00284369 -0.00154193 0 -0.0017663 0 -0.00097444 -0.00122704 -0.00154574 -0.0106732 0.00342296 -0.000653874 -0.00365067 -0.00552991 0.00538957 -0.00576103 0.00156769 -0.0041565 -0.00717622 -0.00535383 0.00577942 0.0316071 0.0162746 -0.000472047 0.00872778 -0.00244265 -0.00172693 -0.00822269 -0.00211215 0.00399986 -0.00508003 0 -0.000701012 0.000793676 0.00815774 0 0 -0.00377258 0.00392568 -0.000228801 0 0.0176921 -0.00420658 0 -0.0040517 -0.00333181 -0.00283577 -0.00165609 0.00663693 0.00572825 0 0 0 0 0 0 0 0 0
-0.0304944 -0.0340387 0 0 0 -0.061746 0 -0.0270816 0.000716014 -0.000278132 0 0 0.886367 -0.0115996 -0.024951 0 -0.021389 -0.00169911 0.000604485 -0.00683319 0 0.0089016 0 0 0 0 -0.00761228 0 -0.00032069 -0.015502 0 0 0 0 0 -0.00066728 0 -0.000763823 0 0 0 0 -0.000204752 -0.0156295 0.00743906 0.00067607 -0.00372374 0 0 0.000152551 0 0 0.000892522 0 0 -0.0223959 -0.00211738 0 0 0 0.000319523 0 0.00355024 0 0 0 0 0 0 -0.0039342 0 0.00452818 0 -0.0181549 0 -5.96005e-05 -1.08475e-05 0 0 0 0.000413425 0 0.000119105 0.00105892 0 0 0.0013369 0.000694605 0.0119246 0 0.00039547 0.0012729 0 0 0.000387613 -0.0300954 0 -0.024949 0 0 0 0.00543411 0 -0.000690566 -0.0024733 0 0.00164074 0.000667409 0 0 -0.000142021 0 0.016899 0.0119554 0.0216111 -0.00301471 0.000763313 0 -0.000546138 0 0 0.0127854 0 0 0.00981361 0.021177 0 -0.00172337 0 0 0 -0.0122998 0 0 0.000154976 0 0 0.00242698 0 0 0.00103983 0.0096427 0 0 0 0 -0.00555785 0.00294738 0 0.0044293 0 0 -0.0013186 0.000255293 0 0 0 0 0 -0.0105749 0 -0.0102233 0.00266926 0 0.00124822 0 0 0 0 0 -0.00334661 -0.0130558 0 0 0 0 0 -0.0113076 0 0 -0.0136755 0.009166 0.000270453 -0.000935046 0 0 -0.00338742 -0.00348522 -0.00221882 0 -0.00537197 0 0 0.000199199 0 0 0.000910996 0 0 0 0 0 0 0 0 0.0014982 0 0 0 0 0 0 0 0 0 0
-0.0532779 -0.0435413 0 0 0 -0.0317752 0 -0.0159387 0.000536795 0 0 0 -0.0115996 0.889952 -0.0184802 0 -0.0485709 -0.0156427 0.00151481 -0.0149984 0 9.00986e-05 0.00696291 0.0111601 0 0.00247234 -0.0288242 0.000233976 0 -0.0083895 0 0 0.000454975 0.00379633 0 0 0 0 0.000446514 0 0 0 0 -0.0101368 0 0.000369482 -0.017676 -0.0110104 0 0 0 0 0 0 0.00060403 -0.00902985 0 0 0 0 0 0 0.00269122 0 0 0 0 0 0 0 0.000529779 0.00109332 0 -0.0154182 -0.00253444 -0.000142574 -0.00470279 0 7.20099e-05 0 0.00769168 0 0.000127902 0 -0.00477092 0 0.00653466 0.00237452 0.00013237 0 0.00343778 0 0 0 0.000986828 0 0 -0.0198905 0 0.00302522 0 0.000753729 0 0 0 0 0.0100789 0.000848619 0 0 0 0 0.00333821 0 0.0041884 0 0.000762891 0 0 -0.00335802 -0.000824686 0.00105791 0 0 0.00960218 0.0183869 5.10587e-05 0 0 0 0 -0.0106207 0 0 0 0 0 0.00032375 0 -0.00259376 0 0 0 0 0 0 -0.00580126 0 0.00529376 0 0 0 -0.000349445 0.000722308 0.00585631 0 0 0 0 -0.00735893 0 -0.0077302 0 0 0.000445876 0.000429288 0 -0.00557829 0.000106078 0 0 -0.0024858 0 0 0 2.04731e-05 0 -0.00252391 0 0 -0.0238183 0 0 0 0 0.00016168 -7.8747e-05 -0.000374769 -0.0018852 0 0 0 0 0.000365125 0.000701816 0 0 0 0 0 0 0 0 0 0.000801197 0 -0.000238896 0 0 0 0 0 0 0 0 0
-0.0115427 -0.00234396 -0.00441789 -0.0015444 0.0305019 -0.0479947 0 0.00394637 0.0232049 -0.0201207 0 0.0183262 -0.024951 -0.0184802 0.786978 0 0 0.0696371 -0.00388626 -0.00644115 0 0.0140195 -0.0103416 0.00372644 -0.00215356 0.0176707 -0.0134856 -0.0161283 0.00162685 0.0294284 0 0.000349861 0.00563779 -0.00615357 0.000631574 -0.00289719 0.00189145 0.0298227 0.00545808 0 0 0.000698569 -0.0147529 0.000791905 0.0107334 0.0096574 0 0 0.0254121 0.00657549 0.0348205 0.0196787 0.0129565 0 0.00460196 -0.0390477 0 0.000163088 0 0.00416911 0.00226647 0 0.00530077 0 -0.0169187 1.72725e-05 0 0.0061927 0.00534995 0 0.00728596 0.0123939 0 0 0 -0.000561739 0.00397679 0 0.00185503 0 0.00465747 0.00251655 0.0176311 0 0 0 0.00798811 0.020554 0.0144362 0.00401084 0.0061268 0 0.00187044 0 0.012564 0 -0.00190555 -0.00185761 0.000460277 0 0.00692685 0 0 -0.0154392 0 0 -0.00724513 0.000255271 0 0.00516718 -0.0038606 0 0 0 0 0.00248337 0.00657622 0 -0.00905429 0 -0.0104578 0.00787843 0 0.00676074 0.0178909 0.0230871 0 0 0.00166201 -0.00551688 -0.0128379 -0.000573443 0 -0.00126628 -0.00198265 0.0031801 0.000781098 0 -0.00417048 0.000879073 0 0.00140793 0.00335764 0.00095262 0 -0.00343024 0 0.00276061 0.00496528 0.00168276 -0.000586626 -0.00902032 -0.00119749 0.00755473 0 0 0.00399799 -0.0191975 0.00277967 -0.00844816 0 0.0128159 0 0 0.00192703 0 0.00532915 0 0.00842515 -0.00152945 -0.0158675 -0.00533961 -0.00774591 -0.00426595 0 0.00630792 -0.00485768 -0.00678178 0.00124466 0.000937619 0 0.00930771 0.00686504 -3.33568e-05 -0.000204598 0.00150058 -0.0093743 -0.00718174 0.00283644 0 0 -0.00278575 -3.10188e-05 0.0145801 0 0 0.00254897 0 0 0.00241497 3.59312e-06 0 -2.24652e-05 0 0 0.00434088 -0.00368608 -0.00218956 0 -0.00114297 0 0 -0.000404051 -3.05907e-05 0 0
0 0 0 0 -0.00852578 0 -6.6466e-05 -0.0245082 -0.00600139 -0.000961803 0 -0.00816464 0 0 0 0.813497 0 -0.0203065 -0.00249632 0 2.49444e-05 0 0 0 0 -0.00495725 0 0 -0.0766271 -0.0126965 0 0.0219097 0 0 0 0 -0.000123287 -0.0162475 0 -0.00297882 0 -0.000404758 0 0 0.0126523 0 0 0 -0.0319349 -0.00248691 -0.00317291 -0.0184864 -0.000863658 0 -0.0119585 0 0 0.0154339 0 0 0 0 -0.00314239 2.57609e-05 0 0 9.39157e-06 -0.00757211 0 0.000208745 0 0 0 0 0 0.00689032 0 0 2.41239e-05 0 -0.00367912 -0.00349101 0 0 0 0 3.09252e-05 0 0 -0.00110845 -0.00189143 0 0 0 -0.00515956 0 0.000203924 0.00211969 0 0 -0.000468214 0 0 0 0 0 -0.000545534 -0.000627031 0 0 0 0 0 0.000113131 0.00152227 -0.00783018 0 0.00619405 0 0 0 0 0.000256375 0 -0.000108039 0 0 0 0 -0.00367331 -0.000623108 0 -0.000524599 0 0 -0.00975483 0 0 0.000524995 0 0 0 0 0 0 -0.00233749 0 0 0 0 0.00398137 0 0 0 0 0 0 -0.00105946 0 8.89029e-05 0 0 0.00529012 0 0 -0.000109829 -8.66068e-05 0.00489006 0 -0.000333568 0 0.00105597 -0.000964004 -0.00157047 0 -0.000185681 0 0.00037427 0 0.00866015 0 0 2.83544e-05 0 0 0 0.00236456 0 0 0 0.0016531 0.00292998 0 2.45228e-05 0 0 0 0 0 -0.0107221 0 -2.20714e-05 0 0 0 0 0.000609692 0 0 0.000248204 0 0 0 0 0 0
-0.0189605 -0.0287825 0 0 0 -0.022234 0 -0.0114079 0 0 0 0 -0.021389 -0.0485709 0 0 0.87974 -0.00453926 0 -0.0146903 0 0.00715698 0.0274761 0 0 0.00736643 -0.0175075 0.0068186 0 -0.0240261 0 -0.000254774 -0.002144 5.31775e-05 0 0 0 -0.00282326 0 0 0 0 0.00039101 -0.0142191 -0.000461529 -0.0012564 -0.0147193 -0.0139012 2.66921e-06 -2.22908e-05 0 0 0 9.10501e-05 0 -8.35382e-05 0.00650816 -0.00777513 0 -0.0162562 0 0 0.010664 0 0 0 0 0 0 -0.00165547 -0.00125139 0.0014109 0 -0.016505 -0.0161862 0 -0.0209279 0 0 0 0 -0.000965485 -8.04333e-05 0.0100396 0 0 0 -0.000769598 0.0033563 0 0 0 -0.000196666 -0.000244905 3.00737e-05 -0.0154606 0 -0.0080422 -0.00801838 0 0 0.0114162 0 0 0 0 2.84223e-05 0 0 0 0 -0.0076898 0 0 0.00552659 -0.00442738 0 -0.00198755 0.000268466 0 -0.0119633 0 0 -0.00266586 0 0.0181759 0 0 0 0 0 0 0 0 0 0 1.46333e-05 0 0 -0.00894806 0 0.00157765 -0.0108474 -0.00023058 0 0.00156162 -0.00026966 0 0 0 0 0 0 -0.000797276 0.0025419 0 0 0 0 0 0 -0.0275142 0 0 0 0.000304631 0 -0.00321515 -0.00196667 0 0 0 0 0 0 -6.05198e-05 0 0 0 0 -0.0233142 0.000779086 0 0 0 0 0 0 -0.0161146 0 -0.00108026 -2.39387e-05 0 -0.00068732 1.82631e-05 0 0 0 0 0 0 0 0 8.36507e-05 0 0.00149382 0 0 0.00067312 0 0 0 0 0 0 0
-0.00967976 -0.0182907 -0.000534917 0 -0.00202753 -3.21905e-05 -0.000162172 -0.0947979 0.00257845 -0.000524459 0 -0.00242899 -0.00169911 -0.0156427 0.0696371 -0.0203065 -0.00453926 0.767773 -0.00507847 -0.0119961 0 -0.000958427 0.00217995 3.03959e-05 0 -0.00396565 -0.0115399 0 -0.0312473 -0.00499377 0 -0.00196117 -0.0036339 0 -0.00162641 0 -0.00226895 -0.0452941 -0.000695816 0 0 -0.00377221 0 -0.0204374 -0.00149282 -0.00626915 -0.0107974 0 -0.0317064 -0.00497858 -0.00080745 -0.029683 -0.00120883 0 -0.00612078 -0.0298497 -0.00154802 0 -0.000170905 -0.0177637 -6.01439e-05 0 -0.00327657 -0.00272838 0 0 0 -0.00375508 -0.00187859 0 -0.00192031 0 0 -0.000796044 -0.00075523 0 -0.0216558 0 -0.000816614 0 -0.00133542 -0.00936916 -0.00198345 0.00267792 0 -0.000904865 -0.00300407 -0.00477204 4.97352e-05 -0.00341879 4.77149e-05 0 0 -0.000540905 -0.00107712 -0.000657252 0.00195715 -0.00505079 0 0.00625064 -0.000752331 0.00430329 -0.000756724 -0.00302272 -0.000810872 -0.00113538 0 0.00240276 -0.000107964 0 0 -0.0126077 0.00207018 0.00124082 0.00277558 -0.000153964 -0.00227768 0 0.00742677 0 0 0.00233246 6.42546e-05 -0.00436527 -0.000265377 0.0013771 0 0 0 -0.0072447 0 0 0 0 5.64826e-06 -0.00258299 -0.000294755 0.00119673 0.00183252 0 0 0.00217072 -0.00185961 -8.71699e-05 -0.00151499 0 -0.0368855 0 0.00512986 0 0 0 0 -0.00225727 0.00289134 0 -0.000569664 -0.00283729 -0.000571808 0.00290233 0 -0.0054567 0.000753277 0 -0.00327658 2.00433e-05 -0.00184036 0 -0.00619162 0 0 0.000332371 -0.000946472 -0.00217983 0 -0.0030363 0 0.00102923 -0.00212781 0 -0.0174681 0 -0.000645843 0 0 -5.0823e-06 0.00113327 -2.15406e-05 -0.0139521 0 0 0.00271334 0.000116261 -0.00129484 0 0 0 0 -0.00546071 -0.00125096 0 -0.00100828 -0.00104588 4.47468e-05 0 9.34189e-05 0.00199891 0.000134133 0 0.00403586 0 0 0 0 0 0
0 0 -0.00261545 0 0.0252779 0.00379164 -0.0108702 0 0.0242286 -0.00470329 -0.00941231 0.00994221 0.000604485 0.00151481 -0.00388626 -0.00249632 0 -0.00507847 0.847157 -0.022486 -0.0104187 -0.00469777 0.000156494 -0.0121167 0.00246836 -0.00523666 -0.00378979 -0.00731011 -8.66399e-05 -0.00282241 0 -1.56253e-05 -0.0168303 0 -0.0155649 0.00225517 -0.010106 -0.00312975 -0.0111684 -0.00101367 0.00109899 -0.00744837 0 0.00940019 -0.00038347 -0.0165681 0.000612134 -0.00871468 -0.00170837 -0.0387377 0.0180404 0 -0.0149904 0 -0.0458509 0 -0.000922352 1.75016e-05 -0.00205429 0.00450536 -0.0177963 -0.0024653 -0.037382 -0.00932559 -0.00236387 -0.00717031 0 -0.0116029 -0.0296396 0 -0.0213107 -0.0180609 0 -0.00131361 -0.0167841 0.00494168 -0.00930932 0 -0.00465426 -0.0309589 -0.0274698 -0.00673158 -0.0127609 0.00187349 -0.00503216 -0.00349006 -0.0201756 -0.0229823 0 -0.0159791 -0.0164316 0 -0.004363 -0.0104802 -0.0273952 -0.00145426 0.00664093 0.00363427 -0.00473697 -0.00231842 -0.00533593 0 -0.00365255 -0.0130349 -0.00982568 -0.0028443 -0.0356041 -0.0420168 -0.00610419 -0.00767533 0.00102913 -0.0125065 0 -2.39603e-05 0.000382536 0.00820512 -0.0160173 -0.0043326 0.0159747 0 -0.000886865 -0.0152557 0.00124254 -0.01917 -0.00440314 0 -0.00060325 0.000497883 -0.0121907 -0.0188366 0 0.00529897 -0.00183767 0 -0.0110171 -0.0100203 -0.00303582 0.000935974 0.0184517 -0.00247091 0 0.00117937 -0.0111603 -0.0116015 -0.00677029 0 7.07966e-05 0 -0.017322 -0.00394335 0.00332849 -0.000597055 0.0070596 -0.0168751 0 -0.000727626 -0.0112739 -0.0172473 -0.0238236 0.0229542 0 -0.00853931 0.000472777 0 -0.00724702 -0.00475205 -0.00885801 0.00652306 -0.0153333 -0.00068068 0 0.0200072 -0.024866 -0.0181171 -0.00696647 -0.0264932 0 0.0175848 -0.0449766 -0.000917223 -0.00412874 0 -0.00524279 -0.00268891 0.000731692 -0.00621862 0.017683 -0.00400561 -0.00212676 0 0 0.013677 0.00257752 -0.00258042 -0.0192484 0 -0.0181393 0 -0.012668 -0.0173685 0.00112226 -0.00563378 -0.00493172 0.000301433 0.000711338 0 0.016257 0.00479157 0.00148918 0.00371476 0 0.00105251 0.00239279 0.00539619 0 0
-0.0116588 -0.0226682 -0.000520777 0 5.7173e-05 0 -0.00518121 -0.00383145 6.46789e-05 0 0 0 -0.00683319 -0.0149984 -0.00644115 0 -0.0146903 -0.0119961 -0.022486 0.833533 -0.0110605 -0.00328246 0.00460087 -0.000479856 0.00155574 0 -0.0350261 -0.000789935 0 -0.0410978 0 -0.000337875 -0.00961082 0.00658219 -0.00342352 0.0016618 -0.00346071 -0.0020062 -0.00554793 0.0349308 0.00273734 -0.00982638 0.000448677 -0.0180115 -0.00593993 -0.010174 -0.00807675 -0.0453409 0 -0.00990498 0 -0.000796759 -0.00276263 0.00162893 -0.00582978 0 3.07342e-05 -0.0174735 0 -0.0279559 -0.00276984 0 0.00741354 -0.00354442 0 0 0 -0.0079308 -0.00676463 0 -0.00571198 0.00021999 0 -0.020395 -0.0382913 -0.0232887 -0.0400239 0 -0.0141378 -0.0129634 -0.00505727 -0.00242086 -0.00514883 0.0013766 -0.0108276 -0.00261981 -0.0098761 -0.00262994 0.0109878 -0.00746731 -0.00494845 0.00727053 -0.00815253 -0.0229242 -0.00494342 -3.25186e-05 0.00259542 -0.0112514 -0.0171545 0.00305222 -0.00147973 0.00233543 -0.000905895 -1.21343e-05 -0.00182723 0 -0.00348228 -0.0118872 -0.00911913 0.00092218 0 -0.0207313 0 0 0.000252766 -0.00351479 -0.00522804 -0.0507281 0.00811973 -0.0150099 -0.0237455 0.0070617 0 -0.00968869 6.36581e-05 0.00820913 0 0 -0.00141257 -0.0183462 0.0234153 0 0 0.000197561 -0.00925594 -0.00258516 -0.00121389 0.00432853 -0.0017994 -0.00871576 0.00601607 0.00784171 -0.0488373 -0.00228534 -0.00128098 0.0125096 -0.00868734 -0.00628751 -0.00780976 -0.000790666 -3.77296e-05 0 0 -0.0083135 0.0165329 0 -0.00352427 0 -0.00479187 0.00765673 0 -0.0391951 0.000725243 0 -0.00166242 0.0145442 -0.00257048 -0.00364983 -0.00772923 0 0.000493037 0.00309742 -0.00488676 -0.0045342 0 -0.00706651 0.00372474 -0.00339679 -0.00349591 -0.00919694 -0.0256906 0.00915189 -0.00396177 0 0 -0.0159684 0.00349702 0 -0.0194633 0.00142071 -0.00160657 0.00548355 0 -0.00706928 0 -0.000177747 -0.00458781 -0.000122267 -0.00148643 -0.00318338 -1.86989e-05 0 -0.00183289 0.0159529 0.00273044 0.000557805 0.00582265 0.00157454 0.00123689 0.0028768 0 0 0.000715043 0.00202582 0 0
0 0 -0.0057128 -0.0277484 5.92075e-05 0 -0.0394266 0 0 -0.00401358 0 0.0165031 0 0 0 2.49444e-05 0 0 -0.0104187 -0.0110605 0.864494 -0.0337144 -0.00377372 -0.000927517 0 -0.00128842 0 -0.0388533 0 0 0 0 -0.0039239 -0.00661966 -0.00248086 -0.00267684 -0.00278823 0.0304934 -0.0021785 -0.0037135 0.000439863 -0.00164492 -0.016987 0 -0.00141907 -0.00320323 0 2.79777e-05 0.016302 -0.00826243 0 0.0224393 -0.00612522 -0.0273084 -0.00999037 -0.000428558 -0.00781854 0.000729221 -0.000930948 0 -0.00186001 -0.0296675 -0.0162686 -0.0185343 -0.00451272 0 -0.0209705 -0.00487938 0.00438675 0 -0.00436314 0.00687269 -0.00318478 0.00500011 -0.000283923 0 -0.00190004 -0.0195445 -0.0130914 -2.96769e-05 -0.0051145 -0.000671317 0 0.00276956 0 0 -0.0120991 -0.00586314 0.00452365 -0.00489307 -0.00459166 0.000871894 -0.000139259 0 -0.00450118 0 0.0018836 0 0 -0.00821914 -5.44291e-05 0 -0.00225618 -0.00574118 -0.0141179 -0.013943 -0.00443057 -0.00672911 -0.0157044 -0.000644692 0 0 0 0.00122735 0 0 -0.00203389 -0.00021634 0.00422096 0 0 0.0114476 0 -0.00659906 0 0 -0.00761531 -0.0123413 -1.50679e-05 -0.00702104 0 0 -0.0170728 -0.00641347 -0.0148471 -0.00625146 -0.002562 0 0.00557506 3.26311e-05 0.000874663 0.00404244 -0.00175453 -0.0270992 -0.00247759 -0.0168887 0 0.000743141 -0.00382457 -0.000801226 0.000275336 -0.00912273 0.000522902 -0.00105854 -0.0190312 -0.00741375 -0.00896804 -0.014935 -0.0128963 0.00342365 -0.0184015 -0.000152037 0 -0.000135784 0 -0.00438176 -0.00613633 0 -0.000884677 -0.0244201 -0.00158548 0.00361016 -0.0117416 -0.00386135 -0.00361145 -0.00346203 -0.00839553 0.00284034 -0.00250009 0 -0.000389469 0.00636405 -0.00258285 -0.0179484 0 -0.0269915 0.00355798 -0.00440808 0 0 0 0.00770348 -0.00353791 0.000325031 -0.00458599 0 -0.0015405 -0.00753098 0 -0.00300777 0 -0.00637102 -0.0117889 0 0 0.00215355 0.00520762 0 0.000431272 0 0 0 0 0 0 0
0 0 -0.000333083 -0.0257121 0.0334746 0.00103379 -0.00185218 -0.00796956 0.0170527 0 -0.00302426 0.0294051 0.0089016 9.00986e-05 0.0140195 0 0.00715698 -0.000958427 -0.00469777 -0.00328246 -0.0337144 0.763507 -0.0348896 -0.00125313 0 -0.0165444 0 -3.09858e-06 0 0 0 -8.72386e-05 -0.00201803 -0.0155146 0.0269304 0 -0.0112645 0.0101589 -0.00240007 0 0.0041498 -0.000420125 0 0 -0.0042568 -0.00542371 0.022785 -0.000458837 0.0095616 -0.00314244 0.0249662 0 -0.00317375 0 -0.00388386 0 -0.0011679 0 0 2.9292e-05 -0.00306827 -0.000899423 -0.0120605 -0.0322489 0 0 -0.0025004 -0.003559 -0.00445562 0.00189315 -0.00343749 0.00514857 -0.00360719 0 -0.000333642 0 -0.00229682 -0.000401866 -0.000428441 0 -0.00526404 -0.00186282 0 0.00217824 0 -9.8481e-05 -0.00888887 -0.00449345 0.00609929 -0.0042887 -0.0409308 0.000282459 -0.000317476 -0.000198021 -0.00356356 2.42876e-05 0.00180635 0 -7.78258e-05 -0.00351774 -0.0005061 0 -0.0296874 -0.00200173 -0.00537218 -0.000655961 -0.00295551 -0.0055011 -0.00487009 0 0.00262576 -0.00203058 0 0 0 0 -0.00433032 0 0.00266892 0 -0.000100328 -0.00186458 0 -0.00474558 4.39769e-05 0 0 7.84191e-06 0 -0.00205603 0 0 -0.000568493 -0.000135951 -0.0302078 -0.00362364 -0.0032532 0 0.00437413 0 0.000529938 0.00370568 -0.00342331 -0.00818855 -0.000925431 0 0 0 -0.00274754 -0.0287967 0 -0.000607009 0 -0.00364386 -0.0218043 0 -0.00232314 -0.00237966 -0.00258582 0.00474764 -0.0266649 -0.00138811 0 -0.000448519 -0.00110263 -0.0016073 -0.0263483 0 -0.00320917 -0.00155944 1.49322e-05 0.00339362 -0.000847795 -0.010105 -0.000750164 -0.00310603 0 0.00305386 -0.00139755 -0.00686281 0 0.00284952 -0.0205314 -0.00156472 0 -0.00563883 0.00138866 0 -0.00030779 0 0 0.00300864 0 -0.00917535 -0.00101213 0 -0.00384049 0 -0.000885796 -0.00163534 0 0 -0.00808294 0 0 0.00291985 0.00199661 0 0 0 0 0 0 0 0 0
0 0 -0.000596898 -0.00141586 0.00355975 0 0 0.00267945 0.00252869 -0.0056862 0 0.00115946 0 0.00696291 -0.0103416 0 0.0274761 0.00217995 0.000156494 0.00460087 -0.00377372 -0.0348896 0.722832 0 -0.000149141 -0.0355607 0.00411559 -0.00480076 0.00157241 0.0134602 -0.0076334 -8.1674e-06 0.0029505 -0.0337002 0.000397683 -0.000443079 0.000758096 0.0488037 0.000671715 0.025543 0 0.000256402 -0.000653709 0.0251053 0.000878083 0.00184116 0.121832 -0.0129465 0.0110779 0.000499052 0.00769542 0.0317017 0 0 0 -0.000195647 0 0.00969473 0 0.0238073 0.000582246 0 -3.43488e-05 -0.00863439 0 0 0 0.000648196 0.00227384 0 0.00317781 0.000892283 0 0.0281581 0.00452056 0 0.00108361 0 0 0.00742329 0.000708976 0 0.027208 0 0.0205704 0 0 0.00542251 0.00825262 0.00299479 0 0 0 0.00138871 0.000250881 0.00293816 0 0 0.00162741 -0.00343725 0.000367521 -0.00139698 0 0 -0.0102573 0 0.000382649 0.000838807 -1.90434e-05 0.00624887 0 0.00113698 -0.0017169 0 -0.00375029 6.0952e-06 0.00683534 0 -0.00472621 9.60306e-05 0 0.00395606 -0.00740922 0.00239116 0.00623438 0 0 0 0 0.000486273 0 0 0 -0.00017953 -0.0182093 0 0 0 3.48881e-05 0.0102093 0 0.0033396 0.000851531 -3.09945e-05 0 -0.0248717 0.00631256 0.00219485 0.000354882 0 0 0 0 0.00256723 -0.0331418 0 0.000280744 0 0 -0.000870261 -0.000656763 0.025665 -0.000552933 -0.00969608 0 -0.0069446 -2.76779e-05 0 0.00865867 0 0 -0.000686006 0 0 0 0.000126258 0 -4.75477e-05 0.000619208 0 0.000402645 0.00158188 0 0 -0.00452711 0 -0.00393489 0 0.0178626 0 0 0 -0.00428532 0.0020628 0 0 7.55751e-05 -0.000279903 0 0.000318886 -0.000184859 0 -2.31573e-05 -7.78933e-05 0 0 0 -0.0016536 0 -0.00206773 0 0 -0.00218464 -0.00129486 0 0
