0.836236 -0.00697604 -0.0585918 0.0306129 -0.169175 0.133382 -0.0259494 0.0706198 0.183218 -0.185312 0.0863791 -0.0337725 -0.152744 0.0416035 0.0787419 -0.00217088 -6.51619e-06 -0.0145678 -0.0977264 -0.0811263 -0.0704569 0.0623985
-0.00697604 0.990528 0.140054 -0.109764 0.0755112 0.0236252 0.136024 -0.0278571 -0.0766096 0.0858438 0.10627 -0.0902077 0.152567 -0.0143413 -0.130262 -0.0341474 3.81806e-06 0.15467 0.0298421 -0.00139525 0.0395982 0.0716724
-0.0585918 0.140054 1.0382 -0.00229555 -0.0783 0.191862 0.045976 0.0194721 -0.0929904 0.0749934 0.136511 -0.066234 0.209529 -0.172108 -0.0297925 -0.00755691 3.29368e-06 0.0866088 0.106414 -0.120495 -0.139668 0.146191
0.0306129 -0.109764 -0.00229555 0.413967 0.0926698 0.0430584 -0.0352897 0.0259361 0.157412 0.0502453 -0.0257777 0.0828626 -0.103503 0.0372839 0.118512 0.0358177 1.34201e-06 -0.0431255 -0.0144405 0.00804861 0.0366211 -0.0656057
-0.169175 0.0755112 -0.0783 0.0926698 0.806483 -0.211744 0.030403 0.00507119 0.10612 0.17565 0.0722297 0.028654 0.0936546 -0.0325272 0.0962346 0.0678404 4.09311e-06 0.109307 0.0493241 0.114228 0.32475 -0.107032
0.133382 0.0236252 0.191862 0.0430584 -0.211744 0.820387 0.00151587 0.102722 0.0753658 -0.0897401 -0.0221935 -0.0215051 0.0196095 0.00475856 0.0585585 -0.106575 9.07875e-09 -0.012771 -0.0687242 -0.0653356 -0.248549 0.196402
-0.0259494 0.136024 0.045976 -0.0352897 0.030403 0.00151587 0.174291 0.0311073 -0.0466721 0.0073978 0.0886352 -0.0207546 0.0393655 0.016026 -0.0434203 0.0109027 2.20593e-06 0.0853426 0.0299526 0.0380146 -0.00342595 0.054289
0.0706198 -0.0278571 0.0194721 0.0259361 0.00507119 0.102722 0.0311073 0.390207 0.0911785 -0.0738422 -0.0304323 0.127153 0.0363769 0.235735 -0.0641486 0.0921141 8.39051e-07 0.0235193 -0.000744643 0.0481532 -0.0773411 0.261212
0.183218 -0.0766096 -0.0929904 0.157412 0.10612 0.0753658 -0.0466721 0.0911785 1.16105 -0.350195 0.0232407 -0.044334 -0.133346 0.127696 0.0130586 -0.0203833 -7.90633e-07 -0.0386999 0.0149814 0.0481662 0.101237 -0.0174295
-0.185312 0.0858438 0.0749934 0.0502453 0.17565 -0.0897401 0.0073978 -0.0738422 -0.350195 0.90173 0.0108012 0.0812619 0.151384 -0.191413 0.13364 0.0618619 4.04603e-06 0.0629358 -0.0468846 -0.0693409 0.21604 -0.0839345
0.0863791 0.10627 0.136511 -0.0257777 0.0722297 -0.0221935 0.0886352 -0.0304323 0.0232407 0.0108012 0.843772 -0.035682 -0.00978004 -0.0105148 -0.00709017 0.04499 1.15888e-06 0.100246 0.0556062 0.0579123 0.00219155 0.0163664
-0.0337725 -0.0902077 -0.066234 0.0828626 0.028654 -0.0215051 -0.0207546 0.127153 -0.044334 0.0812619 -0.035682 0.451449 -0.0138209 0.149871 0.0268759 0.0753149 6.39725e-08 -0.0267905 -0.0301311 -0.010985 0.0588705 -0.028726
-0.152744 0.152567 0.209529 -0.103503 0.0936546 0.0196095 0.0393655 0.0363769 -0.133346 0.151384 -0.00978004 -0.0138209 0.91778 -0.0631332 -0.0392018 -0.0208983 1.84173e-06 0.0914776 0.12416 0.0248353 -0.0243887 0.136071
0.0416035 -0.0143413 -0.172108 0.0372839 -0.0325272 0.00475856 0.016026 0.235735 0.127696 -0.191413 -0.0105148 0.149871 -0.0631332 0.617256 -0.0963245 0.0903866 -5.08238e-06 -0.00572994 -0.0432349 0.0553455 -0.0571361 0.0558594
0.0787419 -0.130262 -0.0297925 0.118512 0.0962346 0.0585585 -0.0434203 -0.0641486 0.0130586 0.13364 -0.00709017 0.0268759 -0.0392018 -0.0963245 0.673075 -0.136833 5.97625e-06 -0.0391241 -0.0590739 -0.0857548 0.16577 -0.109071
-0.00217088 -0.0341474 -0.00755691 0.0358177 0.0678404 -0.106575 0.0109027 0.0921141 -0.0203833 0.0618619 0.04499 0.0753149 -0.0208983 0.0903866 -0.136833 0.558065 1.37514e-06 0.0638747 0.0715227 0.0316091 0.00196479 0.119024
-6.51619e-06 3.81806e-06 3.29368e-06 1.34201e-06 4.09311e-06 9.07875e-09 2.20593e-06 8.39051e-07 -7.90633e-07 4.04603e-06 1.15888e-06 6.39725e-08 1.84173e-06 -5.08238e-06 5.97625e-06 1.37514e-06 3.22519e-09 1.90512e-06 3.24932e-06 -2.52748e-07 1.72162e-06 2.80696e-06
-0.0145678 0.15467 0.0866088 -0.0431255 0.109307 -0.012771 0.0853426 0.0235193 -0.0386999 0.0629358 0.100246 -0.0267905 0.0914776 -0.00572994 -0.0391241 0.0638747 1.90512e-06 0.215011 0.0453319 0.0245602 0.00449122 0.0367881
-0.0977264 0.0298421 0.106414 -0.0144405 0.0493241 -0.0687242 0.0299526 -0.000744643 0.0149814 -0.0468846 0.0556062 -0.0301311 0.12416 -0.0432349 -0.0590739 0.0715227 3.24932e-06 0.0453319 0.783223 0.332954 -0.0272014 0.0174764
-0.0811263 -0.00139525 -0.120495 0.00804861 0.114228 -0.0653356 0.0380146 0.0481532 0.0481662 -0.0693409 0.0579123 -0.010985 0.0248353 0.0553455 -0.0857548 0.0316091 -2.52748e-07 0.0245602 0.332954 0.614066 0.0283955 0.0432389
-0.0704569 0.0395982 -0.139668 0.0366211 0.32475 -0.248549 -0.00342595 -0.0773411 0.101237 0.21604 0.00219155 0.0588705 -0.0243887 -0.0571361 0.16577 0.00196479 1.72162e-06 0.00449122 -0.0272014 0.0283955 0.993931 -0.167737
0.0623985 0.0716724 0.146191 -0.0656057 -0.107032 0.196402 0.054289 0.261212 -0.0174295 -0.0839345 0.0163664 -0.028726 0.136071 0.0558594 -0.109071 0.119024 2.80696e-06 0.0367881 0.0174764 0.0432389 -0.167737 0.703698