0.828927 0.00226429 0 -0.082857 0.00246902 0 0 0.000759112 -0.0352918 0 0.00508488 -0.00723292 -0.00467488 -0.0246709 -0.000871637 0 0 -0.00803476 0 0.0167516 0.05711 0.00397745 -0.0169819 -0.00823273 0.00149447 -0.0243014 0 -0.00573176 0.00410796 0.00489562 -0.0351189 -0.00147606 0 -0.000652153 -0.00791587 0.0311415 0.0127753 -0.00710375 -0.0102602 -0.00196946 -0.00382702 0 -0.0018354 0 -0.00644451 0.0197481 0.00610712 0.00913911 0.00346478 0 0.0124939 -0.0219563 -0.00705473 -0.00267111 -0.00265218 -0.0277438 0.000394125 0 -0.0275252 0 0 0.00527318 0.00548222 0.0104627 0 0 0.030716 0 0.0125187 8.35229e-05 0.00932272 0 0 0 0.000571895 0 -0.0126419 0.00523098 0 0.0112841 0.00559223 -0.00543212 0.00762233 0.000863261 0.00207076 -0.0103981 0 0 0.0147846 0.002476 0
0.00226429 0.809313 0 0.012186 -0.235803 0 0 0 0.00655932 0.0134319 -0.0993313 0.0102928 -0.00229076 0.00425222 -0.0247544 0.0441241 0 0.0276025 0.026654 0.00469722 -0.0001167 -0.000501724 0.0138636 0.000872089 -0.00249706 0.040683 0.0175166 0.0903733 0 0.00437513 0.024214 0.0234242 0 -1.7746e-06 -0.0532954 -0.0037857 -0.00382214 0.00340524 -0.0400315 0 -0.0253497 0.0955152 0.00281467 0 0 2.32732e-06 -0.0159067 0 -0.0155809 0.00892595 -0.00983714 0 -0.000102764 -0.0256168 -0.0033264 0 -0.0483899 -0.0111857 8.59292e-05 -0.0139312 0 -0.214768 -0.00137986 0.00181947 -0.00275354 0 -0.00449583 -0.00674069 -0.0102408 -0.00132301 0 -0.00264994 0.00746259 -0.0343891 0 0.0127562 -0.0175736 0.00239426 0.00489775 -0.00246651 0.0142653 0.0190063 0.0180124 -0.0128201 0 0.0307471 0 -0.000383452 -0.00499569 0.00821379 -0.00383157
0 0 0.881186 0.00140123 0 0.00248756 0 -0.0468423 0 0.0112843 0 0.0051193 0.0277759 0.000168628 0 0 -0.0252954 0.000621135 0.0126281 0 0.00229794 0 0.0023907 0.00231625 0 -0.00123437 -0.00249716 0.0138233 0 0 0.0228999 0.000648317 -0.00395239 0 0.00911237 0 0 0.000821976 0 0.0144776 0.0207599 0 0 -0.0137742 0.00666918 0 0.00205402 3.11579e-06 -0.00453895 0.00643844 0 0.000558676 0.00238911 0.019336 0.0369528 0.00901823 0 0 0.00694057 0.00577963 0 0 0 -0.0106402 0 0.000922086 0 0 0.0162582 0.00160365 0 0 0 0 0 0 0 0 -0.0179253 0 0 0.000854663 0 0 0 3.44183e-07 0 -0.0109891 0 0.000370804 0
-0.082857 0.012186 0.00140123 0.826615 0.00464782 0.00673902 0.0177011 0.00359933 -0.0591636 -0.0360228 0.005215 -0.00703214 -0.0159006 -0.0104645 0 0 0.00113791 -0.0116108 -0.00745337 0.0115574 0.0154339 0.00593768 -0.0743331 -0.0071196 0.000378939 0 0 -0.0114869 0.00373491 0 -0.0372543 -0.00328534 0.000386638 0 -0.0106119 0.015276 0.0319771 -0.00642481 -0.000173527 -0.0181411 -0.00899973 -0.00124389 0 0 -0.0213363 0.00544679 0.011167 0.00527632 0.0242415 -0.00572857 0.00241792 -0.0360696 0.0142764 -0.00591861 -0.00858923 -0.014848 0 0 -0.0338609 0 0 0.00808508 0.00040039 0.0199352 0 0 0.00748633 0 0.00848538 0 0.007197 0 0 0 0 0 -0.0033235 0.00683281 0 0.0224183 0 -0.00473264 0.0170363 0.0112077 0.00116194 -0.00691092 0 0 0.00749011 0 0.0174295
0.00246902 -0.235803 0 0.00464782 0.759812 -0.00231108 0 0 0.0037094 0.0068821 -0.173384 0.0089042 -0.00506932 0.00145747 -0.00631264 0.020317 0 0.0153715 0.0647406 0.00132561 -0.00344566 0 0.00556131 0.000720413 0.0041463 0.0728529 0.0151542 0.0563027 0 0.016872 0.0212156 0.031174 0 -0.00754399 -0.0189434 -0.00524926 -0.00538372 0.00589735 -0.0155683 0 -0.0235708 0.0548678 0.0016114 0.00418929 0 0.0432668 -0.0098151 0.00156228 -0.0114041 0.00927358 -0.00264406 0 0.00967151 -0.0126873 0.0181512 0 -0.0205382 -0.0144345 0 -0.0156214 0.00401462 -0.12357 0 0.00889164 -0.00589498 0 -0.00211028 -0.017276 -0.005475 -0.00123107 0 -0.00936646 0.00282339 -0.0480433 0 0.0112351 -0.0504733 -9.74647e-05 0.0127031 -0.00185722 0.0134519 0.0129174 0.016277 -0.00718962 0 0.0461656 0 0 -0.00283131 0.0324414 0
0 0 0.00248756 0.00673902 -0.00231108 0.823056 0 0.0057699 0.00990562 0 -0.00951891 0.00578083 -0.0570789 0.00682471 0.000939049 0.00535192 0.00192747 -0.0462744 -0.0629741 0.00475904 -0.0161501 0.00532479 0.0115219 -0.00244831 0.0174253 0.0781795 0.0145539 -0.0421547 0.00425574 0 0 0.00378179 0.03372 -0.00425778 -0.00602012 0.0013669 0.00708403 0.042986 -0.0230539 -0.00222965 -0.0267029 0 -0.00195073 0 -0.00797485 0.00321636 0 0.0107813 0.0318031 -0.102801 -0.0363008 0.0265051 -0.0705104 -0.0163157 -0.0399476 0 -0.00683958 0 -0.00745062 -0.0121356 -0.00896151 -0.00856168 0.0138807 0 0.00185931 0 0 0.0193294 0.000250971 0.00536994 -0.00208023 0 0.000664462 0 0 1.49604e-06 0.0186961 0.0212771 0 -0.00945289 -0.00330915 -0.0131095 0.00762788 0.00780817 0.000493935 0.0183173 0 0 0.0116535 0.00210942 0
0 0 0 0.0177011 0 0 0.845242 -0.027053 0 0.00569866 0 0.00457652 0 0 0 0.00446199 -0.00175867 0 0 0.000748125 0 0 0.0150916 0 0 0.00166449 0 0.00530119 -0.0026351 0 0.0399596 0.00237993 0 -0.000575827 0.0106713 0 0 0 0.00180598 0.0259376 0.00742767 0 0 -0.0206175 0 0.0100109 0.00254782 0 0 0.0127764 0 0.0037554 0 0.00404674 0.0110334 0.0196456 0 0 0.0125437 0 -0.00673903 0 0.0270579 0 0 0 0 0.0186011 0.0345372 0.0124048 0.000176521 0 0 0.00542072 0.00304934 0 0.00416815 0.0104691 0 0 0 0.00626972 0 0.00480017 0 8.97971e-05 -0.0108359 0 0.0145265 0.00299328 -0.0289934
0.000759112 0 -0.0468423 0.00359933 0 0.0057699 -0.027053 0.848515 0.00276972 0.01527 0 0.0149358 0.0119696 0.00307079 -0.0229465 0 -0.0163888 0.00755309 0.00623061 -0.0164244 0.00517469 0 0.00437494 0.00295424 -0.00225642 -0.00520271 -0.00240307 0.0222577 -0.00263077 0.0130482 0.0202402 0.00235626 -0.00175078 0 0.0147369 -0.00250043 4.47009e-06 0.0156599 2.9399e-05 0.064023 0.0404909 0 0 -0.0139908 0.0140074 0 0 -0.00331872 -0.0206709 0.0236692 0.00779685 0 0.0198497 0.0297433 0.0184595 0.00782767 0 0 0.00611247 0.00204277 0 -0.00195509 0.0168971 0 0 0 -0.00300412 0 0.0185816 0 0 0.00726264 0 0 0.00932219 0 0 -0.00332497 0 0 0 0.0145919 -0.000549256 0.00381372 0 0.00729362 -0.00204472 -0.131222 0 0.00540807 0
-0.0352918 0.00655932 0 -0.0591636 0.0037094 0.00990562 0 0.00276972 0.889062 0 0.00397243 -0.0157995 -0.0164304 -0.00619802 0 0.00556616 0.00423453 -0.0658076 -0.00703632 0.0159965 0.0289148 0.0254165 -0.0604286 -0.00615406 0.00904962 0 0.00147763 -0.0113156 0.00381448 0.0021966 -0.0161773 -0.00543762 0 -0.00412257 -0.00159224 0.00473722 0.0162479 -0.00845146 0 -0.00433518 0 0 -0.0028137 -0.000153235 -0.00979031 0.0252293 0.0185078 0.0106798 0.0104264 -0.000496325 -0.0156787 0 -0.0189463 0 -0.007798 -0.013972 0.00074931 0 -0.0102285 -0.0025828 0 0.00792897 0.0148103 0 0 0 0.00883032 0.00721295 0.0198679 0.00195558 0.0203202 0 0 0 0.00271162 0 -0.00484364 0.0131295 0 0.0254062 0.0177198 -0.00616836 0.011236 0.0038489 0.0125208 0 0 0 0.015369 0.00511138 0.00894364
0 0.0134319 0.0112843 -0.0360228 0.0068821 0 0.00569866 0.01527 0 0.57606 0.00367576 0.00015229 0 0.0120536 0.0435005 -0.0142156 0.0461368 -0.00746373 0 -0.0251862 0.0542782 -0.00129253 -0.00786045 0 -0.0195197 0 -0.00705712 0.0764021 0.00679989 0 -0.0317153 -0.00222551 0 0 0 -0.00022221 0 -0.00207571 0.00541586 0 0.0419396 0.0535117 0 0.00970911 -0.0129242 -0.0217395 0 -0.000942713 0 -0.0513703 0 -0.00133137 -0.0628489 0.0321622 -0.0813026 -0.00588747 0.000834606 0.0352596 0 0 0.0365176 0.00371163 0.0180397 0.000984032 0 0 -0.00164695 -0.00717652 -0.0939379 -0.0599486 -0.00525226 0 0.000848648 0 -0.0125659 0 0.00395184 -0.00277721 0 -0.000180984 -0.00821547 -0.011969 -0.00119331 -0.0466928 -0.0248159 0 0.0780021 0.00160552 1.54009e-06 0.00600262 0.0177848
0.00508488 -0.0993313 0 0.005215 -0.173384 -0.00951891 0 0 0.00397243 0.00367576 0.752215 0.0199042 0 0.0291126 0.0331656 0.00973474 1.08074e-06 0.0206143 0.0256327 0 -0.0181228 -0.00476965 0.00392939 0.00916606 -0.00573817 0.0571137 0.00852387 0.0390675 0 0.0386934 0.0175792 0.043023 0 -0.0170119 -0.0228918 -0.00401674 -0.00737383 0.0058002 -0.0365758 0 -0.0558373 0.0141754 0.00293484 0 -0.0138824 -0.000717974 -0.0441664 -0.00045481 -0.00435928 0 -0.00447815 0.0144089 0 -0.0396636 -0.0147719 0 -0.0382389 -0.0060017 0 -0.014103 0 -0.132224 0 0.00615789 -0.010227 0 -0.00374448 -0.00389528 -0.0126052 0 -0.00209159 -0.0140411 0.00454506 -0.0190482 0 0.00593109 0 0 0.0247812 -0.0203811 0 0.0101096 0.0187099 -0.0113944 0 0.0224256 0 -0.00129816 -0.00150425 0.00677599 0
-0.00723292 0.0102928 0.0051193 -0.00703214 0.0089042 0.00578083 0.00457652 0.0149358 -0.0157995 0.00015229 0.0199042 0.81833 -0.0102239 -0.0122622 0 0.0399719 0.000454239 -0.0170936 -0.00515589 -0.00233357 0.0209827 0.0129218 -0.0386078 -0.045416 0.00766395 -2.56455e-06 0.00720877 -0.0281286 0.00190175 0 -0.0336717 -0.0426661 0 0 -0.0122155 0.00322915 0.00664552 -0.0081068 -0.0239857 -0.0109182 -0.010832 -0.00071046 0 0 -0.00934195 0.0159793 0.00998928 0.01051 0.0142964 -0.00601382 0.00539548 -0.00176839 -0.0191984 -0.00884468 -0.0174946 -0.0151241 0.0194751 0 -0.0416273 -0.00206814 -0.00017006 0.0143522 0.0169596 0 0.00101996 -0.0158217 0.0284737 0.00609038 0.0325344 0.00021882 0.0128112 0 0 0 0.000741133 0 0 0.0282491 0 0.0105895 0 -0.0121295 0.0235794 0.00343335 0.0140528 0 0 0.0475315 0.0165649 0.0050451 0
-0.00467488 -0.00229076 0.0277759 -0.0159006 -0.00506932 -0.0570789 0 0.0119696 -0.0164304 0 0 -0.0102239 0.844056 0 0 0.00528375 0.00577735 -0.0183059 -0.0489947 0.013899 -1.78856e-06 0.0050522 -0.00691717 -0.00364379 0.0177248 0.0494939 0.0153245 -0.0227633 0.00103972 -1.67343e-06 -0.00279548 -0.000716476 0.0102938 -0.00683472 -0.00749038 0.00698962 0.00901496 -0.0085443 -0.00050225 -0.0070345 -0.0121757 0 -0.00492735 0 -0.0103784 0.0106758 0.00510211 0.0138522 0.0199381 -0.0381048 -0.0435084 0.000538022 -0.0426246 -0.016479 -0.028882 1.75718e-06 0 0 -0.0136939 -0.0446517 -0.00515587 0.00300662 0.0179303 0.021033 0 0 0.00311037 0.017804 0.00618879 0.00373766 0.0107577 0 6.93116e-05 0 0.000465609 0 0.00409603 0.0204713 0.016498 0.00941928 0 -0.0251037 0.00736429 0.00662136 0.00426688 0.00802125 0 0 0.0146091 0.00599844 0.0130429
-0.0246709 0.00425222 0.000168628 -0.0104645 0.00145747 0.00682471 0 0.00307079 -0.00619802 0.0120536 0.0291126 -0.0122622 0 0.656737 -0.10687 0 0 0.027242 -0.0359269 0.0607847 0.00493343 0.00215578 0.00899654 -0.0305696 0.033247 -0.106121 0 -0.0234079 0.00285384 0.00834208 -0.0247229 -6.48009e-05 0 0 -0.0403398 0.00347014 0.00143419 -0.0119412 -0.00216782 -0.0622449 -0.026446 0 0 -0.00112089 -0.0340059 0.00221428 0.0106793 0 0.000319235 0.0177323 0 -0.0387499 0.0857714 -0.0511309 0.0163578 -0.0362089 0.000883332 -0.00660906 -0.0280805 0.0163162 0.00342281 0.00597778 0.0075624 0 0 0 0.0508217 -8.53454e-07 0.0448879 0 0.0233097 0 0.0139806 -0.0496219 0.00186215 0 -0.1228 0.00536155 0 0.0389904 0 0 0.0211939 0 0.0128004 -0.038995 0.0499183 0 0.0771533 0.00175683 0.000483831
-0.000871637 -0.0247544 0 0 -0.00631264 0.000939049 0 -0.0229465 0 0.0435005 0.0331656 0 0 -0.10687 0.631656 -0.00509296 -0.0194866 0.132492 0.0456282 0 -3.56332e-07 0 -0.00757404 -0.0181613 -0.045638 -0.00369667 0.0298596 0.000857143 0.0134323 0.0112663 1.48281e-06 0.00321965 0 0 -0.022987 0 0 0 -0.0089903 -0.00443229 -0.0563894 0 0.00463315 0 -0.0134056 0 -0.000596893 0 7.66649e-07 0.0392269 -0.00408195 -0.00687877 0.0117322 -0.0344995 0.00895008 -0.0289321 -0.0143452 0 -0.0208705 0.0466904 0.0214835 0.0188431 0 0.00034449 -0.00176353 -0.00102342 -1.25553e-06 0.00484206 0.00755553 -0.00683919 0.0121329 0.00396392 -0.00124675 -0.00812537 0.000659035 0.0124816 -0.00515419 0 0 0.0557516 -0.0177137 0.00507783 0.0350064 0 0.0111472 1.02127e-06 0 -0.0271964 0.00108277 0 0
0 0.0441241 0 0 0.020317 0.00535192 0.00446199 0 0.00556616 -0.0142156 0.00973474 0.0399719 0.00528375 0 -0.00509296 0.669139 0 0.00616216 0.0111293 -0.016986 -0.0049631 -0.0151734 0 0 -0.0198886 -0.0246904 0 -0.0554735 0 0 -0.016957 -0.00698398 -0.0220933 0.0151682 -0.0195466 0 0 -3.24179e-06 0.00216489 0.0223825 -0.0174825 -0.0136656 0.000802245 0.00922641 0 -0.0556881 -0.0331699 -0.00668133 -0.0207805 -0.0144231 0.00729692 -0.00208572 0.000168473 -0.0164055 -0.054794 0 0 0.00351359 -0.00704507 0.0658446 0.0579355 0.0466007 -0.0571874 0.00170832 -0.0183101 0.0192717 0 -0.0417805 -0.0273664 -0.0255535 -0.0170204 0.00154283 0.10207 -9.2951e-06 -0.0198226 0 0 -0.0338641 0 -0.00582272 -0.0157895 0 -0.000860638 -0.0218375 0.0166254 -0.0109543 0 0.000407966 0.00019488 -0.00930355 0.000450476
0 0 -0.0252954 0.00113791 0 0.00192747 -0.00175867 -0.0163888 0.00423453 0.0461368 1.08074e-06 0.000454239 0.00577735 0 -0.0194866 0 0.831686 0.00111973 0.0328502 -0.00133592 0.0199364 0 0.00614375 0 0 -0.00156159 0.0188863 0.0103229 -0.00401781 1.3349e-07 0.000372817 7.54332e-05 0 0 0 1.21858e-06 0 0.00730981 0 0.0169795 0.000196044 0 0 -0.0185891 0.0558514 0 0 2.45988e-06 -0.00162987 0.00514179 0 0 0.0141355 0.000954925 0.00899862 0 0 0 0.00144173 0 0 0 0 0 0 0 0 0 0.00603779 0.0416702 0 0 0 0.00329416 0 0 0 0 0 0 0 0.0149811 0 0.014828 0 0 0 0 -0.000369633 -0.0150212 0
-0.00803476 0.0276025 0.000621135 -0.0116108 0.0153715 -0.0462744 0 0.00755309 -0.0658076 -0.00746373 0.0206143 -0.0170936 -0.0183059 0.027242 0.132492 0.00616216 0.00111973 0.724564 -0.0343196 0.0269209 0.0907868 0.0133121 -0.0100443 -0.00428117 0.017576 0.0166314 0.0218586 -0.0391221 0.000460743 0.00295871 -0.0138408 -0.0342236 0.00493053 -0.00326792 0.00692074 0.00835992 0.0308538 -0.0109747 0.00375414 0.00291808 0.0504133 -0.000620451 -0.0136133 -0.00316695 -0.00764319 0.0169108 0.0250572 0.0409256 0.0237083 -0.0233639 -0.0334671 0.000536748 -0.0488091 0.0454559 -0.088693 0 0.00462803 0.0217614 -0.00449261 -0.00960785 -0.00869234 0.0537856 -0.0183302 0 0.00399561 0 0.0021609 0.0090478 0.0173864 0.042049 0.0180691 0 -0.0013945 0.00622759 0 -0.0013825 0.00103324 0.0202779 0 0.0180093 0 0.00788979 0.0075039 0.0095106 0.00233406 0.000788696 0.00783171 0.00530299 0.0154799 0.00804356 0.00739925
0 0.026654 0.0126281 -0.00745337 0.0647406 -0.0629741 0 0.00623061 -0.00703632 0 0.0256327 -0.00515589 -0.0489947 -0.0359269 0.0456282 0.0111293 0.0328502 -0.0343196 0.643842 0.0221782 -0.0789372 -0.00214996 0 0.00136267 0.042995 0.0294772 -0.0103727 -0.0772574 0.00157497 -0.00783272 2.59447e-07 -0.0108239 0.0341036 -0.00587117 0.0427168 0.0305057 0.00673304 -0.00071982 0.0669602 -0.00114878 0 0 -0.00769535 0.041865 0 0.00595452 0.0111342 0.00989948 0.0222974 -0.0131225 -0.0297403 0.00291365 -0.0303662 -3.58737e-09 -0.0016855 0.134583 0.0424015 0.004808 0.0791037 -0.0121599 -0.0153431 0.039181 0.018607 0 0.0538035 0.00697227 -0.0391047 0.0416592 0.0107396 0.0134322 8.7868e-05 0 -0.027901 0.0210486 0.00147446 -0.000747706 0.0162575 0.011906 0 0 0 -0.0216627 -0.0116769 0.022344 0 0.052061 1.23355e-07 0 0.00899514 0.00371542 0
0.0167516 0.00469722 0 0.0115574 0.00132561 0.00475904 0.000748125 -0.0164244 0.0159965 -0.0251862 0 -0.00233357 0.013899 0.0607847 0 -0.016986 -0.00133592 0.0269209 0.0221782 0.769529 0.0102894 -0.0510168 0.00815806 -0.0130284 -0.0299504 -0.0270135 0.00225206 0.0282373 -0.0119644 -0.000134735 0 0.0111514 -0.011408 0.0226591 0.00999297 -0.00976435 0.00654942 0.0272229 0 0.0212342 0.0157878 0 0.0233931 0.0500185 0.0115064 -0.0222633 -0.0182606 -0.0208603 -0.0541022 0.00221239 0.0336426 -0.00194519 0.043938 0.0292961 -0.00526749 0.00114157 0.0219207 0.02432 0.031843 -0.00252096 0.0155115 -0.00229876 -0.0600546 0 2.76181e-06 0 -0.0267801 -0.0319511 -0.0710134 -0.014671 -0.0232532 0.000559803 0 0.0202963 -0.0120187 0.000709234 0.0182025 -0.0461676 0 -0.0219672 -0.020339 0.0454078 -0.016952 -0.0244587 0.0171396 -0.00715219 0 0.0283467 -0.0314901 -0.0359139 0.00332747
0.05711 -0.0001167 0.00229794 0.0154339 -0.00344566 -0.0161501 0 0.00517469 0.0289148 0.0542782 -0.0181228 0.0209827 -1.78856e-06 0.00493343 -3.56332e-07 -0.0049631 0.0199364 0.0907868 -0.0789372 0.0102894 0.620792 -0.0109767 0.0139672 0.0736375 0.0544456 0.0312364 1.25009e-06 -0.107634 0 -0.101727 -0.014061 0.0137569 0.00187265 0.00868536 0 0 -0.0602859 0.0150791 0.121246 0 -0.0750961 0 0.00276461 0.00224862 0.0454719 -0.0586304 -0.110336 -0.00736952 -0.000173671 -6.48269e-07 0.0139903 0.07384 0.050372 -0.137012 0.00634315 0.0734553 -0.0171014 0.00433451 0.012756 -8.88696e-07 -5.84695e-07 -0.00551075 0 0 0 0.0239525 -0.0100055 0.195745 -0.0173366 8.03997e-07 -0.0734398 0 -0.0190711 0 -0.00177012 0.000603708 -3.2928e-07 -0.00487006 0.0015263 -0.124661 0 0.00580315 -0.0804871 0.0194966 -0.00211131 0.0296709 0 0 -0.037834 -0.012237 0
0.00397745 -0.000501724 0 0.00593768 0 0.00532479 0 0 0.0254165 -0.00129253 -0.00476965 0.0129218 0.0050522 0.00215578 0 -0.0151734 0 0.0133121 -0.00214996 -0.0510168 -0.0109767 0.818961 0.00587515 0.001168 -0.0115693 0.00163524 0 -0.0320214 -0.00271651 -0.00231232 0 0.0409529 -0.00227147 0.00652989 -0.0247197 0 -0.0070303 0.043619 0 0.00339418 -0.0110823 0 0.00331785 0.00305297 0 -0.0544537 -0.0317761 -0.0111364 -0.0122267 0.000902786 0.00896222 0 0.0315957 -0.0162673 0 0 0 0.0025931 0.00344375 0.00182749 0.00346822 -0.000721344 -0.041495 0.00112953 0 0 -0.00561532 -0.0210389 -0.0606726 -0.00787528 -0.0217141 0 0.0165233 0 -0.0062875 0.000407202 0 -0.011362 0.00103481 -0.0141131 0 0.0101616 -0.00587806 -0.00651533 0 0 0 0 -0.0105558 -0.0106024 0.00075311
-0.0169819 0.0138636 0.0023907 -0.0743331 0.00556131 0.0115219 0.0150916 0.00437494 -0.0604286 -0.00786045 0.00392939 -0.0386078 -0.00691717 0.00899654 -0.00757404 0 0.00614375 -0.0100443 0 0.00815806 0.0139672 0.00587515 0.819399 -0.0387098 0.00242748 0 0.00465093 -0.0125257 0.0505338 0.00157121 -0.0459131 -0.00383319 0 0 -0.0139522 0.00507583 0.00344029 0.00228598 -0.00381545 -0.0251239 -0.0204865 0 0 -0.000628062 -0.0143262 0.0181612 0.0052547 0.00458105 0.00813049 -0.00345442 -0.00734623 -0.0301257 -0.0141349 -0.00502001 -0.011773 -0.0349043 0 0 -0.075012 0 0.0806109 0.00749611 0.00646641 0.00189669 0 -0.00216582 0.00879387 0 0.00793019 -0.0378101 0.0448611 0 0.000344801 0 0 0 -0.0019662 0.00942709 0 0.0104819 0 0.0202332 0.00902171 0 0.00276654 -0.00442056 0 8.9591e-05 0.00806942 0.000138834 0
-0.00823273 0.000872089 0.00231625 -0.0071196 0.000720413 -0.00244831 0 0.00295424 -0.00615406 0 0.00916606 -0.045416 -0.00364379 -0.0305696 -0.0181613 0 0 -0.00428117 0.00136267 -0.0130284 0.0736375 0.001168 -0.0387098 0.821466 0 -0.00877367 0.0148217 -0.0246494 0.0131425 0.00453634 -0.0188028 -0.00570542 0 0 -0.0333556 0 0.00286595 -0.00323624 -0.0125387 -0.0749337 -0.0459711 -0.00055349 0 0 -0.00895197 0.00628079 0.00390285 0.00282928 0.00536568 0 -0.00642733 -0.023318 -0.0109131 -0.0261294 -0.0122289 -0.0271729 0 0 -0.0148013 0 0.0282204 0.00657578 0 0.00657785 0 -0.002592 0.00793473 -0.0192263 -0.00193431 -0.0059418 0.00735589 0.000413439 0.0118997 0 0 0.00806859 -0.00987954 0.028209 0 0.0151313 0 0.000225757 0.011388 0 0 -0.0362837 0 0.0263391 0.0111911 0 0
0.00149447 -0.00249706 0 0.000378939 0.0041463 0.0174253 0 -0.00225642 0.00904962 -0.0195197 -0.00573817 0.00766395 0.0177248 0.033247 -0.045638 -0.0198886 0 0.017576 0.042995 -0.0299504 0.0544456 -0.0115693 0.00242748 0 0.751269 -0.0175686 0 0.0205305 -0.020778 0.0633264 0 0.0024754 -0.00575998 0.0078215 -0.00856332 -0.00300252 -0.00416661 0.00633356 -1.1072e-06 0.00194399 0.00392589 0 0.00474065 0.00215602 0.00330154 -0.0366614 -0.00448928 -0.00979671 -0.0161388 0.00863351 0.0265771 -0.00181435 0.0240853 0.0157652 0.00540104 -0.000944974 0 0 -4.8065e-05 0.0233481 0.0141395 -0.00510619 -0.0479688 0 -0.00357742 0 -0.00606104 -0.0825226 -0.0273957 -0.0210337 -0.0118219 0 0 0 -0.00224363 0 0.0610305 -0.0165398 0 -0.00774213 -0.00259947 0.0259523 0 -0.0190547 -0.000452755 -0.0167396 0 0 0.021436 -0.00620995 0
-0.0243014 0.040683 -0.00123437 0 0.0728529 0.0781795 0.00166449 -0.00520271 0 0 0.0571137 -2.56455e-06 0.0494939 -0.106121 -0.00369667 -0.0246904 -0.00156159 0.0166314 0.0294772 -0.0270135 0.0312364 0.00163524 0 -0.00877367 -0.0175686 0.68189 -0.0111989 -0.0397374 -0.00275463 0.00308773 -0.058195 0.00117678 -0.0378693 0.00957865 -0.00497149 -0.00375453 -0.00628644 0.01232 0.00363774 -0.00183473 0.01468 -0.00272813 0.00246368 0.00428599 2.68855e-05 0.020193 0.0226573 -0.00875406 -0.042947 0.0499046 0.0863405 -0.0507311 0.1313 0.0300737 0.0381339 -0.000958844 0.0744729 0 0 0.0296096 0.0280708 0.0665545 -0.0147212 0 0 0 0.0587916 -0.023601 0.0196061 -0.00273298 0.00236137 0.0019339 -3.61144e-07 0.00523389 0 0 -0.0894976 -0.0888561 0 0 0 0.015771 -0.00425425 -2.10736e-05 0 -0.103994 0 0.00328523 -0.00138945 -0.00524362 0.0152489
0 0.0175166 -0.00249716 0 0.0151542 0.0145539 0 -0.00240307 0.00147763 -0.00705712 0.00852387 0.00720877 0.0153245 0 0.0298596 0 0.0188863 0.0218586 -0.0103727 0.00225206 1.25009e-06 0 0.00465093 0.0148217 0 -0.0111989 0.823987 0.0118614 0 0 0.00743305 0.003855 0 0 0.0500932 0 0 0 0.0104611 0.00251181 0.0264276 0.00868763 0 0.000648189 0.00418063 -0.000605272 0 -0.0116624 -0.00390382 0.00744123 0.0225938 0.00739327 0.0208707 0.0401672 0.010183 0.0026597 0.00159319 0 0.0267335 0.00199849 0 0.00132105 0 0 0 0.00041993 0 0 -0.00108465 -0.0618646 -0.00235979 0 -0.00140303 0.0051988 0 -0.0112975 0 -0.00432235 0 -0.0010515 -7.9285e-07 0.000984157 -0.00331885 0 -0.0207567 0 0 -0.0290374 -0.000183696 0 0
-0.00573176 0.0903733 0.0138233 -0.0114869 0.0563027 -0.0421547 0.00530119 0.0222577 -0.0113156 0.0764021 0.0390675 -0.0281286 -0.0227633 -0.0234079 0.000857143 -0.0554735 0.0103229 -0.0391221 -0.0772574 0.0282373 -0.107634 -0.0320214 -0.0125257 -0.0246494 0.0205305 -0.0397374 0.0118614 0.711372 0.00761429 -0.00779527 -0.0314495 -0.0173393 0.00332379 0 -0.0263544 0.027967 0.0116392 -0.0193557 0.0185924 -0.0281281 -0.0607935 -0.0310031 -0.00263942 0 -0.031295 0 -0.0167428 0.0142357 0.0266724 -0.0267845 -0.0322297 4.5557e-07 -0.0405447 -0.0843961 -0.0645695 0.0327286 0.00496491 0.00456114 -0.0534152 -0.00146592 -0.00354433 0.0953618 -0.0106485 0 0.00321516 -0.0065768 0.0231365 0.0169921 0.0108136 -0.00418716 -0.0246307 0 0.0224853 0.000257015 -0.00579962 0 -6.81633e-07 0.0161373 0 -0.00381562 -0.000656407 -0.0248678 0.00480614 0.00758374 0.0178127 -6.29614e-07 6.94763e-06 0.00417346 0.0212643 -0.0288916 0.00722949
0.00410796 0 0 0.00373491 0 0.00425574 -0.0026351 -0.00263077 0.00381448 0.00679989 0 0.00190175 0.00103972 0.00285384 0.0134323 0 -0.00401781 0.000460743 0.00157497 -0.0119644 0 -0.00271651 0.0505338 0.0131425 -0.020778 -0.00275463 0 0.00761429 0.834415 0 0 0.00766054 0 0 0.0038137 0 0 0.0178122 0.00315873 0.0428137 0.00503431 0 0 0 0.0196207 -0.00599505 0 0 -0.00593776 0.00811134 0.00899746 0 0.0212501 0.00388249 0.0214388 0.0105235 0 0 0.007321 0 0 0 -0.00287823 -0.00830837 0 0 -0.00258188 -0.000727675 -0.00185409 0 -8.86007e-05 0 0 0.00297972 0 -1.07562e-06 0 -0.00480958 0 0 0 0.00462392 -0.00061815 0 0.028576 0 -0.000523428 0 -0.00114171 0 0
0.00489562 0.00437513 0 0 0.016872 0 0 0.0130482 0.0021966 0 0.0386934 0 -1.67343e-06 0.00834208 0.0112663 0 1.3349e-07 0.00295871 -0.00783272 -0.000134735 -0.101727 -0.00231232 0.00157121 0.00453634 0.0633264 0.00308773 0 -0.00779527 0 0.669283 0.000426324 -0.00441072 0 0.000892189 0.000817192 0 0 0 0.00725219 0 -0.0209493 0 0 0 0.00582751 -0.00507279 -0.0258146 0 0 -3.95813e-07 0.00360538 -1.23566e-06 0.0020399 -1.18273e-05 -7.5922e-07 0.0337241 -0.010914 0.0506568 0.0143741 -8.01043e-07 0 0.00660742 -0.000530011 0 0 0 -0.00307869 0.0325528 -0.017071 0 -0.0206457 0 0 0.0409266 0 0.00222285 0 0 0 -0.021731 0.0304737 0 -0.0362527 0.00163221 0 0.00647888 0 0.031551 -0.0330883 -0.0335474 0
-0.0351189 0.024214 0.0228999 -0.0372543 0.0212156 0 0.0399596 0.0202402 -0.0161773 -0.0317153 0.0175792 -0.0336717 -0.00279548 -0.0247229 1.48281e-06 -0.016957 0.000372817 -0.0138408 2.59447e-07 0 -0.014061 0 -0.0459131 -0.0188028 0 -0.058195 0.00743305 -0.0314495 0 0.000426324 0.689787 -5.992e-05 0 0.00624737 -0.0566129 0.0276802 0 0 2.11052e-06 -0.00897276 -0.0235478 -0.00529241 0 0.0144941 -0.0185213 -0.0186325 0 0.00176072 0.00238184 -0.00226611 0.0580854 -0.0307906 0 -0.0246005 0.00271867 -0.0224925 0.00757976 0 -0.0622804 0 0.0245207 0.028417 -0.00178487 0.000121937 0 -0.0178881 0.0126838 -0.0036565 0 -0.0141068 0.00131765 0 0.00852223 0 0 -0.0145497 -0.0264356 0 0 0 1.49184e-06 0 0.00353125 0 0.0759781 -0.0177815 0.00324015 0.0109729 0.00495509 -0.0030257 0.0423221
-0.00147606 0.0234242 0.000648317 -0.00328534 0.031174 0.00378179 0.00237993 0.00235626 -0.00543762 -0.00222551 0.043023 -0.0426661 -0.000716476 -6.48009e-05 0.00321965 -0.00698398 7.54332e-05 -0.0342236 -0.0108239 0.0111514 0.0137569 0.0409529 -0.00383319 -0.00570542 0.0024754 0.00117678 0.003855 -0.0173393 0.00766054 -0.00441072 -5.992e-05 0.781158 -0.0352532 0 0 0.00920731 0.00416601 -0.0646148 0.00243557 -0.00157008 0 -0.0249521 0 0 0 -0.00258114 0.0332466 0.00491175 0.0219824 -0.00787715 -0.0130987 0 -0.0204634 0.02618 -0.0211947 1.5519e-06 0.00332947 0.0262741 -0.00867472 0 -0.00115811 0.0501342 -0.0410047 0 0.00185999 0 0.00199393 0 -0.04119 0 0.00401877 0.0441346 0 0.00236433 -0.0273727 0 0 0.0453536 -0.000191567 0.0063289 0 -0.0417935 -4.61243e-06 -0.0344059 0 0 0 0.00324108 -0.00160551 0 0
0 0 -0.00395239 0.000386638 0 0.03372 0 -0.00175078 0 0 0 0 0.0102938 0 0 -0.0220933 0 0.00493053 0.0341036 -0.011408 0.00187265 -0.00227147 0 0 -0.00575998 -0.0378693 0 0.00332379 0 0 0 -0.0352532 0.824908 0.00120102 0 0 -0.000394886 -4.83594e-06 0 0.00730546 0.0025014 0 0.000347158 0 0.000524301 0.000199836 0 0 -0.0317518 0.00913341 0.00914348 0 0.0109812 0.00155237 0.0025638 -2.15136e-07 0.0134397 0.0141249 9.75418e-05 0.011671 0.0582503 0 -0.0152809 0 0 0 0 -0.0204408 -0.00752989 -0.00811526 -0.00300996 0 0 0 0 0 -0.00766559 5.57188e-06 0 0 0 0.00156283 0 -0.0288694 0 -0.0020911 0 0 0 -0.000576265 0
-0.000652153 -1.7746e-06 0 0 -0.00754399 -0.00425778 -0.000575827 0 -0.00412257 0 -0.0170119 0 -0.00683472 0 0 0.0151682 0 -0.00326792 -0.00587117 0.0226591 0.00868536 0.00652989 0 0 0.0078215 0.00957865 0 0 0 0.000892189 0.00624737 0 0.00120102 0.931397 0 0.000244261 0.000699912 -0.0024346 0 3.88463e-06 0 0.0037041 -0.0540255 -4.78021e-05 -0.000194776 0.0593799 0.0081468 0.00533592 0.00670941 0.0301714 -0.0136082 0.00466236 -0.0115265 0 0 0 0 0 0 -0.0023125 -0.00759341 0 0.0279218 -0.000437529 0 2.19427e-06 0.0030805 0.0122714 0.0206966 0.0211914 0.00993591 -0.0174839 -0.000304023 0 0.00979781 -0.000581133 0 0.00895391 0 0.0102907 0.00349781 -0.00440584 0.003198 0.0034573 0.000621512 0.0233981 0 0 0.0074046 0.00655718 -0.0106257
-0.00791587 -0.0532954 0.00911237 -0.0106119 -0.0189434 -0.00602012 0.0106713 0.0147369 -0.00159224 0 -0.0228918 -0.0122155 -0.00749038 -0.0403398 -0.022987 -0.0195466 0 0.00692074 0.0427168 0.00999297 0 -0.0247197 -0.0139522 -0.0333556 -0.00856332 -0.00497149 0.0500932 -0.0263544 0.0038137 0.000817192 -0.0566129 0 0 0 0.756555 0.00949775 0.000247573 -0.00304649 -0.0330989 -0.0202687 -0.146818 0 0 0 -0.0321834 -0.00256361 -0.0430445 0 0.00813623 -0.0132512 0.00380487 -0.0262176 -0.0133589 -0.131807 -0.0401156 -0.0164954 -0.0136603 0 -0.0947195 -0.00135275 0.0158895 -0.0111411 -0.0132455 0.018239 0 -0.0106317 0.0348558 -0.0414068 -0.0139232 -0.0129568 0.00297752 0 0.0678856 -0.0135955 -0.00937863 0.00897605 -0.0176631 0.00634119 0.00554962 0.000644105 0 0 0.0290018 -0.0117862 0.0298263 0 0.0005334 0 0.00983352 -0.00795008 0.00633573
0.0311415 -0.0037857 0 0.015276 -0.00524926 0.0013669 0 -0.00250043 0.00473722 -0.00022221 -0.00401674 0.00322915 0.00698962 0.00347014 0 0 1.21858e-06 0.00835992 0.0305057 -0.00976435 0 0 0.00507583 0 -0.00300252 -0.00375453 0 0.027967 0 0 0.0276802 0.00920731 0 0.000244261 0.00949775 0.826955 -0.00188543 0.00255579 0 0.00108307 0.00558796 0 0.000637532 0 0.0048807 0 0 -0.0026186 -0.00773307 0.001257 0.00748344 0.0184776 0.0198567 0.0143123 0.00547128 0 0 0 0.0167273 0 0 -0.00796485 -0.000158535 0 0 0 -0.00214425 -0.00260475 -0.00140671 -0.00122229 0 0 0 0 0 0 0.0126232 -0.0061013 0 0 0.0152409 0.00302444 -0.00226753 0 -0.00185484 0 0 0 -0.0112592 0 0
0.0127753 -0.00382214 0 0.0319771 -0.00538372 0.00708403 0 4.47009e-06 0.0162479 0 -0.00737383 0.00664552 0.00901496 0.00143419 0 0 0 0.0308538 0.00673304 0.00654942 -0.0602859 -0.0070303 0.00344029 0.00286595 -0.00416661 -0.00628644 0 0.0116392 0 0 0 0.00416601 -0.000394886 0.000699912 0.000247573 -0.00188543 0.829171 0.00819342 0.00449666 -5.58671e-06 0.00524665 0.000673869 0.00188733 0.000242139 0.00501332 -0.00980251 -0.0192696 -0.00585114 -0.00859311 0.00524992 0.0135211 0 0.0159469 0 0.00902835 0 0 0 0.00548868 0.00338211 0 -0.00715176 -0.010031 0 0 0 -0.000639527 -0.014965 -0.0151411 -0.00585273 -0.0110876 0 -0.0302449 -0.00353816 0 0 -0.00365746 -0.00621853 0.0210661 -0.0130527 0 0.00675353 -0.00718137 -0.00512796 -0.00258831 0 0 0 -0.0304637 -0.00148531 0
-0.00710375 0.00340524 0.000821976 -0.00642481 0.00589735 0.042986 0 0.0156599 -0.00845146 -0.00207571 0.0058002 -0.0081068 -0.0085443 -0.0119412 0 -3.24179e-06 0.00730981 -0.0109747 -0.00071982 0.0272229 0.0150791 0.043619 0.00228598 -0.00323624 0.00633356 0.01232 0 -0.0193557 0.0178122 0 0 -0.0646148 -4.83594e-06 -0.0024346 -0.00304649 0.00255579 0.00819342 0.735652 2.28742e-06 -0.0075646 -0.00219907 0 -0.0012631 -0.0231571 -0.00183434 0.00946174 0.0116486 0.0108097 0.016515 0.0378885 -0.0466388 0 -0.0626498 -0.000353053 -0.0243719 0 0 0.0117057 -0.00882337 0 0 0.00885581 -0.00787505 0 0 0 0.036739 0 -0.0152513 -0.0774876 0.0106642 0 0.00340758 0 0 -0.0484329 0.00191875 0.0326231 0 0.0106008 0 -0.14958 0.00611248 -4.93435e-06 0 0.00257752 0 0 0.0121383 0.00476534 0
-0.0102602 -0.0400315 0 -0.000173527 -0.0155683 -0.0230539 0.00180598 2.9399e-05 0 0.00541586 -0.0365758 -0.0239857 -0.00050225 -0.00216782 -0.0089903 0.00216489 0 0.00375414 0.0669602 0 0.121246 0 -0.00381545 -0.0125387 -1.1072e-06 0.00363774 0.0104611 0.0185924 0.00315873 0.00725219 2.11052e-06 0.00243557 0 0 -0.0330989 0 0.00449666 2.28742e-06 0.721533 -0.00285784 -0.0531018 7.19354e-05 0 0 -0.0127316 0.0228005 -1.11193e-06 0 0 -0.00579779 0 -0.0248766 -0.00189417 -0.0264571 -0.000591836 -0.0139465 -0.00827505 -0.052419 -0.00931232 -0.00259796 0 -0.0196567 0 0.00132291 1.41595e-07 -0.00824904 0.00415215 -0.0131033 0.0128734 -2.8395e-07 0.0176769 0 0.00564344 -0.0100695 0 0.00453968 -0.000921239 0.00361226 0 0.0118928 0 0 0.0215487 0 0.000635171 -0.00671526 0 0 0.00404591 0.00291793 0
-0.00196946 0 0.0144776 -0.0181411 0 -0.00222965 0.0259376 0.064023 -0.00433518 0 0 -0.0109182 -0.0070345 -0.0622449 -0.00443229 0.0223825 0.0169795 0.00291808 -0.00114878 0.0212342 0 0.00339418 -0.0251239 -0.0749337 0.00194399 -0.00183473 0.00251181 -0.0281281 0.0428137 0 -0.00897276 -0.00157008 0.00730546 3.88463e-06 -0.0202687 0.00108307 -5.58671e-06 -0.0075646 -0.00285784 0.699413 -0.0220686 0 3.87231e-06 -0.00137884 -0.00598184 0 0 0.00396251 0.0100461 -0.00685445 -0.00449137 -0.00854445 -0.0106389 -0.0242562 -0.0100864 -0.0106394 0 0 -0.0187947 0 0 0.00397206 -0.00174115 0.000580711 0 -0.00162895 0.00805243 0 -0.0010866 0 -0.00627743 0 0.00115104 0 0 0 -0.0074192 0.00881792 0 0.00095806 0 -0.00783421 0.0203218 5.45589e-05 -0.0421966 -0.0136629 0.0183322 0.0378902 0.00635209 0 0
-0.00382702 -0.0253497 0.0207599 -0.00899973 -0.0235708 -0.0267029 0.00742767 0.0404909 0 0.0419396 -0.0558373 -0.010832 -0.0121757 -0.026446 -0.0563894 -0.0174825 0.000196044 0.0504133 0 0.0157878 -0.0750961 -0.0110823 -0.0204865 -0.0459711 0.00392589 0.01468 0.0264276 -0.0607935 0.00503431 -0.0209493 -0.0235478 0 0.0025014 0 -0.146818 0.00558796 0.00524665 -0.00219907 -0.0531018 -0.0220686 0.732656 -0.0172376 0.00856961 0 -0.0359194 0 -0.0402479 0.000354435 0.0187863 -0.017275 -0.00547565 -0.00817133 -0.0136943 -0.208393 -0.00347565 -0.00517136 -0.0352711 0 -0.0492462 -0.00376921 0 -0.0196201 0 0.0103019 -0.00112917 -0.024016 0.00879504 -0.00870516 0 0 0 0 0.0460059 -0.0317205 0 0.02071 -0.0194228 0.00982887 0.00453798 0 9.51302e-07 0.000707379 0.0204386 0 0.0114321 0.00189266 0 0.00117384 0.00205477 -0.0163257 0.000635245
0 0.0955152 0 -0.00124389 0.0548678 0 0 0 0 0.0535117 0.0141754 -0.00071046 0 0 0 -0.0136656 0 -0.000620451 0 0 0 0 0 -0.00055349 0 -0.00272813 0.00868763 -0.0310031 0 0 -0.00529241 -0.0249521 0 0.0037041 0 0 0.000673869 0 7.19354e-05 0 -0.0172376 0.86468 0 0 -0.000386057 -0.0273479 0 0 0.0267101 -0.0032064 0 -0.000553799 -0.00146927 -0.0202157 -0.0215916 0 0.00592327 0.00243004 -0.0131828 0 0 0.0256858 -0.0468535 0 0.00120966 0 0 -0.0304492 -0.0129291 0 -0.0073637 0.00425924 0 0 0 0 0 0 0 0 0 -0.00525371 0 0 0 -0.0110023 0 0 0 -0.0177913 0.000712904
-0.0018354 0.00281467 0 0 0.0016114 -0.00195073 0 0 -0.0028137 0 0.00293484 0 -0.00492735 0 0.00463315 0.000802245 0 -0.0136133 -0.00769535 0.0233931 0.00276461 0.00331785 0 0 0.00474065 0.00246368 0 -0.00263942 0 0 0 0 0.000347158 -0.0540255 0 0.000637532 0.00188733 -0.0012631 0 3.87231e-06 0.00856961 0 0.907037 0 3.72342e-06 0.0216332 0.00685461 0.00478831 0.00785673 0 -0.0106186 0 -0.0218827 0 0 0 0.014688 0 0 0 -0.00156269 0.00332068 0.0097094 0 0 0.0128724 0.0175726 0.00827761 0.0233742 0.0275984 0.0150974 -0.015502 0 0.0045385 0.00318286 -0.01953 0 0.00325992 -0.0100329 0.0111617 0.0139522 -0.00288762 0 0.000335786 0.00966565 0 0 0 0.00265873 0 0
0 0 -0.0137742 0 0.00418929 0 -0.0206175 -0.0139908 -0.000153235 0.00970911 0 0 0 -0.00112089 0 0.00922641 -0.0185891 -0.00316695 0.041865 0.0500185 0.00224862 0.00305297 -0.000628062 0 0.00215602 0.00428599 0.000648189 0 0 0 0.0144941 0 0 -4.78021e-05 0 0 0.000242139 -0.0231571 0 -0.00137884 0 0 0 0.814548 0 0.00934001 0.00260951 0.00178928 0.00101667 1.77408e-06 -0.0115858 0 -0.00711254 0 0 0 -0.00151218 0 0 0 0 0 0.00697604 0 -0.0067271 0 0.000616522 0.00505575 0.0270423 0 0.0164407 0 5.58438e-07 0 0.00105813 0 0 0.0534615 0 0.00567545 0 -0.000847933 0.00123636 0.00292615 0 0.0111536 0 0 0.00744708 0.0053027 -0.000217397
-0.00644451 0 0.00666918 -0.0213363 0 -0.00797485 0 0.0140074 -0.00979031 -0.0129242 -0.0138824 -0.00934195 -0.0103784 -0.0340059 -0.0134056 0 0.0558514 -0.00764319 0 0.0115064 0.0454719 0 -0.0143262 -0.00895197 0.00330154 2.68855e-05 0.00418063 -0.031295 0.0196207 0.00582751 -0.0185213 0 0.000524301 -0.000194776 -0.0321834 0.0048807 0.00501332 -0.00183434 -0.0127316 -0.00598184 -0.0359194 -0.000386057 3.72342e-06 0 0.6862 -0.0128585 0 0 0.00891149 -0.00352592 0.00760337 -0.00248435 -0.0170841 -0.015417 -0.0297709 -0.0045981 0 0 -0.0207411 -0.00137941 0 0.000920885 -0.000150309 0.00428914 0 -0.0867528 -0.0180687 0 -0.00580267 -0.0034225 0.00798055 0 0.0116886 -0.0555173 -0.0126045 0 0 0.0145136 0.0146619 0.009746 -0.0569535 -0.00415346 0.0344062 0 0.00295086 0 0.0242753 0 0.0651207 0.00115092 0.000351787
0.0197481 2.32732e-06 0 0.00544679 0.0432668 0.00321636 0.0100109 0 0.0252293 -0.0217395 -0.000717974 0.0159793 0.0106758 0.00221428 0 -0.0556881 0 0.0169108 0.00595452 -0.0222633 -0.0586304 -0.0544537 0.0181612 0.00628079 -0.0366614 0.020193 -0.000605272 0 -0.00599505 -0.00507279 -0.0186325 -0.00258114 0.000199836 0.0593799 -0.00256361 0 -0.00980251 0.00946174 0.0228005 0 0 -0.0273479 0.0216332 0.00934001 -0.0128585 0.795134 -0.0563998 -0.0197823 0.00702708 -0.0456618 0.0241127 0 0.0317686 -0.00611068 -0.0140638 0.012733 -0.0144557 0.0177379 -0.00287129 0.00582123 0.00829233 0 -0.0883202 0.0171012 0 0 -0.0313149 -0.027827 -0.0857452 -0.0169574 -0.0626027 0.00293319 0.00644518 -0.0228528 -0.025086 0.00146408 0 -0.0247505 0.000614445 -0.053649 -0.0127024 -0.00436969 -0.019493 -0.0176497 -0.00384463 -0.00138361 0 0 -0.0200367 -0.0346583 0.023185
0.00610712 -0.0159067 0.00205402 0.011167 -0.0098151 0 0.00254782 0 0.0185078 0 -0.0441664 0.00998928 0.00510211 0.0106793 -0.000596893 -0.0331699 0 0.0250572 0.0111342 -0.0182606 -0.110336 -0.0317761 0.0052547 0.00390285 -0.00448928 0.0226573 0 -0.0167428 0 -0.0258146 0 0.0332466 0 0.0081468 -0.0430445 0 -0.0192696 0.0116486 -1.11193e-06 0 -0.0402479 0 0.00685461 0.00260951 0 -0.0563998 0.804724 -0.00883954 -0.00600819 0 0.0162729 0 -0.0027906 -0.0443648 0 0.0177946 -0.0685373 0 -3.40542e-06 0.000266593 0.0043148 -0.0156672 -0.0520578 0.000857832 -0.00105272 0 -0.00870472 -0.019633 -0.0346275 -0.00715969 -0.0286416 0 0.0169701 -0.00442325 -0.00570894 0.00736445 0 -0.00939667 0.00965652 -0.0674472 0 0.00750923 -0.0079413 -0.00487298 -0.000758469 0.00338148 0 0 -0.00661742 -0.0155338 0
0.00913911 0 3.11579e-06 0.00527632 0.00156228 0.0107813 0 -0.00331872 0.0106798 -0.000942713 -0.00045481 0.01051 0.0138522 0 0 -0.00668133 2.45988e-06 0.0409256 0.00989948 -0.0208603 -0.00736952 -0.0111364 0.00458105 0.00282928 -0.00979671 -0.00875406 -0.0116624 0.0142357 0 0 0.00176072 0.00491175 0 0.00533592 0 -0.0026186 -0.00585114 0.0108097 0 0.00396251 0.000354435 0 0.00478831 0.00178928 0 -0.0197823 -0.00883954 0.822063 -0.018353 -0.00445674 0.0590366 0 0.0492726 0.00358983 0.00757323 0 0 0 0.00762648 0.00528509 0.0227595 -0.00424488 -0.0144512 0 0 0 -0.00494943 -0.00714496 -0.0194791 -0.00787815 -0.00981516 0 0.0108431 0 -0.00573528 0 1.49668e-06 -0.0140046 0 -0.00842712 -0.0295377 0.0121111 -0.00691553 -0.00409822 -0.00334734 -0.00351448 0 0 -0.0140472 -0.00359147 -0.00680048
0.00346478 -0.0155809 -0.00453895 0.0242415 -0.0114041 0.0318031 0 -0.0206709 0.0104264 0 -0.00435928 0.0142964 0.0199381 0.000319235 7.66649e-07 -0.0207805 -0.00162987 0.0237083 0.0222974 -0.0541022 -0.000173671 -0.0122267 0.00813049 0.00536568 -0.0161388 -0.042947 -0.00390382 0.0266724 -0.00593776 0 0.00238184 0.0219824 -0.0317518 0.00670941 0.00813623 -0.00773307 -0.00859311 0.016515 0 0.0100461 0.0187863 0.0267101 0.00785673 0.00101667 0.00891149 0.00702708 -0.00600819 -0.018353 0.811306 0.0162429 0.0426805 0 0.0648123 0.0112914 0.0344266 0.0253451 0 -0.000813241 0.0125346 0.0130751 0.0374171 -0.0115739 0.0140155 0 -0.00102636 0.00207904 -0.00566821 -0.0120514 -0.00370186 -0.00355564 0.0192426 0 0 0 0 0 -0.00225752 -0.0278405 0 -0.00102651 0 0.0409638 -0.00718457 -0.00929881 0 -0.0051697 0 0 0.0225657 0 0
0 0.00892595 0.00643844 -0.00572857 0.00927358 -0.102801 0.0127764 0.0236692 -0.000496325 -0.0513703 0 -0.00601382 -0.0381048 0.0177323 0.0392269 -0.0144231 0.00514179 -0.0233639 -0.0131225 0.00221239 -6.48269e-07 0.000902786 -0.00345442 0 0.00863351 0.0499046 0.00744123 -0.0267845 0.00811134 -3.95813e-07 -0.00226611 -0.00787715 0.00913341 0.0301714 -0.0132512 0.001257 0.00524992 0.0378885 -0.00579779 -0.00685445 -0.017275 -0.0032064 0 1.77408e-06 -0.00352592 -0.0456618 0 -0.00445674 0.0162429 0.668219 -0.0208975 0 -0.0515517 -0.0373221 -0.161189 -0.013817 0 0.00600678 -0.0146153 -0.0617338 0 0.00599529 0 0 0.0230815 -0.00165697 0.000447893 0.00212778 -0.041401 0 0 0 0.00854725 0 -0.0418756 0 0.0136845 0.00614565 0 -0.0284082 -0.0532653 0.000243124 0.00508894 0.0171262 0 -8.95975e-07 0 0.000807813 0.0035836 -0.0245036 0.0325095
0.0124939 -0.00983714 0 0.00241792 -0.00264406 -0.0363008 0 0.00779685 -0.0156787 0 -0.00447815 0.00539548 -0.0435084 0 -0.00408195 0.00729692 0 -0.0334671 -0.0297403 0.0336426 0.0139903 0.00896222 -0.00734623 -0.00642733 0.0265771 0.0863405 0.0225938 -0.0322297 0.00899746 0.00360538 0.0580854 -0.0130987 0.00914348 -0.0136082 0.00380487 0.00748344 0.0135211 -0.0466388 0 -0.00449137 -0.00547565 0 -0.0106186 -0.0115858 0.00760337 0.0241127 0.0162729 0.0590366 0.0426805 -0.0208975 0.799201 0.021841 -0.129328 0.0109658 -0.0474517 1.33923e-06 -0.00108609 0.00928798 -0.0121256 -0.0148812 -0.0145314 0.00567815 0.0542771 0 0 0 0.0100663 0.0193523 0.0542287 0.00856159 0.0323394 0 0 0.000471323 -0.00371855 -0.00188407 0.0590315 0.040848 0 0.0262312 0.00421719 -0.0687499 0.01322 0.00944548 0.00506379 0.0214016 0 0 0.0381176 0.014198 0
-0.0219563 0 0.000558676 -0.0360696 0 0.0265051 0.0037554 0 0 -0.00133137 0.0144089 -0.00176839 0.000538022 -0.0387499 -0.00687877 -0.00208572 0 0.000536748 0.00291365 -0.00194519 0.07384 0 -0.0301257 -0.023318 -0.00181435 -0.0507311 0.00739327 4.5557e-07 0 -1.23566e-06 -0.0307906 0 0 0.00466236 -0.0262176 0.0184776 0 0 -0.0248766 -0.00854445 -0.00817133 -0.000553799 0 0 -0.00248435 0 0 0 0 0 0.021841 0.765411 0.0365798 -0.00791633 0 -0.016358 0.00295162 -0.000131255 -0.0490885 0 0.0184989 0 -0.00559346 0.000885733 0 0 0.0325146 -0.0316671 0 -0.000829612 0 0.00945226 0.0156961 0 0.0415333 0.00910256 -0.0640628 -0.00227844 0 0 0 0.00143463 0.00328395 0 0.00102434 -0.025647 0 0 -0.033067 -0.0129317 0
