0 0.0644342 0.00230101 0.00348638 0.0566551 0.00131044 -0.0106271 0.00132778 0 0.0279578 0.0367126 0.0425894 0.0250511 0.0281863 0.00655048 0.0280575 0.0031661 0.000175912 0 0.0278244 0.00131097 0.0248843 -0.00582549 0 0.00136571 0 0.000157829 0.00103007 0.0189192 -0.0104412 0 0.00182356 0 0 0 0.00952367 0 0.00347893 0 0.00210768 0 -0.00512212 0 0 0 0 0.00544922 0.000166254 0.0125815 0.00486582 0.00100418 -0.00803931 0.0143713 0 0.00308673 0 0 0 0 0.0392098 0.0215391 0.0212523 0.00852954 0 0.00241567 0 0.0303205 0.00250414 0.00738596 0 0 0 0.00243125 0 0 0.00419523 0 0 0 -0.00303716 0.00927684 0.00453082 0.0500149 0.0055831 0 0 0 0.000221883 -0.00120239 0.0224439 -0.000515868 0.0168026 0.00157404 0 0.0143075 0 0.00367365 -0.000486904 0 0 -0.00979467 0.0193449 -0.00113263 0 0.000899899 0.00369206 0 0 0.00735797 0.00545661 -0.0114663 0.000193339 0 0.00046069 0 0.00757251 0 0.0126976 0 -0.000657763 0 -0.000829263 0 -5.49783e-05 0 0 0.000767565 0 -1.33518e-05 0.00426894 0.0255535 -0.00292101 0.00112146 0.014818 0.000211277 -0.0136143 0 0 8.54769e-05 0 0 0 0 0 0.00674695 0 -0.00457191 0.000570722 0 0 0.000912647 0 -0.00215435 0 -0.00109936 -0.00367589 0.00182116 0.00540709 0.00409367 0.00194412 0 0 0.00161255 0 0 0 0 0 4.42853e-06 0 0 0 0 0 0.00192178 0 0 0 0 0 0.0154177 0 0 0 0 0 0 0 0.00870704 0 -0.00360119 0 0 0 -0.00167372 0 0.00152315 0 0 0 0 0 0 -0.00358192 0 0.00162244 0 0 0 0 -0.00255052 0 0 0 0 0
0.0644342 0 0.000255006 0 0.0539199 0 -0.0131184 0 0.00317242 0.0285765 0.01947 0.063564 0.0430507 0.0116475 0.0084834 0.0359675 0.00143226 0.0016179 0.000604312 0.0213444 0.000677158 0.0435895 -0.00912602 0 0.000259913 0 0 0.000970345 0.0224627 -0.0124091 0 0 0 0 0.00171274 0.0138384 0 0 0 0.000326835 0 -0.00439977 0 6.12326e-05 0 0 0 0 0.0362738 0.00161173 -2.84727e-05 -0.0145951 0.00717602 0 0.00518849 0 0 0 0 0.00915779 0.00866003 0.0230304 0.0127865 0 -1.24344e-05 0.000963307 0.0323594 0.00307855 0.00802827 0 0 0 0 0 0 0.0038368 0 0 0.00451278 -0.000468729 0.000231625 0 0.0286631 0.00465392 0 0 0 0.00377367 0 0.0121089 0 0.00982279 0 0.000589052 0.00233888 0 0.000158118 0 0 0 0 0.0159158 -0.001051 0 0.0125913 0 0 0 0.00317822 0.0188718 -0.0120252 0.00210518 0.00132289 0 0 0.00489064 0.00599622 0 0 0 2.34122e-05 -0.000713714 0 0 0 0 0 0 0 0.000276368 0.0348985 -0.00312925 0 0.0071757 0.000131198 -0.00660983 0 0 0.00624887 0 0 0 0 0 0.00253728 0 -0.00281812 0.000282687 0 0 0.0132267 0 -0.00155632 0.000145158 -0.000898849 -0.00159451 0.00160079 0 0.00361383 0.0126964 0 0 0.00653022 0 0 0 0 0 0.000644341 0 0 0 0 0 0 0.0219333 0 0 0.00235547 0.000323098 0.0099228 0 0 0 0 0 0 0 0.0032696 0 -0.000280613 0 0 0 -0.00225319 0 0.00393853 0 0 0 0 0 0 0 0 0 0 0 0 0 -0.00204804 0 0 0 0 0
0.00230101 0.000255006 0 0.0201454 0.00172183 0.0498148 0 0.0484787 0 0 0 0 0 0.00267225 0 0.00139785 0.0234384 0.0151319 0.00713615 0.00116 0.0197095 0.000727055 0 0.0104124 0.0186131 0.00369861 0.0205464 0.00541988 -3.16176e-05 0 0.00136712 0.0185526 -0.0111901 0.0101772 0.000638087 0 0.0285509 0.0211265 0.00650793 0.012184 0 -0.0106153 0.0260791 0 0.0183573 0.00628699 0.0372895 0.012454 0 0.0118402 0.00499675 0 0 0.00663439 0.00266626 0 0.0144695 0 0.000870397 0 0 0.00169894 0 0 0.0242362 0.0038784 0 0.0287088 0.00191727 0.0262483 0.00199789 0.00395229 0.0113323 0.00787127 0 0.0074978 0 -0.00573564 0 -0.00670288 0.0268034 0 0 0.0123743 -0.00121317 0.00625517 0.00104287 0.00515733 0 0 0 0.00464022 0.00867229 0 0.00840844 0.00395387 0 0.00191118 0.000810839 0.00132302 2.03168e-05 0 0 0.00155337 0 0.0188438 0.0209632 0.00125895 0.018512 0 -0.00322541 0 0.0173621 0.0144139 -0.000169545 0.000991786 0 0 0.00107424 0.00258056 0 -0.00346721 0.00163925 0 0 0.0157772 0.00786626 0 0 0.00957374 0.00174871 0 0.0367348 0.00581445 0.0178381 -0.00717531 0 0.00165449 0 0.0093642 0.00263213 0.00744261 0.00322415 0.00231115 0 0.00392777 -0.00616557 0.00653155 -4.41896e-05 0.00317846 0 0 0 0.000843745 -0.00203102 -0.00286062 0.00202263 0 0.013614 0 0 0 0 0.00660664 0.00689554 0.00246479 -0.00314631 0.000334974 0.0055237 0.00206785 -0.00577235 0.00229064 0.0118271 0 0 0 0.00516747 0.00822988 0 0.00338777 0 0.00194728 0 0 -0.00508781 0 0.000580417 0.0044451 0 0 -0.00401324 -0.00171829 0.0015417 0 -0.00536933 0.000349796 0.00309071 0 0.00103564 0 0 0.000494426 0 0 0.00370215 -0.00120665 0 6.08374e-05 0.00040049 0 -0.00661918 0 0 0 0 0
0.00348638 0 0.0201454 0 0.0111879 0.0331073 0 0.0160212 -0.00703197 0 0.000776195 0 0 0.00175367 0 -0.00583516 0.0334283 0.0306459 0.00188721 0 0.011017 0 0 0.0104225 0.00650566 0.0358427 0.00793914 0.0202692 0 0 0.0218032 0.0235925 0 0.00522357 0 0 0.0124412 0.0421629 0.0209809 0.013173 0 -0.0187127 0.00786732 -0.000267138 0.0284537 0.0128304 0.0715869 0.0300968 0 0.0209991 0.00493791 0.000399023 0.000460709 0.00821201 0.000669686 0.00131452 0.0208021 0 0.00880651 0 0.00642815 0 0 0.00590008 0.0172823 -0.0088583 -2.80203e-05 0.0226939 8.98065e-06 0.0216089 0.0253286 0.00506083 0.0111865 0.0374652 0 0.00648883 0 -7.13738e-05 0 -0.00569152 0.0220708 0.00941958 0 0.0225668 0 0.0149961 0.0222285 -0.0101276 -0.0217963 0 0 0.00893357 0.0138999 0 0.00729966 0.00812539 0 0.00357622 0 0.00288005 0 0 0 0.0200132 0 0.119875 0.0152509 0.0120334 0.0239432 0 -0.000258036 0 0.0133437 0.0225518 -0.00034348 0 -0.0161753 0 0.00916308 0 0 -0.00049074 0.0171079 -5.95483e-05 0 0.00807141 0.0280711 0 0 0.00975413 0 0 0.0301711 -0.00108878 0.0128877 -0.00520168 -0.0127554 0.00459943 0 0.00333409 0 0.0153186 0.00322189 0.000120479 0.000664484 0.00096854 -0.0110849 0.000913598 0 0.00245153 -0.0102825 -4.34034e-05 0 0 -0.000224107 -0.000530636 0.005908 0 0.0339008 -3.94939e-05 0.00633585 0 0 0.00336341 0.00857832 0.00859208 0 0 -0.00477806 0.00288808 -7.17757e-05 0.00222475 0.00976442 -4.18496e-05 0.00129281 0 0.00628586 0.00157054 0 0.00315815 0.00464223 0.00333831 0.00031864 -0.00120456 -0.00196397 0.0180534 0.000774443 0.00712416 0 -0.0101412 -0.00316943 -0.00477468 0 -7.0169e-05 -0.00367859 0.00077613 0.00739405 0.0089751 0 0.00728561 0 0.000629801 0 0 0.00160295 -0.000245389 0 0.000732484 0.00309333 0 -0.00990279 0 0 -0.0163085 0 0
0.0566551 0.0539199 0.00172183 0.0111879 0 0 -0.00551211 0.0039017 0 0.0467817 0.020052 0.0453894 0.0238787 0.0176118 0.0421572 0.00400755 0.0140369 0 -0.00221761 0.00459302 0 0.0102261 -0.00291999 0 0 0 0 0 0.0187241 -0.00481332 0.0140639 0.00151295 -0.0183961 -0.00191296 -0.000551196 0.00365831 0 0.00285022 0 0 0 -0.0042746 -0.000189531 0 0 0 0.0180473 0 0.00126198 0.00413931 0 -0.00214765 0.00762051 -0.00166002 0 0 0 0 0 0.0333495 0.00383325 0.00181087 0.00239379 0 0.00310431 -0.00344099 0.00256488 0.000821974 0.0081893 0 0 0 0 0 0 0 -0.00118025 -0.00995665 0 -0.00246354 0.007322 0.00604943 0.0240265 0.00216369 -0.00410966 0 0 -0.000454841 -0.0139019 0.00290113 -0.00904861 0.00264345 0 0 0.0076643 0 0.000315184 -0.00258712 -0.000975 -0.00230375 -0.00458614 0.00564195 0 0.00133985 0 0.00981763 0 0 0.0126146 0 -0.00420519 0 0 0.00116157 0 0 0 0.0119733 0 -0.00233261 0 0 0 -0.00762523 0 0 0 -0.00484671 -0.00336005 0 0.0163615 0 0.00114937 0.00404203 0 -0.00197134 0 0 0 0 -0.00340838 0 0 0 0.00183752 0 -0.000149295 0 -0.00109845 -0.00146048 0 0 -0.00219891 0 0 -0.00113766 0.00261101 0.00631923 0.00405465 0 0 -0.00111684 0 0 0 0 -0.00939258 0 -0.000247703 -0.000892728 -0.00833674 0 0 -0.00250537 0.00269781 0.00251393 0 0 0 -0.000413825 0.0245906 0 0 0.00152404 0 0 -0.000158024 0 0.0186274 -0.000226327 -0.000149637 0.000998426 -0.00048836 -0.00937801 -0.00107665 0 0 0 -0.00191355 0 0 0 0 -0.00856783 0 0.00740738 0 0 0 -0.00768216 0 0 0 0 0 0
0.00131044 0 0.0498148 0.0331073 0 0 0.00163243 0.0416607 0 0 0 0 0 0.00335832 -0.000187702 0.000522986 0.00541241 0.0304546 0.0126045 0 0.00901356 0 0.00200459 0.0266009 0.0134728 0.00476304 0.00108398 0.00261174 0 0.00166318 0.00395314 0.0111472 -0.000218141 0.0256059 0.00254491 -0.00278794 0.00804112 0.0190712 0.00776416 0.00784884 0.000363736 -0.0109997 0.051339 -0.001951 0.0107766 0.0042023 0.0245071 0.0106875 0 0.0100583 0.0190516 0.00154827 0 0.0182718 0.00222256 0.00686626 0.0181379 0.000126635 0.00765726 0 0 0.00242307 -0.00966211 0.00132877 0.0193785 0.0081289 0 0.0205173 0 0.1067 0.0105294 0.00648208 0.0081755 0.017657 0 0.0175769 0.00180384 -0.0141259 0 0 0.0104132 -0.00448057 0 0.0107873 0.00853179 0.0259612 0 0.00712868 -0.0061973 0 0 -0.00255106 0.0161272 0 0.0049455 0.0179129 -0.00314903 0.0107653 0.00463053 0.00620742 0.00579149 -0.000372774 0 0.00188951 0.000871594 0.0328578 0.0121835 0.00273406 0.0150385 0.0022826 -0.00125881 0 0.0109407 0.00296381 -0.00383041 0 0.00113141 -0.00382108 0.00342433 0.00627373 0.000146053 -0.00269808 0.00544972 0.00282746 0 0.0118291 0.0104593 0.0022661 0.00344104 0.0202445 0.001403 0 0.0192675 -0.00809201 0.0143216 -0.00507066 -0.00547009 0 0 0.00777698 0.0088826 0.0135826 0.0021734 0.00368585 0 0.00432441 -0.00255853 0.00383578 0.00169244 0.0173332 0 0.00102985 0.00100843 0.000167432 -0.000674052 -0.000374995 0.00583297 -0.00631782 0.0143447 0.000124033 0 0.0014033 0 0.00317526 0.0129587 0.0107006 0.00407501 0.000896009 -0.000590167 0.0130223 0.00568313 0.00610057 0.010881 0.00173247 -7.95331e-05 0 0.0134278 0.0138181 0 0.0191229 -0.00385821 0.00222898 0 -0.00555113 -0.00042045 0 0.00162986 0.0128141 -0.00565074 -0.00201934 -0.00472095 -0.00761181 0.00382155 -0.00214038 -0.00371474 0.00441758 0.00379926 0 0.00946045 0 0 4.74379e-05 0 0.00336964 0.0120367 -0.0157859 0 0 0 5.68516e-05 -0.00216283 0 0 -0.00755284 0 0
-0.0106271 -0.0131184 0 0 -0.00551211 0.00163243 0 0 0 -0.0012404 -0.00923805 -0.00354976 0 0 -0.0221014 0 0 -0.0241082 -0.0072586 0.0191642 0 -0.041726 0.220932 0.00217736 0.00269702 0.000740747 0 -0.0262886 -0.0277899 0.18441 -0.00131769 -0.0124328 0.00714573 0.00896979 0 -0.027208 -0.018543 3.46334e-05 0 -0.00917752 0.0303398 0 0.00802493 -0.0273926 0.000265002 0 -0.00328073 0.00532003 0 -0.015044 0.0264693 0.0323703 -0.0306562 0.00829441 0 0 0 0.0347897 0.000760744 -0.000436451 -0.0204404 -0.0120214 -0.0488668 0.0526761 0 -0.00399538 0 0 -0.0198374 0.00267626 0 0 0 0.00122307 0.0344703 0.00330182 0.0321549 0.00553955 0.0124028 0.00378496 -0.0100676 -0.0149338 -0.00205192 0 0.00723949 0 0 -0.0107278 0.00441196 -0.00292185 0 0.0115238 0 0 0 0.00181662 -0.012098 0.0133901 0.0195896 0.00263038 0.00759034 -0.0113794 -0.00011692 0 0 0 0 0.0140203 0 0.00133677 0 0 -0.0277153 0 -0.00211691 -0.00726848 0.00138434 -0.0108815 0.00035309 0.0195981 0.00100863 0 0.0325414 0.00558141 0.0209314 0 0 0.00635923 0.0103461 0 0 0 1.44378e-05 -0.0233646 0 0.00163132 0 -0.000570463 0.000203119 0 0.0131979 0.00183957 0 0 -0.00594573 0 0 0.0389412 0 0.00431902 0 0 0.13689 0 0 0.0225958 0 -0.0106362 -3.16529e-05 0.00363464 0 0.0414958 0 0 0.00258771 0.00657641 0.00760352 0 0.00108733 0.00225699 -0.00553525 0 0 0.0515516 -0.00358411 0 0.00352968 0.00168819 0 0.000660508 -0.00983492 0 0 -0.00475771 0 0.00846411 0 0.00100286 -0.0127535 -0.00393005 0 -0.00532891 0.00368563 0.00212268 0.0021427 0.00147816 0 0.0152669 0.00360418 0 0.00128229 0 0 0.00239324 0 -0.0135231 -0.0181577 0 -0.00508148 0.00501903 0 0 -0.00520594 -0.00895876 0 0
0.00132778 0 0.0484787 0.0160212 0.0039017 0.0416607 0 0 0 0 0 0 0 0.00302112 0 0.00281022 0.0105265 0.00533469 0.00822869 0 0.0406457 0.000319932 0 0.0100152 0.0249109 0.000531149 0.00844924 0.00408305 0.000666795 0 0 0.0183023 -0.00476865 0.0104283 0.00259149 0 0.0162614 0.0112269 0.00645587 0.00696989 0 -0.00830701 0.0296031 -1.09654e-05 0.0186196 0.0021059 0.0115855 0.0105006 -0.00785378 0.0158535 0.00609535 0 0.000318071 0.00647825 -0.00478167 0 0.00965399 0 0.00111247 0 0 0.00211669 0 0.000113632 0.0379518 0.00466838 0 0.0259075 0.00187688 0.00496887 0.00387772 0.000339038 0.00669985 0.00466462 0 0.0109229 0 -0.00162523 0 -0.000346796 0.0185778 0 0 0.0233946 0.00615569 0.0134595 0 0.0064382 0 0 6.55507e-06 0.00664003 0.00927405 0 0.0175569 0.00335055 0 0.00283592 -0.00524702 0.00396863 0.00379452 0 0 0.00460197 0.000622935 0.013202 0.0048241 0.000863757 0.0217839 0 -0.00548876 0 0.0107138 0.0075486 -0.00105068 0.00242544 0 0 0.00257979 0.00355485 0 -0.00111433 0.00392047 0.000236293 0 0.00376466 0.0222828 -4.42219e-05 0.000322754 0.029837 0.000970304 0 0.0368085 0.00199996 0.0230054 -0.0103855 0 0 0 0.00569845 0.00334066 0.00397301 0.000364065 0.00767675 0 0.00660849 -0.00677517 0.00133176 0.000295513 0.00350561 0 0.000521729 0 0.00104195 -0.00160447 -0.001494 0.00463668 -0.000939295 0.0103736 0 0 0 0 0.000504051 0.0133194 0.00341521 -0.0016331 0.000810298 0.00307229 0.00186147 -0.000840919 0.00298053 0.0120813 0 0 0 0.00913409 0.00562209 0 0.00482293 0 0 0 -0.00062995 -0.000520764 0 0 0.00327723 0 0 -0.0059372 -0.00219999 0.00188754 -0.00972278 -0.0060795 0.00247316 0.00335396 0 0.00175424 0 0 0 0 0.00133449 0.00868438 -0.00236586 0 0 0 0 -0.00444079 0 0 0 0 0
0 0.00317242 0 -0.00703197 0 0 0 0 0 0 -0.000657284 0 0 -0.00667041 0 0.00264863 0 0 0.00827036 0 0 0.00114806 0 4.53544e-05 0.00163 0 0 0 0 0 0 -0.00718105 0.00904785 0.00807215 0.00716819 0 0 0 -0.00890827 0 0 0 0.00276328 -0.0842777 0 0 -0.0178742 0 0.000640994 0 0 0 0 0.00381644 0.00049604 0.00296289 0 0 0 0 0 0.00346854 -0.0553409 0 0 0.00538496 0 0 0.00300005 -2.72428e-05 -0.0155353 0 -0.0212802 0 0 0.0016155 0.000981816 0.0218049 0 0 0 -0.00254786 0 0 0.00406219 0 0 0.0044902 0.0118808 0 0.0014229 0 0 0 0 0.00553211 0 0.00651332 0.00484313 0.00620633 0.00296258 0 0 0 0.000841922 -0.00820735 0 0 0 0.0116493 -0.000252744 0.000113423 0.00148441 -0.00405992 -0.000506071 0 0.00353052 -0.00117308 0 0.00430139 0.000796856 0 0 0.00563664 0 0 -0.0129349 0.00212603 0.0116144 0 0 0 0 0 0 0 0 0 0.0132973 0 0.00706788 0 0 0.0205606 -0.000514939 0.00111065 0 0 0.00130019 0.0008146 0.000583517 0.00209346 0 0 0 0 0 3.10888e-05 0 0.00326006 0 0 0 0 0.00355977 0 0.0316426 0.00438194 0.00190782 0.00608064 0.0224333 0.0012937 0.000240784 0 0 0 0 0.00222746 0 0.00152593 -0.00282249 0 0 -0.00143618 0 0 0.00212458 0 -0.00753238 0.0127801 0 0 0.00795262 0.0311338 0 0 0 0 0.00498312 0 0.00488549 0 0 0.00285408 0.00530476 -0.00667043 0 0 0 0.00666889 0 0 0 0.00364808 0 0
0.0279578 0.0285765 0 0 0.0467817 0 -0.0012404 0 0 0 0.030784 0.0206711 0.031393 0.00293239 0.00356965 0.00712803 0 0 0 0.0344295 0 0.0295727 0 0 0 0 0 0 0.0102592 -0.000627792 0 0 0 0 0 0.00186345 0 0 0 0 0 -0.000702935 0 0.00106752 0 0 0 0 0.00274213 0 0 -0.00576504 0.00100492 0 0 0 0 0 0 0.0239722 0.01498 0.0041208 0 0 0 0 0.0265945 0 0.00270424 0 0 0 0 0 0 0 0 0 0 -0.000129771 0 0 0.00915574 0 0 0 0 0 -0.00167113 0.0139094 0 0.00826931 0 0.00807557 0 0 0.0011868 0 0 0 0 0.00215362 -3.50272e-05 0 0.00165747 0 0 0 0 0.00540222 -0.00562909 0.000997124 0 0 0 0 0.000232647 0.00761817 0 0 0.000929937 0 0 0 0 0 0 0 0 0 0.0126681 0 0 0.00467988 0 -0.00433395 0 0 0.000752053 0 0 0 0 0 1.80582e-06 0 0 0.000514838 0 0 0.000693767 0 0 0.00013239 0 -0.000237391 0 0.00130383 0 0.00463496 0 0 0.00811688 0 0 0 0 0 0 0 0 0 0 0 0 0 0 0 0.0009578 0 0.00535398 0 0 0 0 0 0 0 0.00195822 0 -0.000681903 0 0 0 -3.84468e-06 0 0 0 0 0 0.00493183 0 0 0 0 0 0 0 0 0 0 0 0 0 0 0
0.0367126 0.01947 0 0.000776195 0.020052 0 -0.00923805 0 -0.000657284 0.030784 0 0.0215194 0.0198029 0.135859 -3.71072e-06 0.0427456 0.00501349 0.00025409 -0.00131308 0.062294 0 0.0061606 -0.00223058 -0.00363201 0 0 0 0.00369282 0.0119879 -0.00729435 -0.0140696 0.00133584 -0.0219094 -4.53445e-05 -0.0121459 0.0274014 0 0.0111193 0 0 0.014704 -0.00845003 -0.00447722 0.000403232 0 0.000591764 0.00478696 0 0.0166963 0.00156895 0.00300547 -0.00256976 0.0057427 -0.0148997 0.0140268 0 0 0.0148702 0 0.031826 0.017822 0.0219788 0.012525 0 0.00488234 0 0.0478575 0.00144643 0.0074275 0 0.00798161 0 0.0008431 0.00078852 0.0320161 0.00239349 0 -0.00521581 0.0139529 -0.00576184 0.00155674 0.0120873 0.0182152 0.0118914 -0.0105655 0 0 0 -0.0299594 0.0201991 -0.0229144 0.0469049 0 0 0.00347822 0 0.00361779 -0.0183083 0 -0.014869 -0.00778513 0.0100649 -0.00515239 0 0 0.00279225 0 0.00117064 0.00915963 0 -0.0152726 0 0 0.00575939 0 0.0128345 0 0.0123953 0 -0.00488399 0 -0.00640852 0 -0.027457 0.0137886 0 0 -0.000264375 -0.00168815 0 0.0149145 -0.0125194 0.00191897 0.0427117 0.000714501 -0.0103414 0 0 0 0 -0.00457692 0 0 0 0.185856 0 -0.00743872 0.0472943 -0.000254599 -0.00528188 0.00282903 -0.00046547 -0.0014189 0.0042556 -0.00270108 -0.00531052 0 0.00366336 0.00382296 0.0119062 -0.000256513 0 0.00613541 0 -0.000335818 -0.0128101 -0.0132296 0 0 0 -0.00831795 -0.000287952 0 0 0.00847667 0 -0.00431104 -0.00156296 0 0 0.0110281 -0.00495727 0 0.00343546 -0.00176832 0 -0.0130021 0 0.0327952 0 -0.00382361 0 -0.0167012 -0.00843232 -0.00337685 0 0.0363214 0 -0.00192745 0 0 0 0 -0.0076129 0 0.0149568 0 0 0 -0.00227181 -0.0017788 0 0 0 0 0
0.0425894 0.063564 0 0 0.0453894 0 -0.00354976 0 0 0.0206711 0.0215194 0 0.0453164 0.0190486 0.0209429 0.0197967 0 0 0 0.00928628 0 0.0491232 -0.000418275 -0.00355607 0.000434141 -0.00985799 0 0 0.0152148 -3.83899e-05 0 0 0 0 0 0.01318 0 0.000915521 0 0 0 -0.00258976 0 0 0 0 0 0 0.00334509 0 0 -0.0074552 0.00743049 0 0.00440309 0 0 0 0 0.0318146 0.00986237 0.0100716 0.00796726 -0.000947546 0 0 0.0473948 0.000811387 0.0142039 0 0 -4.85829e-06 0 0 0 0.001338 0 0 0 -0.00011053 0 0.00565609 0.0247058 0.00295955 -0.0014523 0 0 0.00173917 -0.000277001 0.0169645 -0.00987151 0.0182915 0 0.00324916 0.00291363 0 0.000293654 -0.00554891 0 0 -0.000296682 0.0129319 0 0 0 0 0 0 0.00226117 0.00257597 -0.00686206 0 0 0 0 0.00810662 0 0.00802645 -0.00714263 -0.00839361 0 0 0 -0.000106644 0 0 0 0 0 0 0.024247 0 0 0.00764842 0 -0.000501587 0 0 0.00248636 0 0 0 0 0 0.0038129 0.00118589 -0.000362735 0 0 -0.00520635 0.00624032 0 0 0.00123644 0 -0.00184961 0 0.00882568 0.00242186 0.0099844 0 0 0.00475712 0 0 -0.000949493 0 0 0 0 0 0 0 0 0.000129473 0.0047025 0 0 0.00884334 0 0.00964778 0 0 0 0 0 0 0 0.0147139 0 -0.000952648 0 -3.75897e-05 0 -0.000280166 0 0 0 0 0 0 0 0 0 0 0.00156463 0 0 0 0 0 0 0 0 0 0
0.0250511 0.0430507 0 0 0.0238787 0 0 0 0 0.031393 0.0198029 0.0453164 0 0.0210285 0.0157154 0.0328606 0 0 0.00111794 0.0358718 0 0.0464555 0 0 0 0 0 0.000409127 0.0284389 0 -0.000735692 0 0 0.000124862 0 0.00678828 0 0.000282488 0 0 0 -0.00157005 -2.03775e-05 0.00904568 -2.45856e-05 0 0 0 0.0176265 0 0.0063091 -0.0331343 0.0100459 0 0.0167043 0 0 0 0 0.00842751 0.0106462 0.0168503 0.0147318 0 0 0.00184188 0.0323585 0 0.022311 0 -0.00149047 0 0 0 0 0.00360738 0 0.000235227 0.00247903 0 0 0 0.0141416 0.00466419 0 0 -0.00169993 0.0032747 0 0.0420404 0 0.0314748 0 0.00166228 0 0 0.00104655 0 0.000121087 0 0 0.0107514 -0.00493842 0 0.00847281 0 0 0 0.00129567 0.0143444 -0.0167708 0.012415 0 0 0 0.0211244 0.00287209 0 0 0 0.0109585 0 0 0 0 0 0 0 0 1.17358e-05 0.0339465 -0.00584123 0 0.0192314 0 -0.002803 0 -4.07742e-06 0.0251404 0.00040691 0.000897275 -0.0146914 0 0 0.00158002 0 -0.00296976 0.00296934 0 0 0.0303314 0.00263329 0 0.00244025 0 -0.00124786 0 2.48756e-05 -8.22934e-06 0.0211461 -0.00155844 0 0.00244006 0 0 0 0 0.00239706 0.0013514 0.000431863 0.000141105 0 0 0 0 0.00542985 0 0 0.0052538 0.00382267 0.00609512 0 0 0 0 0 0 0 0.0106294 0 -0.000369063 0 0 0 1.60786e-05 0 0.00397594 -0.000300671 0 0 0.00188811 0 -0.0039906 0 0 0 0 0 0 4.97111e-05 -0.00186292 0 0 0 0 0
0.0281863 0.0116475 0.00267225 0.00175367 0.0176118 0.00335832 0 0.00302112 -0.00667041 0.00293239 0.135859 0.0190486 0.0210285 0 -0.0858941 0.0205732 0.00236816 0.00336619 0.00828543 0.0172328 0.00168271 0.017124 0.00600919 0 0.00610517 0 0 0.0017158 0.0115795 0 -0.037145 0.00146833 0 0.00406338 0 0.0126082 0 0.0185426 0 0.00026553 0.00343304 -0.00657677 0 0 0.00149604 0.000205687 0.0081867 0.00125693 0.0466905 0.00230601 0.0388622 0 0.00775269 0 0.0160753 0.00110017 9.52919e-06 0.0131016 0 0.0232319 0.0107921 0.027406 0.0430622 0 0.00615497 0.00441465 0.0479077 0.00722944 0.00936633 0.000513975 0 0 0.00781313 0.00282562 0.0237635 0.00945703 8.63923e-05 0 0.0305792 -0.000592337 0 0.0137662 0.0197921 0.00927395 0 0.000356545 0 0.00462629 -0.0288578 0.00745493 -0.0130183 0.0502654 0.00176323 0.00100597 0.00155652 0.000774778 0 -0.0223839 0 -0.0216815 0 0.00288097 -0.0270994 0.00168312 0 0.004757 0.000116191 0.0049645 0.00744976 5.92423e-05 -0.0213482 0 0.000541045 0.010229 0 0.0364641 0 0 0 0 0.00264905 -0.00444184 0 -0.0116447 0.00473032 0 0 0 0 0.00809386 0.0252928 -0.022259 0.00233871 0.0583941 0.00175107 -0.00476452 0 0 0.0213477 0.00845998 0.00148981 0 0 0 0.0553584 0.00409113 -0.00653741 0.0272811 0 0 0.00315465 0 0 0.000395682 -0.0013601 -0.00709735 4.05792e-05 0 0.0123246 0.00610497 -0.0144465 0 0.00238688 0 0 0 0 0 0.0139162 0.000779916 0 0 0.000417682 0.000217156 0.00904556 0 0 0.000397743 0 0.00769082 0 -0.00548298 0 0 -0.00389714 0 -0.0130265 0.00157363 0.0183682 0 -0.00626074 -0.00153064 0 0 -0.00251156 0.000234468 0.0299783 0 0 0 0.000899006 0 -0.00525417 -0.0140313 0 0.00482015 0 0 0 0 -0.00250751 0 0 0 0 0
0.00655048 0.0084834 0 0 0.0421572 -0.000187702 -0.0221014 0 0 0.00356965 -3.71072e-06 0.0209429 0.0157154 -0.0858941 0 0 0 -0.000322536 -0.00500355 0 0 0.0149387 -0.00915096 0 0 0 0 -0.0005512 0.0312441 -0.00672257 0.0212851 0 -0.00308277 -0.003077 2.59005e-05 0 0 0 0 0 -0.00123473 0 -0.00105212 0.0145421 0 0 0 -0.00207502 0 0 -0.00883875 -0.0132701 0.0167811 0 -0.000861421 0 0 -0.00352882 0 0.00240985 0.0187186 0 0.00226807 -0.00123658 0 -0.0039044 0 0 0.0296407 -0.00803141 0 0 7.91682e-06 -0.000147544 -0.0276777 -0.00144873 -0.00387074 -0.00122075 -0.00166875 0 0 0.00968116 0 0 -0.0027267 0 0 -0.00159381 -0.00418904 0 -0.00129022 0 0 0 0 -0.00183868 0.0130996 -0.00288909 -0.00136338 -0.000464876 -0.0018665 0.0088398 0.0063265 0 0 0 0 0 0 0 0 0 0 0 0.0253908 0 0 0.0119679 -0.000125946 -0.0014958 -0.000100281 0 0 -0.0015798 -0.014611 0 0 -0.00447343 -0.00342999 0 0.00680545 0 0 0 0 0 0 0.00157405 0 -0.00122828 -0.00443668 0 0 0 0 0 0 0 0 -0.00136985 0 0 -0.00907229 0.00545532 0 0 0 0.0160281 0 0 0 -0.006563 0 0 -0.000187195 -0.00118657 -0.00138044 0 -0.00158117 -0.000624182 -0.00229993 0 0 -0.00277028 0 0 -0.00084218 0 0 -0.00481977 0.00834331 0.00459813 0.00141076 0.00709964 0 0 0 0 0.00464205 0 0 0.00520255 -0.000108659 -0.00203772 0 0 0 0 -0.00102676 0 0 0 0 -0.000232231 0 0.00161182 0 0 0 -0.00239825 0 0 0.0111447 0 0 0
0.0280575 0.0359675 0.00139785 -0.00583516 0.00400755 0.000522986 0 0.00281022 0.00264863 0.00712803 0.0427456 0.0197967 0.0328606 0.0205732 0 0 0 0.00417112 0.0148029 0.0163734 0.0037032 0.0414573 0 0 0.00240689 -0.00611019 0 0.00571902 0.0594615 -0.0178973 -0.0105124 0.000290054 -0.00202834 0.00737295 0.00592033 0.029816 0.000815632 0.000388569 0 0.00168828 1.82597e-05 -0.00790338 0.00480428 0 -1.0574e-05 0.000230443 0 -0.00103522 0.0161958 0.00600786 0.0143429 0 0.0306092 0.0026555 0.0129619 0.00160333 0.00104355 0.00437925 0.000363755 0.00595294 0.00723843 0.055347 0.0291967 -0.00685987 0.00499912 0.019399 0.0233825 0.00316004 0.042623 0 -0.00144939 0 0.00054873 0.00530227 0.00173583 0.0101094 0 0.00667546 0.00901235 0 0 -0.0051381 0.00529514 0.00609431 0.00535776 0.00109095 -0.00433649 0.0188873 0.00351191 0.0153157 0.00205095 0.0226411 0.00169537 0.00192788 0.00118349 0.00346395 0 0.00242019 0.00602815 0.000831595 0.00323935 0 -0.00900891 0 0.0238939 0.000371799 0.00148137 0.00136113 0.0020208 0.027836 -0.00981514 0.0307361 0.00489996 8.60444e-05 -0.00906191 0.0242503 0.011233 -0.00305909 0 0.00123393 0.0161798 -0.00801761 0 0.00231019 0.000793711 0 0 0.00033305 0.00653607 0.00433684 0.0541831 -0.00206957 0 0.0515943 0.00141611 -0.00870211 0.000809975 0 0.012673 0.0068599 0.0118345 0 0 0.00323419 0.0179316 0.00266001 -0.00224795 0.00401804 0.00242532 0.0057456 0.0226738 -5.28794e-05 0 0.0033287 -0.00723664 -0.00175994 0.00762855 -0.00285945 0.00487696 0.0144615 -0.0014558 0 0.0154546 0 0.00214242 0.00166411 0.00422692 0.00457413 0.017754 0.0030903 0.00503077 0.00221894 0.00240838 0.00164143 0 0 0 0.00598392 0.000484962 0.0223358 -0.00122628 -1.03647e-05 -0.00882216 -0.00217557 0 -0.000965661 5.27258e-05 0.00253488 -0.00012531 0 -0.00547577 -0.00325056 0.00132021 0.0047325 -0.00493633 0.00249649 0.0168187 -0.00800772 0.00482256 0 0.00775609 0 0 0.00236703 0.000929995 -0.00129534 0 0 0 0.0029435 -0.00177008 0 0 0.00302778 0 0
0.0031661 0.00143226 0.0234384 0.0334283 0.0140369 0.00541241 0 0.0105265 0 0 0.00501349 0 0 0.00236816 0 0 0 0.0113163 0 0 0.00703653 0 0 0.000606052 0.00114815 0.0117918 0.0419654 0.00936444 0 0 0.00239422 0.0327954 -0.00924589 0 -0.00282633 0.000178717 0.0142782 0.00617438 0.0283305 0.0174309 0 -0.0165744 0 0 0.00303591 0.0331197 0.0207436 0.0256195 0 0.0184436 0.00183907 0 0 0 0 0 0.00551259 0 0.00283994 0.000596014 0.0083208 0 0.000459679 0 0.0114402 0 0 0.0103975 0 0.00136583 0.0109558 0.00508094 0.0137818 0.00387179 -0.00593682 9.87837e-06 0 -0.0112995 0 -0.0135247 0.00992409 0.0303432 0.000562355 0.0254069 -0.00916505 0.0005852 0.0178852 0 -0.0148356 0 0 0.00323066 0.0146979 0 0.0014418 0.000297109 0.000266148 0 0 0 0 0.00296466 0 0.00651964 0 0.0253628 0.00998073 0.0128971 0.0154048 0 -0.00289498 0 0.00314348 0.0138672 5.7142e-05 0 -0.00854853 0.0128171 0.000434285 -4.76936e-05 -0.00419447 0 0 -0.00467043 0 0.0124137 0.0185645 0 0 0.00755501 0 0 0.00954868 0.00421365 0.0126784 -0.0184945 -0.000127556 0.0143965 -0.00247485 0.00019103 -0.00418148 0.0165143 0.00273685 0 0.000626853 0 -0.0231838 0.000235292 0 0 0 -0.00147032 0 0 0 -0.00387249 0.00306688 0.0102194 0.0133159 -0.00549743 0 0 0 0.00315136 1.83795e-05 0 -0.00922783 0 0 0 -0.0119688 0 0.00255628 -0.00418729 0.00924685 0 0 0 0 0 0.0170712 0.00672594 0.00255551 0 -0.0140607 0.00483372 0 0.00370176 0.025048 0 -0.00643741 0 0 -0.0112632 -0.0147087 0 0.0067848 0 -0.00218869 0.000844498 0 0.00174815 1.94557e-06 -0.00111057 0 0.0154261 0 0.00673487 0.0110523 -0.00763734 -0.0187403 0 0.000106597 0 0 0
0.000175912 0.0016179 0.0151319 0.0306459 0 0.0304546 -0.0241082 0.00533469 0 0 0.00025409 0 0 0.00336619 -0.000322536 0.00417112 0.0113163 0 0.011023 0 0.00826244 0.00119774 -4.88093e-05 0.024941 -0.00552196 0.0397445 0.00685907 0.0334154 0.00208068 -4.45959e-05 0.0210854 0.0269791 0.0161262 0.00889467 -0.00372591 0.007061 0.00920239 0.0107929 0.0331941 0.0162709 0 -0.0121679 0.00765463 0 0.00680951 0.0162362 0.00822455 0.0154863 0 0.0289793 0.0205335 0.00135312 0 0.0100654 0.0179397 0.00126511 0.020497 0 0.0218996 0 0.00665035 0.0061509 0.00929935 0 0.0124173 0.0128011 -3.40509e-05 0.0306207 0.00195408 0.0243573 0.0411213 0.00604349 0.0128206 0.00770615 0 0.00777571 0.000197947 -0.000849784 0 -0.00267779 0.00942684 -0.000325185 0 0.0138822 0.00230202 0.00789195 0.00266617 0.0169525 0.000255428 0.000441915 1.09225e-05 0.00459629 0.0189309 0 0.00140242 0.0274077 0 0.00429839 0.00231125 0.00408675 0.00307685 0 0 0.0124323 0 0.0199614 0.0167029 0.01859 0.0168727 0.0017341 -0.00111122 1.4958e-05 0.0186641 0.00587461 -0.00206166 0.00268653 0 -0.00145973 0.014925 0.00502883 0 -0.00286034 9.96387e-05 -0.00199763 0 0.0118 0.0104466 0 0.00174564 0.0143451 0.0010953 0 0.0107867 0.00962974 0.00473985 -0.00734861 -0.00904311 0.00731632 0 0.0114954 0.00582782 0.0108126 0.00163353 0.00332375 0 0 -0.00750331 0 0.000639406 0.008805 0 0.000762673 0 0 -0.00302624 -0.00118687 0.0309252 -0.0027149 0.026361 0 0.00881828 0 0 0.00302403 0.00333547 0.0150321 0.00216773 0 0.00647242 0.00761657 -0.00466484 0.00654801 0.00555964 0 0 0 0.0056655 0.00274226 0 0.00816746 -0.000867439 0.00287115 0.000320382 -0.00417927 -0.00302161 0 0.00167115 0.00793307 -0.00137953 -0.00102647 -0.00218091 -0.011875 0.00122272 0.000509247 -0.0033356 0.00279631 0.0265097 0 0.00741486 0.001634 0 0.00090035 0 0.00168439 0.00109243 -0.00253951 0 0.000410387 0.00297729 0.00167419 -0.00767415 0 0 0 0 0
0 0.000604312 0.00713615 0.00188721 -0.00221761 0.0126045 -0.0072586 0.00822869 0.00827036 0 -0.00131308 0 0.00111794 0.00828543 -0.00500355 0.0148029 0 0.011023 0 0.000472485 0.00825654 0.00772925 -0.00757182 -0.000490631 0.00126173 0 0 0.0145114 0.00787622 -0.00878749 -0.000106142 0.00248356 0.0249223 0.022938 0.00870868 0 0.00207476 -0.00496926 0.0023029 0.00179365 0 0.00732571 0.0189033 -0.00284602 -0.00436582 0.000144225 0 0.00536016 0.00212848 0.011226 0.0223883 0.00422136 0.00113237 0.0260614 0.0167056 0.0241118 0.00743419 0.00304776 0.00725973 0 -0.00434843 0.0122884 0 0 0.0106163 0.0250499 0.000535257 0.0211951 0.00593527 -0.00558281 0 0.0050111 0.00221292 0.0050966 0.00127911 0.0191717 0.00515755 0.0203472 0.00453008 0.000373076 0.000125637 -0.018055 -0.00059453 0.00448096 0.0252917 0.0174357 -0.000158199 0.0273645 0.0337136 0 0.0145044 0.0225863 0.00642289 0.00168831 0.00242038 0.0152201 -0.0033773 0.0268726 0.0135227 0.0412747 0.0228588 -0.00952309 0 0.00740559 0.00970954 0.00336555 0.00895883 0.00155327 0.00331222 0.0120546 -0.00323714 0.00262928 0.0151442 0.00251632 -0.013481 0.012484 0.00912054 -0.0218669 0.011696 0.0215017 0.00763221 -0.00407479 0.00295887 0.0213366 0.0007572 0.00154586 0.00119481 0.00911698 0.0174145 0.0322996 0.00675696 0 -0.00280767 0.0406767 0.00711246 -0.00347179 0 -0.000535849 0.00692706 0.0351469 0.0234623 -0.0020294 0.00781972 0.0102815 0 0.0235891 0.00424407 0.007064 0.016963 0.0378515 0.00766653 0.00920956 0.0013069 0.0107986 -0.0014328 0 0.00679917 -0.0129068 0.00707 0.00515158 0 0.00537552 0.000476958 8.13752e-05 0.014229 0.0189968 0.0178261 0.0113309 0.017741 0.0147788 0.0311625 0.0253496 0.0122715 0.00655392 -0.00187882 0 0.0116246 0.0279141 0 0.0683103 -0.0159793 0 0 -0.0306728 0 -2.53554e-05 0.00829149 0.0137012 -0.0138498 0 -0.000964832 -0.0158527 0.017099 0.0187808 -0.00208801 0.0117423 0.020009 -7.25783e-05 0.0173931 0 0.00465567 0 0 0.0228529 0.0128633 -0.0183833 -0.000533029 0 0 0.0243212 0.00230702 0 0 0 0 0
0.0278244 0.0213444 0.00116 0 0.00459302 0 0.0191642 0 0 0.0344295 0.062294 0.00928628 0.0358718 0.0172328 0 0.0163734 0 0 0.000472485 0 0 0.028237 0.00577353 0 0 0 0 0 0.00427084 0 -0.00171859 0 0.000302041 0 0 0.00218973 0 0.00284651 0 0 0.00083674 -0.00283848 0 0 0 0 0 0.00165033 0.0209015 0.00696652 0.0043248 0 0 0 0.00417225 0 0 0.00221198 0 0.0112208 0.0048608 0.0176781 0.00466826 0 0 0.00262318 0.0470592 0.00314687 0.000858521 0 0 0 0 0 0.00967035 0.00294687 0.000262429 0 0.0132824 0 0 0 0.0173916 0.00288525 0 0.000450667 0 0.00164297 0 0.0046281 0 0.0403713 0 0 0 0.00323728 0 0 0.000715661 0 0 0.00755089 -0.000185231 0 0.00163294 0 0 0.0032685 0.00126312 0.00145794 -0.00568942 0.00783396 0 0 0 0.00131944 4.81987e-05 0 0 0 0 -0.00111276 0 0 0.00806777 0 0 0 0 0.000405647 0.0194754 -0.00564713 0 0.00652065 0 -0.00215064 0 0 0.000312414 0.00433037 0 0 0 0 0.0294864 0 -0.000369056 0.0161396 0 0 0.0150628 0 0 0 -0.000136003 0 0.000109784 0 0 0.0111796 0 0.00400027 -0.0167266 0 0 0 0 0 0.0030901 0 0 0 0 0.0157448 0 0 0 0 0 0.00373422 0 0 0 0 0 0 0 0.000149584 0.00956885 0 -0.00130486 -0.000448185 0 0 -0.00156856 0 0.0040478 0 0 0 0 0 -0.00335347 -2.35765e-05 0 0 0 0 0 0.000163661 -0.000251324 -0.000527356 0 0 0 0
0.00131097 0.000677158 0.0197095 0.011017 0 0.00901356 0 0.0406457 0 0 0 0 0 0.00168271 0 0.0037032 0.00703653 0.00826244 0.00825654 0 0 0.00607857 0 0.0101505 0.0174136 0 0.00786401 0.00394865 0 0 0 0.018909 0.00503689 0.00629961 0.00719656 0 0.0140887 0.00289959 0.00718563 0.0133622 0 -0.00913064 0.00993521 0 0.0198394 0.00394772 0.00722172 0.00579102 0 0.0124875 0.0100626 0 0.00454688 0.0105963 0.00863108 0.000338323 0.0102311 0 0.00014036 0 0 0.00781643 0 0 0.0392482 0.0114932 0 0.0151925 0.00182332 0.00408783 0 0 0.00597694 0.0128163 0 0.0120894 0 0.00352494 0 -0.000756039 0.0160873 -0.000142288 0 0.0125844 0.00439468 0.0300146 0 0.00669913 0.000848939 0 0 0.00280115 0.00730707 0 0.0130532 0.00750619 0 0.00259781 0.00132206 0.00317948 0.00670863 0 0 0.00197683 -5.25844e-07 0.0157993 0.0251306 0.000493828 0.0116168 0.00248026 -0.00233578 0 0.0239881 0.0119326 -0.00194835 0.00110171 0 0.00241534 0.000526744 0.0041799 0 -0.00047028 0.00245638 0 0 0.00860094 0.00766858 0.000779497 0.00146574 0.0143938 0.00342123 0 0.022918 0.00313838 0.0184267 -0.00634797 0 0 0 0.00894608 0.00516011 0.00913729 0.000414336 0.0094854 0 0.0134333 -0.0024512 0.000748769 0.00187739 0.00510173 0 0 0 0.00652946 -0.00250361 -0.000328518 0.00347568 -0.00107395 0.0102628 0 0 0 0 0 0.0121643 0.00212216 -0.00390433 0.00117805 0.00415236 0.00395195 -0.00101822 0.00552323 0.0110957 0 0 0 0.00391295 0.00688088 0 0.0110751 0 0 0 -0.00175732 -0.00171099 0 0.000705205 0.0108511 -0.001106 0 -0.00217525 -0.00199849 0.00277868 0.000887014 -0.00438336 0.00352969 0.00298502 0 0.00536329 0 0 0 0 0.00391381 0.00802047 -0.00249108 0 0 0 -0.00120301 -0.00551581 -0.0048455 0 0 0 0
0.0248843 0.0435895 0.000727055 0 0.0102261 0 -0.041726 0.000319932 0.00114806 0.0295727 0.0061606 0.0491232 0.0464555 0.017124 0.0149387 0.0414573 0 0.00119774 0.00772925 0.028237 0.00607857 0 -0.0334089 0 0.00878631 -0.0395262 0 0.00156512 0.027415 -0.0154726 -0.0233984 0 0.00529343 0.0021678 0.0248919 0.0446297 0.000935059 0.000419879 0 0.00206119 0 -0.00112483 0.00316378 0 0 0 0 0 0.00399642 0.000233448 0.00371911 -0.0108427 0.0194529 0 0.0160899 0 0.00040389 0 -2.95873e-05 0.0152328 0.0107479 0.0405065 0.0414442 -0.0161406 0.00525345 0.0166793 0.0622158 0.00621823 0.0332681 -3.5621e-05 -0.0251881 -0.0197237 0.000538174 0 0 0.00905742 0.000242502 0.00292996 0.00890803 0 0 0 0.0308289 0.0103079 0.00334863 0.00153337 -0.0038239 0.0179016 0.00104543 0.0210913 0 0.014776 0.00112454 0 0.00708859 0 0 0 0.000611045 0 0 0.0123003 -0.0109234 -2.6865e-05 0.00396324 0 0 0 0.00303855 0.00598335 -0.0113649 0.00521219 0.00149536 -1.74357e-05 -0.00320666 0.0434634 0.00625323 0 -3.50682e-05 0 0.00127731 -0.00197584 0 0.00123357 0 0 0 0 0 0.00259547 0.0304896 -0.0118008 0 0.0574199 0.00196969 -0.00281491 0.0153202 -0.00013396 0.0311519 0.010095 0.00950235 0 0 0.00499196 0 0.00863935 -0.000411228 0.00600239 0.00109291 0 0.0203139 0.00205535 -0.00772684 0.0314254 -0.000400633 -0.000401679 0.00208635 0 0.00162804 0.0324603 -0.00374853 -0.00951586 0.018209 -0.00806542 0.00378219 0 0.00200186 0.0104409 0.00853656 0.00320836 0.00366493 0.00299928 0 0.00205599 0 0 -4.69195e-05 0.00559601 0 0.00753851 0.0107647 -0.00513543 -0.0147895 0 0 -0.00177212 0 0.00031747 0 0.011998 -0.00201517 -0.000558502 0.00164073 0.00475685 -0.00152557 0.00146591 0.00309289 -0.0147458 0.00440145 0 0.00236531 0 -0.00353905 0 0.00328673 0 0 -0.00278711 -0.000358297 0.00183624 -2.20545e-05 0 0 0.0015143 0 0
-0.00582549 -0.00912602 0 0 -0.00291999 0.00200459 0.220932 0 0 0 -0.00223058 -0.000418275 0 0.00600919 -0.00915096 0 0 -4.88093e-05 -0.00757182 0.00577353 0 -0.0334089 0 0.00216221 0.00546674 0.000193452 0 -0.0198178 -0.0269427 0.153045 0 0 0.00708773 0.019411 0 -0.0216058 -0.0045968 0.000121223 0 -0.00207451 0.033288 0 0.0125526 -0.0121302 2.6297e-05 0 0 0.00410425 0 -3.70382e-05 0.014526 0.0272409 -0.0324972 0.00592738 0 0.00086816 0 0.017487 0.000306778 0 -0.010933 0 -0.0283898 0.0420921 0 -0.0041498 0 0 -0.0153891 0.00458542 0 0 0 0.00482259 0.0364115 0.00379426 0.00895691 0.00882019 0.0150332 0.00113979 -0.00395499 -0.00783438 -0.000872003 0 0.0120344 0.000516646 0 -0.00246483 0.00409781 -0.00156799 0 0.00941974 0 0 0 0.00111906 -0.0115291 0.0110708 0.0127601 -0.0024378 0.0137423 -0.0046194 -0.000439663 0 0 0 0 0.00806864 0 0.00272355 0 0 -4.88174e-05 0 -0.00162833 -0.00810714 0.000803529 -0.0116977 0 0.00774041 0.000145905 0 0.0150501 0.00734094 0.0172807 0.000167811 0 0.00387061 0.0101278 0.0011475 0 0 0.000716335 -0.0193166 0.000241951 0 0 0 0.000238872 -0.000289887 0.0069285 0.00215291 0.000159949 0 -0.00216458 0 0 0.0441368 0 0.00306639 0 0 0.112581 0 0 0.0143303 0 -0.00564636 0 0.00138489 0 0.0372908 0 0 0.0028438 0.00560153 0.00375588 0 0.00517724 0.00215727 -0.00682818 0 0 0.0323024 -0.00104425 0 0.00902579 0.0016185 0 0.0028729 -0.0104323 0 0 -0.00382475 0 0 0 0.000870996 -0.011751 0 0 -0.00607002 0.00311074 0.00243125 0 0.000694872 0 0.00526121 0.00307591 0 0.00195087 0 0 0.00241678 0 -0.0050819 -0.0153646 0 -0.000215855 0.0028619 0 0 0 -0.00646718 0 0
0 0 0.0104124 0.0104225 0 0.0266009 0.00217736 0.0100152 4.53544e-05 0 -0.00363201 -0.00355607 0 0 0 0 0.000606052 0.024941 -0.000490631 0 0.0101505 0 0.00216221 0 0.00245543 0.00724688 0.00144199 0.00136948 0 0.00126494 0 0.00543525 0.0138365 0.0274431 0.000456675 0 0.0130526 0.00469118 0.00996241 0.00145764 0.000232895 -0.00244333 0.0287822 -0.000373692 0.00593791 0.00339784 0.000986188 0.0143703 -0.0165085 0.00366092 0.00263941 0.000459472 0 0.0122892 0.00111922 8.83536e-05 0.0110522 0 0.00105253 0 0 0 -0.0121586 0.00105568 0.00594297 0.00746339 -0.0233324 0.0138745 0 0.0213299 0.0258868 0.00771471 0.00325713 0.00992651 0 0.00600318 0.000938311 0.00271163 0 0 0.00482174 -0.00324471 -0.00834424 0.00393001 0.00601985 0.00916186 0 0.00402809 -0.00165433 0 0.00113756 0 0.00537018 0 0.000112491 0.00773785 -0.000894431 0.0061488 0.00221884 0.00549888 0.00669565 -0.000589928 0 0 0.00076841 0.00557183 0.00175725 0.00394822 0.00298235 0.00494644 0 0 0.00323393 0 -0.00459607 -4.48414e-05 0.00114526 -0.0025014 0.00147003 0.0314508 0 0 2.91799e-05 0.00186975 0 0.0229653 0.013188 0.000113797 0.0033903 0.00438862 0 0 0.00471837 -4.94415e-05 0.0029647 -0.0019832 0 0 0 0.00800589 0.00861301 0.00833689 0.000199856 0.00221525 0 0.000439317 -0.00131394 0 0.000700292 0.0283768 0 8.894e-05 0.00101371 0 0 0 0.00363407 -0.00620079 0.0026152 0 3.3751e-05 0.000581801 0 0.000643193 0.00639557 0.012871 0.00244675 0 -0.0122035 0.00752628 -0.00168822 0.00235396 0.019729 -1.26321e-06 -0.00104751 0 0.0217373 0.0075181 0 0.00271548 -0.00386786 0.00324392 0 -0.00589094 0 0 0.00118832 0.00258091 -0.00891841 0 0 -0.00955363 0.00240612 0.00580051 0 0.00222445 0.000347076 0 0.0037615 0 0 0 0 0.00368493 0.00548252 -0.0183858 0 0 0 0.00108676 -0.000496372 0 0 0 0 0
0.00136571 0.000259913 0.0186131 0.00650566 0 0.0134728 0.00269702 0.0249109 0.00163 0 0 0.000434141 0 0.00610517 0 0.00240689 0.00114815 -0.00552196 0.00126173 0 0.0174136 0.00878631 0.00546674 0.00245543 0 -0.0246569 0.000501112 -0.000805362 0.000730681 0.00188669 0 0.00657572 0.00830104 0.0209635 0.0145016 -0.00432274 0.00252653 0.0439175 0.00198181 0.00623159 0.000601778 -0.0122825 0.0159999 -0.000176347 0.0179672 0 0.0355547 0.00504648 0 0.00357438 0.00494638 0.00305841 0.00047619 0.00619051 -0.00203276 0.000579521 0.0084363 0.000731163 0 0 0 0.00367429 0 0 0.0164222 0.00726407 0.00056055 0.0123953 0.00186466 0.00470698 -0.0183445 0 0.00195244 0.0262332 0 0.0414684 0.00148666 0.00480769 6.50325e-05 0 0.0221817 -0.00452258 0 0.0069401 0.00753 0.0208769 0 0.0112379 0.00088273 0 0.00313762 0.00364265 0.00336579 0 0.0544466 0.00188691 0 0.00780909 0.00339655 0.00437571 0.00299171 0.0190952 -0.0124661 0 0.00154137 0.00958865 0.00315873 0 0.0110591 0.00181888 -0.012245 0 0.00909956 0.00734411 -0.00400812 0.000890825 0.00110554 0.00669809 -5.24727e-05 0.00405443 0.000195715 -0.00621441 0.000124799 0.00254866 0 0.0039809 0.00216556 0.00144018 0.00223178 0.00841492 0.00371618 -0.000946534 0.0361247 0.00723018 0.0242848 -0.00982043 0 0 0.00146364 0.00388921 0.00692368 0.00361797 0.000987473 0.0146298 0 0.0261127 -0.00306526 0.00825095 0.00153446 0.00771791 0 0.000435035 0.00462645 0.0110015 -0.00236777 -0.000684508 0.00126717 -0.00102551 0.00268239 0.00349044 0 0 0 0 0.0334951 0.00123287 0.00475464 0.0159336 0.0039255 0.0133847 0.00468476 0.00637743 0.016696 0.00078616 0 0 0.0053672 0.0276728 0 -0.000783139 0 0 0 0.0107011 -0.00224984 0 0.00206202 0.0021399 -0.00196618 0 -0.00385205 -0.00156381 0.00925839 0.00391088 -0.00299444 0.00213944 0.000318677 0 0.00709713 0 0 0 0 0.00223459 0.00838465 -0.00311619 0 0 0 0.00225116 -0.00590245 0 0 0 0 0
