2252.85 5.05896 -7.30889 -248.199 -9.34876 -70.5964 0.791775 1082.86 -386.453 1525.05 -1967.31 -750.195 -0.743762 -0.221353 356.283 -1.45767 -5.58125
5.05896 0.83211 5.12112 -32.0534 -0.483465 -6.56474 -0.0696027 14.5899 6.55084 15.9839 -15.054 -80.7732 0.000982969 -0.0111634 7.67464 0.142608 0.0362545
-7.30889 5.12112 77.1825 -426.917 -3.34713 -83.1565 -0.653894 61.6837 15.4102 368.487 216.231 -1123.49 -0.109743 -0.159815 15.2288 1.89672 1.70097
-248.199 -32.0534 -426.917 2461.73 23.4346 499.797 3.62865 -500.011 -292.591 -2709.52 -971.481 6689.96 0.166464 0.910173 -185.354 -10.0019 -8.55337
-9.34876 -0.483465 -3.34713 23.4346 0.557357 9.25499 0.0271567 -12.3396 -13.0485 -65.6535 31.6323 78.9107 -0.0118407 -0.000445767 -5.87759 -0.0639552 -0.0135355
-70.5964 -6.56474 -83.1565 499.797 9.25499 343.521 -0.218749 -156.915 -203.24 -798.017 -213.847 1820.26 -0.0520037 -0.164291 -80.4437 -1.84932 -0.579767
0.791775 -0.0696027 -0.653894 3.62865 0.0271567 -0.218749 0.0275952 -2.24572 0.701694 -5.0246 2.3619 6.29878 0.00536445 -0.00078546 -0.445312 -0.0144549 -0.00923902
1082.86 14.5899 61.6837 -500.011 -12.3396 -156.915 -2.24572 2074.23 -952.561 1444.22 -2990.41 -902.514 -1.9678 0.0370697 660.006 -1.68459 -10.5185
-386.453 6.55084 15.4102 -292.591 -13.0485 -203.24 0.701694 -952.561 2814.44 498.232 3875.75 -3082.66 4.80378 0.0770385 222.103 0.426823 4.87396
1525.05 15.9839 368.487 -2709.52 -65.6535 -798.017 -5.0246 1444.22 498.232 30413.9 -9078.98 -10066.1 -11.5527 1.99513 -636.594 -3.94734 8.32466
-1967.31 -15.054 216.231 -971.481 31.6323 -213.847 2.3619 -2990.41 3875.75 -9078.98 20372.7 -5095.53 10.3734 -2.14706 91.2182 6.10567 18.1623
-750.195 -80.7732 -1123.49 6689.96 78.9107 1820.26 6.29878 -902.514 -3082.66 -10066.1 -5095.53 21441.3 -2.34934 2.60251 -772.967 -24.3762 -22.9018
-0.743762 0.000982969 -0.109743 0.166464 -0.0118407 -0.0520037 0.00536445 -1.9678 4.80378 -11.5527 10.3734 -2.34934 0.021686 -0.00184372 0.911139 -0.00123166 0.00534349
-0.221353 -0.0111634 -0.159815 0.910173 -0.000445767 -0.164291 -0.00078546 0.0370697 0.0770385 1.99513 -2.14706 2.60251 -0.00184372 0.00343822 -0.236972 -0.00413235 -0.00276454
356.283 7.67464 15.2288 -185.354 -5.87759 -80.4437 -0.445312 660.006 222.103 -636.594 91.2182 -772.967 0.911139 -0.236972 402.577 -0.593485 -4.19878
-1.45767 0.142608 1.89672 -10.0019 -0.0639552 -1.84932 -0.0144549 -1.68459 0.426823 -3.94734 6.10567 -24.3762 -0.00123166 -0.00413235 -0.593485 0.0638849 0.0589853
-5.58125 0.0362545 1.70097 -8.55337 -0.0135355 -0.579767 -0.00923902 -10.5185 4.87396 8.32466 18.1623 -22.9018 0.00534349 -0.00276454 -4.19878 0.0589853 0.115464