2039.62 -0.0465935 -12.5774 -439.229 1.80624 -9.47868 -0.106123 271.771 502.736 1.20648 -106.767 459.47 0.099776 -0.0967404 27.923 -2.32743 -4.72263
-0.0465935 2.51585 -2.11316 10.4551 -0.382003 -1.17923 -0.0631953 7.58778 1.61237 3.9865 1.26486 -56.2972 0.0459243 -0.0119473 -1.9775 0.27243 0.365921
-12.5774 -2.11316 16.1114 -58.5213 0.197874 -0.375716 -0.0961963 14.7851 35.7722 -12.1054 -44.0176 141.723 -0.43847 -0.00583127 -7.00067 -0.285825 -0.24551
-439.229 10.4551 -58.5213 819.747 -5.82718 -21.725 -0.299179 -5.86161 -164.646 93.7825 142.283 -696.558 6.44111 0.0292601 51.3724 1.22075 1.57538
1.80624 -0.382003 0.197874 -5.82718 0.151453 0.558491 0.0263457 -3.24633 -2.50983 -0.804592 -0.196475 9.1421 -0.0501087 0.00272712 0.258525 -0.0469 -0.0880478
-9.47868 -1.17923 -0.375716 -21.725 0.558491 3.69597 0.179698 -19.5918 -23.3905 -3.38532 -2.91242 19.2448 -0.432147 0.0135475 -4.15959 -0.0827388 -0.0669245
-0.106123 -0.0631953 -0.0961963 -0.299179 0.0263457 0.179698 0.0148593 -0.998854 -1.36666 -0.0100435 -0.974975 0.995736 -0.0108939 0.00114607 0.135914 -0.00723489 -0.00384443
271.771 7.58778 14.7851 -5.86161 -3.24633 -19.5918 -0.998854 845.828 514.103 117.565 41.9937 431.911 0.655617 -0.103525 79.4837 -1.54421 0.444275
502.736 1.61237 35.7722 -164.646 -2.50983 -23.3905 -1.36666 514.103 1414.92 -14.2231 -354.138 753.715 3.91259 -0.17956 -90.7147 -4.61066 -3.74368
1.20648 3.9865 -12.1054 93.7825 -0.804592 -3.38532 -0.0100435 117.565 -14.2231 107.295 70.1919 -55.2523 2.13298 0.0701932 18.2791 0.166147 0.497167
-106.767 1.26486 -44.0176 142.283 -0.196475 -2.91242 -0.974975 41.9937 -354.138 70.1919 6871.06 203.72 -2.55159 0.319342 58.434 1.14788 4.2826
459.47 -56.2972 141.723 -696.558 9.1421 19.2448 0.995736 431.911 753.715 -55.2523 203.72 2919.76 -0.889308 0.316944 -52.1956 -9.90573 -7.97127
0.099776 0.0459243 -0.43847 6.44111 -0.0501087 -0.432147 -0.0108939 0.655617 3.91259 2.13298 -2.55159 -0.889308 0.267292 0.000250691 -1.04526 -0.0185423 -0.0600332
-0.0967404 -0.0119473 -0.00583127 0.0292601 0.00272712 0.0135475 0.00114607 -0.103525 -0.17956 0.0701932 0.319342 0.316944 0.000250691 0.000823056 -0.0564195 -0.00115214 3.80287e-05
27.923 -1.9775 -7.00067 51.3724 0.258525 -4.15959 0.135914 79.4837 -90.7147 18.2791 58.434 -52.1956 -1.04526 -0.0564195 247.348 -0.365714 -0.293296
-2.32743 0.27243 -0.285825 1.22075 -0.0469 -0.0827388 -0.00723489 -1.54421 -4.61066 0.166147 1.14788 -9.90573 -0.0185423 -0.00115214 -0.365714 0.0607442 0.0619013
-4.72263 0.365921 -0.24551 1.57538 -0.0880478 -0.0669245 -0.00384443 0.444275 -3.74368 0.497167 4.2826 -7.97127 -0.0600332 3.80287e-05 -0.293296 0.0619013 0.171936