0 0.173767 -0.0137218 0.0473924 -0.0462202 -0.0122697 -0.0284448 -0.0468103 -0.0031764 0.0543256 -0.019219 0.0478065 0.0979185 0.0678238 -0.0328959 0.0478061 0.0238951 0.0438202 0.0577044 -0 0.0219885 -0.0254625 0.0168433 0.00673674 -0.0130414 0.0136661 0.075933 -0.117745 -0.0456544 -0.00604175 -0.0129595 0.0235163 -0.000860243 -0.0247602 -0 0.0457119 -0.0034329 0.0135676 -0.0503795 -0 -0.0075102 0.0153928 -0 0.0152423 -0 0.0141303 0.0494166 0.0059633 0.0168255 0.0669432 -0 0.00632316 -0.0731772 -0.00336187 -0 0.0828424 0.0139873 0.0146835 0.0692646 -0 -0 -0.00014863 -0.00512969 -0.00360517 -0.00576423 0.000241755 -0
0.173767 0 0.0962791 0.0769208 -0.0376098 0.00949875 -0.0602541 -0.0894666 0.0841943 -0.0404163 -0.0344934 0.146619 0.0385519 0.0282764 -0.0256577 0.0996326 -0.0274113 -0.0317844 0.0496716 -0.053119 0.00951247 -0.0558358 0.00234408 0.0136782 -0.0530857 0.00331907 0.0105694 -0.0256695 -0.0834299 -0.00432577 -0 0.0947375 -0 0.011347 -0 0.00236265 -0.0326284 -0.0133549 -0 -0 -0.0331833 -0.0650293 -0.0132254 -0 -0.00253897 0.106461 0.0674379 0.0105982 0.0259335 0.083939 -0 -0.00451161 -0.0507536 -0 -0 -0.0218428 0.0121067 -0.014895 0.0541018 0.000462204 0.0299681 -0.00221952 -0.00318255 -0.007753 -0.00775306 0.0170399 -0
-0.0137218 0.0962791 0 -0.0241138 -0.0591918 -0.0041662 -0.0477574 -0.0717771 0.224866 0.0560398 -0 0.0166138 -0.0553859 0.0531626 0.0148251 -0.0406688 0.102531 -0.0336915 -0.0100471 0.0499386 -0.0465237 0.0311067 0.0125359 -0 0.00217049 -0.0616747 0.0603791 -0.00313104 -0.00295955 0.0255877 0.000754503 0.179366 -0.0131414 -0.00306431 -0.0835499 0.0511274 0.0145799 0.0219687 0.124116 0.0210931 -0.0172978 -0.00778377 0.000518314 -0 -0 0.0178762 -0.00387109 -0.0328586 0.029302 -0.0566768 0.00444925 -0 -0.0754408 -0 -0.0294927 0.00687415 -0 0.0563547 -0.0578808 -0.0334988 0.0281532 -0.0312713 -0.037908 -0.0219613 -0.00148756 -0 7.37361e-05
0.0473924 0.0769208 -0.0241138 0 -0.022341 -0.00320455 -0.0251596 -0.0266546 -0.0147214 -0.0327586 -0.0513923 0.152802 0.0311595 0.0156444 -0.0331671 0.0957636 -0.0276007 0.0230171 0.0828203 -0.0481429 0.0478269 -0.0113588 0.00717703 -0 0.0151037 -0 0.0149439 -0.0247375 0.00316598 -0.055405 -0 -0.00163192 -0 -0.0165268 -0 0.0233277 -0.00354175 -0 -0.00427309 -0 -0.00379724 -0 -0 0.00644743 -0.00471639 0.0498866 0.0893309 0.00636724 0.04496 0.0608265 -0.0274995 0.0570325 0.0291691 -0 -0 0.00179523 -0 -0 -0.00364626 0.00893924 -0 -0 -0 -0 -0.00340538 -0 -0
-0.0462202 -0.0376098 -0.0591918 -0.022341 0 0.00337215 0.064007 0.0393149 -0.0255228 -0.0160304 -0 -0.0245035 -0.0243901 -0.0373014 0.0153766 -0.0203284 -0.0609747 -0.0315548 -0.0284981 -0.00127416 -0.0221805 -0 -0.0101586 -0.00837069 -0.0126863 0.00126024 -0.0240966 0.00162759 0.00518423 0.00713981 -0.000193967 -0.0273544 0.00791413 0.00849774 0.00168426 -0.0262293 -0 -0.0082958 -0 -0.0253316 0.00927802 -0.00526362 0.0139499 -0.00819902 -0 -0.00962341 -0.0282105 -0 -0.0169986 -0.00393476 -0 -0.00983919 0.0294703 -0 0.00116565 -0.0128467 -0.0100816 -0.0106685 -0.00343474 -0 -0 9.62665e-05 0.000905696 -0 -0 -0 -0
-0.0122697 0.00949875 -0.0041662 -0.00320455 0.00337215 0 0.00286758 0.00637548 -0.00401179 -0.0145723 0.0126414 -0.00713684 -0.0142438 -0.0129889 0.00940111 0.0206029 -0.0147376 -0.0683794 -0.00680374 -0.0250796 -0 -0 -0.0084205 0.022963 -0.000870751 0.00323133 -0.0142161 0.00424989 -0 0.0251948 -0 -0.0278675 0.000525218 0.011007 0.00176593 -0.00915638 -0 -0.00149662 -0 -0.0053012 -0 -0.0125515 -0.000670339 -0.00238161 -0.0092169 -0 -0 -0 -0.00481914 0.0120226 0.0111868 -0 -0 -0 -0 -0.00825226 0.00269227 -0.0132866 0.0531813 -0 -0.000740374 -0 -0 -0 0.000883913 -0 -0
-0.0284448 -0.0602541 -0.0477574 -0.0251596 0.064007 0.00286758 0 0.0208847 -0.0196108 -0.0222192 0.0149856 -0.0307646 0.0188376 -0.0282634 0.010844 -0.0620347 -0.0227234 -0.0147113 -0.0216232 -0 -0.0271227 -0 -0.00642914 -0.021172 -0.0106685 -0 -0.0313962 0.00936516 0.00620548 0.00618891 0.0152387 -0.0509622 0.000179408 0.00319382 -0 -0.0193116 0.00072016 -0.00357281 -0.0626235 -0 0.00495669 -0 -0 -0.00445797 0.00385785 -0.0813089 -0.0265814 -0 -0.0230909 -0.00479735 0.0129983 -0.0366892 0.00768709 -0 -0 0.0338022 -0 -0.00626671 -0 -0 -0.0189748 0.0126445 -0 0.00102322 0.00110152 -0 -0
-0.0468103 -0.0894666 -0.0717771 -0.0266546 0.0393149 0.00637548 0.0208847 0 -0.0246287 0.0167567 0.0749647 -0.0376339 -0.0518819 -0.0151246 0.017501 -0.0147464 -0.0325642 -0.0244349 -0.026143 -0 -0.00753766 -0 -0.017481 0.0180347 -0.00937641 -0 -0.0373343 0.0150324 0.00656729 0.0155721 -0.00232958 -0.0667396 0.000376086 0.0158433 0.00117363 -0.0288966 0.0130727 -0.00379141 -0.0291166 -0 0.00190715 -0.00541746 0.000127428 -0.00410505 -0 -0.0105928 -0.0495486 -0.00618317 0.000612449 -0.00428019 0.0181347 -0.00119042 0.0106946 -0 -0 -0.0210544 -0 -0.0105844 -0 -0.00170224 -0.0608331 -0 0.000606812 0.00238487 0.00601578 -0.01656 -0
-0.0031764 0.0841943 0.224866 -0.0147214 -0.0255228 -0.00401179 -0.0196108 -0.0246287 0 0.0607177 -0 0.000540381 -0.0374798 0.0428094 0.0168263 -0 0.0437659 0.0408993 0.00195521 0.0204666 -0.037832 0.00806122 0.0133343 -0 0.0124578 -0.00918992 0.0495887 -0.00617986 -0.00272572 0.0132524 -0 0.10426 -0.0017881 -0.00290639 -0.014737 0.0538003 -0 0.00505994 0.0260824 0.0012373 -7.55707e-05 0.0060465 -0 -0.0252677 -0 -0.0010529 -0.00798945 -0.00666199 0.0164909 -0.0238969 0.00309392 -0 -0.0527266 -0 -0.0122635 0.0173063 -0 0.026032 0.00143562 -0 0.00257885 -0.00714805 -0.00616277 -0.00240029 8.20528e-06 -0 -0
0.0543256 -0.0404163 0.0560398 -0.0327586 -0.0160304 -0.0145723 -0.0222192 0.0167567 0.0607177 0 0.0827277 -0.0433363 0.0838614 0.159924 -0.0290061 -0.036153 0.0740139 0.13045 0.0210739 0.0297396 0.0374911 0.0083487 0.02469 0.0169396 0.0898376 -0.00628927 0.1461 -0.0350762 -0.0073227 -0.0078927 -0 -0.0636398 -0.0086213 -0.0290807 -0.018252 0.121812 0.0161661 0.00889854 -0.0249465 0.000784661 -0 0.044634 0.00644272 0.0216084 -0 -0 0.0200494 -0.00146565 0.0436255 -0 -0 0.00271365 -0.0224138 -0.012648 -0.00789425 0.0642062 -0 0.0317407 -0 -0.00311258 -0.0382322 -0.00860899 -0.0151011 -0 -0.00552847 -0.0158328 -0
-0.019219 -0.0344934 -0 -0.0513923 -0 0.0126414 0.0149856 0.0749647 -0 0.0827277 0 -0.0675864 0.000549585 0.0157942 0.00703524 -0.0549766 0.079935 0.00581395 -0.026321 0.0129526 0.0372041 -0 -0.0724539 0.160729 0.0304208 -0.00734314 -0 0.00312066 -0 0.111985 -0 -0.0883379 -0 0.00161153 -0.00466176 -0 0.171767 -0 -0.0225753 -0 -0 -0 0.00828853 -0 -0 -0.0358613 -0.0474663 -0.0777603 0.0219207 -0.0119091 0.0540399 -0.0049421 -0 -0.0259085 -0.00441533 -0 -0 -0 0.071325 -0.065655 -0.0832716 -0 -0 0.0614595 0.00161586 -0.0175371 -0.0295121
0.0478065 0.146619 0.0166138 0.152802 -0.0245035 -0.00713684 -0.0307646 -0.0376339 0.000540381 -0.0433363 -0.0675864 0 0.0326117 -0.0131312 -0.0246528 0.0468761 -0.0349374 0.0315544 0.0933062 -0.0131208 0.0241372 -0.00539374 0.0113457 -0 -0.00498251 -0 0.0285292 -0.0188503 0.0103496 -0.0368599 -0 0.0368343 -0 -0.0172617 -0 -6.51661e-06 -0.0269896 0.00176119 -0 -0 -0.00170584 -0 -0 -0 -0.00121146 0.0612953 0.0586037 0.015882 0.0333559 0.00742734 -0.0628021 0.0180853 -0.00914804 -0 -0 0.00383053 -0 -0 -0 0.0182755 0.00881065 -0.00193091 -0.00438267 -0.00457949 -0.0203393 -0 -0
0.0979185 0.0385519 -0.0553859 0.0311595 -0.0243901 -0.0142438 0.0188376 -0.0518819 -0.0374798 0.0838614 0.000549585 0.0326117 0 0.067919 -0.0708317 0.0229451 0.0499332 0.0851442 0.0463737 0.00416249 0.0357172 -0.00186455 0.0203377 -0 0.0324254 -0 0.0749931 -0.03997 -0.0123049 -0.018571 0.0272947 0.0177675 -0.00290014 -0.0251833 -0.0023967 0.0523133 -0 0.0449491 -0.0735395 -0 -0.000726602 0.0564758 -0 0.0192199 -0 -0.0171471 0.0469802 -0 0.034509 0.0109708 -0 -0.00624913 -0.0217519 -0.00191946 -0.00197126 0.0817249 -0 0.0137645 0.00941303 -0 -0 -0.000937391 -0.00534872 -0.000945183 -0.00755479 -0 -0
0.0678238 0.0282764 0.0531626 0.0156444 -0.0373014 -0.0129889 -0.0282634 -0.0151246 0.0428094 0.159924 0.0157942 -0.0131312 0.067919 0 -0.0264062 -0.0205658 0.0673483 0.107162 0.0450305 0.00576156 0.0317539 -0 0.0261746 0.00645838 0.0598966 -0.00192693 0.0963546 -0.0335452 -0.00933994 -0.0136394 -0 0.0378293 -0.00915671 -0.0284759 -0.0110102 0.0721659 -0 0.00965057 -0.0156136 0.000770288 -0.00231228 0.0199582 -0 0.0223591 -0 -0.035385 0.0190064 -0 0.0319747 0.00816197 -0 -0.00125123 -0.0281633 -0.00633781 -0.00660611 0.0538617 -0 0.0334512 0.0302575 -0 -0 -0.00886349 -0.00773229 -0.000281597 -0.00383477 -0 -0
-0.0328959 -0.0256577 0.0148251 -0.0331671 0.0153766 0.00940111 0.010844 0.017501 0.0168263 -0.0290061 0.00703524 -0.0246528 -0.0708317 -0.0264062 0 -0.00773475 -0.0301443 -0.0309884 -0.0210792 -0 -0.0185516 -0 -0.0104946 -0 -0.0479538 -0 -0.0302363 0.0153266 0.00102749 0.036153 -0.0173685 -0.0161585 -0 0.0579496 0.000920139 -0.0209427 -0 -0.00300147 -0 -0 -0 -0.00757205 -0 -0.00794607 -0 -0.00240145 -0.0236669 -0 -0.0157467 -0 0.0290314 -0.00316541 -0.00572376 -0 -0 -0.0167938 -0 -0.00433742 0.00484823 -0 -0 8.80964e-05 0.000517289 -0 0.00154987 -0 -0
0.0478061 0.0996326 -0.0406688 0.0957636 -0.0203284 0.0206029 -0.0620347 -0.0147464 -0 -0.036153 -0.0549766 0.0468761 0.0229451 -0.0205658 -0.00773475 0 -0.056121 -0.00568355 0.083438 -0.120557 0.0487995 -0.0377708 -0 0.0197583 0.0074785 0.0666525 0.00136864 -0.0157288 -0.0401534 -0.000209167 -0.000112564 -0 -0 -0 0.0488672 0.00814457 -0.0280613 -0 -0.015342 -0.0127783 -0.0891057 -0.0654887 -0.0631221 0.00176744 -0.0395087 0.0918685 0.0687743 0.00877024 0.00770065 0.120082 0.0176288 0.0212199 -0.0141691 -0.000607826 0.00813212 -0 0.0253122 -0.0441428 0.118357 -0 -0 -0 -0 -0.000287022 -0 -0 -0
0.0238951 -0.0274113 0.102531 -0.0276007 -0.0609747 -0.0147376 -0.0227234 -0.0325642 0.0437659 0.0740139 0.079935 -0.0349374 0.0499332 0.0673483 -0.0301443 -0.056121 0 0.0637354 0.0222401 0.0918298 0.0447902 0.0267131 0.0158372 0.0315784 0.027039 -0.0264924 0.0633449 -0.0129666 -0 -0.0135272 0.0194006 0.0673688 -0.018607 -0.0550517 -0.0347284 0.0444241 0.0965651 0.0206012 -0 0.0374048 -0 0.0215794 -0 0.0186531 -0 -0 -0.00841418 -0.0434011 0.0318647 -0.0778319 -0.0116464 -0 -0.0135714 -0 -0.0244032 0.0431812 -0 0.0458482 -0.0176574 -0 -0 -0.00643827 -0.0101232 -0 -0.00103478 -0 -0
0.0438202 -0.0317844 -0.0336915 0.0230171 -0.0315548 -0.0683794 -0.0147113 -0.0244349 0.0408993 0.13045 0.00581395 0.0315544 0.0851442 0.107162 -0.0309884 -0.00568355 0.0637354 0 0.0406811 0.041123 0.033884 0.00803436 0.0346712 -0 0.0404748 -0.0229218 0.144435 -0.0326211 -0 -0.0877462 0.00293554 0.0717834 -0.0280509 -0.0526967 -0.0136221 0.0610072 -0 0.000810479 -0.00267294 0.00368312 -0 0.0221025 -0 0.0165598 8.09362e-06 -0 -0.0219551 -0 0.0501154 -0.0257945 -0.0171873 0.00466148 0.018448 -0 -0.00689556 0.042719 -0.0291282 0.0311832 -0.0443701 -0 -0 -0.00732682 -0.0240311 -0 -0.0216915 -0 -0
0.0577044 0.0496716 -0.0100471 0.0828203 -0.0284981 -0.00680374 -0.0216232 -0.026143 0.00195521 0.0210739 -0.026321 0.0933062 0.0463737 0.0450305 -0.0210792 0.083438 0.0222401 0.0406811 0 -0.00624881 0.048351 -0.00167647 -0.0067968 0.0164013 0.0183849 -0 0.0339173 -0.0244491 0.0278997 -0.0161918 -0 0.0144451 -0.00380599 -0.0176093 -0 -0.00246118 -0 0.0040906 -0.0737689 0.00147431 -0.00678727 0.00483097 -0 0.0069089 -0.00143257 0.016344 0.0497978 -0.0133422 0.0375685 0.0430333 -0 0.0109141 -0.0184704 -0 -0 0.0593036 -0 0.00229233 0.0301831 0.00371447 -0 -0 -0.00105385 -0 -0.000963172 -0 -0
-0 -0.053119 0.0499386 -0.0481429 -0.00127416 -0.0250796 -0 -0 0.0204666 0.0297396 0.0129526 -0.0131208 0.00416249 0.00576156 -0 -0.120557 0.0918298 0.041123 -0.00624881 0 -0.00619219 0.0388874 0.00121691 -0.0050889 -0 -0.0407505 -0.00878336 0.00846532 0.0302664 -0 -0 0.0294686 -0.0259106 -0.0157383 -0.0369426 -0 0.0111287 0.00515923 0.0335049 0.01723 0.0194213 0.0320333 0.0016813 -0 0.000581806 -0.0302959 -0.0550987 -0.0138815 -0 -0.110387 -0.0344295 -0.00757545 0.00260318 -0 -0.00447439 0.0060398 -0.0101266 0.0578238 -0.0910864 -0 0.000413798 -0 -0 -0 -0 -0 -0
0.0219885 0.00951247 -0.0465237 0.0478269 -0.0221805 -0 -0.0271227 -0.00753766 -0.037832 0.0374911 0.0372041 0.0241372 0.0357172 0.0317539 -0.0185516 0.0487995 0.0447902 0.033884 0.048351 -0.00619219 0 -0.00217633 -0 0.138014 0.10223 -0 0.0380969 -0.0194652 -0.00168276 -0.00515351 -0 -0 -0 -0.0126473 -0 -0.0201156 0.0529877 0.00408327 -0.0428292 -0 -0.00155674 0.00040356 -0 0.0334279 -0.0417703 0.00787497 0.0281331 -0.0104294 0.127459 0.00682585 -0 0.0484829 0.00942304 -0 -0 0.00167435 -0 -0 0.0267645 -0 -0.0430057 -8.2695e-05 -0 0.00774342 -0.000503022 -0 -0
-0.0254625 -0.0558358 0.0311067 -0.0113588 -0 -0 -0 -0 0.00806122 0.0083487 -0 -0.00539374 -0.00186455 -0 -0 -0.0377708 0.0267131 0.00803436 -0.00167647 0.0388874 -0.00217633 0 -0 -0 -0 -0.00331438 -0 -0 0.0741586 -0 -0 0.0128175 -0 -0 -0.0300644 -0 0.0145036 -0 0.00690724 0.0184879 0.0121976 0.0128773 -0 -0 -0 -0.000596504 -0.0336939 -0.05763 -0 -0.0671676 -0.0120268 -0 0.000642663 -0 -0.0086967 -0 -8.12866e-05 0.0137913 -0.0656468 -0 -0 -0 -0 -0 -0 -0 -0
0.0168433 0.00234408 0.0125359 0.00717703 -0.0101586 -0.0084205 -0.00642914 -0.017481 0.0133343 0.02469 -0.0724539 0.0113457 0.0203377 0.0261746 -0.0104946 -0 0.0158372 0.0346712 -0.0067968 0.00121691 -0 -0 0 -0.0531741 0.0039246 -0.00960159 0.0256423 -0.00844063 -0 -0.0378244 0.00136709 0.0655502 -0.000686473 -0.032781 -0.0030006 0.0216643 -0.0644792 0.00213677 0.00774474 -0 0.015543 0.0196391 -0 -0 0.0584021 -0 0.0053231 0.0236498 -0.00786254 -0.00969519 -0.0249543 -0 -0 -0 -0 0.0139262 -0.00049989 0.00618731 -0.0675942 -0 0.0185778 -0 -0.000478638 -0.00234775 -0.000943201 -0 -0
0.00673674 0.0136782 -0 -0 -0.00837069 0.022963 -0.021172 0.0180347 -0 0.0169396 0.160729 -0 -0 0.00645838 -0 0.0197583 0.0315784 -0 0.0164013 -0.0050889 0.138014 -0 -0.0531741 0 0.0135361 0.013824 0.00644848 -0.00162186 -0 0.0839642 -0 -0.0331768 -0 -0 -0 -0 0.0574828 -0 -0.00441606 -0.00513487 -0.00969887 -0 -0 -0 -0.0609541 0.000536529 -0 -0.0252117 0.0351253 0.00539117 0.0150495 -0 -0.00576289 -0 -0 -0 0.00334989 -0.00714116 0.0836303 -0 -0.0213601 -0 -0 -0 -0 -0.00211352 -0
-0.0130414 -0.0530857 0.00217049 0.0151037 -0.0126863 -0.000870751 -0.0106685 -0.00937641 0.0124578 0.0898376 0.0304208 -0.00498251 0.0324254 0.0598966 -0.0479538 0.0074785 0.027039 0.0404748 0.0183849 -0 0.10223 -0 0.0039246 0.0135361 0 -0 0.0443178 -0.0178033 -0.000446013 -0.00616199 -0 -0.0609442 -0 -0.0105936 -0.00104189 0.0501939 -0 0.0228355 -0.0396146 -0 -0 0.00704699 -0 0.0996005 -0.000929645 0.000355193 0.0274969 -0.00112026 0.0425866 -0 -0 0.0108621 0.009262 -0.00759227 -0 0.0178588 -0 0.00420911 -0 -0 -0.0452328 -0.00176771 -0 -0 -0.00058908 -0.0111145 -0
0.0136661 0.00331907 -0.0616747 -0 0.00126024 0.00323133 -0 -0 -0.00918992 -0.00628927 -0.00734314 -0 -0 -0.00192693 -0 0.0666525 -0.0264924 -0.0229218 -0 -0.0407505 -0 -0.00331438 -0.00960159 0.013824 -0 0 -0.0035983 -0 -0.0137344 0.000959703 -0.0229829 -0.0290901 0.0067473 0.00826953 0.0231219 -0.000158863 -0.0148761 -0 -0.033306 -0.00800793 -0.000798008 -0.0024375 -0 -0 -0.0272529 -0 0.0147464 -0 -1.62011e-05 0.0676857 0.0208841 -0 -0.00332761 -0 -0 -0 0.0284224 -0.00758333 0.0665335 0.000236236 -0 -0 -0 -0 -0 -0 -0
0.075933 0.0105694 0.0603791 0.0149439 -0.0240966 -0.0142161 -0.0313962 -0.0373343 0.0495887 0.1461 -0 0.0285292 0.0749931 0.0963546 -0.0302363 0.00136864 0.0633449 0.144435 0.0339173 -0.00878336 0.0380969 -0 0.0256423 0.00644848 0.0443178 -0.0035983 0 -0.0377083 -0.0116771 -0.0150925 -0 0.0162148 -0.00641841 -0.028468 -0.0103216 0.133467 -0 0.0106455 -0.00967762 -0 -0.00372012 0.0143526 0.0163291 0.0235148 -0 -0.0189577 0.01172 -0 0.046558 0.0101502 -0 -0.00585229 -0.0274594 -0.00700222 -0.00626381 0.0447207 -0 0.0301666 -0 -0 -0 -0.00848131 -0.0091229 -0.00115302 -0.00717181 -0 -0
-0.117745 -0.0256695 -0.00313104 -0.0247375 0.00162759 0.00424989 0.00936516 0.0150324 -0.00617986 -0.0350762 0.00312066 -0.0188503 -0.03997 -0.0335452 0.0153266 -0.0157288 -0.0129666 -0.0326211 -0.0244491 0.00846532 -0.0194652 -0 -0.00844063 -0.00162186 -0.0178033 -0 -0.0377083 0 0.00292279 0.009024 0.013458 0.00237458 -0 0.0225564 0.000721947 -0.0248873 -0 -0.00451464 0.0159366 -0 -0 -0.00657591 -0.0134888 -0.00933542 0.000476992 -0.00561033 -0.0199637 -0 -0.019423 -0.00713314 -0 -0.00434216 0.00549545 -0 0.00182955 -0.0195946 -0 0.00315225 -0.00254406 -0 -0 -0 0.00192694 -0 0.000395047 -0 -0
-0.0456544 -0.0834299 -0.00295955 0.00316598 0.00518423 -0 0.00620548 0.00656729 -0.00272572 -0.0073227 -0 0.0103496 -0.0123049 -0.00933994 0.00102749 -0.0401534 -0 -0 0.0278997 0.0302664 -0.00168276 0.0741586 -0 -0 -0.000446013 -0.0137344 -0.0116771 0.00292279 0 -0 -0 -0 -0 -0 -0.0145413 -0.0113541 0.0187233 -0 0.00227196 0.00692074 0.0308653 -0 0.00785357 -0 -0 -0.00150464 -0.0111872 -0.0405287 -0 -0.0680574 -0.0312885 -0 0.00745042 0.03056 -0.00408294 -0.00303384 -0.0131151 -0 -0.0680439 -0 -0 -0 -0 -0 -0 -0 -0
-0.00604175 -0.00432577 0.0255877 -0.055405 0.00713981 0.0251948 0.00618891 0.0155721 0.0132524 -0.0078927 0.111985 -0.0368599 -0.018571 -0.0136394 0.036153 -0.000209167 -0.0135272 -0.0877462 -0.0161918 -0 -0.00515351 -0 -0.0378244 0.0839642 -0.00616199 0.000959703 -0.0150925 0.009024 -0 0 -0.0210455 -0.0348329 0.000685699 0.0218708 -0 -0.0123678 0.0173942 -0 -0 -0 -0 -0.00275813 -0 -0.0021389 -0 -0.00251226 -0.0116232 -0.0063897 -0.00749876 -0 0.0420749 -0.0068893 -0 -0.00854729 -0 -0.01041 0.0181223 -0.00375655 0.090676 -0.0017636 -0.0184089 -0 -0 -0 0.00429913 -0 -0
-0.0129595 -0 0.000754503 -0 -0.000193967 -0 0.0152387 -0.00232958 -0 -0 -0 -0 0.0272947 -0 -0.0173685 -0.000112564 0.0194006 0.00293554 -0 -0 -0 -0 0.00136709 -0 -0 -0.0229829 -0 0.013458 -0 -0.0210455 0 0.0172935 -0 -0 -0 0.000237302 -0 -0 -0 0.00886374 -0 0.00260959 -0.0403581 -0 -0 -0 -0 -0 -0 -0.03216 -0.0154724 -0 -0 -0 -0 -0 -0.0155853 -0 -0.0391421 -0 0.000434262 -0 -0 -0 -0 -0 -0
0.0235163 0.0947375 0.179366 -0.00163192 -0.0273544 -0.0278675 -0.0509622 -0.0667396 0.10426 -0.0636398 -0.0883379 0.0368343 0.0177675 0.0378293 -0.0161585 -0 0.0673688 0.0717834 0.0144451 0.0294686 -0 0.0128175 0.0655502 -0.0331768 -0.0609442 -0.0290901 0.0162148 0.00237458 -0 -0.0348329 0.0172935 0 -0.0105578 -0.0183362 -0.0249252 0.00783994 -0.0540745 0.00691372 0.136243 0.0174597 -0 0.00585195 -0 -0 -0 0.0171611 -0.0249396 -0 -0.00726053 -0.0465002 -0.040608 -0 -0.00747181 -0 -0.00311417 0.00433845 -0 0.0273539 -0.0735478 0.0140393 0.117766 -0.0187793 -0.0116692 -0.0492551 -0.00946717 -0 0.00127608
-0.000860243 -0 -0.0131414 -0 0.00791413 0.000525218 0.000179408 0.000376086 -0.0017881 -0.0086213 -0 -0 -0.00290014 -0.00915671 -0 -0 -0.018607 -0.0280509 -0.00380599 -0.0259106 -0 -0 -0.000686473 -0 -0 0.0067473 -0.00641841 -0 -0 0.000685699 -0 -0.0105578 0 -0 -0 -0.00341955 -0 -0 -0 -0.00237979 -0 -0 -0 -0 -0 -0 -0 -0 -0 -0 -0 -0 0.000368842 -0 -0 -0 -0 -0.0110525 -0 -0 -0 -0 -0 -0 -0 -0 -0
-0.0247602 0.011347 -0.00306431 -0.0165268 0.00849774 0.011007 0.00319382 0.0158433 -0.00290639 -0.0290807 0.00161153 -0.0172617 -0.0251833 -0.0284759 0.0579496 -0 -0.0550517 -0.0526967 -0.0176093 -0.0157383 -0.0126473 -0 -0.032781 -0 -0.0105936 0.00826953 -0.028468 0.0225564 -0 0.0218708 -0 -0.0183362 -0 0 0.00511044 -0.0412081 -0 -0.000231984 -0 -0 -0 -0.0176867 -0.00804209 -0.0217213 -0 -0 -0.0113476 -0 -0.0151969 0.0244667 0.00942369 -9.41213e-05 -0.00615619 -0 0.00219573 -0.0195863 -0 -0.00541095 0.0252632 -0 -0 -0 0.000868958 -0 0.00125665 -0 -0
-0 -0 -0.0835499 -0 0.00168426 0.00176593 -0 0.00117363 -0.014737 -0.018252 -0.00466176 -0 -0.0023967 -0.0110102 0.000920139 0.0488672 -0.0347284 -0.0136221 -0 -0.0369426 -0 -0.0300644 -0.0030006 -0 -0.00104189 0.0231219 -0.0103216 0.000721947 -0.0145413 -0 -0 -0.0249252 -0 0.00511044 0 -0.00783114 -0.0128749 -0 -0.012885 -0.00404118 -0.00541608 -0.0205714 -0.00830998 -0 -0 -0 -0 0.00830178 -0.00469717 0.060075 0.00434654 -0 -0 -0 0.000768137 -0.00599695 0.0134276 -0.00860286 0.0483311 -0 -0 0.0156329 0.001754 -0 -0 -0 -0
0.0457119 0.00236265 0.0511274 0.0233277 -0.0262293 -0.00915638 -0.0193116 -0.0288966 0.0538003 0.121812 -0 -6.51661e-06 0.0523133 0.0721659 -0.0209427 0.00814457 0.0444241 0.0610072 -0.00246118 -0 -0.0201156 -0 0.0216643 -0 0.0501939 -0.000158863 0.133467 -0.0248873 -0.0113541 -0.0123678 0.000237302 0.00783994 -0.00341955 -0.0412081 -0.00783114 0 -0 0.00594911 -0.00310972 0.000487821 -0.00305503 0.0111385 -0 0.0108843 -0 -0.0185423 0.0203078 -0 0.0274871 0.00326799 -0 -0 -0.0205787 -0.00265358 -0.0054753 0.0315325 -0 0.0167041 -0 -0 -0 -0.00314732 -0.00585836 -0.000872751 -0.00347139 -0 -0
-0.0034329 -0.0326284 0.0145799 -0.00354175 -0 -0 0.00072016 0.0130727 -0 0.0161661 0.171767 -0.0269896 -0 -0 -0 -0.0280613 0.0965651 -0 -0 0.0111287 0.0529877 0.0145036 -0.0644792 0.0574828 -0 -0.0148761 -0 -0 0.0187233 0.0173942 -0 -0.0540745 -0 -0 -0.0128749 -0 0 -0 -0 -0 0.00289801 0.00561003 0.0209094 -0 -0.0176621 -0.000697388 -0.0145862 -0.0760176 0.0492846 -0.0527469 -0 -0 -0 -0 -0.0251539 -0 -0 -0 -0 -0.0198167 -0.0431527 -0 -0 0.0331962 -0 -0.00255856 -0
0.0135676 -0.0133549 0.0219687 -0 -0.0082958 -0.00149662 -0.00357281 -0.00379141 0.00505994 0.00889854 -0 0.00176119 0.0449491 0.00965057 -0.00300147 -0 0.0206012 0.000810479 0.0040906 0.00515923 0.00408327 -0 0.00213677 -0 0.0228355 -0 0.0106455 -0.00451464 -0 -0 -0 0.00691372 -0 -0.000231984 -0 0.00594911 -0 0 -0.0111904 0.0169835 -0.000618831 0.0072194 -0 0.0951558 -0.000325915 -0 0.00372433 -0 0.00379754 -0 -0 -0 -0.000544972 -0.00013368 -0 0.00325601 -0 0.00200581 -0 -0 -0 -0 -0 -0 -0 -0 -0
-0.0503795 -0 0.124116 -0.00427309 -0 -0 -0.0626235 -0.0291166 0.0260824 -0.0249465 -0.0225753 -0 -0.0735395 -0.0156136 -0 -0.015342 -0 -0.00267294 -0.0737689 0.0335049 -0.0428292 0.00690724 0.00774474 -0.00441606 -0.0396146 -0.033306 -0.00967762 0.0159366 0.00227196 -0 -0 0.136243 -0 -0 -0.012885 -0.00310972 -0 -0.0111904 0 -0 -0 -0.0385147 -0 -0.0289179 0.00316272 -0 -0.0325679 -0 -0.00196398 -0.0694845 -0.0379595 -0 0.0141336 0.00663791 -0 -0.0354395 -0.00010504 -0 -0.089444 -0 0.0836009 -0.0215878 -0 -0 -0 -0 -0
-0 -0 0.0210931 -0 -0.0253316 -0.0053012 -0 -0 0.0012373 0.000784661 -0 -0 -0 0.000770288 -0 -0.0127783 0.0374048 0.00368312 0.00147431 0.01723 -0 0.0184879 -0 -0.00513487 -0 -0.00800793 -0 -0 0.00692074 -0 0.00886374 0.0174597 -0.00237979 -0 -0.00404118 0.000487821 -0 0.0169835 -0 0 -0 -0 -0 0.00359031 -0 -0 -0.00956762 -0.0279466 -0 -0.00833736 -0.00561931 -0 -0.000199262 -0 -0 -0 -0 0.0132571 -0.0180401 -0 -0 -0 -0 -0 -0 -0 -0
-0.0075102 -0.0331833 -0.0172978 -0.00379724 0.00927802 -0 0.00495669 0.00190715 -7.55707e-05 -0 -0 -0.00170584 -0.000726602 -0.00231228 -0 -0.0891057 -0 -0 -0.00678727 0.0194213 -0.00155674 0.0121976 0.015543 -0.00969887 -0 -0.000798008 -0.00372012 -0 0.0308653 -0 -0 -0 -0 -0 -0.00541608 -0.00305503 0.00289801 -0.000618831 -0 -0 0 0.0298077 0.00275732 -0 -0 -0.0134337 -0.0181499 -0 -0 -0.044536 -0.00314042 -0 0.0128288 -0 -0 0.0254304 -0.0122472 -0 -0.0434471 -0 -0 -0 -0 -0 -0 -0 -0
0.0153928 -0.0650293 -0.00778377 -0 -0.00526362 -0.0125515 -0 -0.00541746 0.0060465 0.044634 -0 -0 0.0564758 0.0199582 -0.00757205 -0.0654887 0.0215794 0.0221025 0.00483097 0.0320333 0.00040356 0.0128773 0.0196391 -0 0.00704699 -0.0024375 0.0143526 -0.00657591 -0 -0.00275813 0.00260959 0.00585195 -0 -0.0176867 -0.0205714 0.0111385 0.00561003 0.0072194 -0.0385147 -0 0.0298077 0 0.00557273 0.00231451 -0 -0.0371625 0.000484596 -0 0.00256558 -0.0413504 -0 -0 -0 -0 -0.000930449 0.106362 -0.00741475 0.00515235 -0.0345576 -0 -0 -0 -0.000375388 -0 -0 -0 -0
-0 -0.0132254 0.000518314 -0 0.0139499 -0.000670339 -0 0.000127428 -0 0.00644272 0.00828853 -0 -0 -0 -0 -0.0631221 -0 -0 -0 0.0016813 -0 -0 -0 -0 -0 -0 0.0163291 -0.0134888 0.00785357 -0 -0.0403581 -0 -0 -0.00804209 -0.00830998 -0 0.0209094 -0 -0 -0 0.00275732 0.00557273 0 0.0043204 -0 -0.0022923 -0 -0 0.0332692 -0.018723 -0 -0 -0 -0 -0 -0 -0 -0 -0.0149788 -0 -0.0357318 -0 -0 -0 -0 -0 -0
0.0152423 -0 -0 0.00644743 -0.00819902 -0.00238161 -0.00445797 -0.00410505 -0.0252677 0.0216084 -0 -0 0.0192199 0.0223591 -0.00794607 0.00176744 0.0186531 0.0165598 0.0069089 -0 0.0334279 -0 -0 -0 0.0996005 -0 0.0235148 -0.00933542 -0 -0.0021389 -0 -0 -0 -0.0217213 -0 0.0108843 -0 0.0951558 -0.0289179 0.00359031 -0 0.00231451 0.0043204 0 -0 -0 0.00869111 -0 0.00992775 -0 -0 0.0100828 -0 -7.6072e-05 -0 0.0079123 -0 0.00341951 -0 -0 -0.0325821 -0 -0 -0 -0 -0 -0
-0 -0.00253897 -0 -0.00471639 -0 -0.0092169 0.00385785 -0 -0 -0 -0 -0.00121146 -0 -0 -0 -0.0395087 -0 8.09362e-06 -0.00143257 0.000581806 -0.0417703 -0 0.0584021 -0.0609541 -0.000929645 -0.0272529 -0 0.000476992 -0 -0 -0 -0 -0 -0 -0 -0 -0.0176621 -0.000325915 0.00316272 -0 -0 -0 -0 -0 0 -0.0296574 -0.00466218 0.00971257 -0.0229863 -0.00203069 -0 -0.0168966 -0 -0 -0 -0 -0 0.0411136 -0.0230528 -0 0.00207745 -0 -0 -0 -0 -0 -0
0.0141303 0.106461 0.0178762 0.0498866 -0.00962341 -0 -0.0813089 -0.0105928 -0.0010529 -0 -0.0358613 0.0612953 -0.0171471 -0.035385 -0.00240145 0.0918685 -0 -0 0.016344 -0.0302959 0.00787497 -0.000596504 -0 0.000536529 0.000355193 -0 -0.0189577 -0.00561033 -0.00150464 -0.00251226 -0 0.0171611 -0 -0 -0 -0.0185423 -0.000697388 -0 -0 -0 -0.0134337 -0.0371625 -0.0022923 -0 -0.0296574 0 0.0298532 -0 0.00835019 0.0118609 -0 0.0310832 -0.00199499 -0 -0 -0 -0 -0 0.0137887 -0 0.000353284 -0 -0 -0.000539884 -0 -0 -0
0.0494166 0.0674379 -0.00387109 0.0893309 -0.0282105 -0 -0.0265814 -0.0495486 -0.00798945 0.0200494 -0.0474663 0.0586037 0.0469802 0.0190064 -0.0236669 0.0687743 -0.00841418 -0.0219551 0.0497978 -0.0550987 0.0281331 -0.0336939 0.0053231 -0 0.0274969 0.0147464 0.01172 -0.0199637 -0.0111872 -0.0116232 -0 -0.0249396 -0 -0.0113476 -0 0.0203078 -0.0145862 0.00372433 -0.0325679 -0.00956762 -0.0181499 0.000484596 -0 0.00869111 -0.00466218 0.0298532 0 0.0121975 0.0166552 0.0439968 -0 0.0282103 -0.0127972 -0 -0 0.0170224 0.00110137 -0 0.0168181 -0 -0 -0 -0 -0 -0.00184642 -0 -0
0.0059633 0.0105982 -0.0328586 0.00636724 -0 -0 -0 -0.00618317 -0.00666199 -0.00146565 -0.0777603 0.015882 -0 -0 -0 0.00877024 -0.0434011 -0 -0.0133422 -0.0138815 -0.0104294 -0.05763 0.0236498 -0.0252117 -0.00112026 -0 -0 -0 -0.0405287 -0.0063897 -0 -0 -0 -0 0.00830178 -0 -0.0760176 -0 -0 -0.0279466 -0 -0 -0 -0 0.00971257 -0 0.0121975 0 -0.00562702 0.0131484 -0 -0 0.0204318 -0 0.00253583 -0 -0 -0 -0 0.0029757 0.00859986 -0 -0 -0 -0 -0 -0
0.0168255 0.0259335 0.029302 0.04496 -0.0169986 -0.00481914 -0.0230909 0.000612449 0.0164909 0.0436255 0.0219207 0.0333559 0.034509 0.0319747 -0.0157467 0.00770065 0.0318647 0.0501154 0.0375685 -0 0.127459 -0 -0.00786254 0.0351253 0.0425866 -1.62011e-05 0.046558 -0.019423 -0 -0.00749876 -0 -0.00726053 -0 -0.0151969 -0.00469717 0.0274871 0.0492846 0.00379754 -0.00196398 -0 -0 0.00256558 0.0332692 0.00992775 -0.0229863 0.00835019 0.0166552 -0.00562702 0 -0 -0.00644975 0.00408968 -0.00171034 -0 -0.00254739 -0.00230411 -0 0.0010574 -0 -0 -0 -0.00472316 -0.00195343 -0 -0.00186788 -0 -0
0.0669432 0.083939 -0.0566768 0.0608265 -0.00393476 0.0120226 -0.00479735 -0.00428019 -0.0238969 -0 -0.0119091 0.00742734 0.0109708 0.00816197 -0 0.120082 -0.0778319 -0.0257945 0.0430333 -0.110387 0.00682585 -0.0671676 -0.00969519 0.00539117 -0 0.0676857 0.0101502 -0.00713314 -0.0680574 -0 -0.03216 -0.0465002 -0 0.0244667 0.060075 0.00326799 -0.0527469 -0 -0.0694845 -0.00833736 -0.044536 -0.0413504 -0.018723 -0 -0.00203069 0.0118609 0.0439968 0.0131484 -0 0 0.0612254 0.000281564 -0.0745916 -0.00150991 0.00133958 -0 0.0577349 -0.0155432 0.143059 0.00374725 -0.00671067 0.0137861 -0 -0 -0 -0 -0
-0 -0 0.00444925 -0.0274995 -0 0.0111868 0.0129983 0.0181347 0.00309392 -0 0.0540399 -0.0628021 -0 -0 0.0290314 0.0176288 -0.0116464 -0.0171873 -0 -0.0344295 -0 -0.0120268 -0.0249543 0.0150495 -0 0.0208841 -0 -0 -0.0312885 0.0420749 -0.0154724 -0.040608 -0 0.00942369 0.00434654 -0 -0 -0 -0.0379595 -0.00561931 -0.00314042 -0 -0 -0 -0 -0 -0 -0 -0.00644975 0.0612254 0 -0.022405 -0.0857607 -0.0100869 -0 -0 0.018865 -0.00137209 0.12653 -0 -0.02516 0.0019193 -0 -0 0.000192645 -0 -0
0.00632316 -0.00451161 -0 0.0570325 -0.00983919 -0 -0.0366892 -0.00119042 -0 0.00271365 -0.0049421 0.0180853 -0.00624913 -0.00125123 -0.00316541 0.0212199 -0 0.00466148 0.0109141 -0.00757545 0.0484829 -0 -0 -0 0.0108621 -0 -0.00585229 -0.00434216 -0 -0.0068893 -0 -0 -0 -9.41213e-05 -0 -0 -0 -0 -0 -0 -0 -0 -0 0.0100828 -0.0168966 0.0310832 0.0282103 -0 0.00408968 0.000281564 -0.022405 0 -0 -0 -0 -0 -0 -0 -0 -0 -0 -0 -0 -0 -0 -0 -0
-0.0731772 -0.0507536 -0.0754408 0.0291691 0.0294703 -0 0.00768709 0.0106946 -0.0527266 -0.0224138 -0 -0.00914804 -0.0217519 -0.0281633 -0.00572376 -0.0141691 -0.0135714 0.018448 -0.0184704 0.00260318 0.00942304 0.000642663 -0 -0.00576289 0.009262 -0.00332761 -0.0274594 0.00549545 0.00745042 -0 -0 -0.00747181 0.000368842 -0.00615619 -0 -0.0205787 -0 -0.000544972 0.0141336 -0.000199262 0.0128288 -0 -0 -0 -0 -0.00199499 -0.0127972 0.0204318 -0.00171034 -0.0745916 -0.0857607 -0 0 0.00135995 -0 -0.0134778 -0.0542853 -0.00505461 -0.107357 -0 0.0348857 -0 0.00115251 -0 -0 -0 -0
-0.00336187 -0 -0 -0 -0 -0 -0 -0 -0 -0.012648 -0.0259085 -0 -0.00191946 -0.00633781 -0 -0.000607826 -0 -0 -0 -0 -0 -0 -0 -0 -0.00759227 -0 -0.00700222 -0 0.03056 -0.00854729 -0 -0 -0 -0 -0 -0.00265358 -0 -0.00013368 0.00663791 -0 -0 -0 -0 -7.6072e-05 -0 -0 -0 -0 -0 -0.00150991 -0.0100869 -0 0.00135995 0 -0 -0.00112842 -0 -0 -0.0260148 -0 0.00206858 -0 -0 -0 -0 -0 -0
-0 -0 -0.0294927 -0 0.00116565 -0 -0 -0 -0.0122635 -0.00789425 -0.00441533 -0 -0.00197126 -0.00660611 -0 0.00813212 -0.0244032 -0.00689556 -0 -0.00447439 -0 -0.0086967 -0 -0 -0 -0 -0.00626381 0.00182955 -0.00408294 -0 -0 -0.00311417 -0 0.00219573 0.000768137 -0.0054753 -0.0251539 -0 -0 -0 -0 -0.000930449 -0 -0 -0 -0 -0 0.00253583 -0.00254739 0.00133958 -0 -0 -0 -0 0 -0.000156704 -0 -0 0.000145679 -0 -0 -0 -0 -0 -0 -0 -0
0.0828424 -0.0218428 0.00687415 0.00179523 -0.0128467 -0.00825226 0.0338022 -0.0210544 0.0173063 0.0642062 -0 0.00383053 0.0817249 0.0538617 -0.0167938 -0 0.0431812 0.042719 0.0593036 0.0060398 0.00167435 -0 0.0139262 -0 0.0178588 -0 0.0447207 -0.0195946 -0.00303384 -0.01041 -0 0.00433845 -0 -0.0195863 -0.00599695 0.0315325 -0 0.00325601 -0.0354395 -0 0.0254304 0.106362 -0 0.0079123 -0 -0 0.0170224 -0 -0.00230411 -0 -0 -0 -0.0134778 -0.00112842 -0.000156704 0 -0 0.0116889 -0 -0 -0 -7.69142e-05 -0.00415184 -0 -0.00142627 -0 -0
0.0139873 0.0121067 -0 -0 -0.0100816 0.00269227 -0 -0 -0 -0 -0 -0 -0 -0 -0 0.0253122 -0 -0.0291282 -0 -0.0101266 -0 -8.12866e-05 -0.00049989 0.00334989 -0 0.0284224 -0 -0 -0.0131151 0.0181223 -0.0155853 -0 -0 -0 0.0134276 -0 -0 -0 -0.00010504 -0 -0.0122472 -0.00741475 -0 -0 -0 -0 0.00110137 -0 -0 0.0577349 0.018865 -0 -0.0542853 -0 -0 -0 0 -0 0.0660405 -0 -0 -0 -0 -0 -0 -0 -0
0.0146835 -0.014895 0.0563547 -0 -0.0106685 -0.0132866 -0.00626671 -0.0105844 0.026032 0.0317407 -0 -0 0.0137645 0.0334512 -0.00433742 -0.0441428 0.0458482 0.0311832 0.00229233 0.0578238 -0 0.0137913 0.00618731 -0.00714116 0.00420911 -0.00758333 0.0301666 0.00315225 -0 -0.00375655 -0 0.0273539 -0.0110525 -0.00541095 -0.00860286 0.0167041 -0 0.00200581 -0 0.0132571 -0 0.00515235 -0 0.00341951 0.0411136 -0 -0 -0 0.0010574 -0.0155432 -0.00137209 -0 -0.00505461 -0 -0 0.0116889 -0 0 -0.024979 -0 -0 -0 -0.00118719 -0 -0 -0 -0
0.0692646 0.0541018 -0.0578808 -0.00364626 -0.00343474 0.0531813 -0 -0 0.00143562 -0 0.071325 -0 0.00941303 0.0302575 0.00484823 0.118357 -0.0176574 -0.0443701 0.0301831 -0.0910864 0.0267645 -0.0656468 -0.0675942 0.0836303 -0 0.0665335 -0 -0.00254406 -0.0680439 0.090676 -0.0391421 -0.0735478 -0 0.0252632 0.0483311 -0 -0 -0 -0.089444 -0.0180401 -0.0434471 -0.0345576 -0.0149788 -0 -0.0230528 0.0137887 0.0168181 -0 -0 0.143059 0.12653 -0 -0.107357 -0.0260148 0.000145679 -0 0.0660405 -0.024979 0 -0 -0.0500279 0.00161262 -0 -0 0.000735066 -0 -0
-0 0.000462204 -0.0334988 0.00893924 -0 -0 -0 -0.00170224 -0 -0.00311258 -0.065655 0.0182755 -0 -0 -0 -0 -0 -0 0.00371447 -0 -0 -0 -0 -0 -0 0.000236236 -0 -0 -0 -0.0017636 -0 0.0140393 -0 -0 -0 -0 -0.0198167 -0 -0 -0 -0 -0 -0 -0 -0 -0 -0 0.0029757 -0 0.00374725 -0 -0 -0 -0 -0 -0 -0 -0 -0 0 0.0133134 -0 -0 -0 -0 -0 -0
-0 0.0299681 0.0281532 -0 -0 -0.000740374 -0.0189748 -0.0608331 0.00257885 -0.0382322 -0.0832716 0.00881065 -0 -0 -0 -0 -0 -0 -0 0.000413798 -0.0430057 -0 0.0185778 -0.0213601 -0.0452328 -0 -0 -0 -0 -0.0184089 0.000434262 0.117766 -0 -0 -0 -0 -0.0431527 -0 0.0836009 -0 -0 -0 -0.0357318 -0.0325821 0.00207745 0.000353284 -0 0.00859986 -0 -0.00671067 -0.02516 -0 0.0348857 0.00206858 -0 -0 -0 -0 -0.0500279 0.0133134 0 -0 -0 -0.0103404 -0 0.0237537 -0
-0.00014863 -0.00221952 -0.0312713 -0 9.62665e-05 -0 0.0126445 -0 -0.00714805 -0.00860899 -0 -0.00193091 -0.000937391 -0.00886349 8.80964e-05 -0 -0.00643827 -0.00732682 -0 -0 -8.2695e-05 -0 -0 -0 -0.00176771 -0 -0.00848131 -0 -0 -0 -0 -0.0187793 -0 -0 0.0156329 -0.00314732 -0 -0 -0.0215878 -0 -0 -0 -0 -0 -0 -0 -0 -0 -0.00472316 0.0137861 0.0019193 -0 -0 -0 -0 -7.69142e-05 -0 -0 0.00161262 -0 -0 0 -0 -0 -0 -0 -0
-0.00512969 -0.00318255 -0.037908 -0 0.000905696 -0 -0 0.000606812 -0.00616277 -0.0151011 -0 -0.00438267 -0.00534872 -0.00773229 0.000517289 -0 -0.0101232 -0.0240311 -0.00105385 -0 -0 -0 -0.000478638 -0 -0 -0 -0.0091229 0.00192694 -0 -0 -0 -0.0116692 -0 0.000868958 0.001754 -0.00585836 -0 -0 -0 -0 -0 -0.000375388 -0 -0 -0 -0 -0 -0 -0.00195343 -0 -0 -0 0.00115251 -0 -0 -0.00415184 -0 -0.00118719 -0 -0 -0 -0 0 -0 -0 -0 -0
-0.00360517 -0.007753 -0.0219613 -0 -0 -0 0.00102322 0.00238487 -0.00240029 -0 0.0614595 -0.00457949 -0.000945183 -0.000281597 -0 -0.000287022 -0 -0 -0 -0 0.00774342 -0 -0.00234775 -0 -0 -0 -0.00115302 -0 -0 -0 -0 -0.0492551 -0 -0 -0 -0.000872751 0.0331962 -0 -0 -0 -0 -0 -0 -0 -0 -0.000539884 -0 -0 -0 -0 -0 -0 -0 -0 -0 -0 -0 -0 -0 -0 -0.0103404 -0 -0 0 -0 -0 -0
-0.00576423 -0.00775306 -0.00148756 -0.00340538 -0 0.000883913 0.00110152 0.00601578 8.20528e-06 -0.00552847 0.00161586 -0.0203393 -0.00755479 -0.00383477 0.00154987 -0 -0.00103478 -0.0216915 -0.000963172 -0 -0.000503022 -0 -0.000943201 -0 -0.00058908 -0 -0.00717181 0.000395047 -0 0.00429913 -0 -0.00946717 -0 0.00125665 -0 -0.00347139 -0 -0 -0 -0 -0 -0 -0 -0 -0 -0 -0.00184642 -0 -0.00186788 -0 0.000192645 -0 -0 -0 -0 -0.00142627 -0 -0 0.000735066 -0 -0 -0 -0 -0 0 -0 -0
0.000241755 0.0170399 -0 -0 -0 -0 -0 -0.01656 -0 -0.0158328 -0.0175371 -0 -0 -0 -0 -0 -0 -0 -0 -0 -0 -0 -0 -0.00211352 -0.0111145 -0 -0 -0 -0 -0 -0 -0 -0 -0 -0 -0 -0.00255856 -0 -0 -0 -0 -0 -0 -0 -0 -0 -0 -0 -0 -0 -0 -0 -0 -0 -0 -0 -0 -0 -0 -0 0.0237537 -0 -0 -0 -0 0 -0
-0 -0 7.37361e-05 -0 -0 -0 -0 -0 -0 -0 -0.0295121 -0 -0 -0 -0 -0 -0 -0 -0 -0 -0 -0 -0 -0 -0 -0 -0 -0 -0 -0 -0 0.00127608 -0 -0 -0 -0 -0 -0 -0 -0 -0 -0 -0 -0 -0 -0 -0 -0 -0 -0 -0 -0 -0 -0 -0 -0 -0 -0 -0 -0 -0 -0 -0 -0 -0 -0 0