0.779526 0.104661 -0.0369503 -0.0840019 0 0.00770317 0.0254663 -0.0985075 0.0248363 0.0290772 -0.0476771 0.000839228 -0.0621996 0.00378994 0.0488782 -0.102217 0.0386061 0.0484003 0.0566574 0 -0.015858 -0.0282782 -0.0693777 -0.0194689 0.0145241 0.0234935
0.104661 0.621806 0.0733357 0.0993973 -1.36994e-06 -0.149056 0 0.0639628 0.0566373 0.0358324 0.0748069 0.0782612 0.162129 0.0165187 0.0181249 0.148735 -0.0730439 -0.0828949 -0.0138828 0.130256 0.02495 0.117998 0.0533418 0.0659636 1.54212e-06 -0.0331492
-0.0369503 0.0733357 0.726684 1.96746e-06 -0.0101739 0.0130623 0.037275 0.078165 -0.0687948 0.0566406 -0.088354 0.00319202 -0.0950748 -0.0165187 0.0369686 -0.0268405 0.104766 0.0783469 -0.0192308 0.0352051 -0.0754675 0.0946256 0.0876703 0.0703352 0.0100902 0.0557412
-0.0840019 0.0993973 1.96746e-06 0.760155 0.021178 -0.0129275 0.0463907 -0.0885908 0.0429313 -0.118676 -0.0330495 -2.53832e-06 -0.00307549 2.59731e-06 0.0297323 -0.19174 -0.0130177 0.0209622 0.0498421 -0.0884675 0.0424034 -0.0882796 -0.0168279 0.00313599 0.0136385 -1.8991e-06
0 -1.36994e-06 -0.0101739 0.021178 0.679047 -0.0321478 0.0242199 -0.033655 -0.0410441 0.00856567 -0.00319373 0.0356907 -0.0115574 -0.21002 0.0691339 0.105024 0.000689162 0.0376527 -0.00933742 0.10972 0.0211946 -0.00167696 0.00656136 2.25589e-06 0.0506737 0.00105314
0.00770317 -0.149056 0.0130623 -0.0129275 -0.0321478 0.627043 0.134052 -0.0417286 -0.00015429 -0.0255083 0.00418026 0.102319 -2.66417e-07 -0.00100809 0.146267 1.1335e-06 -0.112565 -0.00809269 0.124503 0.124032 -9.663e-07 -0.11471 0.010167 0.0364129 0.177659 -0.0251963
0.0254663 0 0.037275 0.0463907 0.0242199 0.134052 0.807336 0.0431293 0.0427038 -1.37163e-06 0.0278405 -0.0639649 0.0388683 0.000459315 -0.202394 0.0229735 0.0128303 -0.0504195 -0.0337364 -0.0462664 0.015835 -0.0509099 -0.0578509 -0.00968554 -0.0629909 -0.0177522
-0.0985075 0.0639628 0.078165 -0.0885908 -0.033655 -0.0417286 0.0431293 0.775204 -0.00738912 -0.00971314 -0.0142714 0.0140349 -0.0114503 -0.00723912 0.0260591 -0.155171 0.0104403 0.0390551 0.0588195 0.0130589 0.00835619 -0.0802908 -0.0222003 -5.9889e-07 0.0371073 -0.0178893
0.0248363 0.0566373 -0.0687948 0.0429313 -0.0410441 -0.00015429 0.0427038 -0.00738912 0.765736 0.0297686 -0.0578792 0.0703351 -0.120921 -0.0181521 0.0317706 0.0477553 0.131132 0.0802886 0.023538 0.0774822 -0.0949055 1.5135e-06 0.0486714 0.00710749 0.0724949 0.0297025
0.0290772 0.0358324 0.0566406 -0.118676 0.00856567 -0.0255083 -1.37163e-06 -0.00971314 0.0297686 0.674074 -0.0363614 -1.90427e-06 0.0611757 0.0136472 0.0837494 -0.0404133 -0.0970781 -0.0924418 0.0562135 -0.102378 0.101808 -0.0484857 -1.55729e-06 -0.0203237 0.0264069 -0.0417675
-0.0476771 0.0748069 -0.088354 -0.0330495 -0.00319373 0.00418026 0.0278405 -0.0142714 -0.0578792 -0.0363614 0.793085 0.0133373 -0.0626338 -0.00452616 0.0237643 -0.0452984 0.0449192 0.115024 0.0157521 -0.0428065 -0.0290233 1.44392e-06 0.0646431 0.00281392 0.0190593 0.0744241
0.000839228 0.0782612 0.00319202 -2.53832e-06 0.0356907 0.102319 -0.0639649 0.0140349 0.0703351 -1.90427e-06 0.0133373 0.896467 0.038034 0.00640156 -0.0348493 -2.34414e-06 0.0229018 -0.0556016 -0.0472025 -0.0770175 0.0447231 0.01689 -0.00401476 -2.56222e-06 -0.145619 -1.22374e-06
-0.0621996 0.162129 -0.0950748 -0.00307549 -0.0115574 -2.66417e-07 0.0388683 -0.0114503 -0.120921 0.0611757 -0.0626338 0.038034 0.803644 -0.00436113 0.0298715 -0.0210271 0.0630276 0.0781555 0.0343227 0.0629009 -0.0509635 -0.023394 0.0492973 1.29446e-06 0.0244472 0.0288943
0.00378994 0.0165187 -0.0165187 2.59731e-06 -0.21002 -0.00100809 0.000459315 -0.00723912 -0.0181521 0.0136472 -0.00452616 0.00640156 -0.00436113 0.809592 0.0096655 2.57466e-06 0.0236325 0.0419099 0.00102502 0.0351682 -0.00902332 1.99955e-06 2.02721e-06 2.45468e-06 0.0168753 0.00563083
0.0488782 0.0181249 0.0369686 0.0297323 0.0691339 0.146267 -0.202394 0.0260591 0.0317706 0.0837494 0.0237643 -0.0348493 0.0298715 0.0096655 0.780741 0.0215714 0.08032 -0.0130689 -0.0438008 -0.0251567 0.0123339 0.0175704 -0.105506 -1.86353e-06 -0.0748389 -0.0148809
-0.102217 0.148735 -0.0268405 -0.19174 0.105024 1.1335e-06 0.0229735 -0.155171 0.0477553 -0.0404133 -0.0452984 -2.34414e-06 -0.0210271 2.57466e-06 0.0215714 0.74776 0.0315261 0.0370871 0.0608119 -0.0878854 0.0088973 -0.0549457 -0.00541312 -1.2057e-06 -0.0241435 0.00934241
0.0386061 -0.0730439 0.104766 -0.0130177 0.000689162 -0.112565 0.0128303 0.0104403 0.131132 -0.0970781 0.0449192 0.0229018 0.0630276 0.0236325 0.08032 0.0315261 0.674777 -0.0686977 0.0362903 -0.0499722 0.0918903 -0.0412293 0.0138901 -0.00600576 0.0174091 -0.0863935
0.0484003 -0.0828949 0.0783469 0.0209622 0.0376527 -0.00809269 -0.0504195 0.0390551 0.0802886 -0.0924418 0.115024 -0.0556016 0.0781555 0.0419099 -0.0130689 0.0370871 -0.0686977 0.82704 -0.0158043 -0.0576836 0.0512409 0.0247922 -9.39936e-07 -1.50573e-06 -0.0345137 -0.0172718
0.0566574 -0.0138828 -0.0192308 0.0498421 -0.00933742 0.124503 -0.0337364 0.0588195 0.023538 0.0562135 0.0157521 -0.0472025 0.0343227 0.00102502 -0.0438008 0.0608119 0.0362903 -0.0158043 0.878331 -0.0321136 0.0083449 0.0962454 0 0 -0.0535968 0.00969583
0 0.130256 0.0352051 -0.0884675 0.10972 0.124032 -0.0462664 0.0130589 0.0774822 -0.102378 -0.0428065 -0.0770175 0.0629009 0.0351682 -0.0251567 -0.0878854 -0.0499722 -0.0576836 -0.0321136 0.73244 0.12357 -1.20486e-06 0.00168916 -0.00668859 -0.106583 -1.07838e-06
-0.015858 0.02495 -0.0754675 0.0424034 0.0211946 -9.663e-07 0.015835 0.00835619 -0.0949055 0.101808 -0.0290233 0.0447231 -0.0509635 -0.00902332 0.0123339 0.0088973 0.0918903 0.0512409 0.0083449 0.12357 0.791645 0.032378 -0.0159754 0.070443 0.0191747 0.0169072
-0.0282782 0.117998 0.0946256 -0.0882796 -0.00167696 -0.11471 -0.0509099 -0.0802908 1.5135e-06 -0.0484857 1.44392e-06 0.01689 -0.023394 1.99955e-06 0.0175704 -0.0549457 -0.0412293 0.0247922 0.0962454 -1.20486e-06 0.032378 0.614734 -0.160701 -0.10436 0.0543694 -0.129924
-0.0693777 0.0533418 0.0876703 -0.0168279 0.00656136 0.010167 -0.0578509 -0.0222003 0.0486714 -1.55729e-06 0.0646431 -0.00401476 0.0492973 2.02721e-06 -0.105506 -0.00541312 0.0138901 -9.39936e-07 0 0.00168916 -0.0159754 -0.160701 0.711488 -0.0212129 -1.61918e-06 -0.0137572
-0.0194689 0.0659636 0.0703352 0.00313599 2.25589e-06 0.0364129 -0.00968554 -5.9889e-07 0.00710749 -0.0203237 0.00281392 -2.56222e-06 1.29446e-06 2.45468e-06 -1.86353e-06 -1.2057e-06 -0.00600576 -1.50573e-06 0 -0.00668859 0.070443 -0.10436 -0.0212129 0.741669 -2.09895e-06 -0.00191644
0.0145241 1.54212e-06 0.0100902 0.0136385 0.0506737 0.177659 -0.0629909 0.0371073 0.0724949 0.0264069 0.0190593 -0.145619 0.0244472 0.0168753 -0.0748389 -0.0241435 0.0174091 -0.0345137 -0.0535968 -0.106583 0.0191747 0.0543694 -1.61918e-06 -2.09895e-06 0.84804 0.0391806
0.0234935 -0.0331492 0.0557412 -1.8991e-06 0.00105314 -0.0251963 -0.0177522 -0.0178893 0.0297025 -0.0417675 0.0744241 -1.22374e-06 0.0288943 0.00563083 -0.0148809 0.00934241 -0.0863935 -0.0172718 0.00969583 -1.07838e-06 0.0169072 -0.129924 -0.0137572 -0.00191644 0.0391806 0.866002