0.831793 -0.135433 0.0105502 -0.0397615 0.0387039 0.0106603 0.0239107 0.0396614 0.00266313 -0.0440982 0.0149376 -0.0396199 -0.0793489 -0.0564953 0.0286684 -0.038646 -0.018795 -0.0361989 -0.0475553 0 -0.0179831 0.0219681 -0.0139091 -0.00561279 0.0108687 -0.0117192 -0.063167 0.102973 0.0393881 0.00520672 0.0100789 -0.0188961 0.000743677 0.0214106 0 -0.0387033 0.00287226 -0.0111941 0.0416947 0 0.00650205 -0.0131747 0 -0.0130391 0 -0.0122649 -0.041699 -0.00515736 -0.0143325 -0.0564481 0 -0.00547126 0.0626238 0.00291057 0 -0.0707762 -0.0121122 -0.0126021 -0.0570177 0 0 0.000130417 0.00459953 0.00316014 0.00516254 -0.000213912 0
-0.135433 0.730294 -0.0693625 -0.0604699 0.0295097 -0.00773287 0.0474589 0.071028 -0.0661427 0.0307407 0.0251205 -0.113857 -0.0292727 -0.0220697 0.0209518 -0.0754683 0.0202025 0.0246023 -0.0383565 0.0411909 -0.00728961 0.0451384 -0.00181378 -0.0106783 0.0414543 -0.00266692 -0.00823855 0.0210347 0.0674444 0.00349306 0 -0.071329 0 -0.00919384 0 -0.00187439 0.0255799 0.0103245 0 0 0.026919 0.0521525 0.0106757 0 0.002039 -0.0865856 -0.0533209 -0.00858839 -0.0206994 -0.0663205 0 0.00365785 0.0406979 0 0 0.0174857 -0.00982328 0.0119783 -0.0417303 -0.000379731 -0.0242819 0.00182486 0.00267386 0.00636782 0.00650634 -0.0141276 0
0.0105502 -0.0693625 0.710702 0.0187007 0.0458164 0.00334587 0.0371079 0.0562146 -0.174268 -0.0420484 0 -0.0127272 0.041487 -0.0409329 -0.0119425 0.0303892 -0.074546 0.0257263 0.0076536 -0.0382017 0.0351707 -0.0248074 -0.00956892 0 -0.00167204 0.0488872 -0.0464282 0.00253106 0.00236018 -0.0203831 -0.000542405 -0.133223 0.0105013 0.00244931 0.0676172 -0.0400136 -0.0112759 -0.0167543 -0.0949488 -0.0168187 0.0138428 0.00615816 -0.00041274 0 0 -0.0143425 0.00301941 0.0262679 -0.0230722 0.0441758 -0.00354481 0 0.0596769 0 0.0239769 -0.00542862 0 -0.0447075 0.0440422 0.0271498 -0.0225033 0.0253636 0.0314188 0.017794 0.00123149 0 -6.02799e-05
-0.0397615 -0.0604699 0.0187007 0.846241 0.0188697 0.00280828 0.0213321 0.0227792 0.0124494 0.0268213 0.0402892 -0.12773 -0.0254687 -0.013144 0.0291547 -0.0780839 0.0218975 -0.0191784 -0.068844 0.0401867 -0.0394531 0.00988473 -0.00597799 0 -0.0126962 0 -0.012539 0.0218209 -0.00275505 0.0481604 0 0.00132264 0 0.0144147 0 -0.0199218 0.00298895 0 0.00356705 0 0.00331593 0 0 -0.00556317 0.00407725 -0.0436754 -0.0760315 -0.00555432 -0.0386296 -0.0517338 0.0239075 -0.0497754 -0.0251783 0 0 -0.00154701 0 0 0.0030275 -0.00790571 0 0 0 0 0.00307629 0 0
0.0387039 0.0295097 0.0458164 0.0188697 0.843007 -0.00294949 -0.0541658 -0.0335345 0.0215424 0.0130999 0 0.0204438 0.0198975 0.0312798 -0.0134906 0.0165437 0.0482827 0.0262418 0.0236436 0.00106156 0.018262 0 0.00844528 0.00702098 0.0106437 -0.00108796 0.0201801 -0.00143295 -0.00450272 -0.00619435 0.000151867 0.0221278 -0.0068877 -0.00739754 -0.00148454 0.022357 0 0.00689054 0 0.0219982 -0.00808652 0.00453542 -0.0120984 0.007061 0 0.00840912 0.0239647 0 0.0145773 0.00334017 0 0.00857078 -0.0253897 0 -0.00103209 0.0110493 0.00878872 0.00921774 0.00284643 0 0 -8.50376e-05 -0.000817547 0 0 0 0
0.0106603 -0.00773287 0.00334587 0.00280828 -0.00294949 0.907509 -0.00251781 -0.00564232 0.00351329 0.0123555 -0.0102627 0.00617802 0.0120565 0.0113011 -0.00855774 -0.0173967 0.0121082 0.0590017 0.00585673 0.0216795 0 0 0.00726318 -0.0199837 0.000757989 -0.00289435 0.0123526 -0.00388216 0 -0.0226793 0 0.0233894 -0.000474265 -0.00994176 -0.00161498 0.00809766 0 0.00128979 0 0.0047765 0 0.0112212 0.000603198 0.00212807 0.00825126 0 0 0 0.00428787 -0.0105891 -0.0100715 0 0 0 0 0.00736419 -0.00243515 0.0119109 -0.0457272 0 0.000668732 0 0 0 -0.000826894 0 0
0.0239107 0.0474589 0.0371079 0.0213321 -0.0541658 -0.00251781 0.849502 -0.0178826 0.016616 0.0182271 -0.0117706 0.0257663 -0.0154268 0.0237919 -0.00955046 0.0506793 0.0180627 0.0122813 0.0180088 0 0.022417 0 0.00536536 0.0178264 0.00898519 0 0.0263944 -0.00827689 -0.00541044 -0.00539001 -0.011977 0.0413833 -0.00015674 -0.00279101 0 0.0165238 -0.000608927 0.00297901 0.0523768 0 -0.00433675 0 0 0.00385396 -0.00334146 0.0713224 0.0226676 0 0.0198778 0.00408807 -0.0113221 0.0320823 -0.00664814 0 0 -0.0291846 0 0.00543536 0 0 0.0165819 -0.0112126 0 -0.000906405 -0.000996986 0 0
0.0396614 0.071028 0.0562146 0.0227792 -0.0335345 -0.00564232 -0.0178826 0.863057 0.0210335 -0.0138553 -0.0593499 0.03177 0.0428257 0.012833 -0.0155359 0.0121428 0.0260907 0.020561 0.0219461 0 0.0062794 0 0.0147044 -0.0153056 0.00795976 0 0.0316359 -0.0133912 -0.0057714 -0.0136697 0.00184551 0.0546259 -0.000331179 -0.0139551 -0.00104669 0.0249217 -0.0111414 0.0031864 0.024546 0 -0.00168189 0.00472316 -0.000111821 0.00357706 0 0.0093656 0.0425888 0.00544707 -0.000531419 0.00367636 -0.0159218 0.00104922 -0.00932268 0 0 0.0183227 0 0.00925319 0 0.00152032 0.053584 0 -0.000554229 -0.0021294 -0.00548816 0.0149256 0
0.00266313 -0.0661427 -0.174268 0.0124494 0.0215424 0.00351329 0.016616 0.0210335 0.845084 -0.0496791 0 -0.000451407 0.0306137 -0.0359428 -0.0147806 0 -0.0346986 -0.0340549 -0.00162415 -0.0170726 0.0311868 -0.00701027 -0.011099 0 -0.0104649 0.00794339 -0.04158 0.00544751 0.00237032 -0.0115117 0 -0.0844426 0.00155811 0.00253322 0.0130055 -0.045914 0 -0.004208 -0.0217579 -0.00107581 6.59469e-05 -0.0052164 0 0.0217874 0 0.000921181 0.00679535 0.00580746 -0.0141593 0.0203108 -0.00268795 0 0.0454817 0 0.0108718 -0.0149032 0 -0.0225198 -0.00119119 0 -0.00224776 0.00632205 0.00556982 0.00212074 -7.40727e-06 0 0
-0.0440982 0.0307407 -0.0420484 0.0268213 0.0130999 0.0123555 0.0182271 -0.0138553 -0.0496791 0.792168 -0.0627485 0.0350492 -0.0663192 -0.130001 0.0246691 0.0285212 -0.056813 -0.105164 -0.0169487 -0.0240186 -0.0299226 -0.00702929 -0.0198973 -0.0137732 -0.0730652 0.00526324 -0.118607 0.0299358 0.00616531 0.00663786 0 0.0499037 0.0072734 0.0245404 0.0155951 -0.100649 -0.0131998 -0.00716485 0.0201483 -0.000660542 0 -0.0372814 -0.00541649 -0.0180393 0 0 -0.0165103 0.00123701 -0.0362657 0 0 -0.00229144 0.0187189 0.0106861 0.0067757 -0.0535319 0 -0.0265847 0 0.00266331 0.0322636 0.00737193 0.0132139 0 0.00483202 0.0136716 0
0.0149376 0.0251205 0 0.0402892 0 -0.0102627 -0.0117706 -0.0593499 0 -0.0627485 0.726251 0.0523385 -0.000416147 -0.0122931 -0.00572897 0.0415274 -0.0587498 -0.00448775 0.0202688 -0.0100162 -0.0284313 0 0.0559074 -0.125129 -0.0236896 0.00588396 0 -0.00255012 0 -0.0901777 0 0.0663264 0 -0.00130212 0.00381383 0 -0.134288 0 0.0174581 0 0 0 -0.00667207 0 0 0.0290855 0.037426 0.0628397 -0.017448 0.00938337 -0.0435231 0.00399577 0 0.0209592 0.00362862 0 0 0 -0.0548625 0.0537904 0.0672846 0 0 -0.0503391 -0.00135227 0.0144995 0.0243889
-0.0396199 -0.113857 -0.0127272 -0.12773 0.0204438 0.00617802 0.0257663 0.03177 -0.000451407 0.0350492 0.0523385 0.825728 -0.0263306 0.0108979 0.0214061 -0.0377558 0.0273801 -0.0259712 -0.0766146 0.0108188 -0.0196683 0.00463652 -0.00933496 0 0.00413724 0 -0.0236461 0.016425 -0.00889647 0.0316495 0 -0.0294894 0 0.014872 0 5.49731e-06 0.0224993 -0.00144779 0 0 0.00147146 0 0 0 0.00103452 -0.0530093 -0.0492706 -0.0136853 -0.0283099 -0.00624004 0.053933 -0.0155916 0.00780015 0 0 -0.00326065 0 0 0 -0.0159654 -0.00759105 0.00168811 0.00391537 0.00399952 0.0181497 0 0
-0.0793489 -0.0292727 0.041487 -0.0254687 0.0198975 0.0120565 -0.0154268 0.0428257 0.0306137 -0.0663192 -0.000416147 -0.0263306 0.789472 -0.0551166 0.0601382 -0.0180706 -0.0382634 -0.0685232 -0.0372326 -0.00335603 -0.0284583 0.00156721 -0.0163619 0 -0.0263267 0 -0.0607774 0.0340543 0.0103424 0.0155919 -0.0206807 -0.0139088 0.00244255 0.0212153 0.00204433 -0.043151 0 -0.0361301 0.0592937 0 0.000612853 -0.0470921 0 -0.016018 0 0.0144999 -0.0386214 0 -0.0286384 -0.00901244 0 0.00526785 0.0181352 0.00161896 0.00168907 -0.0680221 0 -0.0115089 -0.00754898 0 0 0.000801326 0.00467233 0.000807155 0.00659182 0 0
-0.0564953 -0.0220697 -0.0409329 -0.013144 0.0312798 0.0113011 0.0237919 0.012833 -0.0359428 -0.130001 -0.0122931 0.0108979 -0.0551166 0.834153 0.0230453 0.0166488 -0.0530488 -0.0886493 -0.0371631 -0.00477492 -0.0260065 0 -0.0216454 -0.0053885 -0.0499883 0.00165475 -0.0802689 0.029378 0.00806942 0.011771 0 -0.0304401 0.00792717 0.0246586 0.00965349 -0.0611879 0 -0.00797362 0.0129404 -0.000665404 0.00200472 -0.0171066 0 -0.0191543 0 0.0307573 -0.0160608 0 -0.0272757 -0.00689212 0 0.00108419 0.0241359 0.00549478 0.0058184 -0.0460819 0 -0.0287502 -0.0249429 0 0 0.00778839 0.00694298 0.000247186 0.00343935 0 0
0.0286684 0.0209518 -0.0119425 0.0291547 -0.0134906 -0.00855774 -0.00955046 -0.0155359 -0.0147806 0.0246691 -0.00572897 0.0214061 0.0601382 0.0230453 0.91308 0.0065511 0.0248419 0.0268206 0.0182008 0 0.0158964 0 0.00908 0 0.0418717 0 0.0263533 -0.0140433 -0.00092877 -0.0326432 0.0141526 0.0136035 0 -0.0525017 -0.000844064 0.0185779 0 0.00259459 0 0 0 0.00679024 0 0.00712189 0 0.00218391 0.0209238 0 0.0140537 0 -0.0262171 0.00286966 0.00513207 0 0 0.0150324 0 0.00390024 -0.00418146 0 0 -8.09902e-05 -0.000485962 0 -0.00145433 0 0
-0.038646 -0.0754683 0.0303892 -0.0780839 0.0165437 -0.0173967 0.0506793 0.0121428 0 0.0285212 0.0415274 -0.0377558 -0.0180706 0.0166488 0.0065511 0.785648 0.0429008 0.00456297 -0.0668283 0.0969642 -0.0387875 0.0316704 0 -0.0159987 -0.0060572 -0.0555488 -0.00110651 0.0133684 0.0336675 0.000175186 8.50807e-05 0 0 0 -0.0415814 -0.00670182 0.0228179 0 0.01234 0.0107127 0.0749739 0.054475 0.0528488 -0.00146942 0.0329091 -0.0774973 -0.0564007 -0.00737153 -0.00637512 -0.0984069 -0.0147672 -0.0178444 0.0117845 0.000511425 -0.00695109 0 -0.0213023 0.0368197 -0.0946889 0 0 0 0 0.000244513 0 0 0
-0.018795 0.0202025 -0.074546 0.0218975 0.0482827 0.0121082 0.0180627 0.0260907 -0.0346986 -0.056813 -0.0587498 0.0273801 -0.0382634 -0.0530488 0.0248419 0.0429008 0.743793 -0.0497875 -0.0173318 -0.0718642 -0.0346394 -0.0217939 -0.0123671 -0.0248793 -0.0213089 0.0214828 -0.0498298 0.0107232 0 0.0110237 -0.0142679 -0.0511894 0.015211 0.0450158 0.0287526 -0.0355677 -0.0764013 -0.0160731 0 -0.0305114 0 -0.0174655 0 -0.0150892 0 0 0.00671401 0.0354943 -0.0256675 0.062061 0.00949249 0 0.0109826 0 0.0202959 -0.0348857 0 -0.0372096 0.0137449 0 0 0.00534214 0.0085834 0 0.000876376 0 0
-0.0361989 0.0246023 0.0257263 -0.0191784 0.0262418 0.0590017 0.0122813 0.020561 -0.0340549 -0.105164 -0.00448775 -0.0259712 -0.0685232 -0.0886493 0.0268206 0.00456297 -0.0497875 0.820404 -0.0332958 -0.0337988 -0.0275214 -0.00688413 -0.0284345 0 -0.0334997 0.0195212 -0.119327 0.0283324 0 0.0750993 -0.00226736 -0.057284 0.0240833 0.0452549 0.0118447 -0.0512986 0 -0.000664102 0.00219696 -0.00315529 0 -0.0187876 0 -0.0140688 -6.88916e-06 0 0.018399 0 -0.0423967 0.0216011 0.0147124 -0.00400575 -0.015679 0 0.00602307 -0.0362462 0.0250501 -0.0265791 0.0362739 0 0 0.00638484 0.0213995 0 0.0192939 0 0
-0.0475553 -0.0383565 0.0076536 -0.068844 0.0236436 0.00585673 0.0180088 0.0219461 -0.00162415 -0.0169487 0.0202688 -0.0766146 -0.0372326 -0.0371631 0.0182008 -0.0668283 -0.0173318 -0.0332958 0.816517 0.00512369 -0.0391787 0.00143306 0.00556097 -0.0135389 -0.0151805 0 -0.0279548 0.0211843 -0.0238483 0.0138252 0 -0.0115 0.00325991 0.0150866 0 0.0020646 0 -0.00334387 0.0604889 -0.00126003 0.00582195 -0.0040967 0 -0.00585572 0.00121649 -0.0140555 -0.041633 0.0114325 -0.0317069 -0.0359519 0 -0.00935656 0.0156608 0 0 -0.0501984 0 -0.00194924 -0.0246171 -0.0032268 0 0 0.000936216 0 0.000854675 0 0
0 0.0411909 -0.0382017 0.0401867 0.00106156 0.0216795 0 0 -0.0170726 -0.0240186 -0.0100162 0.0108188 -0.00335603 -0.00477492 0 0.0969642 -0.0718642 -0.0337988 0.00512369 0.823391 0.0050386 -0.0333807 -0.000999825 0.00421841 0 0.0347681 0.00726969 -0.00736574 -0.02598 0 0 -0.0235591 0.0222862 0.0135403 0.0321809 0 -0.00926403 -0.00423514 -0.0275887 -0.0147876 -0.0167291 -0.0272786 -0.00144108 0 -0.000496125 0.0261633 0.0462583 0.0119446 0 0.0926093 0.0295254 0.00652165 -0.00221648 0 0.00391536 -0.00513396 0.00872468 -0.049376 0.0746014 0 -0.000356014 0 0 0 0 0 0
-0.0179831 -0.00728961 0.0351707 -0.0394531 0.018262 0 0.022417 0.0062794 0.0311868 -0.0299226 -0.0284313 -0.0196683 -0.0284583 -0.0260065 0.0158964 -0.0387875 -0.0346394 -0.0275214 -0.0391787 0.0050386 0.804127 0.00184617 0 -0.11306 -0.0837695 0 -0.0311604 0.0167375 0.00142744 0.00436676 0 0 0 0.010753 0 0.0167458 -0.0435905 -0.00331245 0.0348515 0 0.00132516 -0.000339616 0 -0.0281164 0.0351998 -0.00672074 -0.0233413 0.00886862 -0.106753 -0.00565919 0 -0.0412474 -0.00792884 0 0 -0.00140649 0 0 -0.0216626 0 0.0365648 7.13448e-05 0 -0.00667371 0.00044296 0 0
0.0219681 0.0451384 -0.0248074 0.00988473 0 0 0 0 -0.00701027 -0.00702929 0 0.00463652 0.00156721 0 0 0.0316704 -0.0217939 -0.00688413 0.00143306 -0.0333807 0.00184617 0.894887 0 0 0 0.00294802 0 0 -0.0663622 0 0 -0.0106827 0 0 0.0273027 0 -0.0125868 0 -0.00592937 -0.0165417 -0.0109534 -0.0114321 0 0 0 0.000537036 0.0294903 0.051697 0 0.0587461 0.0107522 0 -0.000570459 0 0.00793366 0 7.30104e-05 -0.0122771 0.0560517 0 0 0 0 0 0 0 0
-0.0139091 -0.00181378 -0.00956892 -0.00597799 0.00844528 0.00726318 0.00536536 0.0147044 -0.011099 -0.0198973 0.0559074 -0.00933496 -0.0163619 -0.0216454 0.00908 0 -0.0123671 -0.0284345 0.00556097 -0.000999825 0 0 0.819836 0.043983 -0.00324715 0.00817431 -0.0211774 0.00732838 0 0.0323615 -0.00105555 -0.0522917 0.000589173 0.0281419 0.00260819 -0.0182103 0.0535596 -0.00175025 -0.00636341 0 -0.0133595 -0.0166879 0 0 -0.0496937 0 -0.00445936 -0.020306 0.00664925 0.00811624 0.0213536 0 0 0 0 -0.011812 0.000429754 -0.00527195 0.0552412 0 -0.015949 0 0.000426075 0.00204309 0.000838653 0 0
-0.00561279 -0.0106783 0 0 0.00702098 -0.0199837 0.0178264 -0.0153056 0 -0.0137732 -0.125129 0 0 -0.0053885 0 -0.0159987 -0.0248793 0 -0.0135389 0.00421841 -0.11306 0 0.043983 0.834531 -0.0112995 -0.0118741 -0.00537317 0.00142071 0 -0.0724786 0 0.0267024 0 0 0 0 -0.0481741 0 0.0036608 0.0044367 0.00841072 0 0 0 0.052328 -0.000466467 0 0.0218402 -0.0299701 -0.00455344 -0.0129928 0 0.0049399 0 0 0 -0.00290558 0.00613898 -0.0689566 0 0.0185012 0 0 0 0 0.00187318 0
0.0108687 0.0414543 -0.00167204 -0.0126962 0.0106437 0.000757989 0.00898519 0.00795976 -0.0104649 -0.0730652 -0.0236896 0.00413724 -0.0263267 -0.0499883 0.0418717 -0.0060572 -0.0213089 -0.0334997 -0.0151805 0 -0.0837695 0 -0.00324715 -0.0112995 0.835001 0 -0.0369381 0.0155997 0.000385537 0.00532057 0 0.049065 0 0.00917819 0.000913971 -0.04258 0 -0.018877 0.0328487 0 0 -0.00604316 0 -0.0853677 0.000798308 -0.000308898 -0.0232473 0.000970726 -0.0363465 0 0 -0.0094168 -0.00794154 0.00658572 0 -0.015287 0 -0.00361943 0 0 0.0391897 0.00155409 0 0 0.000528607 0.00985338 0
-0.0117192 -0.00266692 0.0488872 0 -0.00108796 -0.00289435 0 0 0.00794339 0.00526324 0.00588396 0 0 0.00165475 0 -0.0555488 0.0214828 0.0195212 0 0.0347681 0 0.00294802 0.00817431 -0.0118741 0 0.884074 0.00308598 0 0.012216 -0.000852658 0.0184276 0.0240983 -0.00601353 -0.00737214 -0.0208706 0.000138669 0.0128318 0 0.0284175 0.00712154 0.000712266 0.00215083 0 0 0.0240806 0 -0.0128285 0 1.42278e-05 -0.0588406 -0.0185576 0 0.00293584 0 0 0 -0.0253738 0.00670981 -0.0564645 -0.000213543 0 0 0 0 0 0 0
-0.063167 -0.00823855 -0.0464282 -0.012539 0.0201801 0.0123526 0.0263944 0.0316359 -0.04158 -0.118607 0 -0.0236461 -0.0607774 -0.0802689 0.0263533 -0.00110651 -0.0498298 -0.119327 -0.0279548 0.00726969 -0.0311604 0 -0.0211774 -0.00537317 -0.0369381 0.00308598 0.831963 0.0329806 0.0100754 0.0130079 0 -0.0130304 0.00554926 0.0246194 0.00903784 -0.113015 0 -0.00878413 0.00801014 0 0.00322107 -0.0122857 -0.0140687 -0.0201179 0 0.0164568 -0.00989068 0 -0.0396637 -0.00855973 0 0.00506435 0.0235017 0.00606284 0.00550967 -0.0382109 0 -0.0258931 0 0 0 0.00744279 0.00818088 0.00101079 0.00642385 0 0
0.102973 0.0210347 0.00253106 0.0218209 -0.00143295 -0.00388216 -0.00827689 -0.0133912 0.00544751 0.0299358 -0.00255012 0.016425 0.0340543 0.029378 -0.0140433 0.0133684 0.0107232 0.0283324 0.0211843 -0.00736574 0.0167375 0 0.00732838 0.00142071 0.0155997 0 0.0329806 0.919475 -0.0026512 -0.00817641 -0.0110045 -0.00200609 0 -0.0205073 -0.000664573 0.0221543 0 0.00391627 -0.0138671 0 0 0.00591757 0.0122175 0.00839638 -0.000429824 0.00511994 0.0177116 0 0.0173954 0.00632391 0 0.00395022 -0.00494458 0 -0.0016918 0.0176009 0 -0.00284444 0.00220185 0 0 0 -0.00181658 0 -0.000371992 0 0
0.0393881 0.0674444 0.00236018 -0.00275505 -0.00450272 0 -0.00541044 -0.0057714 0.00237032 0.00616531 0 -0.00889647 0.0103424 0.00806942 -0.00092877 0.0336675 0 0 -0.0238483 -0.02598 0.00142744 -0.0663622 0 0 0.000385537 0.012216 0.0100754 -0.0026512 0.89485 0 0 0 0 0 0.0132052 0.00997097 -0.0162484 0 -0.00195027 -0.00619208 -0.0277163 0 -0.0070175 0 0 0.00135461 0.00979136 0.0363555 0 0.0595231 0.0279719 0 -0.0066132 -0.0274421 0.00372463 0.0026884 0.0117796 0 0.0580971 0 0 0 0 0 0 0 0
0.00520672 0.00349306 -0.0203831 0.0481604 -0.00619435 -0.0226793 -0.00539001 -0.0136697 -0.0115117 0.00663786 -0.0901777 0.0316495 0.0155919 0.011771 -0.0326432 0.000175186 0.0110237 0.0750993 0.0138252 0 0.00436676 0 0.0323615 -0.0724786 0.00532057 -0.000852658 0.0130079 -0.00817641 0 0.892869 0.0169579 0.0289987 -0.000614162 -0.0195941 0 0.0108492 -0.0150783 0 0 0 0 0.00244583 0 0.00189571 0 0.00225925 0.0101616 0.00572541 0.00661805 0 -0.0375733 0.0061761 0 0.00766674 0 0.00921449 -0.0162588 0.00334033 -0.0773351 0.00160209 0.0164929 0 0 0 -0.00398923 0 0
0.0100789 0 -0.000542405 0 0.000151867 0 -0.011977 0.00184551 0 0 0 0 -0.0206807 0 0.0141526 8.50807e-05 -0.0142679 -0.00226736 0 0 0 0 -0.00105555 0 0 0.0184276 0 -0.0110045 0 0.0169579 0.727174 -0.0129927 0 0 0 -0.000187859 0 0 0 -0.00714901 0 -0.00208838 0.032508 0 0 0 0 0 0 0.0253554 0.0124692 0 0 0 0 0 0.0126188 0 0.0301268 0 -0.000351113 0 0 0 0 0 0
-0.0188961 -0.071329 -0.133223 0.00132264 0.0221278 0.0233894 0.0413833 0.0546259 -0.0844426 0.0499037 0.0663264 -0.0294894 -0.0139088 -0.0304401 0.0136035 0 -0.0511894 -0.057284 -0.0115 -0.0235591 0 -0.0106827 -0.0522917 0.0267024 0.049065 0.0240983 -0.0130304 -0.00200609 0 0.0289987 -0.0129927 0.776231 0.00881704 0.015317 0.0210815 -0.00641237 0.0437061 -0.00551045 -0.108926 -0.0145493 0 -0.00483853 0 0 0 -0.0143895 0.0203297 0 0.00597462 0.0378778 0.0338118 0 0.006177 0 0.00264589 -0.00358061 0 -0.0226788 0.0584865 -0.0118914 -0.0983762 0.0159182 0.0101077 0.041708 0.00819087 0 -0.00109024
0.000743677 0 0.0105013 0 -0.0068877 -0.000474265 -0.00015674 -0.000331179 0.00155811 0.0072734 0 0 0.00244255 0.00792717 0 0 0.015211 0.0240833 0.00325991 0.0222862 0 0 0.000589173 0 0 -0.00601353 0.00554926 0 0 -0.000614162 0 0.00881704 0.898486 0 0 0.00300909 0 0 0 0.00213355 0 0 0 0 0 0 0 0 0 0 0 0 -0.000328059 0 0 0 0 0.00985878 0 0 0 0 0 0 0 0 0
0.0214106 -0.00919384 0.00244931 0.0144147 -0.00739754 -0.00994176 -0.00279101 -0.0139551 0.00253322 0.0245404 -0.00130212 0.014872 0.0212153 0.0246586 -0.0525017 0 0.0450158 0.0452549 0.0150866 0.0135403 0.010753 0 0.0281419 0 0.00917819 -0.00737214 0.0246194 -0.0205073 0 -0.0195941 0 0.015317 0 0.898952 -0.00465151 0.0362712 0 0.000198978 0 0 0 0.0157374 0.0072024 0.0193171 0 0 0.00995448 0 0.0134577 -0.0214476 -0.00844405 8.46646e-05 0.00547692 0 -0.00200763 0.0173959 0 0.00482779 -0.0216196 0 0 0 -0.000809995 0 -0.00117003 0 0
0 0 0.0676172 0 -0.00148454 -0.00161498 0 -0.00104669 0.0130055 0.0155951 0.00381383 0 0.00204433 0.00965349 -0.000844064 -0.0415814 0.0287526 0.0118447 0 0.0321809 0 0.0273027 0.00260819 0 0.000913971 -0.0208706 0.00903784 -0.000664573 0.0132052 0 0 0.0210815 0 -0.00465151 0.921584 0.00697916 0.0113388 0 0.0112246 0.00366932 0.00493564 0.0185332 0.00753542 0 0 0 0 -0.00755738 0.00421163 -0.0533208 -0.00394342 0 0 0 -0.000711118 0.00539293 -0.012239 0.00777171 -0.0418779 0 0 -0.0144387 -0.00165543 0 0 0 0
-0.0387033 -0.00187439 -0.0400136 -0.0199218 0.022357 0.00809766 0.0165238 0.0249217 -0.045914 -0.100649 0 5.49731e-06 -0.043151 -0.0611879 0.0185779 -0.00670182 -0.0355677 -0.0512986 0.0020646 0 0.0167458 0 -0.0182103 0 -0.04258 0.000138669 -0.113015 0.0221543 0.00997097 0.0108492 -0.000187859 -0.00641237 0.00300909 0.0362712 0.00697916 0.861829 0 -0.00499623 0.0026197 -0.000428332 0.00269226 -0.00970412 0 -0.00947761 0 0.0163825 -0.0174429 0 -0.0238335 -0.00280495 0 0 0.0179261 0.00233846 0.00490177 -0.0274218 0 -0.0145929 0 0 0 0.00281107 0.00534689 0.000778705 0.00316467 0 0
0.00287226 0.0255799 -0.0112759 0.00298895 0 0 -0.000608927 -0.0111414 0 -0.0131998 -0.134288 0.0224993 0 0 0 0.0228179 -0.0764013 0 0 -0.00926403 -0.0435905 -0.0125868 0.0535596 -0.0481741 0 0.0128318 0 0 -0.0162484 -0.0150783 0 0.0437061 0 0 0.0113388 0 0.841605 0 0 0 -0.00252374 -0.00482988 -0.018119 0 0.0152267 0.000608884 0.0123806 0.0661304 -0.0422292 0.044739 0 0 0 0 0.0222533 0 0 0 0 0.0174775 0.0375351 0 0 -0.0292695 0 0.00227721 0
-0.0111941 0.0103245 -0.0167543 0 0.00689054 0.00128979 0.00297901 0.0031864 -0.004208 -0.00716485 0 -0.00144779 -0.0361301 -0.00797362 0.00259459 0 -0.0160731 -0.000664102 -0.00334387 -0.00423514 -0.00331245 0 -0.00175025 0 -0.018877 0 -0.00878413 0.00391627 0 0 0 -0.00551045 0 0.000198978 0 -0.00499623 0 0.818388 0.00918635 -0.0145317 0.000531426 -0.00612912 0 -0.0807428 0.000277073 0 -0.00311726 0 -0.0032087 0 0 0 0.000462605 0.000114798 0 -0.00275925 0 -0.00170756 0 0 0 0 0 0 0 0 0
0.0416947 0 -0.0949488 0.00356705 0 0 0.0523768 0.024546 -0.0217579 0.0201483 0.0174581 0 0.0592937 0.0129404 0 0.01234 0 0.00219696 0.0604889 -0.0275887 0.0348515 -0.00592937 -0.00636341 0.0036608 0.0328487 0.0284175 0.00801014 -0.0138671 -0.00195027 0 0 -0.108926 0 0 0.0112246 0.0026197 0 0.00918635 0.823454 0 0 0.0327993 0 0.0246136 -0.00269706 0 0.0273435 0 0.00166457 0.0582966 0.0325538 0 -0.0120345 -0.00571794 0 0.0301255 9.05018e-05 0 0.0732591 0 -0.0719293 0.0188472 0 0 0 0 0
0 0 -0.0168187 0 0.0219982 0.0047765 0 0 -0.00107581 -0.000660542 0 0 0 -0.000665404 0 0.0107127 -0.0305114 -0.00315529 -0.00126003 -0.0147876 0 -0.0165417 0 0.0044367 0 0.00712154 0 0 -0.00619208 0 -0.00714901 -0.0145493 0.00213355 0 0.00366932 -0.000428332 0 -0.0145317 0 0.89458 0 0 0 -0.00318515 0 0 0.00837256 0.0250652 0 0.00729077 0.0050229 0 0.000176844 0 0 0 0 -0.0117995 0.0154007 0 0 0 0 0 0 0 0
0.00650205 0.026919 0.0138428 0.00331593 -0.00808652 0 -0.00433675 -0.00168189 6.59469e-05 0 0 0.00147146 0.000612853 0.00200472 0 0.0749739 0 0 0.00582195 -0.0167291 0.00132516 -0.0109534 -0.0133595 0.00841072 0 0.000712266 0.00322107 0 -0.0277163 0 0 0 0 0 0.00493564 0.00269226 -0.00252374 0.000531426 0 0 0.901118 -0.0265544 -0.0024724 0 0 0.0121364 0.0159408 0 0 0.0390874 0.00281735 0 -0.011427 0 0 -0.0226137 0.0110385 0 0.0372256 0 0 0 0 0 0 0 0
-0.0131747 0.0521525 0.00615816 0 0.00453542 0.0112212 0 0.00472316 -0.0052164 -0.0372814 0 0 -0.0470921 -0.0171066 0.00679024 0.054475 -0.0174655 -0.0187876 -0.0040967 -0.0272786 -0.000339616 -0.0114321 -0.0166879 0 -0.00604316 0.00215083 -0.0122857 0.00591757 0 0.00244583 -0.00208838 -0.00483853 0 0.0157374 0.0185332 -0.00970412 -0.00482988 -0.00612912 0.0327993 0 -0.0265544 0.880714 -0.00493998 -0.00203735 0 0.0331916 -0.000420767 0 -0.0022488 0.0358784 0 0 0 0 0.000842063 -0.0935041 0.00660687 -0.00455019 0.029272 0 0 0 0.000346348 0 0 0 0
0 0.0106757 -0.00041274 0 -0.0120984 0.000603198 0 -0.000111821 0 -0.00541649 -0.00667207 0 0 0 0 0.0528488 0 0 0 -0.00144108 0 0 0 0 0 0 -0.0140687 0.0122175 -0.0070175 0 0.032508 0 0 0.0072024 0.00753542 0 -0.018119 0 0 0 -0.0024724 -0.00493998 0.892236 -0.00382783 0 0.00206071 0 0 -0.0293514 0.0163513 0 0 0 0 0 0 0 0 0.0127705 0 0.0320014 0 0 0 0 0 0
-0.0130391 0 0 -0.00556317 0.007061 0.00212807 0.00385396 0.00357706 0.0217874 -0.0180393 0 0 -0.016018 -0.0191543 0.00712189 -0.00146942 -0.0150892 -0.0140688 -0.00585572 0 -0.0281164 0 0 0 -0.0853677 0 -0.0201179 0.00839638 0 0.00189571 0 0 0 0.0193171 0 -0.00947761 0 -0.0807428 0.0246136 -0.00318515 0 -0.00203735 -0.00382783 0.879786 0 0 -0.00754238 0 -0.00869734 0 0 -0.00897257 0 6.77332e-05 0 -0.00695213 0 -0.00301827 0 0 0.0289763 0 0 0 0 0 0
0 0.002039 0 0.00407725 0 0.00825126 -0.00334146 0 0 0 0 0.00103452 0 0 0 0.0329091 0 -6.88916e-06 0.00121649 -0.000496125 0.0351998 0 -0.0496937 0.052328 0.000798308 0.0240806 0 -0.000429824 0 0 0 0 0 0 0 0 0.0152267 0.000277073 -0.00269706 0 0 0 0 0 0.88312 0.0265246 0.00405362 -0.00865519 0.0201756 0.00176437 0 0.0150645 0 0 0 0 0 -0.0363582 0.0195535 0 -0.00185104 0 0 0 0 0 0
-0.0122649 -0.0865856 -0.0143425 -0.0436754 0.00840912 0 0.0713224 0.0093656 0.000921181 0 0.0290855 -0.0530093 0.0144999 0.0307573 0.00218391 -0.0774973 0 0 -0.0140555 0.0261633 -0.00672074 0.000537036 0 -0.000466467 -0.000308898 0 0.0164568 0.00511994 0.00135461 0.00225925 0 -0.0143895 0 0 0 0.0163825 0.000608884 0 0 0 0.0121364 0.0331916 0.00206071 0 0.0265246 0.905758 -0.026287 0 -0.00742248 -0.0104366 0 -0.0280658 0.00178157 0 0 0 0 0 -0.0118446 0 -0.00031879 0 0 0.000493831 0 0 0
-0.041699 -0.0533209 0.00301941 -0.0760315 0.0239647 0 0.0226676 0.0425888 0.00679535 -0.0165103 0.037426 -0.0492706 -0.0386214 -0.0160608 0.0209238 -0.0564007 0.00671401 0.018399 -0.041633 0.0462583 -0.0233413 0.0294903 -0.00445936 0 -0.0232473 -0.0128285 -0.00989068 0.0177116 0.00979136 0.0101616 0 0.0203297 0 0.00995448 0 -0.0174429 0.0123806 -0.00311726 0.0273435 0.00837256 0.0159408 -0.000420767 0 -0.00754238 0.00405362 -0.026287 0.856031 -0.0107016 -0.0143927 -0.0376358 0 -0.0247627 0.01111 0 0 -0.0147534 -0.000967522 0 -0.0140447 0 0 0 0 0 0.00167761 0 0
-0.00515736 -0.00858839 0.0262679 -0.00555432 0 0 0 0.00544707 0.00580746 0.00123701 0.0628397 -0.0136853 0 0 0 -0.00737153 0.0354943 0 0.0114325 0.0119446 0.00886862 0.051697 -0.020306 0.0218402 0.000970726 0 0 0 0.0363555 0.00572541 0 0 0 0 -0.00755738 0 0.0661304 0 0 0.0250652 0 0 0 0 -0.00865519 0 -0.0107016 0.899218 0.00498377 -0.0115276 0 0 -0.01818 0 -0.00231893 0 0 0 0 -0.00271278 -0.00773213 0 0 0 0 0 0
-0.0143325 -0.0206994 -0.0230722 -0.0386296 0.0145773 0.00428787 0.0198778 -0.000531419 -0.0141593 -0.0362657 -0.017448 -0.0283099 -0.0286384 -0.0272757 0.0140537 -0.00637512 -0.0256675 -0.0423967 -0.0317069 0 -0.106753 0 0.00664925 -0.0299701 -0.0363465 1.42278e-05 -0.0396637 0.0173954 0 0.00661805 0 0.00597462 0 0.0134577 0.00421163 -0.0238335 -0.0422292 -0.0032087 0.00166457 0 0 -0.0022488 -0.0293514 -0.00869734 0.0201756 -0.00742248 -0.0143927 0.00498377 0.872356 0 0.00569313 -0.00362395 0.00149894 0 0.00229445 0.00201594 0 -0.000929381 0 0 0 0.00424424 0.00179374 0 0.00171321 0 0
-0.0564481 -0.0663205 0.0441758 -0.0517338 0.00334017 -0.0105891 0.00408807 0.00367636 0.0203108 0 0.00938337 -0.00624004 -0.00901244 -0.00689212 0 -0.0984069 0.062061 0.0216011 -0.0359519 0.0926093 -0.00565919 0.0587461 0.00811624 -0.00455344 0 -0.0588406 -0.00855973 0.00632391 0.0595231 0 0.0253554 0.0378778 0 -0.0214476 -0.0533208 -0.00280495 0.044739 0 0.0582966 0.00729077 0.0390874 0.0358784 0.0163513 0 0.00176437 -0.0104366 -0.0376358 -0.0115276 0 0.854812 -0.0534969 -0.000246977 0.0647115 0.00132518 -0.00119437 0 -0.0506822 0.0135232 -0.119383 -0.00333074 0.00588269 -0.012263 0 0 0 0 0
0 0 -0.00354481 0.0239075 0 -0.0100715 -0.0113221 -0.0159218 -0.00268795 0 -0.0435231 0.053933 0 0 -0.0262171 -0.0147672 0.00949249 0.0147124 0 0.0295254 0 0.0107522 0.0213536 -0.0129928 0 -0.0185576 0 0 0.0279719 -0.0375733 0.0124692 0.0338118 0 -0.00844405 -0.00394342 0 0 0 0.0325538 0.0050229 0.00281735 0 0 0 0 0 0 0 0.00569313 -0.0534969 0.893148 0.0200887 0.0760513 0.00904913 0 0 -0.0169278 0.00122026 -0.107931 0 0.0225448 -0.00174512 0 0 -0.000178786 0 0
-0.00547126 0.00365785 0 -0.0497754 0.00857078 0 0.0320823 0.00104922 0 -0.00229144 0.00399577 -0.0155916 0.00526785 0.00108419 0.00286966 -0.0178444 0 -0.00400575 -0.00935656 0.00652165 -0.0412474 0 0 0 -0.0094168 0 0.00506435 0.00395022 0 0.0061761 0 0 0 8.46646e-05 0 0 0 0 0 0 0 0 0 -0.00897257 0.0150645 -0.0280658 -0.0247627 0 -0.00362395 -0.000246977 0.0200887 0.9001 0 0 0 0 0 0 0 0 0 0 0 0 0 0 0
0.0626238 0.0406979 0.0596769 -0.0251783 -0.0253897 0 -0.00664814 -0.00932268 0.0454817 0.0187189 0 0.00780015 0.0181352 0.0241359 0.00513207 0.0117845 0.0109826 -0.015679 0.0156608 -0.00221648 -0.00792884 -0.000570459 0 0.0049399 -0.00794154 0.00293584 0.0235017 -0.00494458 -0.0066132 0 0 0.006177 -0.000328059 0.00547692 0 0.0179261 0 0.000462605 -0.0120345 0.000176844 -0.011427 0 0 0 0 0.00178157 0.01111 -0.01818 0.00149894 0.0647115 0.0760513 0 0.880466 -0.00121134 0 0.0118469 0.0483638 0.00446324 0.090924 0 -0.0310369 0 -0.00106321 0 0 0 0
0.00291057 0 0 0 0 0 0 0 0 0.0106861 0.0209592 0 0.00161896 0.00549478 0 0.000511425 0 0 0 0 0 0 0 0 0.00658572 0 0.00606284 0 -0.0274421 0.00766674 0 0 0 0 0 0.00233846 0 0.000114798 -0.00571794 0 0 0 0 6.77332e-05 0 0 0 0 0 0.00132518 0.00904913 0 -0.00121134 0.901108 0 0.00100342 0 0 0.0222894 0 -0.00186181 0 0 0 0 0 0
0 0 0.0239769 0 -0.00103209 0 0 0 0.0108718 0.0067757 0.00362862 0 0.00168907 0.0058184 0 -0.00695109 0.0202959 0.00602307 0 0.00391536 0 0.00793366 0 0 0 0 0.00550967 -0.0016918 0.00372463 0 0 0.00264589 0 -0.00200763 -0.000711118 0.00490177 0.0222533 0 0 0 0 0.000842063 0 0 0 0 0 -0.00231893 0.00229445 -0.00119437 0 0 0 0 0.929972 0.00014156 0 0 -0.000126801 0 0 0 0 0 0 0 0
-0.0707762 0.0174857 -0.00542862 -0.00154701 0.0110493 0.00736419 -0.0291846 0.0183227 -0.0149032 -0.0535319 0 -0.00326065 -0.0680221 -0.0460819 0.0150324 0 -0.0348857 -0.0362462 -0.0501984 -0.00513396 -0.00140649 0 -0.011812 0 -0.015287 0 -0.0382109 0.0176009 0.0026884 0.00921449 0 -0.00358061 0 0.0173959 0.00539293 -0.0274218 0 -0.00275925 0.0301255 0 -0.0226137 -0.0935041 0 -0.00695213 0 0 -0.0147534 0 0.00201594 0 0 0 0.0118469 0.00100342 0.00014156 0.877513 0 -0.0103041 0 0 0 6.93192e-05 0.00382368 0 0.00131203 0 0
-0.0121122 -0.00982328 0 0 0.00878872 -0.00243515 0 0 0 0 0 0 0 0 0 -0.0213023 0 0.0250501 0 0.00872468 0 7.30104e-05 0.000429754 -0.00290558 0 -0.0253738 0 0 0.0117796 -0.0162588 0.0126188 0 0 0 -0.012239 0 0 0 9.05018e-05 0 0.0110385 0.00660687 0 0 0 0 -0.000967522 0 0 -0.0506822 -0.0169278 0 0.0483638 0 0 0 0.901495 0 -0.0565956 0 0 0 0 0 0 0 0
-0.0126021 0.0119783 -0.0447075 0 0.00921774 0.0119109 0.00543536 0.00925319 -0.0225198 -0.0265847 0 0 -0.0115089 -0.0287502 0.00390024 0.0368197 -0.0372096 -0.0265791 -0.00194924 -0.049376 0 -0.0122771 -0.00527195 0.00613898 -0.00361943 0.00670981 -0.0258931 -0.00284444 0 0.00334033 0 -0.0226788 0.00985878 0.00482779 0.00777171 -0.0145929 0 -0.00170756 0 -0.0117995 0 -0.00455019 0 -0.00301827 -0.0363582 0 0 0 -0.000929381 0.0135232 0.00122026 0 0.00446324 0 0 -0.0103041 0 0.885549 0.0212164 0 0 0 0.00109836 0 0 0 0
-0.0570177 -0.0417303 0.0440422 0.0030275 0.00284643 -0.0457272 0 0 -0.00119119 0 -0.0548625 0 -0.00754898 -0.0249429 -0.00418146 -0.0946889 0.0137449 0.0362739 -0.0246171 0.0746014 -0.0216626 0.0560517 0.0552412 -0.0689566 0 -0.0564645 0 0.00220185 0.0580971 -0.0773351 0.0301268 0.0584865 0 -0.0216196 -0.0418779 0 0 0 0.0732591 0.0154007 0.0372256 0.029272 0.0127705 0 0.0195535 -0.0118446 -0.0140447 0 0 -0.119383 -0.107931 0 0.090924 0.0222894 -0.000126801 0 -0.0565956 0.0212164 0.814669 0 0.0428133 -0.00140037 0 0 -0.000651526 0 0
0 -0.000379731 0.0271498 -0.00790571 0 0 0 0.00152032 0 0.00266331 0.0537904 -0.0159654 0 0 0 0 0 0 -0.0032268 0 0 0 0 0 0 -0.000213543 0 0 0 0.00160209 0 -0.0118914 0 0 0 0 0.0174775 0 0 0 0 0 0 0 0 0 0 -0.00271278 0 -0.00333074 0 0 0 0 0 0 0 0 0 0.924244 -0.0121355 0 0 0 0 0 0
0 -0.0242819 -0.0225033 0 0 0.000668732 0.0165819 0.053584 -0.00224776 0.0322636 0.0672846 -0.00759105 0 0 0 0 0 0 0 -0.000356014 0.0365648 0 -0.015949 0.0185012 0.0391897 0 0 0 0 0.0164929 -0.000351113 -0.0983762 0 0 0 0 0.0375351 0 -0.0719293 0 0 0 0.0320014 0.0289763 -0.00185104 -0.00031879 0 -0.00773213 0 0.00588269 0.0225448 0 -0.0310369 -0.00186181 0 0 0 0 0.0428133 -0.0121355 0.898981 0 0 0.00942292 0 -0.0218503 0
0.000130417 0.00182486 0.0253636 0 -8.50376e-05 0 -0.0112126 0 0.00632205 0.00737193 0 0.00168811 0.000801326 0.00778839 -8.09902e-05 0 0.00534214 0.00638484 0 0 7.13448e-05 0 0 0 0.00155409 0 0.00744279 0 0 0 0 0.0159182 0 0 -0.0144387 0.00281107 0 0 0.0188472 0 0 0 0 0 0 0 0 0 0.00424424 -0.012263 -0.00174512 0 0 0 0 6.93192e-05 0 0 -0.00140037 0 0 0.925637 0 0 0 0 0
0.00459953 0.00267386 0.0314188 0 -0.000817547 0 0 -0.000554229 0.00556982 0.0132139 0 0.00391537 0.00467233 0.00694298 -0.000485962 0 0.0085834 0.0213995 0.000936216 0 0 0 0.000426075 0 0 0 0.00818088 -0.00181658 0 0 0 0.0101077 0 -0.000809995 -0.00165543 0.00534689 0 0 0 0 0 0.000346348 0 0 0 0 0 0 0.00179374 0 0 0 -0.00106321 0 0 0.00382368 0 0.00109836 0 0 0 0 0.966563 0 0 0 0
0.00316014 0.00636782 0.017794 0 0 0 -0.000906405 -0.0021294 0.00212074 0 -0.0503391 0.00399952 0.000807155 0.000247186 0 0.000244513 0 0 0 0 -0.00667371 0 0.00204309 0 0 0 0.00101079 0 0 0 0 0.041708 0 0 0 0.000778705 -0.0292695 0 0 0 0 0 0 0 0 0.000493831 0 0 0 0 0 0 0 0 0 0 0 0 0 0 0.00942292 0 0 0.923729 0 0 0
0.00516254 0.00650634 0.00123149 0.00307629 0 -0.000826894 -0.000996986 -0.00548816 -7.40727e-06 0.00483202 -0.00135227 0.0181497 0.00659182 0.00343935 -0.00145433 0 0.000876376 0.0192939 0.000854675 0 0.00044296 0 0.000838653 0 0.000528607 0 0.00642385 -0.000371992 0 -0.00398923 0 0.00819087 0 -0.00117003 0 0.00316467 0 0 0 0 0 0 0 0 0 0 0.00167761 0 0.00171321 0 -0.000178786 0 0 0 0 0.00131203 0 0 -0.000651526 0 0 0 0 0 0.964338 0 0
-0.000213912 -0.0141276 0 0 0 0 0 0.0149256 0 0.0136716 0.0144995 0 0 0 0 0 0 0 0 0 0 0 0 0.00187318 0.00985338 0 0 0 0 0 0 0 0 0 0 0 0.00227721 0 0 0 0 0 0 0 0 0 0 0 0 0 0 0 0 0 0 0 0 0 0 0 -0.0218503 0 0 0 0 0.941246 0
0 0 -6.02799e-05 0 0 0 0 0 0 0 0.0243889 0 0 0 0 0 0 0 0 0 0 0 0 0 0 0 0 0 0 0 0 -0.00109024 0 0 0 0 0 0 0 0 0 0 0 0 0 0 0 0 0 0 0 0 0 0 0 0 0 0 0 0 0 0 0 0 0 0 0.940368