0.895736 0.0201501 -0.134467 -0.0514685 0.0148807 -0.0711119 -0.0248551 -0.0732673 0.0782981 -0.0772828 0.184989 -0.036907 -0.00752223 -0.0706426 0.0434836 0.113706 -1.27385e-06 0.0118915 -2.14529e-06 -1.54443e-06 0.0822402 -0.142026
0.0201501 1.0605 0.0903112 0.000484044 0.18829 -0.0148118 0.0789208 -0.0131071 0.0530525 -0.0316656 0.041586 -0.0231151 0.111594 -0.014712 -0.0713137 0.0840201 -5.57388e-07 0.135308 -1.29976e-06 2.26527e-07 0.153368 0.0335104
-0.134467 0.0903112 0.823542 -0.0426851 -0.108435 0.0783986 0.0785037 0.0532362 -0.0129892 -0.0808088 -0.0963986 -0.089931 -0.0386692 0.077886 -0.123747 0.031399 -2.30181e-06 0.046102 -2.04106e-06 -2.90237e-06 -0.101047 0.195414
-0.0514685 0.000484044 -0.0426851 0.411578 0.0970173 -0.0144416 -0.0471515 0.0248571 0.0617606 0.0329471 -0.0378728 0.0564297 -0.0834221 -0.0143487 0.170277 -0.0142903 -2.11632e-06 -0.0704491 2.48937e-06 1.01262e-06 0.12556 0.00531299
0.0148807 0.18829 -0.108435 0.0970173 0.804049 -0.146439 0.0103367 -0.0960833 0.0562132 0.0756369 0.167213 0.0415973 0.0607805 -0.145484 0.0192613 0.090163 -9.17005e-07 0.13882 2.24625e-06 1.92413e-06 0.290589 -0.0169566
-0.0711119 -0.0148118 0.0783986 -0.0144416 -0.146439 0.577446 0.0355889 0.24512 0.00870635 -0.139113 -0.100082 0.055221 -0.0869468 0.573674 0.0540393 -0.0714697 8.84836e-07 -0.0017692 -2.15312e-06 3.878e-07 -0.226487 0.156532
-0.0248551 0.0789208 0.0785037 -0.0471515 0.0103367 0.0355889 0.303817 0.065711 0.00203903 0.0410762 0.112144 -0.0250882 0.0260425 0.0353537 -0.0968844 0.0346573 -1.28343e-07 0.157035 -3.92424e-07 -3.50249e-07 -0.018184 0.101566
-0.0732673 -0.0131071 0.0532362 0.0248571 -0.0960833 0.24512 0.065711 0.44798 0.00888814 -0.0711906 -0.0669914 0.143124 -0.0502345 0.243516 0.0205998 -0.0348815 -4.27477e-07 0.0146245 1.19576e-06 -1.46038e-07 -0.0920073 0.282768
0.0782981 0.0530525 -0.0129892 0.0617606 0.0562132 0.00870635 0.00203903 0.00888814 0.717704 -0.185178 -0.00121032 0.016542 0.0473137 0.00864384 -0.0212818 0.00818456 -2.53485e-06 0.00889328 -2.7449e-07 1.05667e-06 0.135848 0.00579871
-0.0772828 -0.0316656 -0.0808088 0.0329471 0.0756369 -0.139113 0.0410762 -0.0711906 -0.185178 0.875086 0.146502 0.00831701 0.0467374 -0.138205 0.0513324 0.0148742 1.73344e-06 0.018629 -1.15249e-06 -2.62815e-08 0.107882 -0.0100462
0.184989 0.041586 -0.0963986 -0.0378728 0.167213 -0.100082 0.112144 -0.0669914 -0.00121032 0.146502 0.773031 0.000788875 0.0763842 -0.0994304 -0.00955172 0.0849304 1.43907e-06 0.125156 8.52434e-07 1.87107e-06 0.22539 -0.0390635
-0.036907 -0.0231151 -0.089931 0.0564297 0.0415973 0.055221 -0.0250882 0.143124 0.016542 0.00831701 0.000788875 0.433912 0.00951008 0.0548587 0.0665001 -0.0124591 1.35334e-06 -0.0292468 5.67184e-07 -4.61842e-07 0.000838165 0.0260154
-0.00752223 0.111594 -0.0386692 -0.0834221 0.0607805 -0.0869468 0.0260425 -0.0502345 0.0473137 0.0467374 0.0763842 0.00951008 0.635854 -0.0863801 -0.143018 0.0535436 4.07715e-06 0.0929566 2.7779e-06 -2.42926e-06 -0.012407 -0.0170496
-0.0706426 -0.014712 0.077886 -0.0143487 -0.145484 0.573674 0.0353537 0.243516 0.00864384 -0.138205 -0.0994304 0.0548587 -0.0863801 0.569927 0.0536817 -0.071005 8.78978e-07 -0.00176216 -2.13916e-06 3.8476e-07 -0.225007 0.155506
0.0434836 -0.0713137 -0.123747 0.170277 0.0192613 0.0540393 -0.0968844 0.0205998 -0.0212818 0.0513324 -0.00955172 0.0665001 -0.143018 0.0536817 0.712468 -0.143925 2.24625e-06 -0.131819 6.02159e-07 -1.31205e-06 0.182493 -0.0674987
0.113706 0.0840201 0.031399 -0.0142903 0.090163 -0.0714697 0.0346573 -0.0348815 0.00818456 0.0148742 0.0849304 -0.0124591 0.0535436 -0.071005 -0.143925 0.545097 -6.1971e-06 0.0886759 1.00677e-06 1.33462e-06 -0.00170997 0.0402491
-1.27385e-06 -5.57388e-07 -2.30181e-06 -2.11632e-06 -9.17005e-07 8.84836e-07 -1.28343e-07 -4.27477e-07 -2.53485e-06 1.73344e-06 1.43907e-06 1.35334e-06 4.07715e-06 8.78978e-07 2.24625e-06 -6.1971e-06 3.40064e-09 6.38373e-07 1.83634e-11 -1.73039e-10 -4.14505e-07 1.18644e-06
0.0118915 0.135308 0.046102 -0.0704491 0.13882 -0.0017692 0.157035 0.0146245 0.00889328 0.018629 0.125156 -0.0292468 0.0929566 -0.00176216 -0.131819 0.0886759 6.38373e-07 0.355764 -1.98577e-06 3.82182e-06 0.0395311 0.0695267
-2.14529e-06 -1.29976e-06 -2.04106e-06 2.48937e-06 2.24625e-06 -2.15312e-06 -3.92424e-07 1.19576e-06 -2.7449e-07 -1.15249e-06 8.52434e-07 5.67184e-07 2.7779e-06 -2.13916e-06 6.02159e-07 1.00677e-06 1.83634e-11 -1.98577e-06 3.41835e-09 7.69691e-11 -1.64199e-06 -3.0602e-06
-1.54443e-06 2.26527e-07 -2.90237e-06 1.01262e-06 1.92413e-06 3.878e-07 -3.50249e-07 -1.46038e-07 1.05667e-06 -2.62815e-08 1.87107e-06 -4.61842e-07 -2.42926e-06 3.8476e-07 -1.31205e-06 1.33462e-06 -1.73039e-10 3.82182e-06 7.69691e-11 3.33058e-09 -2.71008e-06 1.00345e-06
0.0822402 0.153368 -0.101047 0.12556 0.290589 -0.226487 -0.018184 -0.0920073 0.135848 0.107882 0.22539 0.000838165 -0.012407 -0.225007 0.182493 -0.00170997 -4.14505e-07 0.0395311 -1.64199e-06 -2.71008e-06 0.914484 -0.0184548
-0.142026 0.0335104 0.195414 0.00531299 -0.0169566 0.156532 0.101566 0.282768 0.00579871 -0.0100462 -0.0390635 0.0260154 -0.0170496 0.155506 -0.0674987 0.0402491 1.18644e-06 0.0695267 -3.0602e-06 1.00345e-06 -0.0184548 0.732801