0.921555 -0.013559 -0.000884465 -0.000324356 0.0120666 -0.00703771 -0.0323172 0.00342782 -0.00680652 -0.000739407 0 0.00158391 -0.012766 0.00984519 -0.0179241 -0.000773764 0 -0.000433873 0 0 0.000180401 0 0 0 0 -0.000477279 0 0 0 0 0 -0.00323093 0 0 0 -0.0176658 0 0.00118259 0.00856621 0.000374053 0 0.00580985 0.000661801 0 0 -0.00415911 0 0.00298743 0 0 0 0 0.0239494 0.000403372 0 0 0 0 -0.0165003 0 0.00653351 0 0 0 0.00116574 0 0.010364 0.00220234 0 0 0.015504 0.000793513 0 -0.025901 -0.0428114 0.00182009 0 0 0 0 0 0.000156778 -0.0137924 0 0.00142066 0 0 0 0.000382024 0 0 -0.00303766 2.02321e-05 0.00134247 0 0.00235323 0.0102398 0 0.000522176 -0.00996165 0 0 0 0.00140696 0 0 0 0.000835074 0 0.000255699 0 0 0 0 -0.00344886 0 -0.000633217 0 0 0 0 0 0 0 0.00423061 0.00443493 0 0.00236369 0 -0.0173572 0.00172469 0 0.00105805 0 0.0117274 0 0 0 0 0 -0.0056594 -0.00545699 0 0 0 0 -0.000343602 0 0.000262633 0 0.0099428 0.00551345 0 0 -5.21232e-06 0 0 -0.000708922 0 0.00247625 0 0 0.00391099 0 -0.0110119 -0.000619623 0 0 0 0 0.00109556 0 0 0 0 0 0 0.00113736 0 0.00627034 0 0 0 0 0.000601781 0 1.17443e-05 -0.0103853 0 0 -0.000699791 0 0 0 0 -0.000763531 0.00110095 0 -0.0019568 0.00139387 0 0 0 0 -0.00137659 0 0 -0.000521004 0 0 0 0.00874183 0 0 0 0
-0.013559 0.899088 0 0 0.0214088 0 -0.0296911 0.00588556 -0.000892553 -0.00436216 0 6.48369e-06 -0.0310101 0 -0.0172941 0 0 -0.0154404 0.00524851 0 0 0 -0.00285801 -0.000675393 0 -0.0205726 0 -0.0002077 0 0 0 -0.000225976 -0.0228365 -0.00813324 0 0 -6.62487e-05 -8.09774e-05 0.00528927 0 0 0 0 0 0 -0.00155507 0 0 0 -0.0105474 0 0 0.0123117 0 0 8.53436e-06 0 0 0 0 0 0 0 0 -0.000240203 0.0103548 0 0 0 0 0.0107918 0 0.00586906 0 0 0 0 0 0 0 0 0 -9.94269e-07 0 0 -2.5682e-05 0 -0.00203704 0 -0.00647383 0 0 0.0210944 0 -0.00368348 0 0 0 -0.000182283 -0.000836359 0.0129329 0.00875664 0 0 0 0 0 0 0.0110012 0 0 0 -0.000651427 0 -0.00749259 -3.28651e-05 0.00113412 0 -0.0208818 0 0 0 0 -0.0116066 0 0 0 0 0.00236238 -0.0051066 0 -0.0011364 -0.000425424 0 0.0124983 0 0 4.55457e-05 -0.000217872 0 0 -0.00508968 0 -0.000445555 0 0 -0.000724204 0 0 0 0.00562437 0 0 0 0 0 0 0 0 0 0 0 0 0 0 0 0 -0.00852756 0 0 0 0 0.00986619 0 0.00254424 0 0 0 0 0.00225891 0 0 0.0012908 0 0 0 0 -0.00565706 -0.000356329 0 0 0 0.00373926 0 0 0 0 0 0 0 0 0.00719233 0 -0.010163 0.00104148 0.00403242 0 0 0.000963499 0 0 0 0 0.00289909 0 0
-0.000884465 0 0.93696 -0.0334787 -0.00215053 -0.0464239 -0.0045914 -0.00113252 0 -0.0355742 0 -5.6411e-05 0 -0.00179577 0 0 0.000832971 0 -0.00416614 0 0 0.00378861 0 0 -0.00112346 -0.000782945 -0.00771139 -0.0166252 0 -0.00453308 0 0 4.48045e-05 -0.00299475 -0.00460938 -0.00932867 0 -0.000833714 -0.000856439 0.00419227 -0.0136566 0 0 -0.0176877 0 -0.0133481 -0.00203774 0 0 -0.0246108 0 -0.0035386 0.0274064 -0.00238591 0.00015275 -0.000585447 0 -0.0215108 -0.0307092 -0.00659861 0 -0.00370085 -0.00341277 0 -0.00267965 -0.00514313 0 0 -0.00356322 -0.00558581 0.0151388 0 0.00151601 0 0 0 0 -0.0028133 0 -0.00155386 0 -0.00468801 0 -0.000371597 -0.000819132 0 0 0 0 0 -0.000741984 -0.00381893 0 0 0 -0.00102865 0 -0.00494869 -0.000762398 0 0 -0.00382213 0.00118235 0 -0.00365309 0 -0.00533833 0 -0.00274664 -0.00418841 -0.023497 0 -0.00297744 -0.00186377 -0.0107112 0 -0.00910107 -0.00268877 0 0 -0.00109007 0 -0.00879268 -0.00438065 0 0.0100603 0 0 -0.00104009 0 -0.000142706 0 -0.000686281 -0.0103812 0 -0.0091126 0 0 0 0 -0.00852019 -0.0124025 0 -0.0215537 0 0 -0.00323513 -0.000957737 0 -0.00270767 0.00711336 0 -0.0077159 2.38593e-05 0 -0.00106006 -0.000741728 0 -0.000376759 0 -0.00423186 -0.00681669 0.00939163 0 -0.0234555 -0.0268566 -0.013848 0 -0.00460229 0 0.0081301 -0.0149975 -0.00335166 -0.0119025 -0.00425899 -0.00272335 -0.00549799 -0.000815562 -0.00147059 0.0121002 0.00330963 -0.0030496 -0.000469404 0 0 0.000196408 0 0 0 -0.0127709 0 -0.0029259 -0.000811139 -0.000666665 -0.0026356 0 0 0 0 0.00660264 0.000271281 -0.00223305 0 0 0 0 0 -0.000944173 0.00265382 0 0 0.0263897 0 0 0 0
-0.000324356 0 -0.0334787 0.909991 2.22418e-05 -0.0186829 -0.000782895 2.1819e-05 0 -0.0177574 0.0096165 0 0.000231984 -0.000228725 0 -0.00439137 0 0 -0.0160752 0 0 0.00467418 0 0 0 0 -0.0154188 -0.00765622 0 -0.00493291 0 0 0.022997 -0.000378041 -0.0270339 -0.00422905 0.0166486 1.20222e-05 1.97714e-05 0.00408265 -0.0159943 0.000547867 0 -0.0209087 0 -0.0232932 -0.0044281 0.00676726 0 -0.0160341 0 -0.00290248 0.0108569 -0.000495076 0.00389594 0 0 -0.0233201 -0.0542358 -0.0173119 -0.0143201 -0.00411601 -0.00945292 0 -0.00242043 -0.00505204 0.013856 0 -0.017961 -0.0131948 0.0208495 0.00272927 0 0 -0.000167725 0.00755798 0 -0.00826874 0 -0.00457382 0 0 0.00108318 -0.00316517 0 0 0 0 0 0 0 -0.00750608 0 0.0170741 0 0 0 -0.0156482 0 0 0 -0.00353132 0.00013923 0 -0.0181508 0 -0.00867005 0 -0.00487826 -0.00727853 -0.00762463 0.0089932 0 -0.00746928 -0.0221577 0 -0.0120194 -0.00192781 0.00525409 0 -0.000860107 0 -0.0171552 -0.00513575 0.00913302 0.00738245 0 0.00431244 -0.00407117 0 0 0 1.30976e-05 -0.0209299 0 -0.00844586 0 0 0 0 -0.0218738 -0.0101644 0 -0.0168683 -0.00075869 -0.00652249 -0.0275868 -0.00161904 0 -0.00539128 0 0 -0.0204371 0 0 -0.000655794 -4.6292e-05 0 -0.00214261 0.000577414 -0.000875857 -0.0135879 0.0103959 -0.00209381 -0.0212587 -0.0921816 -0.0126499 0 -0.00447316 0.00760205 0.00760366 -0.0301333 -0.00812595 -0.0339261 -0.00666566 -0.00136522 -4.86249e-05 0 -0.00225312 0.0120882 0.00215981 -0.00594754 -0.00325632 0 0 0.00544808 0 0 0 -0.0215562 0 -0.0171362 -0.00263346 -0.00226822 -0.00797729 0 1.26323e-05 -0.000518546 -0.00679421 0.00937288 0 -0.00385766 0 0 0 -0.000356619 0 -0.00259742 0.00246985 0.00324337 -0.0009029 0.0124601 0 0 0 0
0.0120666 0.0214088 -0.00215053 2.22418e-05 0.777278 -0.00549199 0.00568362 -0.214654 0 5.44405e-05 -0.00158378 0.0300808 0.000466027 -0.0253149 0 -0.000916931 0.00804326 -0.000738103 -0.00200202 0 -0.021068 0.00350386 -0.00513937 -0.000184296 -0.00912873 -0.026446 0.0106708 -0.000282618 -0.0343745 0 -0.00932574 0.0316798 0 -0.00529745 0 -0.00748017 -0.052694 -0.00669396 -0.148329 1.35957e-05 -0.00319908 -0.0152662 -0.00423603 0 0.0151058 0 0 -0.0338695 0 -0.00136959 0.00277025 -0.0483294 -0.0148335 -0.0131182 -0.00297001 -0.00470004 0 0 0.0129593 -0.000553562 -0.00777006 1.86152e-05 -0.0105425 0.00638972 -0.0245835 -0.0133166 -0.00982484 -0.0129642 0 -0.00703435 0.00788738 -0.00475535 0.00819791 0.00734075 0.00882266 0.0177819 -0.0026517 -0.00455045 -0.0112041 -0.00142687 0 -0.00812318 0 -0.00837684 -0.00375142 -0.024936 0 0.00643727 -0.0102121 0 -0.00271155 -0.00427366 -4.90586e-05 0.00160225 0.0144645 -0.136827 -0.0571844 0.0166482 -0.000942042 -0.0027924 0 -0.0397638 0.00879042 -0.00290085 -0.0054338 0 -0.0133185 -0.0101264 -0.0211279 -0.00740413 -0.00452461 0 -0.00513206 -0.00204999 0.00285805 0 -0.0261855 -0.0142039 0.00986083 0.0238024 -0.00336578 0.019894 -0.00101088 -0.00714931 -0.000291214 0.00796951 -0.00724289 0.0175475 -0.0111122 0 -0.00353515 0.00629344 0.00698112 -0.00839921 -0.00397142 -0.00310432 -0.00389875 0.00472157 -0.00364454 0 -0.0054487 -0.00259779 -0.000358589 1.42461e-05 0 0 0 -0.00152718 -0.00444604 4.07332e-05 0 -0.0298705 -0.00527696 -0.00695863 0 -0.00629392 -0.00343037 0.0059697 -0.00428902 -0.00222156 -0.0018006 -0.00718205 0.00186671 -0.00370778 -0.00358265 1.65945e-05 -0.0056959 0.0211929 -5.30907e-05 -4.69842e-05 0 -0.00288204 -0.0134202 -0.00831223 -0.00891328 0.0139993 -0.00699279 -0.00916828 0.00304711 0.00403319 2.99577e-05 -0.00344381 -0.0123845 -0.000689095 0.0133281 0.00246252 -0.0107213 -0.00295216 -0.00487892 -0.00154177 0.00235134 0.00744422 -0.017595 0 -0.00936002 0.00789686 -0.00614418 0 0.0114053 0.000183665 0 -0.0204815 0.00158848 0 0.00195978 0 0.0015673 0 0.00633018 0 0 0 0 0 0 0
-0.00703771 0 -0.0464239 -0.0186829 -0.00549199 0.911145 0 -0.00939323 0 -0.0308506 0 -0.00956525 0 -0.00373595 0 0 0.00222558 0 -0.00290121 0 -6.09249e-05 0.00472909 -0.00124616 0 -0.00337123 -0.00195319 -0.0298304 -0.0236391 0 0 -0.00106014 0 0 -0.0211017 -0.00523303 -0.00858461 -0.000688428 -0.00653136 -0.00307481 0 -0.0068058 -0.00222143 0 -0.00292128 0.00119614 -0.0194002 0 0.013791 0 -0.0383422 0 -0.00704484 0.0128351 -0.00712578 0 -0.00217661 0 -0.024355 -0.0147697 -0.0195173 -0.00393128 -0.00341658 -0.00267395 0.00216246 -0.0153298 0 0.0152501 -0.00501584 -0.00907054 -0.00806714 0.00457473 -0.00242841 0.0104093 0 -0.00741836 -0.000890399 -0.00127529 -0.0105332 -0.00204031 -0.00120443 0 -0.00630376 0 -0.00909051 -0.00481281 -0.00670837 0 0 0.000631647 0 -0.00130692 -0.00402267 0.000591657 -0.0013167 0 -0.00457687 -0.00338704 -0.0135632 -0.00517734 0 0.000222046 0 0.0160927 -0.00620371 -0.0201569 0 -0.00567185 -0.00311511 -0.00143506 -0.0112246 -0.0577481 2.68032e-05 -0.0143993 -0.0017232 -0.0426989 0 -0.000930081 0 0 0 -0.00277185 0 -0.00575974 -0.00641233 -0.000440863 0 -0.0021622 -0.00429188 0 0 -0.00398703 -0.00282421 -0.00839017 -0.0142819 0 -0.00630411 0 0.00778883 -0.000576216 0 -0.00734856 -0.00673092 -0.000401598 -0.0053185 0 0 -0.00475617 -0.000693018 -0.0158319 -0.0038368 0.000939784 -0.00379446 -0.0111103 -0.00236524 0 -0.00408772 -0.00206857 0.00488167 -0.00505779 -0.00367892 -0.00286418 -0.0189469 0.00700229 -0.000419696 -0.0185669 -0.0168668 -0.00649624 0 -0.00378793 0 0.00100651 -0.0103328 0 -0.0123235 0 -0.00318657 -0.0216057 -0.00541315 -0.0168509 0.00672037 0.000831999 -0.00833751 0 0 -0.00260355 0.00555705 -0.00383584 -0.000700829 -0.00209227 -0.0033123 0.000188764 -0.00581598 0 -0.0141015 -0.0038236 0.00288145 -0.0130842 0 0.00345759 0.00866644 0 0 0 0 0.00551631 0 0.00359686 0 0.0183979 0.00942275 0 0.0101198 0 0 0 0
-0.0323172 -0.0296911 -0.0045914 -0.000782895 0.00568362 0 0.926359 0.00254661 -0.000131234 -0.0137453 0.0066176 0.00338454 -0.0393227 0.00105871 -0.0330691 -0.000406516 -0.0161436 -0.0178968 0 0.00946458 0.00832231 0 0 -0.00530183 0.00182205 -0.00701488 0.000963945 0 0 -0.000266244 0.00032735 -0.00722322 0 0.00195853 0 0 0 0.00352598 0.00391093 0 0 0.00274218 0.000222087 -2.79768e-05 0 -0.00113059 -0.000883689 0.00292647 0 5.77222e-05 -0.000757729 0.000629834 0.0107348 0.00267088 0 0.000627281 0 -0.00558359 -0.00521441 0 0.00177759 0 0 -0.000191123 0.00252639 2.49361e-05 0.0159673 0.00360168 0 0 0.002812 0.00335579 -0.00107276 -0.00721815 -0.0206666 0.010155 0 0 0 0 0 0.00309109 0 0 0.00158866 0 0.000110979 0.000191488 0.00267957 0 0 0 0.00861959 0.00746907 0 0.00255783 0.00270323 0 0.00464961 0 0 0 -0.00142183 0.00398064 0 0 0 0.00738962 5.23458e-05 0.000581958 0 0 0.00166342 0.000111885 0 0 0 0 0 -7.00418e-06 0.000280841 0 -0.000194416 0 0.0164179 0.0192968 0.000666781 0.00408598 0 -0.0102682 0.00207678 0.0013781 0.00330317 0 0.0161429 0 0 0 0 0 -0.00518616 0 0 -6.81417e-06 0 0 -0.000330248 0 0.000210697 0 0 0.00189267 0 0 0 0.000184656 0 -0.00127442 0.000460057 0.00629618 0.000605612 0 0 -0.000485709 -0.00202117 -0.000251572 0 -0.000131479 0 0 -2.48867e-06 -0.00346085 0 0 0 0 0.000873556 0.00490856 0 0.00256472 0 0 2.78615e-05 0 0.00223749 0 0.00214605 -0.00739346 0 0 -4.043e-05 0 0 0 0 -0.000568306 0.00324479 -0.000176807 -0.0040947 4.91427e-05 0 0 0 0 -0.00190813 0 -3.26233e-05 0 0 0 0 0.00488779 0 0 0 0
0.00342782 0.00588556 -0.00113252 2.1819e-05 -0.214654 -0.00939323 0.00254661 0.828893 0 0.00876836 -0.000400577 0.00811176 0 -0.0309608 -0.000488336 0.00116945 0.00730597 0 -5.93245e-05 0 -0.0185251 0.0021506 -0.0091615 -0.000709687 -0.00806938 -0.0276783 0.00139327 -0.00557355 -0.0360212 0 -0.00829106 0.026373 -0.000315427 0.00302631 0 -0.00557268 -0.040966 0.0080761 -0.112043 -0.000500848 -0.00250678 -0.0134572 -0.00349619 0 0.00321952 0 0 -0.0116212 0 -0.0219499 0.000713348 -0.0487756 0 -0.0105425 0 -0.00648613 0 0 0.000143001 0 0.004525 0 -0.00301338 0.00655613 -0.0075276 -0.00554732 -0.0106191 -0.017159 0 -0.00476077 0 -0.00564491 0.00946313 0.00376293 0.000416771 0.00885883 -0.00225792 -0.00232071 -0.00780367 -0.000273311 0.000897866 -0.0120547 0 -0.00461141 -0.000548362 -0.017649 0 0 -0.00873381 -0.00017333 -0.00333392 -0.00682129 0 -0.00189385 0 -0.125336 -0.0238529 0.00750949 -0.00424557 -0.00232831 0 0 0.00899366 -0.0011147 -0.00859417 0 -0.00775998 -0.00859462 -0.00661477 -0.00542192 -0.0028586 0 0.00643603 -0.000794972 -0.00190137 0 -0.0130657 -0.0352159 0.00239725 2.54438e-05 -0.0033555 0.0241116 -0.000424393 -0.00126006 -0.00380834 0.0223555 -0.00611462 0.00739057 0 0 -0.00661348 -0.00531839 0.00119691 -0.0164686 0 -0.00265106 -0.0017351 0.00507287 -0.00327803 0 -0.00283579 -0.00436528 -0.000487421 0 0 0 0 -0.00132604 -0.00425036 4.35916e-05 0 -0.00919872 -0.00454158 -0.0106635 0 -0.00576096 -0.00527605 0.00952582 -0.00360323 0.00674797 0.000239104 -0.00761772 0.000933364 0 -0.00141148 0 -0.00533038 0.0203887 -0.00268292 0 0 -0.00212808 0 -0.0021587 0 0.00758828 -0.00635493 -0.00840204 -0.00307669 0 0 -0.00324047 0 -0.00045878 -0.000867552 0.00629154 -0.00733359 -0.00307378 -0.00450332 -0.00202584 0.0023354 8.03316e-06 0 0 -0.0050648 0.00748647 0.00206021 0 0.00824186 0.00119987 0 0 0.00286932 0 0.0052568 0 0.00570405 0.00078924 0.00742296 0 0 0 0 0 0 0
-0.00680652 -0.000892553 0 0 0 0 -0.000131234 0 0.761305 4.99677e-05 0 0.00443429 0 0 -0.0317058 0.0304196 0.0140196 -0.00133628 0 0 0 -0.00366801 0 -0.0664757 0 -0.0556961 0.000331749 0.000278974 -0.0246218 0 -0.00926603 0.00248648 0 0.00243226 0 0 -0.0222713 0.00374996 0 0.000161945 0 -0.030185 0 0 -0.00863029 -6.13955e-05 0 0.00422647 0.00216735 0 -0.156826 0 0.0205581 0.041025 0 0.00027066 0 0 0 0 0.00100863 0 0 0 0.000557039 0 0.00550068 -1.23346e-05 0 0 0.0111263 0.0186513 -0.000177004 -0.00548606 0 0.00885426 0 0 -2.12342e-05 0 -0.00133151 0.00190884 -0.000771616 0 0.00211273 -0.0281125 0 0 0 0 -0.0420847 -0.00165605 0 0.00296813 0 0 0 0 0.00482899 -0.0101022 0.0127302 0 -0.00228637 0.00266202 0 0.000538329 0 0 -0.00137603 0.0003254 0 0 0.00153944 0 0 0 -0.0013304 -0.0361905 0 0 0 0.00188425 0 0.00045686 0.00386032 0.0119494 0.000699668 0.0137626 0 -0.00654696 0.000559231 0.000487108 0.00200176 0 0.0165385 0 0 0 0 0 -0.000329714 -0.00788714 0 0 0 0.000522534 0 0 0.0166731 0 0.00302326 0.000423307 0 0 0 0 -0.0137309 -0.00190862 0.000836747 0.00426112 0 0 0.00213942 0 0 0 0 0 0.00136404 0 0.00306776 0 0 0 0 0 0 0.00210986 0.000549186 0.00514757 0 0 0 0 0.00577795 0 0.0012912 0 0 0 -0.00182265 0 0 0 -0.000934311 -0.000899712 0.00299769 -0.0150894 -0.00609185 0.00293367 0.00164699 0 0 0 -0.00513665 1.87651e-05 0 0 0 0 0.00964991 0.00367575 0 6.71787e-06 0 0
-0.000739407 -0.00436216 -0.0355742 -0.0177574 5.44405e-05 -0.0308506 -0.0137453 0.00876836 4.99677e-05 0.900531 0 -0.0033412 0 0.00213659 0 0 0 0 -0.0110633 0 0 0.0221358 0 0 -0.0014676 0 -0.00797149 -0.0164927 0 -0.00394911 0 0 0 -0.00370204 -0.00131465 -0.0116731 0.0165631 -0.00284871 0 0.00337734 -0.0158342 4.93213e-05 0 -0.00952823 0.00123351 -0.0104793 -0.00521303 6.05093e-05 0 -0.0380393 0.0151567 -0.00549216 0.0125498 -0.00340759 0.00287711 0 0 -0.0237603 -0.0150277 -0.0102343 -0.00155788 -0.0153535 -0.00322312 0 -0.00625592 0.00138797 0 -0.00120195 -0.00304191 -0.00584966 0.0122511 0 0.00700624 0 -0.00803066 0 -0.000519244 -0.0218509 -0.00135656 -0.00223037 0 -0.00388644 0 -0.000881328 -0.00301791 4.44218e-05 0 0 0 0 -0.00129641 -0.00190505 0 0 0 -0.000710163 0 -0.0275852 -0.00216892 -0.000159571 0 0 0.00619013 0.000682245 -0.00902899 0 -0.00402586 -0.00044063 0.00279014 -0.00281136 -0.028727 0 -0.00304077 -0.0127344 -0.0316497 0 -0.00382402 -0.000225948 0 0 -0.0127459 0 -0.00626115 -0.0306031 0 0.0298065 0 -0.00117664 0 0.0063008 -0.00203251 -0.00129001 -0.00696236 -0.00533005 0 -0.00923316 0 0.00138796 0 0 -0.007806 -0.00614129 -0.000205368 -0.0157149 -0.00109568 -0.00518395 -0.00675473 -0.000327931 -0.000910434 -0.0226735 0.00223621 0 -0.0212526 -0.000480622 0 -0.00399611 -0.00170692 0.00234265 -0.00221251 -0.000410502 -0.00311857 -0.00922268 0.0183583 -0.00887023 -0.0195578 -0.0251266 -0.00372059 0 -0.00995247 0.00698177 0.00644351 -0.0145731 0 -0.0218305 0 -0.00576459 -0.00295595 -0.00264037 -0.00121145 0.00673798 0.000365396 -0.0129326 0 0 -0.000865184 0.000177622 -0.000268489 -0.000537525 -9.74878e-05 -0.024193 0 -0.00218698 0 -0.000883883 -0.00308324 -3.23366e-05 -0.0023408 0 -0.000115845 0.00567586 0 0 0 0 0.00280795 0 0.000238972 0 0.00371286 0.00672531 0 0.0205706 0 0 0 0
0 0 0 0.0096165 -0.00158378 0 0.0066176 -0.000400577 0 0 0.737905 -0.0129797 0 0.000877972 0 0.00172764 0.0023948 0 0.00208777 0 -0.000599591 0.0476132 -0.00148498 0 -0.00174632 0 -0.00148083 0 0.0104972 0.00118498 -0.00147237 -0.000717431 0 -0.0041601 -0.00307253 -0.00101809 0.0186236 -0.0131288 -0.00600383 0 0 -0.00538717 -0.00323393 0.00175489 0 0.00420424 0.000460658 -0.00926947 0.0256069 0.000772066 0 -0.00148962 -0.00123935 0 0 -0.00370799 -0.0153565 0.000197417 0.0196242 0 -0.00192343 0.00365692 0.00419541 0.00509776 -0.000646386 0.00552054 -0.025451 -0.0067162 0 0 -0.0047835 -0.00346686 0.00500041 0 0 -0.0195424 -0.00175713 0 -0.00459357 0 0.00125437 0.0204624 0 0 -0.00342803 0 -0.0130663 -0.00217981 -0.00345665 -0.000614345 -0.0115555 0 0.00127736 -0.0188829 -0.00158651 0.00227076 -0.00417626 -0.00244273 -0.00782043 -0.000905359 0.00280771 0.00466662 0.00459672 -0.00727703 0 -0.000272048 0 -0.00267183 0.00294758 -0.00102716 4.23941e-05 0 -0.0155801 0 0 0 0.00217064 0.000886171 0 -0.0114215 0 0 0.000944299 0.00191644 -0.0196973 -0.0198541 -0.00113088 -0.0222411 0.00417184 0 0.00272867 -0.00274528 -0.0085234 0 0.000708804 0 0 0.00209288 -0.00110689 0 0.000815238 0 0 0 0.0210914 0.00678138 0.014603 0 -0.00259745 0 0 -0.00096434 0.0255969 -0.00301474 -2.68302e-06 -0.00157773 -0.000259022 0.00393855 -0.00156567 -0.00978088 -0.00187212 4.57901e-05 -0.000790294 0.0212314 0.00221378 0.00547083 0 0 0 0 -0.000139076 0 0.00509085 0 0.00250582 -0.0012349 -0.00359678 -0.00326567 0 -0.00542065 0 0 0.00678186 -0.00129678 -0.00147303 0 -0.00324021 0 -0.000705529 0.000929 0 0 0.00594456 0 0 0.00373528 -0.00821611 7.74396e-05 0.00514725 -0.000832859 0 0.007737 0 0 0.00619131 0.00275411 0.00172368 0.00259984 0.00138982 0 0.00629662 -0.000891131 0.00103982 0.00296288 0 0
0.00158391 6.48369e-06 -5.6411e-05 0 0.0300808 -0.00956525 0.00338454 0.00811176 0.00443429 -0.0033412 -0.0129797 0.852522 0 -0.0100819 0 0.00815226 0.00258592 0 0 0 -0.00228616 0.00891855 -0.00475083 0 -0.0123855 0 -0.0103731 -0.00832948 0 0.00455675 -0.0106327 -0.0100387 0 -0.0213398 -0.00430623 -0.00071662 -0.000787371 -0.0285655 0.0208407 -0.00495521 -0.00555936 -0.0146609 -0.0102468 0.000810437 0.00141546 0.00195597 0.00372691 -0.018293 0 -0.0427199 0.00505262 -0.0118165 -0.0107518 -0.01907 -0.00178675 -0.00788282 0 0 0.00374038 -0.00190548 -0.0240845 -0.00195322 0.00932759 0.0105914 -0.0431076 0.00614975 -0.0274529 -0.0205235 0 -0.00059483 -0.018313 -0.0169924 0.0204234 0.0129296 0 -0.0101726 -0.00741757 -0.0016626 -0.0130276 0.000616187 0.00707794 -0.0216681 -0.001695 -0.00149716 -0.0458068 -0.00461696 -0.0271182 -0.00735983 -0.0140521 -0.00184903 -0.00264056 -0.00188366 0.00544095 -0.0248073 0 0.0027324 -0.0164173 -0.0123248 -0.0453065 -0.00713794 0.0070105 0.0125749 0.0288083 -0.034271 -0.00659294 -0.00668147 -0.000857711 -0.0145371 0 -0.0136854 -0.00429479 -0.00134465 -0.0228727 -0.00189156 -0.00432837 -0.00237039 0.00394273 0 0.000196695 -0.00559701 -0.00683564 0 0 -0.0134809 -0.0273139 -0.0176918 -0.0100512 -0.0336102 0.00924917 0.000493686 -0.0178005 -0.0148914 -0.0319221 -0.00114546 0.00458031 -0.00308503 -0.00188485 0.00946294 -0.00904027 0 0.00242447 0.00265029 -0.00411209 0 0.00144707 0 0.00100352 -0.0041479 -0.0144974 -0.00255397 -1.99265e-05 -0.0117651 -0.005488 -0.0103096 0 -0.0257702 -0.00483605 0.0277074 -0.0113848 -0.0349683 -0.00503471 -0.00573861 0 0 0 0 0 0 -0.00859221 0 -0.00112687 -0.00219573 0.0100245 -0.000953673 0.006016 -0.0227154 -0.0126336 -0.0193517 -0.0121658 -0.00872897 0.00170624 -0.00243235 0.00645225 -0.000957235 -0.0204958 0.00485598 -0.0156504 -0.00275819 -0.00836778 0 0.019048 0 0.0123511 0 -0.00205748 0.0164254 -0.0252448 0.00391355 0.0327037 -0.0014565 0 0.0142905 8.62124e-06 0 0.0328898 0.00733817 0.0193799 0.00984575 0.0233893 0 0 -0.000793927 0 0.000550628 0 0
-0.012766 -0.0310101 0 0.000231984 0.000466027 0 -0.0393227 0 0 0 0 0 0.911351 0.00740176 -0.0132334 0.000506356 -0.0114478 -0.00297165 0 0 0.016943 0 0 -0.0216311 0 -0.00263289 0.00713365 0 0 0 0 -0.0312376 -0.0112064 0 0.00128966 0 0 0 0.000165456 0 0 0 0 0 0 0 0 0.000835743 0 0 0 0 0 0 0 0 -0.00342638 0 0 0 0.022458 0 0 0 0 0.0239876 0 0 0 3.13316e-06 0 0 0 -0.0156966 -0.0106714 0 0 0 0 0 0 0 -0.0206864 0.0130896 0 0 0 0 0.000210932 0 -5.5776e-06 0 0.00782554 0.000777903 0 -1.78233e-07 0 -5.48871e-06 0 -0.00972332 0.00142648 0.00642848 0 0.00302552 0 0 0.00054333 0 0.00184686 0.00633428 0.00261005 -0.0147257 0 0.0208795 0 0 0.000246938 0 0 0 0 0 0 0 0.00156635 0.00229759 0.00548775 0.000947606 0.0023351 0 0 0 0 0 0.0131386 0 0 0 0 0 0 0 0 0 0 0.00317489 0 0 0 0 0 0.000187476 0 -0.00395067 0 0 0 0 0.00489391 5.6372e-05 0 0 0 0 0 0 0 0 0 0 0 0 0.0160802 0 0.00333232 0 0 0.000187048 0 0 0 0 0.00834125 0 0 0 0.00978123 -0.0155303 -0.00584522 0 0 0 0.00190005 0 0 0 0 0 0 0 0 0.00325817 0 0 0 0.0033642 0 0 0 0 0 0 0 0 0 0
0.00984519 0 -0.00179577 -0.000228725 -0.0253149 -0.00373595 0.00105871 -0.0309608 0 0.00213659 0.000877972 -0.0100819 0.00740176 0.8271 0 0.0169917 0.00488997 0 -0.0307345 -0.00529607 -0.0292345 0 -0.00182932 0.00930279 -0.0301508 -0.00349402 -0.00276052 -0.00430168 -0.00239693 0 -0.00327133 0 0 -0.00820383 -0.00135876 -0.00217357 -0.00473491 -0.00809248 -0.0305726 0 -2.85904e-05 -0.0015261 0 -0.000947741 0.00509847 -0.00122555 0 -0.00651364 0.0055293 -0.00882808 0 -0.0224477 0.0100318 -0.00754109 0 -0.0027171 0.00300035 -0.0076428 0 -0.00125178 -0.0215624 -0.000170713 -0.00330369 0.00273027 -0.0105634 -0.00785182 -0.00617573 -0.00912358 0 -0.0165664 0.0161876 -0.00811954 0.00508714 0.000948504 0.00886543 -0.00165026 0 -0.00122943 -0.0045242 -0.00229473 -0.0377078 -0.00798426 0 -0.0184215 -0.00546615 -0.0020382 0 0 -0.00485768 -0.0147792 -0.00138882 -0.0224567 0 -0.00680457 0 -0.0170799 -0.00812614 -0.00420104 -0.00652107 -0.00189239 0 -0.0145502 0.00683677 -0.00272599 -0.00374595 2.55689e-05 -0.00224191 -0.00576933 -0.0277557 -0.0209394 -0.00216434 0 -0.00421922 -0.00328813 -0.000516251 -0.00032759 -0.00558683 -0.00117142 0.00515994 0 -0.000262347 0.00135209 -0.00460926 -0.00462143 -0.00205845 -0.00281024 -0.00376951 -0.00629282 -0.0128809 0 -0.00480672 -0.00456735 -0.0239175 -0.00254014 0 -0.00404783 0 0.00292729 -0.00641012 0 -0.00827567 -0.00215277 4.10194e-05 0 0 -0.0103525 0 0 -0.00153585 -0.00197974 0 -0.0169825 -0.00288156 -0.00395416 0 -0.00482074 -0.00530994 0.0053132 -0.00480406 -0.00519696 -0.0025346 -0.0257882 0.0053969 0 -0.00308529 -0.000601044 -0.00290454 0.000456819 -0.00588799 0 0.00301628 -0.00403034 -0.0180056 -0.0016207 -0.0102144 -0.000348489 -0.0126182 -0.00538161 -0.0163895 0.0109948 0.00130294 -0.00444444 -0.00312446 0 -0.000981069 0.00116191 -0.00563738 -0.000204358 -0.00178495 -0.00284617 0.000999064 -0.00442306 -0.00763685 -0.000293334 -0.0134983 0.00435189 -0.00575053 0 0.00569933 0.00308413 0 -0.0291911 0.000436903 0 0.00650527 -0.00625825 0.00354896 0 0.00643299 0.00896772 0 0.00315207 0 0 0 0
-0.0179241 -0.0172941 0 0 0 0 -0.0330691 -0.000488336 -0.0317058 0 0 0 -0.0132334 0 0.915642 0.0119762 0 -0.0149248 0 0.00472964 0.000781074 -0.0088593 0 -0.00742664 0 -0.0263546 0.0057918 0 0 0 0 0 -0.00899848 0 0 0 -0.00692924 0 0 0 0 2.34987e-05 0 0 0 -0.000673293 0 0 0 0 -0.0108339 0 0.0184516 0 0 0 0 0 0 0 0.00309575 0 0 -4.87156e-05 0 0 0.000964508 0 0 0 0.00321912 0 0 -0.00130688 -0.00814503 0 0 0 0 0 0 0 0 0 0 -2.53187e-05 0 0 0 0 -0.00478269 -0.00107325 0 0 0 0 0 0 0 -0.0052461 0 0 0 0 0 0 0 0 0 0 0.00207209 0 0 0 0 0 -0.000105844 -0.00818783 0 0 0 0 0 0 0 0.00214138 0 0 0 -0.00461954 0 0 0 0 0 0 0 0 0 0 -0.000622731 0 0 0 0 0 0 0 0 0 0.00815298 0 0 0 0 0 0 0 0 5.34706e-05 0 0 0.0090306 0 -9.38206e-05 0 0 0 0 0 0.000890686 0 0 0 0 0 0 0 0 0.00184579 0 0 0 0 0.00496352 0 0 -0.00797355 0 0 -0.00395512 0 0 0 0 -0.000350725 0 0 0 0 0 0 0 0 0 0 0 -0.000872279 0 0 0 0.00229809 0 0 0 0
-0.000773764 0 0 -0.00439137 -0.000916931 0 -0.000406516 0.00116945 0.0304196 0 0.00172764 0.00815226 0.000506356 0.0169917 0.0119762 0.726594 -0.00380181 0 -0.0333641 0 0 0 0.000700803 0.0280944 0.00641773 0 0 0.000759286 0.00165361 -0.000207111 0.0182161 0.00477367 0.00427886 0.0115392 0.00465993 0.00373552 0.00368118 0.00709982 0.00265568 0 0.00111013 0.00422525 0.0218709 -8.05167e-05 0.0962391 0 0 -0.0137504 0 0 0.0375984 0.00560643 -0.00301852 -0.00932622 0 0.00264895 0.00630374 0 -0.000325875 -0.0263143 0.00259726 0 -0.000461799 0 -0.0079725 -0.00660234 -0.00266035 0.0051457 0 0 0 0.00151528 -0.00373804 0 -0.00217617 0.00390744 0.000752839 0 0.00366253 0 -0.0152655 0.0037686 0.0502737 -0.00459865 4.29076e-05 0.00224663 0.000227271 0.00487025 0.0111859 0 0.0338702 0.000656885 -0.00307233 0.00598259 0 0.00184987 0.0051295 0 0.00474572 0.0133968 -0.00275207 -0.00368713 -0.00306934 0.00606259 0.000945973 0.0153699 0 0.0023139 0 0 -0.0124722 0.032512 0.00726384 -0.0295358 0 -0.0125204 0 0.0323397 0 0.0155047 0.00196924 0 0 0.01481 0.00520887 0.0038952 0.0091278 0.00576566 -0.00428442 0 0.00391823 0.00353686 0.00732238 0 0 0 0 0 0.0026583 0.00341028 0.0111351 0.000829391 0.000509676 0 0 -0.0348453 0 0 0.000482375 0 -0.00125983 0.005764 0 0.00700792 0 0.00266639 5.18555e-05 -0.00255992 0 0.0057144 0.00184713 0.0057113 0 -0.00805211 0 -0.000129091 0 0 0.00288622 2.88358e-05 0 0 -0.00408368 0 -0.00667825 0.0187164 0.0023816 0.00380969 0.000471863 0 -0.0013436 0.00359986 -0.00378418 0.015462 0.000226796 0 0.00321738 0.000246689 0.0348363 -0.0016463 0 0 -0.00446082 0 0.000716834 -0.00200731 0.0145479 0.0212752 -0.00260343 0 0 -0.00345097 0 0 -0.00234224 -0.00142656 -0.00208369 -0.000961469 -0.00168561 0 -0.00100504 0 -0.00464221 0 0 0
0 0 0.000832971 0 0.00804326 0.00222558 -0.0161436 0.00730597 0.0140196 0 0.0023948 0.00258592 -0.0114478 0.00488997 0 -0.00380181 0.815473 0 0.0126096 0 0.0251756 -0.00342521 0.00901745 0.0780609 0.00498136 0.0153499 0.00741945 0.00272243 0.00401223 0 0.029225 0 0.000538903 0.00653312 0.000478391 0.00167715 0.0265472 0.00524208 0.00535024 0 0 0.0164353 0.00267776 0 0 -0.00222088 0 0.00533263 0 0.00671999 0 0.00679617 -0.000786018 0.00273715 0 0.00483492 -0.00201668 0 0 0.00676587 0.00638662 0.000242089 0 -0.0200223 0.00912315 0.0221005 0.00759118 0.00698075 0 0.00698629 0 0.00453761 -0.0080355 -0.0070781 -0.0255772 0.00288862 0.00130867 9.26549e-05 0.00449591 0.00206299 0 0.0106961 0 0.0120198 0.00526622 0.0195734 0.000319759 0.000905017 0.0282312 0.00213784 0.00352353 0.0141559 5.60325e-05 0.00719567 0 0.00892338 0.010937 0.00426634 0.00592684 0.00259555 5.23723e-05 0 -0.00520897 0.0130975 0.00375528 0.00125992 0.000955471 0.0041185 0.00587222 0.00465186 0.00697159 0 0.00230502 1.45961e-05 0.000318786 0 0.000679443 0.0137833 -0.0294713 0.000448741 0.000447094 0 0 0.00417675 0.00791409 0.0064779 0.0161874 -0.00424333 0 0 0.00515072 0.00408555 0.00767031 0 3.01908e-05 0 0 -0.004405 0.00298907 0 0 0.00348347 0.000565669 0 0 0 0 0.00020316 0.00244092 0.00129299 0 0.00464192 0.00196455 0.00308063 0 0.00454709 0.00135998 -0.00382916 0.00319129 0.00810425 0.00358304 0.00310321 0 0 -1.42576e-05 0 0 0 0.00186845 0 0 0 0 5.9662e-05 0 0.000759997 0.00614943 0.00502166 0.00210559 0 -0.00595449 0.000247025 0 0.00156442 0.000824027 -0.00067774 0.00399147 0 0.00170628 0 -0.000514123 0 0 0 0.00720072 -0.00386408 0.006872 0 -0.00627596 0 0 0 0 0 -0.00562618 0 -0.0115025 0 -0.0162078 0 0 0 0 0 0 0
-0.000433873 -0.0154404 0 0 -0.000738103 0 -0.0178968 0 -0.00133628 0 0 0 -0.00297165 0 -0.0149248 0 0 0.915642 0 0 0 -0.00137315 0 0 0 -0.000192122 0.00920987 0 -0.000658416 0 0 -0.00134358 0 -0.000187029 0 0 -0.0110676 -0.0156084 0 0 0 0 -0.00275967 0 0 0 0 -0.0100638 0 0 0 0 0.0132955 0 0 0 -0.00775572 0 0 0 1.0812e-05 0 0 0 0 0 0 0 0.00109206 0 0.0130865 0 0 0 -0.00234484 -0.000374568 0 0 0 0 0 0 -0.00869515 0.00859986 0 0 0 -0.00360698 0 -0.00434672 -0.000768458 0 0.0133355 0 0 0 0 0.00744483 0 -0.00649708 8.20195e-05 0 0 -0.000129949 0 0 0 0 0 0 0.00383122 0 -0.00368209 0.00276722 0 0 0 0 0 0 0.015374 0 0 -5.10275e-05 -8.1764e-05 -2.39783e-05 0 0 0 -0.00533126 0 0 -0.0014259 0 0.00500366 0 0 0 -0.0045236 0 0 0 0 0 0 0 0 0 9.09166e-06 0 0.0041683 0 0 -0.000702521 -0.00541403 0 0 0 0 0 0 0 0.00751459 0 0 0 0 0 0 0 0 0 0 0 0 0 0 0 0 0.00479935 0 0 0 0 0 0 -8.55757e-05 -0.0114892 -0.00212599 0.00542785 0 0 0 0 0 0 0 0 0 0 0 0 0 0 0 5.71525e-05 0 0 0 0 0 0 0 0 0 0
0 0.00524851 -0.00416614 -0.0160752 -0.00200202 -0.00290121 0 -5.93245e-05 0 -0.0110633 0.00208777 0 0 -0.0307345 0 -0.0333641 0.0126096 0 0.838512 0 -0.0098191 0 0 0 0 0 -0.0191567 -0.00341993 -0.0103918 -0.000511657 -0.00485683 0.0135612 0.000569176 0 -0.00143278 0.0144043 0 0 0 0 0 0.000632824 0.0166942 -0.00443129 0.0263077 0 -0.00868869 0 0.00503837 -0.012389 0 0.0126901 0.00148128 0 0 0 0 -0.00722375 -0.00190866 -0.0149748 -0.0104517 -0.00176507 -0.0114864 0.021783 -0.0216359 -0.0134414 0 0 0 -0.00480888 0.00473598 0 0 0 0 0.0046443 0 0 0 -0.00165687 -0.0916901 0 0.0044947 -0.0320259 -0.000121513 0.00263918 0 0 0 0 0 -0.00323258 -0.000443744 0 0 0 -0.000739427 -0.000401275 0 0 -0.000275776 -0.00547518 0 0.00689704 0 0 -0.00168543 0 -0.0648989 -0.00634655 -0.00682843 0.0123041 0.0202458 -0.0393962 0 0 -0.00456852 0 0.0144836 0.00562658 0 0 0 0.010325 0 0 0 0.0147026 -0.00633504 0 0 0 0 -0.000258439 0 -0.000558726 0 0 0 0 0 0 0 0 -0.00445745 -0.0451117 0 0 0 -0.000197169 0 -0.0143453 -0.00218512 0 0 0 0 0.0127632 -0.0157076 0 8.81016e-06 -0.0113898 0.00294969 -0.00684297 0 -0.0126316 -0.000496802 0 0 0.0073708 6.67569e-05 0 -0.00706186 -0.0067789 -0.0105223 0.00277419 0 0 0 0.00349636 0 0 -0.001581 0.00473062 0.000916267 0 0 0 0 -0.000891588 0 -0.0111164 -0.00820991 0 -0.00477093 0 0.0031929 0 0.00782548 0.0029393 0 -0.0181011 0.00378369 0 0 -0.00155257 0 -0.0033437 0.000944695 0.00159749 -0.00868375 0.00131162 -6.89998e-05 -0.00158319 0 0
0 0 0 0 0 0 0.00946458 0 0 0 0 0 0 -0.00529607 0.00472964 0 0 0 0 0.7727 0 0 0 0.0078184 -0.0208853 0 -1.36399e-05 0 0 0 0.0187843 0 -0.00698257 -0.00186135 0.0546286 0 0.00555952 -0.00261265 0 0 0 0 -0.0137612 0 0 0 0.00339019 0 0 -0.000162874 0 -0.00110759 0 -0.0262646 -0.00262147 -0.00211992 0.00627697 0 3.24519e-05 0 0 0 0 0 -0.000505811 -3.99964e-06 -0.00145939 0 0 0 0 -0.00573484 0.000251207 0 0.00647505 0 1.26714e-05 0 0 0 0 -0.000947345 0 0 0 0.0110643 0 0 0 0 0 0 0 -0.000364405 0.00671033 0 0 0 0 0 0 0 3.88804e-05 -0.000405821 0 0 0 -0.000162268 0 -0.000437808 0 0 0 -0.000449193 0 -0.00883639 9.87388e-05 0 0 0 0 0 0 0 -0.00120794 -8.10655e-05 0 -0.000344789 0 0.00129441 -0.000591097 -0.000647428 -0.00591201 0 0 0 0 0 0 -0.00409969 9.3705e-05 0 -0.00142751 0.00399389 0 0 -0.00196567 0 0 0 0 0 0 0 0 -0.000398846 0 0.000208717 0 -0.000981165 0 -0.000275034 0 0 0.00608355 0 0 0.00105249 0 0 0 0 0 0.00181103 0 0 -0.0194652 -0.000653643 0 0 0 0 0 0 -0.000797795 0 0 0 0 0 0 0 0.00010768 0 0 0 -0.000170784 0 0.00676195 0 0 0 0 0 0.00127436 0.000349437 0.000600817 0 0 0 0 0 -0.00107787 0 0 0
0.000180401 0 0 0 -0.021068 -6.09249e-05 0.00832231 -0.0185251 0 0 -0.000599591 -0.00228616 0.016943 -0.0292345 0.000781074 0 0.0251756 0 -0.0098191 0 0.757865 0 0 0 -0.0140605 -7.60872e-05 -0.00420232 0 0 0 -0.000930406 0.0189942 0 -0.001849 -0.000929819 0 -0.000579466 0.00418017 -0.0257332 0 0 -0.00279454 0 0 9.25356e-05 0 0.000980308 0.00374701 0.0162715 -0.00112759 0 -0.0027468 0 -0.00246587 0 -0.000362005 0.000169093 0 0.0003903 -0.00103396 -0.00812387 0 0 0.00963945 -0.00322653 -0.00438283 -0.00613599 -0.00229701 0 -0.00192253 0 -0.0116235 -4.28917e-05 0.00517396 0 -0.00194773 0 0 -0.000283614 0 -0.014071 -0.00222371 0.00233513 -0.00900012 -0.00296136 0 -0.000904061 0 -0.00175754 0 0 -0.00217539 0 -0.00371505 0 -0.00703569 -0.00137454 0 -0.00338166 0 0 0 0.00168039 -0.00270219 0 0 -0.000281804 -0.00115792 -0.0115984 -0.00232719 -0.00903252 1.64415e-05 0.00230521 -0.00726606 0 0 0 0 0.00014142 0 0 0.000991256 0 0 -0.0041971 -0.00171895 -0.000586183 -0.00444934 0 0 -0.00158309 0 0.0013289 -0.00491061 0 0 0 0 -0.00126496 0 0 0 0.0293887 0 0 -0.00902359 0 0 0 0 0 -0.00266567 0 0 0 -0.000473923 -0.00357841 0.00234542 -0.0054251 -0.00339475 0 -0.0140955 0 0 1.06645e-05 0 0 0.00099076 0 0 0 0 0 0 -0.00931007 0.0227065 -0.00128339 -0.00280177 -0.000468488 0 0 -0.000461474 0 -0.00382796 -0.0010363 5.59691e-05 -0.0153032 0 0 0 0.00605513 0 0 0 0 0.00559448 -0.00194138 0.00433521 0.00958433 0 0 -0.0144875 0 0 0.0027581 0 0.00130585 0 0.000956001 0 0 0 0 0 0 0
0 0 0.00378861 0.00467418 0.00350386 0.00472909 0 0.0021506 -0.00366801 0.0221358 0.0476132 0.00891855 0 0 -0.0088593 0 -0.00342521 -0.00137315 0 0 0 0.866796 0 0 0.000740768 0 7.60234e-05 0.0133949 0 0 0.00023355 0 0 0.000519699 0 0.00178315 0 0.00295137 0.00184167 0 0.000707744 0.00137343 0 0 -0.0011237 0.00279538 0 0.00179595 0 0.0165008 -0.0297377 0.00255143 0 0.00484689 0 0.0010123 -0.00407496 0 0.00543054 0 1.13567e-05 0 0 -0.0105501 -0.00181492 -0.000604299 0.00155144 -0.000814206 0 0.000251812 0.0103408 0.00242216 -0.00246702 0 0 0.000943333 0.00179321 0.00121384 0.00118122 0 0 0.00395538 0 0 0.00178858 0.000150953 0 0 6.44644e-05 0 0.000471797 0 0 0.00236385 0 0.00164499 0.000695434 0.00302866 0.00018424 0 0 -0.00106818 -0.00516154 0.00312558 0.00272889 0 0 0.00105254 0 0.00173144 0.0010043 0 0.00493152 0 0.00169367 2.03112e-05 2.28571e-06 0 0 0.000267988 0.000800444 0 0 0.00485019 0.00156437 0.000797204 0.00116888 0.00375776 -0.00575732 -0.00541945 0.00251214 0.00987842 0.00353363 0.000802231 0 0.000164826 0 0 0 0 0 3.32912e-05 0 0 0 0 0 0 0.00155569 0 0 0.000238981 0.000422208 0.000746912 0 0.00242613 0 -0.00642905 0.00108581 0.00349193 0 0.000755945 0 0 0.00579397 0.00265338 0 0 0.013186 0 0 5.56505e-05 -0.000704642 0.000631488 -0.000140758 0.00156783 0.00061772 0.001413 0.000360032 0.00196695 0 0.000477062 0 0.00453873 0.00804323 -0.00656313 0.0015738 8.52621e-05 0 0.00270895 -0.00120192 0 -0.00122907 0 0 -0.00167271 0.00607145 0 -0.00221745 0 0 -0.00141602 0 0 -0.00175114 0 -0.00479217 0 -0.00241973 0 0 0 0 0 0 0
0 -0.00285801 0 0 -0.00513937 -0.00124616 0 -0.0091615 0 0 -0.00148498 -0.00475083 0 -0.00182932 0 0.000700803 0.00901745 0 0 0 0 0 0.860563 -0.00108029 0 -0.0044141 -0.00209532 -0.000888501 -5.67138e-05 0 -0.014097 -6.54498e-05 -0.0158195 -0.00333645 -0.0188369 0 -0.00113766 -0.00390844 -0.000567392 0 -0.000500577 -0.00380166 0 0.00135522 0 0 0 -0.002172 0 -0.016549 0 -0.000939771 0 -0.0273996 0 -0.000603843 -0.0353603 0 0 0 -0.00170294 0 0 0 -0.00537606 0 -0.00368551 -0.00342895 0 0 0 -0.00240425 0.0046142 0 -0.0179084 -0.0020009 0 0 -0.000793395 0 0.000790656 -0.0020786 0 0 -0.00227223 -0.00111698 0 0.0293288 -0.00210831 -0.00929577 0 0 0 -0.0031773 -0.00154097 -0.00283085 -0.00214674 -0.0011271 -0.00261742 -0.0432458 0 0.000693986 0.00417876 -0.00350625 0 0 0 -7.55697e-05 0 -0.000829443 0 0 0.00145176 0 0 0 0 0 -0.00527071 0 0 0 0 -0.00261946 -0.0032749 -0.00102961 -0.000633367 0.000307896 0 0 -0.00128293 0 -0.00370105 0 0 0 -0.0109644 0.016826 -0.0226314 0 0 0 0 0.00136276 0 1.4306e-06 0 0 -0.00998017 0 0 -5.71972e-05 0 0 0 -0.000951828 0 0.00124438 0 -0.00282517 0 -0.000883662 0.00237089 0 0 0 0 0.00030765 0 0 0 0 0.000600209 0 0 0 -0.00168973 -0.00332211 -0.00013211 0 0 -5.68657e-05 0 0 -0.000721416 0 0 -0.0249619 -0.0227024 0 0 0 0 -0.000370147 0 0.00249827 -0.00117466 0 0.00138856 0 0 0.000203033 0 0 0.00232374 0 0.00505577 0.000852789 0.00466574 0 0 0 0 4.95396e-05 0 0
0 -0.000675393 0 0 -0.000184296 0 -0.00530183 -0.000709687 -0.0664757 0 0 0 -0.0216311 0.00930279 -0.00742664 0.0280944 0.0780609 0 0 0.0078184 0 0 -0.00108029 0.772478 -0.00015046 -0.00187387 0 0 -0.0103804 0 -0.0232575 0 -0.0183037 0 0 0 -0.0369957 -0.000241011 0 0 0 -0.00198249 -7.35436e-05 0 0 -0.00405351 0 0 0.00037562 -0.0138524 -0.0487614 0 8.61602e-05 3.2536e-05 0 0 0 0 -0.00163249 -0.000479912 0.0155767 -0.00932105 0 0.00153995 0 0 3.21851e-05 0 0 0 0.000409179 0 3.37499e-05 0 0 3.20229e-05 0 0 -0.00983692 0 0 -0.00344959 -0.0215679 0 0 -0.0142521 0 0 -0.000715633 0 -0.0174816 -5.15345e-05 0.0107292 0 0 0 -0.00166383 2.22692e-05 0 -0.0179832 0.00565446 0.00112025 0 -2.33584e-05 0 -0.012427 0 0 0 0.0104067 0 -0.0135945 2.47573e-05 0 0 0 -4.75347e-06 -0.0191181 0.00772144 0 0 0 0 -0.00113918 0 0 0 0 0.00398418 -0.0148872 1.90294e-06 0 -0.000152812 0 0 0 0 0 -0.000233359 0 -0.000350494 -0.00288236 0 0 0 0 -0.00212767 0 0 0 0.00378331 0 0 -0.00809835 0 -0.000517322 0 0 -9.87371e-05 0 0 0 0 0 0 0 0 0 0 0 0 0 0.000497853 0 0.000203885 0 0 0 0 0 0.000661217 2.22478e-06 0.0053501 0 0 0.00464572 0 -0.000179195 -0.000983551 0 0 0 0.0024284 0.0241297 -0.000998915 0 0 -0.00687634 0 0 0 5.55703e-05 0 0 0 0.00574139 0.00116328 0 0.0032354 0 0 0 0 0 0 0
0 0 -0.00112346 0 -0.00912873 -0.00337123 0.00182205 -0.00806938 0 -0.0014676 -0.00174632 -0.0123855 0 -0.0301508 0 0.00641773 0.00498136 0 0 -0.0208853 -0.0140605 0.000740768 0 -0.00015046 0.870289 -7.99623e-05 -0.00109321 0.0104323 0 0 -0.00312908 -0.000653943 -0.00149057 -0.0217749 -0.00152873 -0.0119847 -0.00405609 -0.0162592 -0.011231 0 -0.00122787 -0.0043616 -0.00345255 0 0 0 0 -0.00700814 0 -0.0102357 0.00267049 -0.00643092 0.0149691 -0.00723255 0 -0.00251902 0.00605713 0 0 0 -0.00532883 0 0 0.00365581 -0.015065 -4.07948e-05 -0.00476011 -0.0103122 0 -0.00159527 0.00206163 -0.00668219 0.00809098 0.00016376 0.00897264 -0.0189156 -0.0024313 -0.000685931 -0.00427571 0 0.00120469 -0.00966762 0 0 -0.00730105 -0.00366955 -0.000937 0.000590101 -0.00601988 -4.89719e-05 -0.00957365 -0.0178192 0.000527989 -0.0102512 0 -0.00837118 -0.00848442 -0.00382284 -0.00902752 -0.00219811 0 0 0.0100497 -0.0105779 -0.00267386 0 0 -0.00616075 -0.00132442 -0.00449423 -0.00160883 0 -0.0150843 0 -0.000840789 -0.000702439 -0.0120471 -0.0201966 0.00128307 -0.00156417 -0.00353456 0 0 -0.0103492 -0.00967946 -0.00672442 -0.00375724 -0.0188162 0 0 -0.0087533 -0.00639672 -0.013961 -0.00379038 0 -0.00117183 -6.35456e-05 0.0031279 -0.00275252 0 -0.000424746 -0.00354423 -0.0223648 0 0 0 0 -0.00183827 -0.000297632 -0.000127803 0.0031203 -0.00541765 -0.00279725 -0.00920576 0 -0.0108089 -0.00384656 0.00559977 -0.00388569 -0.0110318 -0.00364925 -0.00354518 0.00658381 -0.00863896 0 0 0 0 -0.00336415 0 0.00455083 -0.0010596 0 0 -0.0238294 -0.00221011 -0.0055428 -0.00976172 -0.0180355 0 0.00614842 -0.00217848 0 0 -0.00385182 0.00109216 -0.00741427 -0.000461829 -0.00331174 0 0.00281987 0 0 0 -0.00141431 0.00554858 -0.0103538 0 0.00801299 0 0 0 6.63548e-05 0 0.00816045 0.000112507 0.00425768 2.98681e-05 0.0119615 0 0 0.00602793 0 0 0 0
-0.000477279 -0.0205726 -0.000782945 0 -0.026446 -0.00195319 -0.00701488 -0.0276783 -0.0556961 0 0 0 -0.00263289 -0.00349402 -0.0263546 0 0.0153499 -0.000192122 0 0 -7.60872e-05 0 -0.0044141 -0.00187387 -7.99623e-05 0.840384 0 0 -0.00371118 0 -0.0103282 0.00236689 -0.00291207 0 0 0 -0.0310518 0 -0.00716128 0.000524875 0 -0.011116 0 0 0.00811181 -0.000217993 0 -0.000292195 0 -0.00128199 -0.0236535 -0.000982687 0.0208498 0 0 0 -0.00252862 -0.00169325 0 0 0 0 0 0 -0.00195326 -0.00536155 0 -0.00291585 0 -0.00131755 0.00982779 0 0 0 0 2.57495e-05 0 0 -0.0011261 0 0 0 0 0 0 -0.0282048 0 0 -0.000294731 0 -0.0029578 -0.0140232 0.00680352 0 0 -0.0141776 -0.00323799 -0.000261662 0 -0.00510281 0 -0.00251147 0 0 0 0 -0.00258067 0 -0.00262058 0 -0.000367948 0.0284774 0 0 -0.000689746 0 -0.0057126 -0.0249323 -5.00388e-06 0 0 0 -0.000921503 0 0 0 0 0 -0.00764997 -0.0106609 0 0 0 0 0.00429381 8.58318e-06 0 0 0 0 -0.00364692 -0.000295064 1.44454e-05 0 0 0 0 0 0 0 0.00703882 0 0 0 0 0 -1.32636e-05 0 0 0 0 0 0.00715035 0 -0.000462647 0 -8.5623e-06 0 0 0 0.00261903 0 -0.00252887 0 -0.00344818 0 -0.000477901 0 0 0.00660838 0 0 -0.000246712 0 0.0112605 0 3.15748e-05 0 0 0 -0.00536556 0 -0.00212306 -0.000161417 0 0 0 0 0 0.00303206 0 -0.00734875 0 0 0 0 0 -0.000128081 0.000906335 0 0 0.0150938 0 0 0 0
