1.119 0.161551 0.0648218 0.105465 0.0394029 0.108079 -0.0992275 -0.12832 0.038442 0.0447215 0.0296164 0.10371 0.0226727 0.0304852 0.114736 0.064455 1.08947e-06 1.12293e-06 -0.00502694 0.0488567 -0.00993099 -0.0489316
0.161551 0.983811 0.0322262 0.052827 0.0666777 0.00910296 0.0654908 0.0241793 -0.00999602 -0.0604706 0.0612852 0.0162561 -0.0214687 0.0492368 0.00363044 0.00142755 -8.04126e-08 -2.2957e-06 0.0133836 0.0821148 0.0132709 -0.0736986
0.0648218 0.0322262 1.25478 0.0931375 -0.00491511 0.0302894 -0.0727316 0.0550235 0.144571 0.0962471 0.0251969 -0.018119 0.00107176 0.0532257 0.0265232 0.0650193 3.51203e-06 -6.06991e-07 0.0708405 -0.0240444 0.00658074 0.14524
0.105465 0.052827 0.0931375 1.71702 0.00239053 0.114818 -0.227824 -0.167431 0.107041 0.145995 -0.0339019 0.010288 0.0549528 -0.0392979 0.199083 0.0147576 1.10038e-06 1.61578e-06 -0.155438 0.0254917 0.0237495 -0.0319648
0.0394029 0.0666777 -0.00491511 0.00239053 1.27805 -0.0932366 0.0412128 -0.0225074 -0.0244381 -0.0202045 0.0766933 -0.0685735 -0.0786603 -0.0547718 0.0173963 -0.0509241 -3.12176e-06 -1.79004e-06 -0.0404506 0.0673771 0.0576136 -0.0434012
0.108079 0.00910296 0.0302894 0.114818 -0.0932366 1.55592 -0.0984367 -0.020249 -0.0127588 0.104654 0.0592112 -0.0122817 0.0174168 0.0743123 0.051789 0.051884 -2.20526e-06 7.29036e-07 -0.0453531 0.0227442 -0.020248 0.0414501
-0.0992275 0.0654908 -0.0727316 -0.227824 0.0412128 -0.0984367 1.48216 0.174331 -0.0642814 -0.12151 0.0554927 -0.032288 -0.0140505 0.0817071 -0.13125 -0.0204257 8.3242e-07 4.31402e-07 0.0613065 -0.0345561 -0.0435563 -0.00275441
-0.12832 0.0241793 0.0550235 -0.167431 -0.0225074 -0.020249 0.174331 1.37356 -0.0654136 -0.0526649 0.137959 -0.0176984 -0.00538281 0.133183 -0.144104 0.00366615 3.20417e-06 1.67592e-06 0.00669562 0.00253986 -0.00571631 0.0742975
0.038442 -0.00999602 0.144571 0.107041 -0.0244381 -0.0127588 -0.0642814 -0.0654136 1.14479 0.0518568 -0.0386606 0.0196431 0.00778957 0.00372029 0.110763 -0.0413195 3.19675e-07 1.58769e-06 0.0452594 -0.0929546 -0.0415973 0.131957
0.0447215 -0.0604706 0.0962471 0.145995 -0.0202045 0.104654 -0.12151 -0.0526649 0.0518568 1.05398 -0.0560521 -0.065524 0.0307809 0.0066334 0.0685746 0.0654219 -2.48504e-07 2.65943e-06 0.00277098 -0.0403479 0.0530059 0.118101
0.0296164 0.0612852 0.0251969 -0.0339019 0.0766933 0.0592112 0.0554927 0.137959 -0.0386606 -0.0560521 1.23698 -0.0136809 -0.0335092 0.0580496 -0.0407251 0.0622136 -4.86253e-06 -3.05339e-06 0.0196387 0.0421158 -0.000778233 0.0176395
0.10371 0.0162561 -0.018119 0.010288 -0.0685735 -0.0122817 -0.032288 -0.0176984 0.0196431 -0.065524 -0.0136809 1.43345 0.0118826 -0.0527402 -0.125019 -0.0976522 -1.81089e-06 -1.28783e-06 -0.0185031 0.066655 -0.0421486 -0.0722707
0.0226727 -0.0214687 0.00107176 0.0549528 -0.0786603 0.0174168 -0.0140505 -0.00538281 0.00778957 0.0307809 -0.0335092 0.0118826 0.944862 0.00544321 0.00968912 0.0625201 -7.57756e-07 3.30811e-06 0.0177217 0.125079 -0.096643 0.0204882
0.0304852 0.0492368 0.0532257 -0.0392979 -0.0547718 0.0743123 0.0817071 0.133183 0.00372029 0.0066334 0.0580496 -0.0527402 0.00544321 1.42678 -0.00677449 0.112732 3.56128e-06 -2.36114e-06 0.0203417 -0.015798 -2.85108e-05 0.0538401
0.114736 0.00363044 0.0265232 0.199083 0.0173963 0.051789 -0.13125 -0.144104 0.110763 0.0685746 -0.0407251 -0.125019 0.00968912 -0.00677449 1.36341 0.076794 -5.40324e-07 3.69743e-06 0.00996888 0.0614831 0.0743765 -0.0162846
0.064455 0.00142755 0.0650193 0.0147576 -0.0509241 0.051884 -0.0204257 0.00366615 -0.0413195 0.0654219 0.0622136 -0.0976522 0.0625201 0.112732 0.076794 1.64508 3.52353e-07 4.34487e-06 0.0994893 0.036742 -0.0911643 0.0539748
1.08947e-06 -8.04126e-08 3.51203e-06 1.10038e-06 -3.12176e-06 -2.20526e-06 8.3242e-07 3.20417e-06 3.19675e-07 -2.48504e-07 -4.86253e-06 -1.81089e-06 -7.57756e-07 3.56128e-06 -5.40324e-07 3.52353e-07 3.31921e-09 -1.92602e-11 1.37504e-06 -5.73529e-07 -6.68311e-07 -3.05083e-06
1.12293e-06 -2.2957e-06 -6.06991e-07 1.61578e-06 -1.79004e-06 7.29036e-07 4.31402e-07 1.67592e-06 1.58769e-06 2.65943e-06 -3.05339e-06 -1.28783e-06 3.30811e-06 -2.36114e-06 3.69743e-06 4.34487e-06 -1.92602e-11 3.2679e-09 1.46198e-07 -2.07835e-07 -2.04126e-06 -1.78066e-06
-0.00502694 0.0133836 0.0708405 -0.155438 -0.0404506 -0.0453531 0.0613065 0.00669562 0.0452594 0.00277098 0.0196387 -0.0185031 0.0177217 0.0203417 0.00996888 0.0994893 1.37504e-06 1.46198e-07 0.871066 0.0701443 -0.0519809 0.0557689
0.0488567 0.0821148 -0.0240444 0.0254917 0.0673771 0.0227442 -0.0345561 0.00253986 -0.0929546 -0.0403479 0.0421158 0.066655 0.125079 -0.015798 0.0614831 0.036742 -5.73529e-07 -2.07835e-07 0.0701443 0.910503 -0.0218073 0.0129662
-0.00993099 0.0132709 0.00658074 0.0237495 0.0576136 -0.020248 -0.0435563 -0.00571631 -0.0415973 0.0530059 -0.000778233 -0.0421486 -0.096643 -2.85108e-05 0.0743765 -0.0911643 -6.68311e-07 -2.04126e-06 -0.0519809 -0.0218073 1.21091 0.0226952
-0.0489316 -0.0736986 0.14524 -0.0319648 -0.0434012 0.0414501 -0.00275441 0.0742975 0.131957 0.118101 0.0176395 -0.0722707 0.0204882 0.0538401 -0.0162846 0.0539748 -3.05083e-06 -1.78066e-06 0.0557689 0.0129662 0.0226952 1.42856