0 0.0546253 -0.0124994 1.17694e-05 0.0455972 -0 -0 -0 -0.00285111 -0.0005935 0.00440367 0.00554253 -0.0130824 0.0460498 0.0307488 0.0323519 0.0195351 -0 -0 0.0104202 -0 0.0175158 -0 -0 -0 0.011768 -0 -0 -0 -0 -0 -0 0.0181209 -0 -0.0177319 -0 -0.000163256 -0 -0 -0 -0.0014999 -0 -0 0.00285501 -0 -0 -0 -0 -0 -0 -0 -0.00151697 -0.000128253 -0 -0.00020817 -0 -0.0193032 -0.00298805 -0.000523225 -0.000655253 -0 -0 -0.000651948 -0 -0 -0 -0 -0 -0 -0 -0 -0 -0 -9.64549e-06 -0.000479147 0.00388885 -0 -0 -0.00175423 -0 -0.000404093 -0.00832865 0.0027656 0.00410306 0.00655461 0.0182812 -0 -0 -0 -0.00110043 -0 -0.000998179 -0 -0 -0.000561762 -0.00494489 -0 -0.00207337 -0 -0.00794162 -0 -0 -0 0.0176207 -0.000152113 0.0134363 -0.00108765 -0 -0 0.0114321 -0 -0 0.00641479 0.00114932 -0 -0 -0 -0.000871541 -0 -0 1.6094e-05 -0 -0 -0 -0 0.0398137 -0 -0 -0.0215367 -0 -0.00595917 -0.000451357 -0 -0 -0 -0 -0 -0 -0 0.0258295 -0.012818 -0 -0.000280789 -0 -0.00192623 0.000731084 -0 -0 0.00978045 1.04574e-05 -0 -0 -0.000210721 -0 -0 -0.000282561 -0 -0 -0.00394418 -0 9.57314e-06 -0 -0.00486844 -0 -0 -0.00785004 -0 -0 0.0122144 -0.0107814 -0 -0 -0 -0 -2.09311e-05 0.00976511 -0 0.00715622 -0.0024071 -0 -0.00459698 -0 -0 -0 -0.000367111 0.0147046 -0 0.0284771 -0 -0 -0 -0 -0 0.000628349 -0.000162458 -0 -0 0.0152238 -0 -0 -0 -0 0.00574703 0.00836327 0.000837872 -0 -0.0001336 -0 -0 -0 -0.00575979 -4.44619e-05 -0 -0 -0 -0
0.0546253 0 -0.0457258 -0 0.0319375 -0 -0 -0.000125943 -0.0281859 -0 -0 0.0130115 -0.0275018 0.0283253 0.0250376 0.0228294 0.00367545 -0 -0 0.0423881 -0 0.0295517 -0.00422442 0.010806 -0.00583424 0.00802853 -0 -0.0122732 -0 -0 -0 -0 0.0357606 -0 -0 -0.000430218 -0 -0.00814726 -0 -0 -0 0.000897587 -0 0.00535553 -0 -0 -0 -0.00164291 -0 -0 0.00102436 -0.00979402 -0 -0 -0 -0 -0.0159032 -0.0177884 -0 -0 -0 -0 -0.00325108 -0 -0.00010269 -0 -0 -0 -0 -0 -0 0.00954149 -0.000840353 -0 -0 -0 0.0190925 0.00559881 -0.00533938 0.00712814 -0 -0 0.0165219 -0 0.0117245 0.010733 -0 0.00277877 0.00189653 -0.000221014 -0.00154993 -0 -0 -0 -0 -0 -0.00109776 -0 -0 -0.00712581 -0 -0 -0.000432346 0.0127655 -0 0.0401971 -0.00830379 -0 -0 0.0289403 -0 -0.000146858 -0 -0 -0 -0 -0 -0 -0.0127531 -0 0.00199603 -0 0.00195564 -0 -0 0.0174811 0.00195041 -0.00249049 -0.00305085 -0.00276843 -0.00235321 -0 -8.47599e-05 -0 -0 -0 -0 -0 -0 -0 -0 -0 -0 -0 -0.00780571 0.00884167 -0 -0 0.0145716 -0 -0 -0 -0 -0 -0 -0.00136143 -0 0.0127293 -0 -0 -0 0.00841108 -0.00567222 -0 -0 -0 -0.00432386 -0 -0 -0.00340996 -0 -0 -0.000256134 -0 -0 0.0144279 -9.57113e-05 -0 -0 5.73725e-06 -0.00431131 -7.74522e-05 -0 -0 -0 -0 -0.000798733 0.0375207 -0 -0 0.0170985 -0 -0 0.02458 -0 -0 -0 -0 -0.00823203 -0 -0 -0 0.00204073 -0 -0 -0 -0.00825308 -0 -0 -0 -0 -0.00101074 -0 -0 -0 -0
-0.0124994 -0.0457258 0 0.00259158 -0.0159085 -0 0.0101183 -0.0121369 0.241661 -0.0345036 -0.00438049 -0.0205387 0.187151 -0.0169668 -0 -0 -0 -0.00207053 -0 -6.55041e-05 -0.0151105 0.00976521 -0 -0 0.03475 -0.0421806 -0 0.0697878 0.000945368 0.000703857 0.0332288 0.00318025 -0.0430583 0.00321371 0.000171946 0.0311765 0.023347 0.00330778 -0 0.0214412 0.0116174 -0 0.00311713 -0.00362168 -0.0114586 0.0147686 0.010581 0.00444104 -0 -0 -0.0137345 0.00990929 0.0170601 0.0185532 0.0196116 -0.0376519 0.0634998 0.160868 0.0103885 -0.000880429 -0 -0 -0 -4.60309e-05 -0 -0.00643106 -6.92465e-05 0.000498034 0.00337967 0.00141066 0.0141435 -5.017e-05 -0.0154132 -0.0067733 0.00421323 0.00416277 -0 -0 0.00299257 -0 0.0262078 0.00711656 -0.0230805 -0.00786983 -0.0296068 -0.0243821 -0.0128468 -0 -0.0327672 0.0137441 0.00935441 0.018354 0.00115237 -0.000550962 0.00788878 0.0104372 -0 -0.0151657 0.000720501 0.0108339 -0.0083775 0.0128082 -0 0.00515266 -0 -0 0.00950417 0.00404201 0.00718208 -0.019909 0.000628971 -0 -0.00175999 -0.00949802 0.00555271 -0.00932763 0.0524606 0.0054606 0.00136411 -0 0.00712499 0.00400104 -0.00462698 -0.00123028 -0 -0 -0.0441867 0.0054231 -0 0.00877803 -0 0.00290734 0.00200936 -0 -4.77342e-05 -0.00633032 -0.0174771 -0.0263216 0.0014746 -0.0028225 0.00723935 0.00369563 0.00654394 -0.0108326 0.00521791 -0.00419972 -0.00993113 -0.00130434 -0.00645888 0.00373834 0.0279489 -0 0.00645149 0.000680826 -0.00207953 0.000388255 0.00126824 -0.00924894 -0.00303109 -5.35904e-05 -0 -9.2005e-05 0.0191898 0.00799456 -0 -0 -0 0.000769159 -0 0.00660295 -0.0043398 -0.00570094 0.00775527 0.00898556 0.00300185 -0.0159428 0.00604584 0.00413567 0.00835719 0.00048328 0.00374419 -0 0.00429947 0.00816101 0.00751248 -0.00867265 0.00245005 -4.7498e-05 0.00740536 -0.0101847 0.00204721 -0.0263744 -0.00622714 -0.0316746 0.00669138 -0.0103035 0.00343459 0.00160352 0.00108739 -0.00654091 -0.00700942 -0 -0.0228067 0.00644419 -0.00702555 -0 0.0085886 -0 0.0112503 -0.00570613 0.0114844 0.00616922 -0.00362169 -0.00208458 -0 -0
1.17694e-05 -0 0.00259158 0 -0 -0 0.0517785 0.0378243 0.00148746 0.0061907 0.04488 -0.00238866 0.0021463 -0 -0 -0 -0 -0.00804511 -0 0.00165273 -0 -0 -0 -0 -0.00731695 -0.00049311 -0.000460714 0.00356085 0.0137814 -0 -0 0.0126157 -0 0.0120919 0.00381673 0.00130686 -0 0.00706836 -0 -0 -0.00011788 -0 -0.00203753 -0 0.0104886 0.0380377 0.0125378 0.00135997 0.00652841 0.00164334 -0.000768112 0.00217209 0.00308208 -0 0.0042535 -0 0.00742327 0.00150682 0.0105245 -0 0.000119707 0.022999 -0 0.00710941 0.0163101 -0.0178735 -0 -8.66632e-05 0.00506644 -0 -0 -0 0.00883908 -0.0173531 0.00950592 0.0109443 -0 -0 0.00044701 -0 0.00461859 0.00454072 -0 -0.000817219 -0.000875528 -0 0.000489907 -0 -0 0.00430973 0.00688778 0.00106239 0.0037975 -0.000324796 0.00230629 -0.00280177 -0 0.00263871 0.000542005 0.00145628 -0.00627822 -0 -0 0.00139017 0.00391571 0.000262264 0.000873863 0.0209041 0.00605193 -0 0.00901604 -0 0.0194891 -0.00207542 0.00451971 0.0170813 0.00212755 -0.0147883 0.00325934 -0 0.00603419 0.0188178 0.00321363 0.0341792 -0 -0 -0 0.00377933 -0 0.00484437 0.000133815 -0.00348811 0.0326881 0.000927045 0.0182034 -0.00271848 0.00675815 0.0014416 0.00599951 -0 -0.00522356 0.00276104 0.00855176 0.00171956 0.00124941 -0 0.00282502 0.00549385 -0 0.00597673 0.000767745 0.00503471 0.000862157 6.86769e-05 -0.00364505 0.00109978 0.0179586 0.000980194 -0.00665414 0.00177497 0.00608216 0.0144558 0.00315433 0.0109231 -0 -0 0.000795471 0.017077 0.00848854 0.0014852 -0.0090615 0.0347658 -0 0.00457077 0.00240995 -0 0.00375842 0.016522 -0.00183937 0.00690505 -0 -0 0.00123586 0.00512311 0.0018251 -0.000918047 0.00382793 -0 0.00813557 0.00179596 -0 -0.000333211 -0.00183295 -0 0.00130359 -0.00382529 -0.0129824 0.0241424 0.000469189 -0.00186759 -0.00418809 -0 -0.000770805 0.014443 -0.00141416 0.000845904 0.0110667 -0 0.013005 -0.00568088 -0 0.000701847 -0.00420443 -0.00200744 -0 -0
0.0455972 0.0319375 -0.0159085 -0 0 -0.00169029 -0 -0 -0.00262846 -0.0030783 3.30085e-05 0.0398683 -0.00618841 0.0284019 0.0192271 0.0473394 -0 -0 -0 3.00528e-05 -0 -0 -0 -0 -0 0.00824419 -0 -8.5757e-05 -0 -0 -0 -0 0.00906078 -0 -0.0162753 -0.0018968 -0 -0.000816029 -0 -0.0112971 -0.011623 -0 -0.00200261 -0 -0.000228952 -0.000593616 -0.00178281 -0 -0 -0 -0 -0 -0.00159182 -0.000144875 -0.00272673 -0 -0.00684844 -0.00411319 -0.00373947 -0.00299457 -0 -0 -0 -0 -0 -0 -6.10935e-05 -0.00179588 -0 -0.00236359 -0.000936422 -0 -0 -0 -0 0.00783884 -0 -0 -0 -0 -0.00361302 -0.00224975 0.00671834 -0 0.00632122 0.00810537 -0.00662289 -0 -0 -0.00400556 -0 -0.00268367 -0 -0 -0.00271262 -0.0129316 -0 -0.00283471 -0.000234116 -0.000448545 -1.5781e-05 -0.000996938 -0 -0 -0.00139317 3.30486e-05 -0.00226765 -0 -0.000120994 0.000520329 -0 -0 0.0149042 0.00151043 -0 -0 -0 -0.00518951 -0 -0 -0 -0 -0.00182257 -0 -0 0.00316021 -0 -0 -0.00401989 -0 -0 -0.0045822 -0 -0 -0 0.00119596 -0.000847412 -0 -0 0.0174079 -0.00672211 -0.00256163 -0.00831488 -9.08403e-05 -0 0.00225256 -0.000717061 -0 0.000964113 -0 -0 -0 -0.00093963 -0 -0 -0 -0 -0 -0 -0 -0 -0 -0.00131486 -0 -0 -0.00627146 -0 -0 -0 -0.00152076 -0 -0 -0 -0 -0.00730288 0.000292648 -0.000768072 -0 -0.00480642 -0 -0 -0 -0.000229542 -0.000524363 -0.00610692 0.0037334 -0 0.0212055 -0 -0 -0 -0 -0 -0 -0.00245874 0.000718575 -0.00236169 0.0274077 -0 0.00368155 -0 -0 0.0129076 0.0100052 0.000960868 -0 -0 -0 -0 -0.000399471 -0.00918286 -0 -0 -0 -0 -0
-0 -0 -0 -0 -0.00169029 0 -0 -0 -0 -0.0388544 -0 0.0464091 -0.0284952 -0 0.00487052 -0 -0 -0.0334324 -0 0.00927698 -0.0789621 0.000547824 0.0295565 -0 -0 0.0318685 -0 -0 -0 0.0636064 -0.00696534 0.000686417 0.00835351 0.00320325 -0 -0 -0 -0 0.0127336 0.000439084 0.0109592 -0 0.0286639 -0 0.00794435 -0 -0.0103173 -0 -0 -0 0.0387022 -0 0.00633468 -0 -0.002048 0.0081804 -0 -0 0.00692385 0.00774361 0.00245284 -0 -0.00347177 0.00241757 -0 -0.00933617 0.0307048 0.0510256 -0 0.0636148 -0 0.00493172 -0 -0.000847907 -0 -0 0.0498977 -0 -0.00332687 -0 -0.0180971 0.000588945 0.00414494 -0 -0 0.0020655 0.0157833 0.00367567 0.0105647 -0.00422729 -0 0.00624941 -0 -0.000197618 0.00613427 0.00861553 -0.00287029 0.0262773 0.00216073 0.00101955 -0 0.00216069 -0.00539315 0.00345626 -0.0126743 0.00936343 -0 -0 0.0421735 0.0284407 -4.87702e-05 -0.000878688 -0 -0.00269807 -0 -0 -0 0.0256532 -0.00416341 -0 0.00950483 -0 0.0393688 -0 0.00828252 -0.00319282 -0 -0 -0.00423775 -0 -0 0.0150856 -0 -0 -0 6.33636e-05 0.00405489 0.00361272 0.00292972 -0 0.0149317 0.0022019 -0.00370351 0.0541559 -0 0.0039208 0.00473882 -0 0.01688 -0 -0.0148262 -0 0.013922 0.00111504 -0 -0.00266144 -0.0127906 0.00823973 -0.0110195 -0 0.00863366 0.00398952 0.000778805 -0 -0 0.00135128 -0.000981158 -0 0.00456473 0.0010799 -0.0057843 -4.84297e-05 -0.004673 0.000544716 0.00296696 -0 -0.000398987 -4.32271e-05 0.016611 -0 -0 -0 0.00142371 -0.00981399 0.00643036 0.00237171 -0.00290601 0.00593476 -0 -0 0.00456759 -0 0.0332654 -0.000148352 0.00696949 -0.00341825 0.038421 -0 -0.000251927 -0.00430503 0.0194726 -0.00272951 -0.00244492 -0.0219518 8.13853e-05 0.0031543 -0 -0 -0 0.0342277 0.0107761 -0.00156936 -0.00248925 -0.000578049 -0 -0
-0 -0 0.0101183 0.0517785 -0 -0 0 0.013259 -0.000739287 0.0159892 0.043839 -0.00367167 0.0103777 -0 -0 -0 -0 -0.00857104 -0 0.00165728 -0.00225233 -0 -0 -0 -0 -0.0013814 -0.00286247 0.00252581 0.00443043 0.000465316 6.62216e-06 0.0127142 -0 0.00968307 0.00246497 0.0028445 0.000316501 0.0245789 0.000626011 -0.00259341 -0.00839849 -0 0.00500394 -0.00160281 0.0356055 0.0466771 0.0176841 0.00217076 0.00180322 0.00298172 -0.00277301 0.0102983 0.00745856 -0 0.00924489 -0 0.00591672 0.00356648 0.0109087 -0.00098191 0.00178727 0.0237202 -0 0.00944595 0.00928756 -0.00728352 0.00198549 -0.00658818 0.0102194 -0.00868906 -1.91319e-05 -0.00595131 0.0106772 -0.0087922 0.00675032 0.0192904 0.00177336 -0 0.000571042 -0 0.00530507 0.00887256 -0 -0.00186992 -0.00334577 -0 0.00531731 -0 0.00193158 0.0205677 0.017353 0.00271133 0.00559891 -0.00491133 0.0071822 0.00655114 -0 0.00895486 0.00521137 0.00741205 -0.00586519 0.00255244 -0 0.00525023 0.00928874 0.0015495 0.0105858 0.0896981 0.00896784 -0 0.0212304 2.66645e-05 0.0118604 -0.00725184 0.00384244 0.025768 0.00123979 -0.00296786 0.000932152 -0 0.0117575 0.0315059 0.00899583 0.0302931 -0 -0 -0 0.00345886 -0.000342199 0.0069769 0.00346536 -0.00502863 0.013375 0.000274031 0.0081194 -0.00647059 0.0201778 0.00175751 0.0110966 -0 0.00675457 0.00365178 0.019052 0.00316689 0.00771388 -0 0.00821926 0.00934567 -0 0.0202293 0.00255397 0.00780687 0.00350256 0.00170956 -0.00200161 0.000407049 0.0211451 0.00264993 -0.00516928 0.00330085 0.00995268 0.0149216 0.00621819 0.0121849 -0 -0 0.00051204 0.0265265 0.0138236 0.00696371 -0.00684282 0.0191007 -0 0.0102093 0.00567165 -0.00139107 0.0247363 0.0147886 0.00686608 0.00485887 -0 0.000189409 0.00392943 0.0190545 0.00516253 -0.00335045 0.00293311 0.000107761 0.00538453 0.00180272 0.000958121 -0.00351659 -0.00369041 -0.00259449 0.00534648 -0.0111823 -0.00848903 0.0150689 0.000643966 -0.00714021 -0.0114332 1.10272e-05 -0.00540592 0.0289519 -0.00526588 0.00959194 0.0159925 -0 0.0141775 -0.0208479 0.00122946 -0 -0.00278251 -0.0015925 -0 -0
-0 -0.000125943 -0.0121369 0.0378243 -0 -0 0.013259 0 0.000705619 0.00464841 0.0323482 -0 0.00207086 -0 -0 -0.00655133 -0 -0.020029 -0.00153027 -0 -8.53585e-05 -0 0.0246603 -0 -0 -0.00497185 -0.00253623 0.00435379 0.0161256 0.00154062 -0 0.00473339 -0 0.00494143 0.0139857 0.00125702 -0 0.0131026 -0.00367958 -0 -8.13333e-05 -0 -0 -0.00612363 0.0258618 0.00701523 0.00486786 0.00456673 0.00815905 -0 -0.00339279 0.0300736 -0.00314822 -0 0.00344922 -0 0.00209295 0.000917174 0.00843277 -7.74871e-05 -0 0.0178453 8.26359e-05 0.0238147 0.0174013 -0.0176488 -0 -0.00751756 0.0193143 -0.016161 -0 -0 0.0408587 -0.0251453 0.0259421 0.0395062 -0 -0.00764943 0.00558993 -0.00456572 -0 0.00231915 -0.00113236 -0 -0.0168157 -0 -0 -0 -0 -0.000996856 0.014014 -0 0.00621005 -0 -0.00148346 -8.07141e-05 0.00190322 -0.0159674 -0 0.00872871 -0.000286526 -0 0.00475411 0.00382557 0.00261859 -0 0.000472856 0.024479 0.00775535 -0 0.00782369 0.0244512 0.0677552 -0.00361262 0.00516649 0.0256056 0.00101883 -7.8003e-05 0.0103992 -0 0.00506199 0.0222929 -0.00421918 0.0224613 -0.0134185 -0 -0 0.0108511 -0.000368043 0.0143564 0.00821654 -0 0.0367692 0.00308262 0.0212384 -0 0.00541296 -0 0.018826 -0 -7.80314e-05 0.00169534 0.00227362 0.0019643 0.00829146 -0 0.0010322 0.0040853 -0 0.0115253 0.00639579 0.00167522 7.49816e-05 -0 -0.011314 0.01767 0.0263654 -0 -0.0105232 0.001032 0.0112768 0.00648449 0.00655863 0.0179857 -0 -0.0219482 0.00972917 0.0106026 0.00966531 0.00647979 -0.0122983 0.111253 0.00326142 0.0106354 -0 -0 0.00749487 0.0214771 -0.00740617 0.0142185 0.00508422 0.00216962 -0 0.00272197 -0 -0 0.00829001 -0 0.0149775 0.00939809 -0.00621175 -0.00246094 -0.000417362 -0.001438 -0 -0.00182036 -7.76955e-05 0.0212485 0.0107129 -0 -0.00328813 -0 -0 0.0146367 -0 0.00391275 0.0233056 0.000209151 0.0261922 -0.0248808 -0.0162446 0.0147216 -0.00792591 -0.00587768 -0 -0
-0.00285111 -0.0281859 0.241661 0.00148746 -0.00262846 -0 -0.000739287 0.000705619 0 -0.0268227 0.00219137 -0.0194658 0.129698 -0.00523503 -0 -0 -0 -0.00220937 -0 -0 -0.00940548 0.00986862 -0 -0 0.0304525 -0.0183176 -0 0.0298236 0.0008878 -0 0.0337812 0.00224189 -0.0375932 0.00347073 -0 0.0316485 0.0166934 0.00255489 -0 0.018462 0.00828182 -0 0.00265741 -0.0162346 -0.0101156 0.00827026 -0.00207612 0.000517272 -0 0.000447202 -0.0137643 0.00361646 0.00761177 0.00445025 0.0149625 -0.0190853 0.0250539 0.132023 0.00736737 0.00148801 -0 -0 -0 -0 -0 -0.0047313 -0 0.00325404 0.00231053 0.000918133 0.017071 -0 -0.00427298 -0.00637113 0.000777159 0.00295178 -0 -0 0.000374593 -0 0.00657415 0.00441038 -0.025141 -0.00212841 -0.0077909 -0.00457553 0.00192846 -0 -0.0298336 0.017486 0.0105616 0.0116395 0.000396627 -0 0.00547126 0.0205211 -0 -0.00250111 0.00124611 0.00733594 -0.00261708 0.0059471 -0 0.00427265 -0.0039182 -0 0.0170468 0.0022248 0.00476087 -0.0149357 3.40885e-05 -0 0.00123408 -0.00650325 0.00617869 -0.00220311 0.0671506 0.00796836 -0 -0 0.00584743 0.0031509 0.00588022 0.00232548 -0 -0 -0.0102654 0.00309341 -0 0.0106019 -0 0.00427897 0.00186238 -0 -0 -0.00460138 -0.00621445 -0.0138103 0.000836355 -0.00133975 0.00594353 0.00275613 0.00988792 0.000161535 0.00266443 -0.00256483 -0.00249826 0.00153487 -0.00753122 0.00530318 0.0105151 0.000562351 0.0018293 -0 -0.00148054 -0 0.000301597 -0 -0.00137168 -0 0.000383622 -0 0.00953275 0.00362164 -0 -0 -0 0.00329654 -0 0.00381329 -0.00281439 0.000875883 0.001282 0.00835132 0.00154982 -0.0103525 0.0045155 0.00192482 0.00703324 0.000539766 -0 -0 0.00365132 0.00303836 0.00453242 -0.00618713 -0 -0 0.00786472 -0 0.00180387 -0.0176766 -0.00490168 -0.0111572 0.00535209 -0.00402261 0.00254343 0.00124033 -0 -0.00433912 -0.00554786 -0 -0.00562809 0.00223791 -0.00921561 -0 0.010205 -0 0.0036321 -0.00440298 0.00238256 0.000625835 -0.00251472 -0.00178831 -0 -0
-0.0005935 -0 -0.0345036 0.0061907 -0.0030783 -0.0388544 0.0159892 0.00464841 -0.0268227 0 0.0170552 -0.0155651 -0.0347599 -0 0.000741321 -0 -0 -0 -0 0.0122972 -0.000833294 -0 -0.00583867 0.00129063 0.000541283 0.00195404 -0.00227086 -0.00120275 -0.0105799 0.00267375 7.10844e-05 0.00963125 0.00469349 0.0108417 0.00830735 -0.00627134 0.00192503 0.00931213 0.0142824 0.00293571 0.0264805 0.0042023 0.0222366 0.00154633 0.0140252 0.0265643 0.0296678 -0 -2.12399e-05 0.00878252 -0 0.000228709 0.0459659 0.00424933 0.0285627 0.00716363 -0.000186213 -0.0198997 0.028577 0.032987 0.0305332 0.00552596 -0.00134674 0.00365702 0.000731836 -0 0.00960613 0.0152845 0.00466077 0.0493049 0.00513859 0.00970324 0.00931465 0.0184692 -0 -0.00197288 0.00410579 -0 -0 0.00594465 0.0540201 0.0274004 0.00377187 -0.00923342 -0 0.000639468 0.0206505 0.00669547 0.0123021 0.0233465 -0.000144649 0.0151893 -0 -0.00768144 0.0299461 0.0331135 -0 0.0512586 0.0104919 0.00524408 -0.0225202 0.0117592 -0.00101674 0.00255301 0.0375324 0.011779 0.0286603 0.00848781 0.0166979 0.00447903 0.00445428 -0.00387082 0.00164239 -0.0272506 -0 0.0194617 0.00331607 0.0227194 -0.0056357 -0 0.0236999 0.0122339 0.023404 0.0110238 0.000626221 -0 0.0126703 -0 -0.00374687 0.000562871 0.012563 0.0226646 0.00213245 -0.0016222 0.00252744 -0.0271942 0.0318665 0.00851734 0.00427944 -0.0105975 0.022483 0.00977961 0.0362443 0.00982637 0.00897115 0.000569494 0.0318652 0.0178495 -0 -0.00144087 0.00252369 0.0109797 0.00908512 0.0181299 -0 -0 0.00628618 0.0303783 0.00842703 0.00910679 0.00207445 0.0234046 0.00921662 0.0175341 -0 -0 -0.00370651 0.039742 0.00764807 0.0110475 1.67655e-05 0.00329782 -0 0.0188166 0.0138014 -0.0167408 0.0196367 0.00101222 0.0252298 0.0010936 -0.0013626 -0 0.0302254 0.0492381 0.01666 -0.0220853 -0.0012068 0.00881797 -0 -0 0.0223801 -0.000787992 -0.0184582 -0 0.0206644 -0.0218659 0.0187886 -0.00488828 -0.00295194 -0.028868 -0.0250638 -0.00489321 -0.0275479 0.0065662 -0.020095 0.00342371 0.0104016 -0.00289096 0.00436227 -0 0.0147978 -0.000486567 -0.000629546 -0.000967881 -0 -0
0.00440367 -0 -0.00438049 0.04488 3.30085e-05 -0 0.043839 0.0323482 0.00219137 0.0170552 0 -0 0.00145734 -0 -0 -0 -0 -0.00466578 -0 -0 -0.000641456 -0 0.0167765 -0 -0 -0 -0.00121281 0.0024283 0.0133799 0.000771514 -0 0.0218192 -0 0.00962768 0.00109417 0.00119319 -0 0.00765814 -0 -0 -0.0102274 -0 0.0044506 -0.0013663 0.0235554 0.0211795 0.0125205 0.00492548 0.00506414 0.000332897 -0.00950575 0.0108839 0.00421023 -0 0.0179668 -0 0.00182355 -0.000471709 0.0102623 -0.00251461 0.000255168 0.0134668 -0 0.0181691 0.0136975 -0.0119112 -0 -0.0071064 0.00971398 0.00181811 -0 -0 0.0242463 -0.0163354 0.00401282 0.0222717 -0 -0.0110754 0.000320154 -0 0.00458793 0.00529598 -0 -0.000265211 -0 0.00399818 -0.00632944 -0 0.000556576 0.0066225 0.00962124 -0.0071887 0.0128431 -0.00124692 0.00314053 0.000279346 -0 -0.00288114 0.00120285 0.00373061 -0.00323309 -0 -0 0.00440479 0.00540319 0.000330802 0.00175585 0.0220264 0.00730848 -0 0.00858865 0.0138596 0.0288208 0.00152933 0.0045769 0.0366966 0.00368923 -0.00992189 0.00501296 -0 0.00848362 0.0256283 0.00394668 0.0219973 -0.012186 -0 -0 0.00573713 -0.0026728 0.00407506 0.0045741 -0.000882021 0.012095 0.000737291 0.0229216 -0.00270461 0.00770681 0.0013397 0.00996367 -0 0.00205702 0.00360437 0.00486284 0.00860585 0.00540808 -0 0.0114177 0.0236435 -0 0.0143579 0.00668392 0.00451275 0.00316367 -0 -0.00729705 0.00063643 0.016715 0.00121207 -0.0095658 0.00502042 0.023329 0.0110976 0.00190027 0.00739066 -0.000227437 -0 0.00154745 0.0427853 0.0216204 0.00357972 -0.0109319 0.0171342 -0 0.0345077 0.00209685 -0 0.00417159 0.0189058 -0.000145018 0.0206059 -0 0.00240857 0.0016721 0.0056933 0.0020696 -0 0.00399022 0.000303699 0.00858776 0.00974291 -0 -0.000860826 -0.00108859 -0 -0.00668152 -0.00725542 -0.00895027 0.0365116 0.000943536 -0.00262236 -0.00592656 -0 0.0138049 0.0167926 -0.00146441 0.0132092 0.0136454 -0 0.01466 -0.0116847 -0 0.000206046 -0.00646806 -0.00391601 -0 -0
0.00554253 0.0130115 -0.0205387 -0.00238866 0.0398683 0.0464091 -0.00367167 -0 -0.0194658 -0.0155651 -0 0 -0.0160281 0.0206299 -0 -0 -0.0282895 0.00767939 -0 -0.000896464 -0 -0.0221004 0.0328612 -0.125143 -0.0142112 1.17371e-05 -0 -0.00843471 -0 -0 -0.00349147 -0 0.0330642 -0.000535796 -0.001268 -0.0268549 -0 -0.00909933 -0.000559959 -0.0395396 -0.0149037 -0.000250997 -0.00340339 -0 -0.00106644 -0.00923676 -0.00807034 -0 -0 -0 -0 -0 -0.00577954 -0.0240313 -0.00601697 -0 -0.0317919 -0.0159332 -0.00793944 0.00264742 -0.00420368 -0 -0 -0 -0 -0.0142886 -0.00164093 0.00914476 -0 0.0290237 -0.0334913 -0.00163934 -0 -0 -0 -0 -0 -0 -0.00437757 -0.000751265 -0.0076378 -0.00484593 0.00361552 0.00553973 -0 0.0301268 -0.00492614 -0.00103093 -0 -0.0100542 -0.000893557 -0.02151 -0 0.000905305 -0.00528557 -0.00777525 -0.00138114 -0.00235736 -0.00054358 -0.000212436 0.043525 -0.015394 -0 -0.000557868 -0.00800654 -0 -0.00614109 -0.00142331 -0.00179595 0.0291024 -0 0.00907286 -0 0.00584013 -0 -0 -0.00599982 -0.0081904 -0 -0 0.00642287 -0.00034087 0.00136621 -0.00191133 -0.00334097 -0 -0 -0 -0.0145125 -0 -0 -0.00934213 -0 -0 -0 0.0171769 -0.00462757 -0 -0 0.00110867 -0.00584532 -0.00173669 -0.00734741 -0.000135926 -0 0.00243333 -0.00311231 -0.00545795 0.0225484 -0 -0 -0.00245769 -0.00283957 -0.00171242 -0 -0 -0.000303879 0.000307529 -0 -0.000869097 0.0171444 -0.00112181 -0.00229963 -0.00160644 -0.0057224 -0.00276784 -0 -0.00249733 -0 -0.00286626 -0 -0 -0 -0.0020938 -0.00862613 0.0030007 -0.0071051 -0 -0.0096002 0.0170012 -0 -0 -0.00221829 -0.00460508 -0.00842901 0.0220983 -0 4.63088e-05 -0 -0 -0.00184856 0.0108348 0.00230779 -0 -0.00644916 0.00421941 0.000403826 0.0207972 -0 0.00692621 0.00473745 -0 0.00602238 -2.57782e-05 0.0359589 -0 -0.00276462 0.0115096 -0.000759701 -0 -0.00456505 -0 -0 -0 -0 -0
-0.0130824 -0.0275018 0.187151 0.0021463 -0.00618841 -0.0284952 0.0103777 0.00207086 0.129698 -0.0347599 0.00145734 -0.0160281 0 -0.00827209 -0 -0.000677089 -0 -0.00166025 -0 -0.027711 -0.0125814 0.0027751 -0 -0 0.0310149 -0.0280151 -0 0.0477275 0.000270162 -0 0.0189575 0.00170954 -0.0383768 0.00223555 -0 0.0365689 0.0205283 0.00263367 -5.31662e-05 0.0269939 0.00752399 -0 -0.00446908 -0.011444 -0.012405 0.0242305 0.0142793 0.00164444 -0 -0 -0.0214441 0.00220989 0.00760735 0.00166451 0.00696338 -0.0251424 0.065185 0.124139 0.0119612 -0.00341721 -0 -0 -0 -4.26406e-05 -0 -0.00561712 -0 -0.00573457 0.00238286 -0.00447888 0.0193789 -0 0.000948893 -0.00669413 0.00169074 0.00229153 -0 -0 0.00259306 -0 0.00668493 0.00431155 -0.0289263 -0.00298862 -0.00651961 -0.00364863 0.00214741 -0 -0.0269415 0.0199555 0.00747463 0.00738016 3.73379e-05 -0 0.00421122 0.0058185 -0 -0.00466901 -0 0.00917097 -0.00241684 0.00769776 -0 0.00188327 -0.00624367 -6.51716e-05 0.024116 0.00394584 0.00374781 -0.0257519 -0 -0 0.00193262 -0.00615609 0.00240913 -0.00376042 0.0240902 0.005544 0.000497404 -0 0.00468831 0.00230226 0.00404718 0.00251884 -0 -0 -0.0160325 0.00278808 -0 0.00686908 -0 -0.00148732 0.00169473 -0 -0 -0.0040898 0.00156846 -0.016724 0.000222738 -0.00198281 0.00372495 0.00183647 0.00291969 -0 0.00490064 -0.00615345 -0.00913453 -0.00336979 -0.0101044 0.00304914 0.013517 0.000557893 0.00149158 -0 -0.000694074 3.0648e-05 0.00139867 -0 -0.00155928 -0 -0 -0 0.0149736 0.0066611 -0 -0 -0 0.0070186 -0 0.0109357 -0.00689521 0.0014487 0.00180917 0.00634355 0.00170074 -0.00708998 0.00410436 0.00386059 0.00589892 0.000670481 0.000208123 -0 0.00345963 -0.00517902 0.00406678 -0.00550665 0.000411841 -0.00994312 0.00320996 -0 0.000346962 -0.0152367 -0.00367714 -0.0104152 0.00429088 -0.00366807 -0.00326485 0.00143454 0.000111166 -0.00313616 -0.00455121 -0 -0.00466492 0.00476889 -0.00677824 -0 0.00689696 -0 0.00189228 -0.00924239 0.00171198 0.00165641 -0.00182135 -0.000767163 -0 -0
0.0460498 0.0283253 -0.0169668 -0 0.0284019 -0 -0 -0 -0.00523503 -0 -0 0.0206299 -0.00827209 0 0.03884 0.00627432 -0 -0 -0 0.00611996 -0 -0 -0 0.0138175 -0.000248966 0.0345615 -0 -0.00120516 -0 -0.00415093 -0 -0 0.0277169 -0 -0.000451215 -0 -0.000478238 -0.00300769 -0 -0 -0 -0 -0 0.0116842 -0 -0 -0 -0.0166675 -0 -0 -0 -0.0152802 -0 -0 -0.00114061 -0 -0.0162333 -0.00352889 -0 -0 -0 -0 -0.000103498 -0 -0 0.0018539 -0 -0 -0 -0 -0 -0 -0 -0 -0 -0 -0 -0 -0.000784074 -0 -7.05453e-05 -0 0.00556021 -0 0.0211356 -0 -0 -0 -0 -0.00137376 -0 -0 -0 -0 -0 -0.000412909 -0.000105002 -0 -0 -0.00333178 -0 -0 -0.00045562 -0 -0 0.00813992 -0.00110577 -9.09658e-05 -0 0.0201428 -0 -0.000664724 -0 0.00035613 -0 -0 -0 -0 -0.00300992 -0 -0 -0 -0 -0 -0 0.0151271 -0 -0.00210423 -0.00799277 -0 -0.00215525 -0 -0 -0.00469709 -0 -0 -0 -0 -0 0.0184838 -0 -0 -0.000409811 -0 -0.00987826 0.00083412 -0 -0 0.000662818 -0 -0 -0 -0 -0 -0 -0 -0 -0 -0 -0 -0 -0 -0.00491883 -0 -0 -0 -0.00224209 -0 -0 -0.0105825 0.000229604 -0 -0 -0 -0 0.00111144 -0 -0 -0 -0 -0 -0.00673398 -0 -0 -0.0018028 0.00457114 -0.0066955 0.014111 -3.22591e-05 -0 0.0043121 -0 -0 0.00115456 -0 -0 -0 1.10287e-05 -0.00732905 -0 -0 -0 -0 -0 -0 -0 -0.0011958 -0 -0 -0 -8.47959e-05 -0 -0 -0 -0 -0
0.0307488 0.0250376 -0 -0 0.0192271 0.00487052 -0 -0 -0 0.000741321 -0 -0 -0 0.03884 0 0.028523 0.027712 -0 -0 0.0209237 -0 0.0200062 -0.0180121 -0 -0 0.0508333 -0 -0 -0 -0 -0 -0.0103542 0.0221717 -0 -0.0100682 -0 -0 -0 -0 -0 0.00285631 0.00258913 0.000865688 0.0305205 -0 -0 0.00259475 -0.000192098 -0.00151087 -0 -0 -0.0130762 -0 -0 -0 0.00259567 -0 -0 -2.23973e-05 -0 4.4446e-05 -0 -0.00755988 -0 -0.000839063 -0 0.00074806 0.000860864 -0 0.00249071 -0 0.0207867 -0 -0 -0.000256113 -0 0.013195 0.00231829 -0 -0 -0 -0.0126088 0.0128967 -0 0.043768 -0 0.000290238 0.00123917 -0 -0 -0 -0 -0 -0.00158367 -0 -0 -0.000947236 0.00185814 -0 -0.00100307 -1.1637e-05 0.000392608 -0 0.00761068 -0 0.0434152 -0 -0 -0 0.00178501 -0 -0.00544197 -0 -0 -0 -0 -0 0.00155419 -0.00243203 -0 0.00776347 -0 0.00623485 -0 0.00861764 0.000291756 -0 -0 -0.016598 -0 -0.0198039 -0 -0 -0 -0 -0.000806555 -0 0.000800627 -0 -0 0.000576995 -0 -0 -0 -0.0120956 0.000533726 -0 -0 0.0311572 0.000825808 -0 -0 -0 -0 -0 -0.0026352 -0 0.000789973 -0 -0 -0 -0 -0 -0 0.0142892 -0 -0.00184337 -0 -0 -0.00597452 -0 -0 -0 -0 -0 0.00430519 -0 -0 0.000739078 -0 -0.00383589 -0 -0 -0 -0 -0 -0.00026162 0.0289607 -0 -0 0.0273363 -0 -0 -0 0.00141914 -0 0.00265491 -0 -0.00127364 -0 -0.000518358 -0 -0 -0 -0 -0 -0.00999908 -0 -0 -0 0.000165369 -0.00332217 -0 -0 -0 -0
0.0323519 0.0228294 -0 -0 0.0473394 -0 -0 -0.00655133 -0 -0 -0 -0 -0.000677089 0.00627432 0.028523 0 0.0183126 -0 -0 0.0121371 -0 0.0197955 -6.00207e-05 -0 -0 0.000715227 -0 -0 -0 -0 -0 -0 0.014205 -0 -0.00939605 -0 -0 -0 -0 -0 -0 -0 -0 0.00384792 -0 -0 -0 -0 -0 -0 -0 -0.000124546 -0 -0 -0.00235055 -0 -0.000291011 -0 -0 -0 -0 -0 -0.00111438 -0 -0 -0 -0 -0 -0 -0 -0 -0 -0.010769 -0 -0 -0 0.0177697 -0 -0.00080401 -0 -0 -0.0068551 0.0229385 7.13042e-05 0.0136897 0.000458443 3.74665e-05 -0 -0 -0 -0.000366669 -0 -0 -0 -0 -0 -0.00541722 -0 -0 -0.000403012 -0 -0 -0 -0 -0 0.00846472 -0 -0 -0 -0 -0 -0 -0 -0 -0 -0 -0 -0 -0 -0 -0 -0 -0 -0 -0 0.00528239 -0 -0 -0.00240034 -0 -0.000435649 -0 -0 -0 -0 -0 -0 -0 -0 0.0016208 -0 -0 -0 -0 -0.0059265 0.0142749 -0 -0 0.00478321 -0 -0 -0 -0 -0 -0 -0 -0 -0 -0 -0 -0 -0 -0 -0 -0 -0 -0 -0 -0 -0.000131548 -0 -0.000104138 -0 -0 -0 -0 -0 -0 -0 -0 -0 -0 -0 -0 -0 -0 -0 0.0170901 -0 -0 0.00924003 -0 -0 -0 -0 -0 -0 -0 -0 -0 -0 -0 -0 -0 -0 -0 -0.00507869 -0 -0 -0 -0 -0 -0 -0 -0 -0
0.0195351 0.00367545 -0 -0 -0 -0 -0 -0 -0 -0 -0 -0.0282895 -0 -0 0.027712 0.0183126 0 -0 -0 0.00791318 -0.0128362 0.038494 -0.0145812 0.0815812 -0 -0 -0 -0 -0 -0 -0 -0 -0.00366346 -0 -0 -0 -0 -0 -0.00587389 0.00672417 -0 0.00128825 -0 0.0133633 -0 5.33384e-06 0.00251136 -0 -0 -0 -0.0171094 -0.00230028 -0 0.00934393 -0 -0 -0 -0 -0 -0 -0 -0 -0 -0.0040145 -0 -0 -0 -1.52465e-05 -0 -0 0.0161824 0.0163098 -0 -0 -0 -0 -0 -0 -0 -0 -0 -0.0128132 -0 -0.00371456 0.0049228 -0 -0 0.000193412 -0 -0 -0 -0 -0 -0 -0 -0 -0 -0 0.00258821 -0 -0.0153903 -0 -0.000488089 0.000792739 -0 0.0128344 -0 -0 -0 -0 -0 -0.00884929 -0 -0 -0 -0 -0 -0 -0 -0 -0 -0 -0 -0 -0 0.0253512 0.00362742 -0 -0 -0.001449 -0.0184429 -0 -0 -0 -0.00651307 -0 -0 -0 -0 0.00436156 -0 7.60879e-05 -0 -1.06485e-05 -0.00889707 -0 -0 -0 -0 -0 -0 -0 -0 -0 -0 -0.000835431 -0 -0 -0 -0 -0 -0.0131655 -0 -0 0.153285 -0 -0 -0 -0 -0.00492464 -0 -0 -0 -0 -0 -0 -0 -0 -0 -0 -0.000259918 -0 -0 -0 -0 -0 -0 0.00070723 -0 -0 0.024014 -0 -0.000774299 -0 -0 -0 -0 -0 -0 -0 -0 -0 -0 -0 -0 -0 -0 -0 -0 -1.71153e-06 -0 -0 -0 -0 -0 -0
-0 -0 -0.00207053 -0.00804511 -0 -0.0334324 -0.00857104 -0.020029 -0.00220937 -0 -0.00466578 0.00767939 -0.00166025 -0 -0 -0 -0 0 -0 -0 -0 -0 -0 -0 -0 -0 -0 -0.00395063 -0.00874514 -0.000311158 -0 -0.00046176 0.00166015 -0.000168195 0.00524871 -0 -0 -0 0.00960934 -0.00362621 -0 -0 -0 0.00352574 -0.000314294 -0.0150069 -0 -0.0001095 -0.000189974 -0 -0 -0 -0 -0 -0 -0 -0.000671455 -0.000170431 -0 0.0290909 -0 -0.00182339 -0 -0 -0.00612408 -0 -0 -0 -0.00055111 0.00820251 -0.00373978 -0 -0.000179808 0.000265136 -0.00120889 -0.00968011 -0 -0 -0.0073872 -0 -0 -0 0.00348415 6.6701e-05 -0 -0 -0 -0 -0 -0 -0.000335961 -0 -0 -0 -0 -0 -0.00425653 -0 -0 -0 -0 -0.000183478 -0 -0 -0 -0 -0 -0.00218904 -0 -0 -3.25269e-05 -0 -0.00994018 -0 -0.00474423 -0.000463849 -5.78819e-05 -0 -0.00411368 -0 -6.08786e-05 -0.0200633 -0 -0 -0 -0 -0 -0.00213804 -0 -0 -0 -0 -0.000620937 -0 -0.000588403 -0 -0 -0 -0 -0 -0 -0 -0.000599572 -0 -0 -0 -0 -0.00269884 0.00176971 -0.0016207 -1.20113e-05 -0 -0 -0 -0 -0 -0.00487289 -0 -0 -0 -0.00247354 -0 -0 -0.000557876 -0 -0 -0.000945457 -0.00606987 -0 -0 -0 -0.00889901 -0 -0 -0 -0 -0 -0.00353403 -0 -0.000205807 -0 -0 -0 -0 -0 -0 -0.00170143 -0 -0.000995597 -0 -0 -0 0.00552715 -0 -0 -0 -0 -0.0170972 -0.000872244 -0 -0 -0 -0 -0.0115543 -0 -0 -0.00472372 -0 -0.00122959 0.00461176 -0 -0 -0 -0 -0 -0
-0 -0 -0 -0 -0 -0 -0 -0.00153027 -0 -0 -0 -0 -0 -0 -0 -0 -0 -0 0 -0 -0 -0 -0.00107287 -0 -0 -0 -0 -0 -0.000304581 -0 -0 -0 -0 -0 -0 -0 -0 -0 -0 -0 0.00019894 0.000658927 -0 -0 -0 -0 -0 -0 -0 -0 -0 -0.0049418 -0 -0 -0 -0 -0 -0 -0 -0 -0 -0 -0 -0 -0 0.0131411 -0 -0 -0.000834198 -0 -0 0.00284041 -0.000422321 0.0335191 -0.00013209 -0.00127558 -0 -0 -0 0.0126759 -0 -0 -0 -0 -0 -0 -0 -0 -0 -0 -0 -0 -0 -0 -0 0.00349399 -0 -0 -0 -0 -0 0.00286433 -0 -0 -0 -0 -0 -0 -0 -0 -0 -0.000217753 -0.011075 -0 -0 -0 -0 0.00345596 -0.000235417 -0 -0 -0 -0 -0.000108919 -0 -0 -0 -0 -0 -0.000646099 -0 -0 -0.000324692 -0 -0 -0.0014218 -0 -0 -0 -0 -0 -0 -0 -0 -0 -0 -0 -0 -0 -1.32066e-05 -0 -0 -0 -0 -0 -0 -0 -0 0.0109593 -0 -0 -0 -0 -0 -0 -0 -0 -0 -0 -0 0.00967018 -0.00524019 -0 -0 -0 -0.000229068 -0 -0.000467612 0.00315947 -0.00077666 -0 -0 -0 -0 -0 -0.00103754 -0 -0 -0 -0 -0 -0 -0 -0 -0 -0 -0 -0 -0 -0.000213616 -0 -0 -0.00207516 -0 -0.00466562 -0 -0 -0 -0 -0 -0 -0 2.9508e-05 -0 -0 -0
0.0104202 0.0423881 -6.55041e-05 0.00165273 3.00528e-05 0.00927698 0.00165728 -0 -0 0.0122972 -0 -0.000896464 -0.027711 0.00611996 0.0209237 0.0121371 0.00791318 -0 -0 0 -0 0.0250638 -0.00806996 0.0143958 -0 0.022119 -0 -0.0125956 -0.000486507 0.000799748 -0 -0 0.0491628 0.00190425 -0 -0 -0 0.000789139 0.0142659 0.00161894 0.0096183 0.0228737 0.010224 0.00763941 0.00242548 0.00404709 0.00818092 -0 -0 -0 0.0192744 -0.0171848 0.00516934 0.00620865 0.0021461 0.0250388 -0 -0 -0.0064414 0.0149055 0.0257298 -0 -0.00910369 -0 -0 -0 0.00609035 0.00845202 -0 0.0100024 0.00194373 0.0373532 -0 -0 -0 -0 0.0452491 0.00842711 -0.00258685 0.0130423 0.00397091 -0.0100497 0.00309316 -0 0.0146712 0.0171533 0.0107066 0.0273769 -0 0.00199042 -0 0.00435904 -0 -0.000885591 0.00573167 0.00723188 -0.00294655 0.0173005 0.00279001 -0 -0.00303732 0.00423815 -0.00227979 0.00419732 0.00170514 0.0522858 0.00192545 -3.08133e-05 0.00408884 0.0476088 -0 -0.00414362 -0 -0.00271658 -0 -0 -0 0.018479 -0.00513449 -0 0.00998634 -2.59653e-05 0.00987918 0.00128475 0.00661113 -0 0.00472893 -0 -0.00761208 -0 -0 0.0062556 -0 -0 -0 -0.00550252 0.00816778 0.00642842 -0 -0 0.00819437 -1.89026e-05 0.00684237 0.00175528 -0 -0 0.00384395 0.00143679 0.0156926 0.000364112 -0.0055443 0.0017132 -0 0.0183939 -0 -0.000863306 -0 0.0351751 -0.00053523 0.00111862 0.0004652 0.002931 -0 -0 0.00597822 -0 -0.00458701 0.00237266 0.00053179 -0 -0 -0 -0.0115631 -0 0.00245024 -0 0.000561073 -0 0.006681 -0 -0.00366664 -0 0.00143077 0.0116562 0.00398269 -0.00369918 -0.00410409 0.0409608 -0 -0 0.0300292 -0 -0.000318014 0.00128386 0.00806789 -0.00450398 0.00941204 -0 -0.0035348 -0.00687934 -0.00987398 -0.00163559 0.00381325 -0 -0.00332226 -0 -0 8.82825e-06 0.000355866 0.00198596 0.00423069 -0.00756583 -0 -0 -0 -0
-0 -0 -0.0151105 -0 -0 -0.0789621 -0.00225233 -8.53585e-05 -0.00940548 -0.000833294 -0.000641456 -0 -0.0125814 -0 -0 -0 -0.0128362 -0 -0 -0 0 -0.00176707 -0 -0 -0 -0 -0 -0.000907397 -0.00655764 -0 -0 -0.000142885 0.0190888 -0 -0 -0.000294933 -0 -0 -0 -0.000149261 -0 -0 -0 -0 -0.000559516 -0.00080785 -0.00141873 -0 -0 -0 0.00440346 -0.0122099 -0.000980148 -0 -0.00485299 -0 -0.00045185 -0.00364899 -0.000955655 -0 -0 -0 -0 -0 -0 0.00297522 -0 -0 -0.0101215 -0 -0.00184781 -0 -0 -0 -0.00473465 -0 -2.74509e-05 -0 -0 -0 -0.000166332 -0 -0 -0 -0 -0 -0 -0 -0 -0.00335269 -0.00839971 -0 -6.10377e-05 -0 -0 -0 -0 -0 -0 -0 -0 -0.000103324 -0 -0.000951534 -0.000140736 -0 -0 -0 -0.00114481 -0 -0 -0 -0.000337176 -0 -0 -0 -0 -0.00255058 -0 -0 -0.000701843 -0.000395612 -0 -0 -0 -0 -0 -0 -0 -0 -0 -0 -0 -0 -0 -0 -0.000466258 -0 -0 -0 -0 -0.00149955 -0.000424665 -0 -0.00103316 -0 -0 -0.00031047 -0 -0.00263391 -0.00235057 -0 -0.000299907 -0 -0 -0 -0 -0.000397666 -0 -0 -0 -0 -0.00503927 -0 -0 -0 -0 -0.00210445 -0 -0 0.00122493 -0 -0 -0.0013369 -0 -0 -0.00188393 -0.000435117 8.79101e-06 -0 -0 -0 -0 -0.000225643 -0 -0 -0 -0 -9.96552e-05 -0.00273462 -0 -0 -0 -0 -0 -0 -0 -0.0090532 -0 -0 -0 -0 -0 -0.000408456 0.00013609 -0 -0.000216361 -0 -0 0.00521133 -0 -0 -0 -0 -0 -0
0.0175158 0.0295517 0.00976521 -0 -0 0.000547824 -0 -0 0.00986862 -0 -0 -0.0221004 0.0027751 -0 0.0200062 0.0197955 0.038494 -0 -0 0.0250638 -0.00176707 0 -0.0111808 0.000702184 0.00399565 -0 -0 -0 -0 -0 -0 -0 0.00547388 -0 -0 -0 -0 -0 -0 0.00704073 0.000696074 0.00193918 -0 -0 -0 -0 0.000253572 -0 -0 -0 -0 -0 0.000644095 0.00783943 -0 -0 -0 0.00272821 -0 -0 0.00304698 -0 -0.0136682 -0 -0.00320061 -0 -0 0.000774131 -0 0.00479173 0.012225 0.015564 -0.0058286 -0 -0 -0 0.0272916 -0 -0 -0 -0 -0 6.58751e-05 -0 0.00511472 -0 0.000492508 0.00294323 -0 0.000851394 -0 0.000162645 -0 -0 -0 -0 -0.0171259 0.000538683 -0 -0 -0 0.0128671 -0.000676961 0.0291027 -0 0.0174907 -0 -0 -0 -0 -0 -0 -0 -0.000150019 -0 -0 0.0256812 0.00132015 -0.00153214 -0 0.000473923 -0 0.00414377 -0 0.019186 0.00543765 -0 -0 -0.0122734 -0 -0.00232523 -0 -0 -0 -1.42698e-05 -0.000839789 -0 -0 -0 -0 9.8192e-05 -0 -0 -0 -0.00367576 -0 -0 -0 0.00646254 -0 -0 -0 -0 0.00257908 -0 -0 -0 0.00303186 -0 -0 -0 -0 -0 -0 0.00390851 -0 -0.000201662 -0 -0 -0 -0 -0 -0 -0 -0 -0 -0 -0 -0 -0 -0.000321476 -0 -0 -0 -0 -0.000140015 -0 0.0149021 -0 -0 0.0426902 -0 -0 -0 0.00121861 -0.000121612 0.00284217 -0 -0 -0.000435444 -0.0010136 -0.00057138 -0 -2.37644e-05 -0.00207697 -0 -0 -0 -0 -0 -0 -4.40521e-05 -0 -0 -0 -0
-0 -0.00422442 -0 -0 -0 0.0295565 -0 0.0246603 -0 -0.00583867 0.0167765 0.0328612 -0 -0 -0.0180121 -6.00207e-05 -0.0145812 -0 -0.00107287 -0.00806996 -0 -0.0111808 0 -0.0149398 -0 -0.0258708 -0 -0 0.00631212 -0 -0 -0 -0.00535645 -0.00485015 -0 -0 0.0181879 -0 -0.00195907 -0.0131454 -0.00678154 -0.0232378 -0.00211488 -0.136344 0.0194802 -0 -0.0094249 0.00578826 -0 -0.000564477 -0.000932016 0.0594496 -0.000757375 -0.0358913 3.8334e-05 -0.0101439 -0 -0 -0 -0.00287022 -0.0125429 -0 -0 0.000185787 0.00365222 -0.0355257 -0.000153263 -5.23323e-05 0.00362281 0.00125766 -0.0305501 -0.0071463 0.0159226 -0.00913417 -0 0.0271119 -0.00378948 -0.0171651 0.000200508 -0.00923834 -0.0147982 -0.00125986 -0.00916786 -0 -0.0305312 -0 -0.00529906 -0.0297993 -0.0102859 -0.000727278 -0 -0.00133109 -0 -0 -0.0044273 -0.0127361 -0 -0.00441425 -0.00695155 0.029543 0.034098 -0.0227355 -0 -0.000439967 -0.00593334 -0.00418416 -0.001186 -0 0.0297493 -0.00280932 -0 0.0577851 0.028856 -0 0.00114462 0.0121633 -0 -0.0118253 0.00524479 -0 -0 -0 -0.00268362 -0 -0.0234649 0.00369037 -0.0133046 0.00201151 -0 0.000971035 0.0571004 -0.0171644 0.000632011 0.00421026 0.000971765 0.0108219 -0.0031908 -0.0204945 0.000930048 -0 -0.016775 -0 -0.00819078 -0 0.0387731 -0.00229842 -0.00179416 -0.0168512 -0 0.000893502 0.0189207 -0.0209039 -0 -0.00750459 -0.00664054 0.00335351 -0 -0.00384041 -0.00728433 -0.0140177 0.00697995 -0 -0 -0 -0 -0.0443431 0.00381104 -0 0.0151939 0.0182077 -0.0263435 0.0138627 0.0145237 0.0268758 -0.00311744 -0 -4.80107e-05 0.00131407 -0.00341899 0.00035639 0.000812872 0.00361026 -0 -0.00164112 -0.00336467 0.011741 0.00522875 -0.000358715 -0 -0 -0.0307095 -0 0.00324832 -0 -0.0147258 0.00296472 -0.00370648 0.00618126 0.00650149 0.00267974 0.00326983 -0 0.00444223 -0 0.0368271 -0 -0 0.00720641 0.000917443 -0.00317759 -0.0136499 0.00575381 -0.00289557 -0 -0 -0
-0 0.010806 -0 -0 -0 -0 -0 -0 -0 0.00129063 -0 -0.125143 -0 0.0138175 -0 -0 0.0815812 -0 -0 0.0143958 -0 0.000702184 -0.0149398 0 -0 0.00555184 -0 -0 -0 -0 -0 -0 -9.59611e-06 0.000334741 -0 0.00244039 -0 0.00136648 -0 0.0131182 0.00209047 0.00196032 0.000159902 0.00932877 -0 0.00112758 0.00258325 -0.00250148 -0 -0.00533581 -0 -0.00320059 2.51715e-05 0.0175233 -0 -0 0.00188982 -0 -0 0.000409302 0.000722702 -0 -0.00328659 -0 -0 0.0157067 -0 -0 -0 3.45406e-05 0.0296091 0.0231854 -0.00813405 -0 -0 -0 0.00181871 0.000238155 -0.0043674 0.00337151 0.000845378 -0 -0 -0 0.0182592 -0 0.00221809 0.00627628 -0 0.000233757 -0 -0 -0 -0 0.00101505 0.0077914 -0.000830622 0.00130401 -0 -0 -0.0141359 9.64504e-05 -0.0051748 0.00159623 0.000287545 0.00465891 -0 -0 -0 -0 -0 -0.00874138 -0 -0.000788871 -0 -0 -0 0.00665275 -0.00399904 -0 -0 -0 0.000808922 -0 -0 0.00245018 0.0103427 -0.00205381 1.61812e-05 -0 -0.0201243 0.000842042 -0 -0.00150235 -0 -0.00159624 0.00136101 -0 -0 -0 -0 -0 0.000170621 -0 -0.00118152 -0 -0 0.00196658 -0 -0 -0 0.00146564 0.000596304 0.000373898 -0 -0.00805186 -0 0.00553756 -0 8.72912e-06 -0 -0 -0 -0 0.0437324 -0 -0.00252248 0.00053372 -0 -0 0.00204801 -0 -0 -0 0.000146429 -0 -0 -0 0.00013571 -0 -0 -0 -0 -0 -0 -0.00591931 -0.00364467 0.00270975 -0 -0 0.020982 -0 -0.00288543 -0 0.000934736 -0.000319445 -0 -0 -0.00106674 -0.000326027 -0.00141266 -0 -0 -0 -0.0051781 -0.00577982 -0 -0.000125696 -0 -0 -0 -0 -0 -0 -0 -0
-0 -0.00583424 0.03475 -0.00731695 -0 -0 -0 -0 0.0304525 0.000541283 -0 -0.0142112 0.0310149 -0.000248966 -0 -0 -0 -0 -0 -0 -0 0.00399565 -0 -0 0 -0.000341406 -0 0.00237784 -0 -0 0.0486438 -0 -0 -0 -0 -0 -0 -0 -0 0.0278258 -0 -0 -0 -0 -0 -0 0.0055547 -0.00887383 -0 -0 -0 -0 0.000972832 0.00706623 0.00150467 -0 0.00513299 0.0254411 -0 -0 0.000188912 -0 -0 -0 -0 -0 -0 -0 -0 -0 0.0173868 -0 -1.89716e-05 -0 -0 -0 -0 -0 -0 -0 -0 -0 -0 -0 -0 -0.00565366 -0 -0 -0 -0 0.000952725 -0 -0 -0 -0 0.00251985 -0.0098292 -0 -0 0.00180631 -0 -0 -0.00110511 -0 -0 -0 2.01871e-05 -0 -0 -0.00383416 -0 -0 -0 -0.00252551 -0 -0 0.00235642 0.000691169 -0 -0 -0 -0 -0 -0 -0 -0 -0.00186944 -0 -0 -0 -0 -0 -0 -0.00284415 -0.0104446 -0 -0 -0 -0 -0 -0 -0 -0 -0.0140809 0.00102461 -0 -0 -0 -0 -0 0.000350935 -0 -0 0.000967709 -0 -0 -0 -0 -0 -0 -0 -0.011169 0.000412768 -0 -0 -0 -0 -0 -0 -0 -0 -0 -0 0.000106908 -0 -0.00166567 -0 -0 0.000239546 -0 -0 -0 6.85894e-05 -0 0.00241177 -0.0005766 -0 -0 -0 -0 0.0015131 -0 -0 -0.00284275 0.000363163 -0 0.000394127 -0 -0 2.40455e-05 -0 -0 -0.000430563 -0 -0.00140158 -0 -0 -0 -0 -0 -0 -0 -0 -0 -0 -0
