0.915398 -0.0488208 0.0106958 -1.07586e-05 -0.0417454 0 0 0 0.00249217 0.000494327 -0.00397514 -0.00461285 0.0116928 -0.0413752 -0.0276404 -0.0292257 -0.0163338 0 0 -0.00898712 0 -0.0148124 0 0 0 -0.00990618 0 0 0 0 0 0 -0.0157183 0 0.0150786 0 0.000143631 0 0 0 0.00134205 0 0 -0.00238838 0 0 0 0 0 0 0 0.00133628 0.000113438 0 0.000185791 0 0.0175782 0.00278298 0.000460468 0.000595895 0 0 0.00059727 0 0 0 0 0 0 0 0 0 0 8.63299e-06 0.000441737 -0.00351496 0 0 0.00159384 0 0.000362563 0.0074973 -0.0024624 -0.00369065 -0.00572194 -0.0160709 0 0 0 0.000988704 0 0.000899651 0 0 0.000512295 0.00448737 0 0.0018869 0 0.00722456 0 0 0 -0.0156432 0.000138873 -0.0122331 0.00100607 0 0 -0.010206 0 0 -0.00583281 -0.00104747 0 0 0 0.000801654 0 0 -1.47327e-05 0 0 0 0 -0.0363446 0 0 0.0195532 0 0.00539022 0.000417923 0 0 0 0 0 0 0 -0.0236837 0.011799 0 0.000256085 0 0.00174692 -0.000672103 0 0 -0.00895134 -9.58818e-06 0 0 0.000192657 0 0 0.000258692 0 0 0.00359072 0 -8.75837e-06 0 0.00446735 0 0 0.00718688 0 0 -0.011148 0.00985616 0 0 0 0 1.91456e-05 -0.0090696 0 -0.00652473 0.00219662 0 0.00430423 0 0 0 0.000339743 -0.0136511 0 -0.0262035 0 0 0 0 0 -0.000582024 0.00015077 0 0 -0.0140106 0 0 0 0 -0.00529708 -0.0077402 -0.000783466 0 0.000123516 0 0 0 0.00539944 4.14546e-05 0 0 0 0
-0.0488208 0.872596 0.0382021 0 -0.0285478 0 0 0.000111526 0.0240546 0 0 -0.0105728 0.023999 -0.0248478 -0.0219741 -0.0201354 -0.00300043 0 0 -0.0356937 0 -0.0243994 0.00335289 -0.00888079 0.00501891 -0.00659844 0 0.0106377 0 0 0 0 -0.0302853 0 0 0.000383959 0 0.0071516 0 0 0 -0.000758945 0 -0.00437422 0 0 0 0.00145018 0 0 -0.000893656 0.00842328 0 0 0 0 0.0141394 0.0161757 0 0 0 0 0.00290796 0 9.26602e-05 0 0 0 0 0 0 -0.0082574 0.000721712 0 0 0 -0.0166577 -0.00500064 0.00473642 -0.00634956 0 0 -0.0143626 0 -0.00999288 -0.00921211 0 -0.0024221 -0.00168626 0.000193876 0.00139481 0 0 0 0 0 0.000970851 0 0 0.00632905 0 0 0.000395973 -0.0110648 0 -0.0357317 0.00749927 0 0 -0.0252252 0 0.000128309 0 0 0 0 0 0 0.0114727 0 -0.00178396 0 -0.00173625 0 0 -0.0155804 -0.0017426 0.00222989 0.00270434 0.00246635 0.00207817 0 7.55254e-05 0 0 0 0 0 0 0 0 0 0 0 0.00691159 -0.00793606 0 0 -0.0130208 0 0 0 0 0 0 0.00121693 0 -0.0113469 0 0 0 -0.00747507 0.00508177 0 0 0 0.00396106 0 0 0.00304356 0 0 0.000233393 0 0 -0.0130832 8.5381e-05 0 0 -5.12657e-06 0.00394125 6.99227e-05 0 0 0 0 0.000727564 -0.0337083 0 0 -0.0152441 0 0 -0.0222292 0 0 0 0 0.00755926 0 0 0 -0.00183645 0 0 0 0.00744967 0 0 0 0 0.000920083 0 0 0 0
0.0106958 0.0382021 0.799903 -0.00221453 0.0136149 0 -0.00857995 0.0102902 -0.197463 0.0268641 0.00369636 0.0159789 -0.156363 0.0142504 0 0 0 0.0017449 0 5.28114e-05 0.0125918 -0.00771954 0 0 -0.0286215 0.0331917 0 -0.057914 -0.000820235 -0.000565405 -0.0281165 -0.00267639 0.0349137 -0.00269192 -0.000136682 -0.02664 -0.019201 -0.00277997 0 -0.0178262 -0.00971693 0 -0.0026521 0.00283217 0.00965977 -0.0122266 -0.00886739 -0.00375324 0 0 0.0114721 -0.00815971 -0.0141055 -0.015732 -0.0163619 0.0316342 -0.0540544 -0.140057 -0.00854629 0.00074846 0 0 0 3.99172e-05 0 0.00538271 5.90634e-05 -0.000425179 -0.00282144 -0.00118685 -0.0120051 4.15703e-05 0.0126738 0.00566697 -0.00363098 -0.00351719 0 0 -0.00254165 0 -0.021981 -0.00598844 0.0192101 0.0066172 0.0241603 0.0200363 0.0106854 0 0.0278944 -0.0115434 -0.0080599 -0.0154635 -0.00100591 0.000481589 -0.00672498 -0.00885387 0 0.0129018 -0.000616472 -0.00921297 0.00716606 -0.0109184 0 -0.0042761 0 0 -0.00821804 -0.00336853 -0.00604572 0.0166147 -0.00054295 0 0.00149596 0.00809187 -0.00474949 0.00781671 -0.0447799 -0.00469519 -0.00117493 0 -0.00609698 -0.00345985 0.00393308 0.00104483 0 0 0.0377985 -0.004649 0 -0.00748738 0 -0.00251644 -0.00171425 0 4.11215e-05 0.00542538 0.0149047 0.022609 -0.00124805 0.00241925 -0.00622928 -0.00316337 -0.00557901 0.0092558 -0.00442358 0.00360913 0.00855456 0.00111439 0.00552586 -0.00320408 -0.0239102 0 -0.00551379 -0.000582219 0.00178819 -0.000332277 -0.00108505 0.00789362 0.00257951 4.58645e-05 0 7.82865e-05 -0.0164606 -0.00689057 0 0 0 -0.000654302 0 -0.00564263 0.00373279 0.0049496 -0.00676597 -0.0076818 -0.00256672 0.0138417 -0.00516377 -0.00352484 -0.0071291 -0.00041346 -0.00327713 0 -0.00368758 -0.00703246 -0.00649905 0.00752626 -0.00213676 4.08556e-05 -0.00648072 0.00874236 -0.00174749 0.0225718 0.00541796 0.0274261 -0.005805 0.00912698 -0.00299321 -0.00137951 -0.000956023 0.00572162 0.00611734 0 0.0196503 -0.00557517 0.00614096 0 -0.00742258 0 -0.00966757 0.00500456 -0.0100639 -0.00537686 0.00317892 0.00183047 0 0
-1.07586e-05 0 -0.00221453 0.912848 0 0 -0.0469036 -0.0342583 -0.00129839 -0.00514905 -0.0404562 0.00198523 -0.00191565 0 0 0 0 0.00724272 0 -0.00142345 0 0 0 0 0.00643795 0.000414516 0.000426935 -0.00315673 -0.0127735 0 0 -0.0113418 0 -0.0108201 -0.00324109 -0.00119293 0 -0.00634604 0 0 0.000105328 0 0.00185191 0 -0.00944567 -0.0336403 -0.0112247 -0.00122781 -0.00604745 -0.00147356 0.000685384 -0.00191069 -0.00272227 0 -0.00379095 0 -0.00675048 -0.00140146 -0.00924923 0 -0.000106152 -0.0210008 0 -0.00658606 -0.0150527 0.0159812 0 7.90366e-05 -0.00451835 0 0 0 -0.0077643 0.0155099 -0.00875153 -0.0098783 0 0 -0.000405574 0 -0.00413815 -0.00408178 0 0.000734053 0.00076324 0 -0.000435303 0 0 -0.00386676 -0.00633976 -0.000956191 -0.00354116 0.000303282 -0.00210028 0.002539 0 -0.00239806 -0.000495407 -0.00132294 0.00573697 0 0 -0.00123244 -0.00356989 -0.000238446 -0.000807195 -0.0186104 -0.00544217 0 -0.0083143 0 -0.0176963 0.00188887 -0.00412984 -0.0152916 -0.00194004 0.0135835 -0.00299897 0 -0.00551608 -0.0173834 -0.00291818 -0.0310087 0 0 0 -0.00346105 0 -0.00441418 -0.000120871 0.00322523 -0.029791 -0.000864303 -0.0167522 0.00248892 -0.00615692 -0.0013228 -0.00542442 0 0.00480159 -0.00252473 -0.0077885 -0.00156956 -0.00113153 0 -0.00259956 -0.0050142 0 -0.0054723 -0.000701645 -0.00459516 -0.000787149 -6.27395e-05 0.00334838 -0.00100547 -0.0164136 -0.00089367 0.00604939 -0.00162278 -0.00555675 -0.0131401 -0.00289043 -0.0100574 0 0 -0.000745344 -0.0155187 -0.00773664 -0.00135585 0.00832617 -0.0322446 0 -0.00417434 -0.0022013 0 -0.00342922 -0.0150431 0.0016762 -0.00631077 0 0 -0.00113234 -0.00471604 -0.00168668 0.000851086 -0.00356637 0 -0.00760581 -0.00164687 0 0.000304637 0.00170364 0 -0.00120811 0.00361983 0.0120865 -0.0221876 -0.000440669 0.0017452 0.0039046 0 0.000709466 -0.0133483 0.0013205 -0.000773401 -0.0102172 0 -0.0119383 0.00532256 0 -0.000653464 0.00394236 0.00188307 0 0
-0.0417454 -0.0285478 0.0136149 0 0.915654 0.00134516 0 0 0.00229787 0.00256428 -2.98006e-05 -0.0331856 0.00553185 -0.0255223 -0.0172858 -0.0427709 0 0 0 -2.59234e-05 0 0 0 0 0 -0.00694084 0 7.61413e-05 0 0 0 0 -0.00786053 0 0.0138419 0.00173411 0 0.000733763 0 0.0100491 0.0104012 0 0.00182296 0 0.000206502 0.000525796 0.00159854 0 0 0 0 0 0.00140815 0.000131433 0.00243394 0 0.00623732 0.00383144 0.00329141 0.00272368 0 0 0 0 0 0 5.57523e-05 0.00164035 0 0.0021276 0.000850409 0 0 0 0 -0.00708617 0 0 0 0 0.00324215 0.00202547 -0.00598264 0 -0.00551897 -0.00712637 0.00589375 0 0 0.00359937 0 0.00241911 0 0 0.0024741 0.0117367 0 0.00258014 0.000214317 0.000408103 1.44427e-05 0.000909251 0 0 0.00127209 -3.00934e-05 0.00209787 0 0.00010897 -0.000464588 0 0 -0.0135539 -0.00137678 0 0 0 0.00477404 0 0 0 0 0.00165755 0 0 -0.00288525 0 0 0.00365018 0 0 0.00424338 0 0 0 -0.00109665 0.000773209 0 0 -0.0159639 0.00618857 0.00234599 0.0075844 8.30435e-05 0 -0.00207112 0.000660849 0 -0.000882507 0 0 0 0.0008592 0 0 0 0 0 0 0 0 0 0.0012067 0 0 0.00574245 0 0 0 0.00139044 0 0 0 0 0.00668084 -0.000271842 0.000701873 0 0.00438675 0 0 0 0.000210637 0.00048344 0.00565244 -0.00346641 0 -0.0195152 0 0 0 0 0 0 0.00228216 -0.000681026 0.00220208 -0.0252272 0 -0.00344555 0 0 -0.0118987 -0.00926115 -0.000898602 0 0 0 0 0.000374849 0.00860956 0 0 0 0 0
0 0 0 0 0.00134516 0.691667 0 0 0 0.0281304 0 -0.0335744 0.0221384 0 -0.00380571 0 0 0.0261992 0 -0.00695499 0.0611867 -0.000402699 -0.0208856 0 0 -0.023319 0 0 0 -0.0475123 0.00548049 -0.000537163 -0.00629851 -0.00249503 0 0 0 0 -0.00950124 -0.00033946 -0.00852371 0 -0.0226778 0 -0.00622762 0 0.00804017 0 0 0 -0.0300604 0 -0.00487036 0 0.00158884 -0.00639109 0 0 -0.00529666 -0.00612136 -0.00189333 0 0.00276473 -0.00194949 0 0.00726637 -0.0243533 -0.0405071 0 -0.0497691 0 -0.00379986 0 0.000659673 0 0 -0.0387591 0 0.00262747 0 0.0141142 -0.000460838 -0.00320798 0 0 -0.00157835 -0.0122074 -0.00285246 -0.00836308 0.00330148 0 -0.00489608 0 0.000160625 -0.00486266 -0.00679611 0.00226002 -0.0207873 -0.00171913 -0.000806226 0 -0.00171274 0.00439764 -0.00266719 0.0100582 -0.00741031 0 0 -0.0330116 -0.0220706 3.91484e-05 0.000683496 0 0.00213746 0 0 0 -0.0205109 0.00333458 0 -0.00756319 0 -0.0311184 0 -0.00656554 0.00253353 0 0 0.0033444 0 0 -0.0121418 0 0 0 -5.0498e-05 -0.00321561 -0.00288558 -0.00230576 0 -0.0119475 -0.00175263 0.00293603 -0.0430284 0 -0.00313319 -0.00379577 0 -0.0134291 0 0.0117945 0 -0.0110642 -0.000886689 0 0.00211802 0.0101759 -0.00653924 0.00872026 0 -0.00686605 -0.00315665 -0.000621201 0 0 -0.00107537 0.00080024 0 -0.00362146 -0.000858138 0.00462642 3.90991e-05 0.00379104 -0.00043303 -0.00235902 0 0.000316883 3.42593e-05 -0.0131765 0 0 0 -0.00113547 0.00786392 -0.00517287 -0.0019139 0.00235672 -0.0047469 0 0 -0.00362552 0 -0.0269135 0.000119447 -0.00562234 0.00281564 -0.0311359 0 0.000205963 0.00350177 -0.0158028 0.0021722 0.00195885 0.01766 -6.61504e-05 -0.00251036 0 0 0 -0.0279147 -0.00878103 0.00127189 0.00203174 0.000471996 0 0
0 0 -0.00857995 -0.0469036 0 0 0.89891 -0.011917 0.000640369 -0.0131969 -0.039215 0.00302815 -0.00919142 0 0 0 0 0.00765707 0 -0.00141643 0.00198967 0 0 0 0 0.00115233 0.00263227 -0.002222 -0.00407495 -0.000396245 -5.94001e-06 -0.0113427 0 -0.0085982 -0.00207716 -0.00257664 -0.000275934 -0.021898 -0.000532502 0.00228572 0.00744665 0 -0.00451322 0.00132872 -0.0318193 -0.0409645 -0.0157106 -0.00194479 -0.00165757 -0.00265317 0.00245539 -0.00898957 -0.00653733 0 -0.0081764 0 -0.00533924 -0.00329167 -0.00951343 0.000884882 -0.00157274 -0.0214933 0 -0.00868353 -0.0085059 0.00646248 -0.00179527 0.00596236 -0.00904403 0.00774969 1.7215e-05 0.00522747 -0.00930706 0.00779808 -0.00616698 -0.017278 -0.00157036 0 -0.000514138 0 -0.00471679 -0.00791466 0 0.00166676 0.00289431 0 -0.00468844 0 -0.00174313 -0.0183123 -0.0158499 -0.00242159 -0.00518096 0.00455086 -0.0064905 -0.00589121 0 -0.0080758 -0.00472683 -0.00668181 0.00531848 -0.00230656 0 -0.00461885 -0.00840351 -0.00139798 -0.00970328 -0.0792441 -0.00800248 0 -0.0194279 -2.36453e-05 -0.0106868 0.00654942 -0.00348409 -0.0228914 -0.00112186 0.00270518 -0.000851114 0 -0.0106656 -0.0288812 -0.00810618 -0.0272725 0 0 0 -0.00314329 0.000307872 -0.00630862 -0.00310615 0.00461402 -0.0120962 -0.000253526 -0.00741485 0.00587878 -0.0182419 -0.00160032 -0.00995608 0 -0.00616134 -0.00331365 -0.0172186 -0.00286849 -0.0069325 0 -0.00750535 -0.00846437 0 -0.01838 -0.0023162 -0.00707069 -0.00317333 -0.00154979 0.00182461 -0.000369292 -0.0191779 -0.0023975 0.00466346 -0.00299471 -0.00902323 -0.0134595 -0.00565428 -0.0111333 0 0 -0.000476097 -0.0239211 -0.0125026 -0.00630847 0.00623935 -0.0175797 0 -0.00925235 -0.0051409 0.00128031 -0.0223967 -0.0133616 -0.00620901 -0.00440667 0 -0.000173554 -0.00357269 -0.017406 -0.00473444 0.00308227 -0.00271175 -9.82605e-05 -0.00499533 -0.0016404 -0.000866989 0.00319039 0.00340378 0.00238148 -0.00491692 0.0105006 0.00784261 -0.0137426 -0.000600187 0.00662112 0.0105776 -1.00043e-05 0.00493759 -0.0265526 0.00487941 -0.0087026 -0.0146517 0 -0.0129149 0.0193832 -0.00114212 0 0.00258908 0.00148238 0 0
0 0.000111526 0.0102902 -0.0342583 0 0 -0.011917 0.898656 -0.000611119 -0.0038361 -0.0289321 0 -0.00183389 0 0 0.0058639 0 0.0178907 0.00141222 0 7.53934e-05 0 -0.0198628 0 0 0.0041468 0.00233194 -0.00382957 -0.0148296 -0.00131174 0 -0.00422219 0 -0.00438719 -0.0117837 -0.00113848 0 -0.0116718 0.00312951 0 7.21053e-05 0 0 0.00507572 -0.0231084 -0.0061558 -0.00432401 -0.00409076 -0.00749897 0 0.00300375 -0.026248 0.00275899 0 -0.00305014 0 -0.00188841 -0.000846383 -0.00735314 6.98203e-05 0 -0.0161677 -7.50099e-05 -0.0218894 -0.0159345 0.0156571 0 0.00680249 -0.0170904 0.0144118 0 0 -0.0356104 0.022299 -0.023697 -0.0353799 0 0.00693345 -0.00503218 0.00412731 0 -0.00206848 0.000998952 0 0.0145446 0 0 0 0 0.000887417 -0.0127983 0 -0.00574566 0 0.00134041 7.25731e-05 -0.00170814 0.0143979 0 -0.00786764 0.000259781 0 -0.00441869 -0.00336504 -0.0023687 0 -0.000433373 -0.021623 -0.00691954 0 -0.00715845 -0.0216795 -0.0610422 0.00326224 -0.00468399 -0.0227439 -0.000921785 7.1089e-05 -0.00949376 0 -0.00459124 -0.0204329 0.00380139 -0.0202187 0.0121244 0 0 -0.00985969 0.000331077 -0.0129794 -0.00736379 0 -0.0332489 -0.00285156 -0.0193928 0 -0.00489292 0 -0.0168886 0 7.11681e-05 -0.00153815 -0.00205454 -0.00177896 -0.00745052 0 -0.00094241 -0.00369953 0 -0.0104702 -0.00579952 -0.00151704 -6.7924e-05 0 0.010312 -0.0160287 -0.0239091 0 0.00949215 -0.000936153 -0.0102223 -0.0058483 -0.005963 -0.0164311 0 0.0199095 -0.00904494 -0.00955992 -0.00874043 -0.00586926 0.0112121 -0.10238 -0.00301591 -0.00963717 0 0 -0.00678504 -0.019402 0.00669647 -0.0128934 -0.00471671 -0.00198773 0 -0.00248613 0 0 -0.00766328 0 -0.0138929 -0.00855066 0.00562013 0.00223234 0.000384891 0.00131975 0 0.00170915 7.17689e-05 -0.0193756 -0.00998316 0 0.00304164 0 0 -0.0134218 0 -0.00354947 -0.0213487 -0.000193651 -0.0238562 0.0231295 0.0150884 -0.0135998 0.00737387 0.0054705 0 0
0.00249217 0.0240546 -0.197463 -0.00129839 0.00229787 0 0.000640369 -0.000611119 0.834676 0.0213329 -0.00188889 0.0154699 -0.110693 0.00449145 0 0 0 0.00190194 0 0 0.00800626 -0.00796906 0 0 -0.0256213 0.014724 0 -0.0252816 -0.000786852 0 -0.0291987 -0.00192727 0.0311379 -0.00296972 0 -0.0276249 -0.0140242 -0.00219339 0 -0.0156794 -0.00707598 0 -0.00230959 0.0129686 0.00871094 -0.00699398 0.00177731 -0.000446561 0 -0.000383444 0.0117442 -0.00304198 -0.00642883 -0.00385469 -0.0127516 0.0163798 -0.0217859 -0.117416 -0.00619123 -0.00129217 0 0 0 0 0 0.00404519 0 -0.00283776 -0.00197037 -0.000789075 -0.0148016 0 0.0035891 0.00544512 -0.000684163 -0.00254764 0 0 -0.000324991 0 -0.00563244 -0.00379106 0.021375 0.00182812 0.00649439 0.00384087 -0.00163851 0 0.0259432 -0.015002 -0.0092957 -0.0100173 -0.000353663 0 -0.00476441 -0.0177823 0 0.0021735 -0.00108912 -0.00637254 0.00228677 -0.00517862 0 -0.00362205 0.00341579 0 -0.015057 -0.00189398 -0.00409378 0.0127324 -3.00592e-05 0 -0.0010715 0.00565961 -0.00539857 0.00188594 -0.0585518 -0.00699878 0 0 -0.00511136 -0.0027833 -0.00510587 -0.00201741 0 0 0.00897012 -0.00270888 0 -0.00923756 0 -0.00378329 -0.00162301 0 0 0.0040284 0.00541375 0.0121175 -0.000723084 0.00117303 -0.00522424 -0.00240992 -0.0086112 -0.00014099 -0.0023074 0.00225155 0.00219825 -0.00133955 0.00658187 -0.00464303 -0.00918908 -0.000490788 -0.00159704 0 0.0013005 0 -0.000263584 0 0.00119243 0 -0.00033514 0 -0.00835281 -0.00318865 0 0 0 -0.00286458 0 -0.00332877 0.0024728 -0.000776803 -0.00114251 -0.00729312 -0.00135367 0.00918143 -0.00393963 -0.00167581 -0.00612872 -0.000471716 0 0 -0.00319902 -0.0026745 -0.00400532 0.00548476 0 0 -0.00703073 0 -0.00157289 0.0154533 0.00435645 0.00986842 -0.00474297 0.00363992 -0.00226425 -0.00109 0 0.00387725 0.00494592 0 0.00495346 -0.00197776 0.0082285 0 -0.0090092 0 -0.00318823 0.00394468 -0.00213275 -0.000557184 0.00225476 0.00160409 0 0
0.000494327 0 0.0268641 -0.00514905 0.00256428 0.0281304 -0.0131969 -0.0038361 0.0213329 0.757839 -0.0140081 0.0117868 0.0282678 0 -0.000606325 0 0 0 0 -0.00965018 0.000675891 0 0.00431865 -0.000988483 -0.000433942 -0.00149665 0.00191739 0.000971517 0.0089349 -0.00209057 -5.85452e-05 -0.00788933 -0.00370429 -0.00883937 -0.00642763 0.00521601 -0.00154099 -0.00761767 -0.011155 -0.00237571 -0.0215584 -0.00331133 -0.0184151 -0.00117701 -0.0115083 -0.0214059 -0.0242006 0 1.79269e-05 -0.00717542 0 -0.00018331 -0.0369923 -0.00350715 -0.0231947 -0.00585833 0.000154291 0.0168637 -0.0228829 -0.0272952 -0.02467 -0.00459753 0.0011226 -0.0030868 -0.000615407 0 -0.00797515 -0.0127009 -0.00378725 -0.0403768 -0.00424544 -0.00782574 -0.00745505 -0.0150407 0 0.0016225 -0.00333833 0 0 -0.00493487 -0.0441003 -0.0224425 -0.00305569 0.00755686 0 -0.000511489 -0.0167185 -0.00543881 -0.0101935 -0.0190857 0.00012131 -0.0124563 0 0.00653533 -0.024848 -0.0273416 0 -0.0424447 -0.00873781 -0.00434066 0.0187502 -0.00975704 0.000867817 -0.00206224 -0.0311775 -0.00975772 -0.0241215 -0.00688509 -0.0136814 -0.00363829 -0.00374263 0.00315169 -0.0013588 0.0225975 0 -0.0158746 -0.00275514 -0.0190142 0.00472475 0 -0.01974 -0.0102972 -0.0193641 -0.00911261 -0.000519607 0 -0.0105497 0 0.00309522 -0.000467317 -0.0103394 -0.0190945 -0.00177078 0.00137803 -0.00211929 0.0226856 -0.026452 -0.00712103 -0.00352544 0.0088414 -0.0188305 -0.00814805 -0.0300765 -0.00817227 -0.00740278 -0.000476366 -0.0267169 -0.0148436 0 0.00120204 -0.00210148 -0.00913073 -0.00755772 -0.0150909 0 0 -0.00523488 -0.0252358 -0.00698045 -0.00758621 -0.00172685 -0.0193841 -0.00769512 -0.01471 0 0 0.00316436 -0.0329065 -0.00635127 -0.00918919 -1.40362e-05 -0.0027869 0 -0.0156577 -0.0114864 0.0141472 -0.0163248 -0.000839724 -0.0209487 -0.000910677 0.00116085 0 -0.0252329 -0.0412986 -0.0140285 0.0186553 0.00102444 -0.0073827 0 0 -0.0185945 0.000656409 0.0156317 0 -0.0174493 0.018853 -0.0159377 0.00409331 0.00252616 0.0245792 0.0212911 0.00407614 0.0231028 -0.00552935 0.0170968 -0.00285213 -0.00874991 0.00245806 -0.00364866 0 -0.0126218 0.000412772 0.000537856 0.000827246 0 0
-0.00397514 0 0.00369636 -0.0404562 -2.98006e-05 0 -0.039215 -0.0289321 -0.00188889 -0.0140081 0.890156 0 -0.00128446 0 0 0 0 0.0041479 0 0 0.000563884 0 -0.0134487 0 0 0 0.00110983 -0.00212579 -0.0122463 -0.000653784 0 -0.0193705 0 -0.00850729 -0.000917525 -0.00107555 0 -0.00678955 0 0 0.00902403 0 -0.00399456 0.00112712 -0.0209478 -0.0184967 -0.011069 -0.00439121 -0.00463237 -0.000294769 0.00837587 -0.00945436 -0.0036722 0 -0.0158127 0 -0.00163754 0.000433237 -0.008906 0.00225506 -0.000223444 -0.012143 0 -0.0166211 -0.0124834 0.0105169 0 0.00639996 -0.00855478 -0.00161364 0 0 -0.0210317 0.0144176 -0.00364816 -0.0198509 0 0.00999118 -0.000286844 0 -0.00405927 -0.00470116 0 0.000235242 0 -0.00346597 0.00555362 0 -0.000499823 -0.0058675 -0.00874498 0.00638916 -0.0118264 0.00114977 -0.00282422 -0.00024998 0 0.00258563 -0.00108569 -0.00334665 0.00291742 0 0 -0.00385617 -0.0048644 -0.000296998 -0.00160161 -0.0193643 -0.00648991 0 -0.00782112 -0.0122302 -0.0258422 -0.00137445 -0.00412979 -0.0324409 -0.003322 0.00899957 -0.00455481 0 -0.0076582 -0.0233786 -0.00353901 -0.0197072 0.0109586 0 0 -0.00518825 0.00239295 -0.00366675 -0.00407994 0.000805349 -0.0108851 -0.000678794 -0.0208305 0.00244525 -0.00693336 -0.00121392 -0.00889592 0 -0.0018672 -0.00325466 -0.00437343 -0.0077569 -0.00483654 0 -0.0103751 -0.0213093 0 -0.0129817 -0.00603205 -0.00406726 -0.0028523 0 0.00661929 -0.000574577 -0.0150859 -0.00109126 0.00858765 -0.00453257 -0.0210471 -0.00996138 -0.00171951 -0.00671983 0.000205332 0 -0.0014318 -0.0383947 -0.0194588 -0.00322707 0.00991915 -0.0156929 0 -0.0311206 -0.00189135 0 -0.0037586 -0.0169982 0.0001305 -0.0185969 0 -0.00219619 -0.00151287 -0.00517538 -0.00188872 0 -0.00367107 -0.000275572 -0.00792814 -0.00882237 0 0.000777164 0.000999137 0 0.00611471 0.00677987 0.00822836 -0.0331355 -0.000875098 0.00241985 0.00545629 0 -0.0125475 -0.0153258 0.00135031 -0.011926 -0.0124404 0 -0.0132892 0.0108107 0 -0.000189443 0.00598904 0.00362745 0 0
-0.00461285 -0.0105728 0.0159789 0.00198523 -0.0331856 -0.0335744 0.00302815 0 0.0154699 0.0117868 0 0.75668 0.0130246 -0.0168524 0 0 0.0215054 -0.00629439 0 0.000702959 0 0.0169922 -0.0242876 0.0957728 0.0113843 -8.98289e-06 0 0.00680788 0 0 0.00287338 0 -0.0260756 0.000436508 0.000980341 0.0223187 0 0.0074379 0.000437012 0.0319728 0.0121242 0.000197629 0.00281633 0 0.000874396 0.00743741 0.0065781 0 0 0 0 0 0.00464768 0.0198189 0.00488243 0 0.0263216 0.0134921 0.00635261 -0.00218894 0.00339387 0 0 0 0 0.0116318 0.00136128 -0.00759317 0 -0.02375 0.027649 0.00132113 0 0 0 0 0 0 0.00361612 0.000623176 0.00623049 0.00396605 -0.00292679 -0.00453038 0 -0.024079 0.00398512 0.0008368 0 0.00821299 0.000748813 0.0176261 0 -0.00076964 0.00438238 0.00641505 0.00113745 0.00195052 0.000452355 0.000175705 -0.0362112 0.0127631 0 0.000450283 0.00664579 0 0.00516461 0.00115367 0.00147038 -0.0236216 0 -0.00738164 0 -0.00483923 0 0 0.00498111 0.00684945 0 0 -0.00534561 0.000286689 -0.00112951 0.00157875 0.00277005 0 0 0 0.0119793 0 0 0.00786455 0 0 0 -0.0143182 0.00383836 0 0 -0.000924244 0.00489197 0.00144585 0.00609242 0.000112958 0 -0.00203386 0.00260747 0.00453536 -0.0187627 0 0 0.00204226 0.00236037 0.00142429 0 0 0.000252865 -0.000255274 0 0.000723429 -0.0142608 0.000928394 0.00191854 0.00134668 0.00476318 0.00230388 0 0.00206622 0 0.0023823 0 0 0 0.00174096 0.00717371 -0.00253388 0.00590225 0 0.00796512 -0.0141466 0 0 0.00185047 0.00385956 0.00709219 -0.0186519 0 -3.87416e-05 0 0 0.0015347 -0.00901861 -0.00195291 0 0.0054416 -0.00363524 -0.000342291 -0.0174017 0 -0.0058927 -0.00402126 0 -0.00504675 2.1691e-05 -0.0305704 0 0.00232383 -0.00977867 0.00063494 0 0.0038908 0 0 0 0 0
0.0116928 0.023999 -0.156363 -0.00191565 0.00553185 0.0221384 -0.00919142 -0.00183389 -0.110693 0.0282678 -0.00128446 0.0130246 0.872671 0.00725685 0 0.000597215 0 0.00146141 0 0.0233356 0.0109507 -0.00229137 0 0 -0.0266817 0.0230258 0 -0.0413694 -0.000244832 0 -0.0167547 -0.00150271 0.0325023 -0.00195589 0 -0.0326382 -0.017634 -0.00231191 4.45596e-05 -0.0234414 -0.00657317 0 0.00397155 0.00934748 0.0109229 -0.0209524 -0.0124992 -0.0014516 0 0 0.0187087 -0.00190068 -0.00656971 -0.0014742 -0.00606802 0.022064 -0.057958 -0.112889 -0.010278 0.00303426 0 0 0 3.86226e-05 0 0.00491065 0 0.00511353 -0.00207779 0.00393594 -0.0171808 0 -0.000814964 0.00584994 -0.00152193 -0.0020223 0 0 -0.00230034 0 -0.00585625 -0.00378952 0.0251469 0.00262474 0.00555698 0.00313173 -0.0018656 0 0.0239555 -0.017506 -0.00672682 -0.00649459 -3.40427e-05 0 -0.00374969 -0.00515544 0 0.00414876 0 -0.00814589 0.00215934 -0.00685393 0 -0.00163244 0.00556559 5.79344e-05 -0.0217804 -0.00343471 -0.0032952 0.0224471 0 0 -0.00171578 0.00547807 -0.00215233 0.00329151 -0.0214782 -0.00497901 -0.000447484 0 -0.00419039 -0.00207944 -0.00359331 -0.00223434 0 0 0.0143249 -0.00249645 0 -0.00611981 0 0.00134463 -0.00151016 0 0 0.00366111 -0.00139712 0.0150043 -0.000196905 0.00177515 -0.00334784 -0.00164192 -0.00259993 0 -0.00433947 0.00552342 0.00821849 0.00300714 0.00902944 -0.00272966 -0.0120784 -0.000497855 -0.00133151 0 0.000623393 -2.73963e-05 -0.0012499 0 0.00138602 0 0 0 -0.0134155 -0.00599672 0 0 0 -0.00623619 0 -0.00976107 0.00619468 -0.00131374 -0.00164862 -0.00566444 -0.00151892 0.00642949 -0.00366152 -0.00343679 -0.00525598 -0.00059914 -0.000190267 0 -0.00309929 0.00466141 -0.00367472 0.00499139 -0.00037516 0.00893318 -0.00293415 0 -0.000309345 0.0136201 0.00334168 0.00941954 -0.00388812 0.00339382 0.00297189 -0.00128904 -0.000102085 0.0028654 0.00414872 0 0.00419814 -0.00430937 0.00618842 0 -0.00622583 0 -0.00169842 0.00846672 -0.00156697 -0.0015079 0.00166982 0.000703619 0 0
-0.0413752 -0.0248478 0.0142504 0 -0.0255223 0 0 0 0.00449145 0 0 -0.0168524 0.00725685 0.881892 -0.0342688 -0.00556332 0 0 0 -0.00518081 0 0 0 -0.011416 0.000215311 -0.0285561 0 0.00105012 0 0.00350114 0 0 -0.0235978 0 0.00037661 0 0.000412976 0.00265415 0 0 0 0 0 -0.00959394 0 0 0 0.0147904 0 0 0 0.0132114 0 0 0.000999188 0 0.0145096 0.00322599 0 0 0 0 9.30668e-05 0 0 -0.00162927 0 0 0 0 0 0 0 0 0 0 0 0 0.000699226 0 6.21259e-05 0 -0.00485919 0 -0.0181098 0 0 0 0 0.00121148 0 0 0 0 0 0.000367783 9.33563e-05 0 0 0.00297497 0 0 0.000419506 0 0 -0.00727412 0.00100394 7.95996e-05 0 -0.0176503 0 0.000583851 0 -0.000318576 0 0 0 0 0.00272211 0 0 0 0 0 0 -0.0135539 0 0.00189406 0.0071226 0 0.00191347 0 0 0.0043043 0 0 0 0 0 -0.0166351 0 0 0.000366851 0 0.0087932 -0.000752661 0 0 -0.000595424 0 0 0 0 0 0 0 0 0 0 0 0 0 0.00443022 0 0 0 0.00206488 0 0 0.00949558 -0.000207364 0 0 0 0 -0.00101321 0 0 0 0 0 0.00611163 0 0 0.00163758 -0.00416525 0.00613131 -0.0127445 2.96427e-05 0 -0.00386484 0 0 -0.00104969 0 0 0 -9.96235e-06 0.00676583 0 0 0 0 0 0 0 0.00108512 0 0 0 7.80225e-05 0 0 0 0 0
-0.0276404 -0.0219741 0 0 -0.0172858 -0.00380571 0 0 0 -0.000606325 0 0 0 -0.0342688 0.882718 -0.0253026 -0.0227533 0 0 -0.0177211 0 -0.0166137 0.0143787 0 0 -0.0420201 0 0 0 0 0 0.00915371 -0.0188856 0 0.00840747 0 0 0 0 0 -0.00250968 -0.00220187 -0.000773729 -0.0250723 0 0 -0.00228433 0.000170544 0.00137627 0 0 0.0113112 0 0 0 -0.00229093 0 0 1.93559e-05 0 -3.87572e-05 0 0.0068011 0 0.000761493 0 -0.000670269 -0.000772041 0 -0.00220134 0 -0.0180933 0 0 0.000231864 0 -0.0115788 -0.00208259 0 0 0 0.0111457 -0.011276 0 -0.0375197 0 -0.000253597 -0.00108637 0 0 0 0 0 0.00145416 0 0 0.000842571 -0.00166058 0 0.000896067 1.04568e-05 -0.000351577 0 -0.00663487 0 -0.0388155 0 0 0 -0.00156486 0 0.00478211 0 0 0 0 0 -0.00140382 0.00220051 0 -0.00697878 0 -0.00556742 0 -0.00771719 -0.000261537 0 0 0.014798 0 0.0175904 0 0 0 0 0.000726157 0 -0.000722424 0 0 -0.000521558 0 0 0 0.010772 -0.000481829 0 0 -0.0280024 -0.000743527 0 0 0 0 0 0.00236914 0 -0.000708254 0 0 0 0 0 0 -0.0128465 0 0.00169847 0 0 0.00536339 0 0 0 0 0 -0.00392653 0 0 -0.000662303 0 0.00352691 0 0 0 0 0 0.000239687 -0.0261685 0 0 -0.0245124 0 0 0 -0.00129331 0 -0.00243055 0 0.00117631 0 0.000475229 0 0 0 0 0 0.0090779 0 0 0 -0.000152231 0.00304168 0 0 0 0
-0.0292257 -0.0201354 0 0 -0.0427709 0 0 0.0058639 0 0 0 0 0.000597215 -0.00556332 -0.0253026 0.891497 -0.0151105 0 0 -0.0103304 0 -0.0165203 4.81511e-05 0 0 -0.000594158 0 0 0 0 0 0 -0.0121597 0 0.00788507 0 0 0 0 0 0 0 0 -0.00317671 0 0 0 0 0 0 0 0.000108269 0 0 0.0020703 0 0.000261523 0 0 0 0 0 0.00100751 0 0 0 0 0 0 0 0 0 0.00934827 0 0 0 -0.0156705 0 0.000720899 0 0 0.00608974 -0.0201553 -6.32944e-05 -0.0117936 -0.000397718 -3.28989e-05 0 0 0 0.000333525 0 0 0 0 0 0.00484255 0 0 0.000361806 0 0 0 0 0 -0.00760546 0 0 0 0 0 0 0 0 0 0 0 0 0 0 0 0 0 0 0 -0.00475875 0 0 0.00215063 0 0.000388877 0 0 0 0 0 0 0 0 -0.00146662 0 0 0 0 0.00530416 -0.0129508 0 0 -0.0043202 0 0 0 0 0 0 0 0 0 0 0 0 0 0 0 0 0 0 0 0 0.000118678 0 9.545e-05 0 0 0 0 0 0 0 0 0 0 0 0 0 0 0 -0.015519 0 0 -0.00832662 0 0 0 0 0 0 0 0 0 0 0 0 0 0 0 0.00463367 0 0 0 0 0 0 0 0 0
-0.0163338 -0.00300043 0 0 0 0 0 0 0 0 0 0.0215054 0 0 -0.0227533 -0.0151105 0.763719 0 0 -0.00623388 0.0104518 -0.0297339 0.0108269 -0.0627244 0 0 0 0 0 0 0 0 0.00290255 0 0 0 0 0 0.00460547 -0.00546259 0 -0.00101905 0 -0.0102111 0 -4.31472e-06 -0.00205649 0 0 0 0.0139641 0.0018508 0 -0.0077418 0 0 0 0 0 0 0 0 0 0.00340166 0 0 0 1.27184e-05 0 0 -0.0134215 -0.0132049 0 0 0 0 0 0 0 0 0 0.0105354 0 0.00305186 -0.00392528 0 0 -0.00015772 0 0 0 0 0 0 0 0 0 0 -0.00216385 0 0.0128636 0 0.00041821 -0.000642828 0 -0.0106732 0 0 0 0 0 0.00723316 0 0 0 0 0 0 0 0 0 0 0 0 0 -0.0211382 -0.003032 0 0 0.00120767 0.0152374 0 0 0 0.00548243 0 0 0 0 -0.00365289 0 -6.36394e-05 0 8.89029e-06 0.00737009 0 0 0 0 0 0 0 0 0 0 0.000698622 0 0 0 0 0 0.0109461 0 0 -0.128182 0 0 0 0 0.00411213 0 0 0 0 0 0 0 0 0 0 0.000222291 0 0 0 0 0 0 -0.00059441 0 0 -0.0200293 0 0.00065827 0 0 0 0 0 0 0 0 0 0 0 0 0 0 0 0 1.46675e-06 0 0 0 0 0 0
0 0 0.0017449 0.00724272 0 0.0261992 0.00765707 0.0178907 0.00190194 0 0.0041479 -0.00629439 0.00146141 0 0 0 0 0.887855 0 0 0 0 0 0 0 0 0 0.003454 0.00799386 0.000263335 0 0.000409408 -0.00141821 0.000148429 -0.00439566 0 0 0 -0.00812354 0.00317626 0 0 0 -0.00290477 0.00027914 0.0130891 0 9.74961e-05 0.000173552 0 0 0 0 0 0 0 0.000602183 0.000156328 0 -0.0260545 0 0.00164202 0 0 0.00557406 0 0 0 0.000484716 -0.00727061 0.00334432 0 0.000155768 -0.000233707 0.00109761 0.00861679 0 0 0.00661003 0 0 0 -0.00305516 -5.90872e-05 0 0 0 0 0 0 0.000304969 0 0 0 0 0 0.0037972 0 0 0 0 0.00016478 0 0 0 0 0 0.00192198 0 0 2.95818e-05 0 0.00890135 0 0.00427524 0.000409526 5.20529e-05 0 0.00373288 0 5.48843e-05 0.0182784 0 0 0 0 0 0.00193099 0 0 0 0 0.000558102 0 0.000534031 0 0 0 0 0 0 0 0.000538532 0 0 0 0 0.00242926 -0.00159514 0.00146346 1.08259e-05 0 0 0 0 0 0.00439227 0 0 0 0.00222871 0 0 0.000506584 0 0 0.000873667 0.00543994 0 0 0 0.00813988 0 0 0 0 0 0.00317333 0 0.000185501 0 0 0 0 0 0 0.00156332 0 0.000917936 0 0 0 -0.00506641 0 0 0 0 0.0154962 0.000807931 0 0 0 0 0.0105314 0 0 0.004301 0 0.00111318 -0.00426131 0 0 0 0 0 0
0 0 0 0 0 0 0 0.00141222 0 0 0 0 0 0 0 0 0 0 0.947708 0 0 0 0.000887421 0 0 0 0 0 0.000287646 0 0 0 0 0 0 0 0 0 0 0 -0.000181117 -0.000580633 0 0 0 0 0 0 0 0 0 0.00442931 0 0 0 0 0 0 0 0 0 0 0 0 0 -0.0119721 0 0 0.000758028 0 0 -0.00256176 0.000377986 -0.0305254 0.000123907 0.00117311 0 0 0 -0.0117673 0 0 0 0 0 0 0 0 0 0 0 0 0 0 0 -0.00322618 0 0 0 0 0 -0.00265773 0 0 0 0 0 0 0 0 0 0.000198268 0.0102464 0 0 0 0 -0.00323445 0.000220708 0 0 0 0 0.000100684 0 0 0 0 0 0.00059986 0 0 0.000301512 0 0 0.00132636 0 0 0 0 0 0 0 0 0 0 0 0 0 1.23207e-05 0 0 0 0 0 0 0 0 -0.0101518 0 0 0 0 0 0 0 0 0 0 0 -0.00905352 0.00495211 0 0 0 0.000216475 0 0.000433808 -0.00293364 0.000723243 0 0 0 0 0 0.000980056 0 0 0 0 0 0 0 0 0 0 0 0 0 0.000203392 0 0 0.00194616 0 0.004439 0 0 0 0 0 0 0 -2.81921e-05 0 0 0
-0.00898712 -0.0356937 5.28114e-05 -0.00142345 -2.59234e-05 -0.00695499 -0.00141643 0 0 -0.00965018 0 0.000702959 0.0233356 -0.00518081 -0.0177211 -0.0103304 -0.00623388 0 0 0.81261 0 -0.0199701 0.00618099 -0.0114171 0 -0.017543 0 0.0105353 0.00042545 -0.000647517 0 0 -0.0401789 -0.00160769 0 0 0 -0.000668466 -0.0115377 -0.00135664 -0.0081085 -0.018664 -0.00876759 -0.00602132 -0.00206089 -0.00337699 -0.00691028 0 0 0 -0.0162268 0.0142626 -0.00430788 -0.0053062 -0.00180465 -0.0212035 0 0 0.00534105 -0.0127715 -0.0215271 0 0.007858 0 0 0 -0.00523583 -0.00727271 0 -0.00848204 -0.00166291 -0.0311953 0 0 0 0 -0.0380974 -0.00726346 0.00221445 -0.0112113 -0.00335682 0.00852356 -0.00259482 0 -0.012067 -0.0142075 -0.00897574 -0.0230282 0 -0.00168494 0 -0.00370163 0 0.000780208 -0.00492476 -0.00618332 0.00251473 -0.0148344 -0.00240606 0 0.00261866 -0.00364139 0.00201495 -0.00351084 -0.00146672 -0.0448516 -0.00167806 2.58824e-05 -0.00346912 -0.0400454 0 0.0034936 0 0.00233271 0 0 0 -0.0160145 0.00445739 0 -0.00861311 2.26308e-05 -0.00846406 -0.00109972 -0.00568036 0 -0.00407726 0 0.00651146 0 0 -0.00545735 0 0 0 0.00475322 -0.00702072 -0.00556539 0 0 -0.00710682 1.63082e-05 -0.00587959 -0.00151164 0 0 -0.00333733 -0.00123725 -0.013532 -0.000314545 0.00478067 -0.00147529 0 -0.0158542 0 0.000744681 0 -0.0302582 0.000459095 -0.000964925 -0.000401 -0.0025137 0 0 -0.00515675 0 0.00405512 -0.00203432 -0.0004573 0 0 0 0.0101679 0 -0.00211164 0 -0.000483005 0 -0.00574431 0 0.00323465 0 -0.00123686 -0.0101238 -0.00347268 0.00323561 0.00360762 -0.0355114 0 0 -0.0258357 0 0.000278879 -0.00112045 -0.00705454 0.00402127 -0.00826739 0 0.00313236 0.00606527 0.0086855 0.00141085 -0.0033115 0 0.00292693 0 0 -7.77281e-06 -0.00030822 -0.00175556 -0.00373671 0.00664626 0 0 0 0
0 0 0.0125918 0 0 0.0611867 0.00198967 7.53934e-05 0.00800626 0.000675891 0.000563884 0 0.0109507 0 0 0 0.0104518 0 0 0 0.86812 0.00145524 0 0 0 0 0 0.000784463 0.00592729 0 0 0.00012527 -0.0161246 0 0 0.000262544 0 0 0 0.000129279 0 0 0 0 0.00049138 0.000696733 0.00123863 0 0 0 -0.00383172 0.010474 0.000844246 0 0.00421794 0 0.000400704 0.00330964 0.000819024 0 0 0 0 0 0 -0.00259424 0 0 0.00880262 0 0.00163395 0 0 0 0.00425078 0 2.38886e-05 0 0 0 0.000145332 0 0 0 0 0 0 0 0 0.00293347 0.00753961 0 5.55056e-05 0 0 0 0 0 0 0 0 9.17571e-05 0 0.000822644 0.000125124 0 0 0 0.00100393 0 0 0 0.000298564 0 0 0 0 0.00228466 0 0 0.000625666 0.00035639 0 0 0 0 0 0 0 0 0 0 0 0 0 0 0.000414241 0 0 0 0 0.00133719 0.000377169 0 0.000912462 0 0 0.000276335 0 0.00235179 0.00209491 0 0.000267022 0 0 0 0 0.000353569 0 0 0 0 0.00450311 0 0 0 0 0.00186497 0 0 -0.00109761 0 0 0.00119066 0 0 0.00167628 0.000386341 -7.81239e-06 0 0 0 0 0.000202561 0 0 0 0 9.08548e-05 0.0024454 0 0 0 0 0 0 0 0.00811376 0 0 0 0 0 0.000368135 -0.000123923 0 0.000194797 0 0 -0.0047615 0 0 0 0 0 0
-0.0148124 -0.0243994 -0.00771954 0 0 -0.000402699 0 0 -0.00796906 0 0 0.0169922 -0.00229137 0 -0.0166137 -0.0165203 -0.0297339 0 0 -0.0199701 0.00145524 0.781237 0.0083967 -0.000546036 -0.00325235 0 0 0 0 0 0 0 -0.00438639 0 0 0 0 0 0 -0.00578498 -0.000575371 -0.00155144 0 0 0 0 -0.000210012 0 0 0 0 0 -0.000526294 -0.00656933 0 0 0 -0.0023474 0 0 -0.0024996 0 0.0115679 0 0.00273266 0 0 -0.000653131 0 -0.00398416 -0.0102549 -0.0127448 0.00473644 0 0 0 -0.0225302 0 0 0 0 0 -5.41848e-05 0 -0.00412482 0 -0.000404839 -0.00242745 0 -0.000706676 0 -0.000135423 0 0 0 0 0.0143312 -0.000452891 0 0 0 -0.0108398 0.000586656 -0.0238683 0 -0.0147113 0 0 0 0 0 0 0 0.000126309 0 0 -0.021664 -0.00112179 0.00130416 0 -0.000400785 0 -0.003481 0 -0.0161635 -0.00458569 0 0 0.0102942 0 0.001943 0 0 0 1.21487e-05 0.000711291 0 0 0 0 -8.35e-05 0 0 0 0.00307962 0 0 0 -0.0054641 0 0 0 0 -0.00217965 0 0 0 -0.00255721 0 0 0 0 0 0 -0.00330571 0 0.000174803 0 0 0 0 0 0 0 0 0 0 0 0 0 0.000278072 0 0 0 0 0.000120081 0 -0.0126677 0 0 -0.0360126 0 0 0 -0.00104478 0.000106462 -0.00244786 0 0 0.000376431 0.000874222 0.000483263 0 2.03184e-05 0.00179415 0 0 0 0 0 0 3.79435e-05 0 0 0 0
0 0.00335289 0 0 0 -0.0208856 0 -0.0198628 0 0.00431865 -0.0134487 -0.0242876 0 0 0.0143787 4.81511e-05 0.0108269 0 0.000887421 0.00618099 0 0.0083967 0.721923 0.0111679 0 0.0193399 0 0 -0.00520283 0 0 0 0.00412613 0.00385956 0 0 -0.0142102 0 0.0014934 0.0103828 0.00538859 0.0178717 0.00170942 0.101292 -0.0156011 0 0.00750368 -0.00464724 0 0.000450123 0.00073957 -0.0465059 0.0005949 0.0289121 -3.03831e-05 0.00809662 0 0 0 0.00231802 0.00989128 0 0 -0.000153057 -0.00299752 0.0282481 0.00012419 4.24433e-05 -0.00287322 -0.00100522 0.0246348 0.00562532 -0.0124381 0.00726017 0 -0.0217621 0.00300725 0.0139449 -0.000161782 0.00748515 0.011791 0.00100715 0.00724901 0 0.0236691 0 0.00418719 0.0236257 0.00831854 0.000580289 0 0.0010654 0 0 0.00358548 0.0102639 0 0.00356756 0.00565051 -0.023867 -0.027709 0.0184119 0 0.000346867 0.0048105 0.00338304 0.000974243 0 -0.0237903 0.00222726 0 -0.0459213 -0.0233009 0 -0.000930098 -0.00968345 0 0.00965944 -0.00429157 0 0 0 0.00216713 0 0.019003 -0.0029917 0.0108122 -0.00163818 0 -0.000786854 -0.045867 0.0141138 -0.000512231 -0.00349076 -0.000795293 -0.0088112 0.00258512 0.0167237 -0.000747807 0 0.0137129 0 0.00663392 0 -0.0312273 0.00187645 0.0014682 0.0136774 0 -0.000727524 -0.0153774 0.0169668 0 0.00609683 0.00542475 -0.00272652 0 0.00311379 0.00588919 0.0113971 -0.00567102 0 0 0 0 0.0360524 -0.00317557 0 -0.012315 -0.0147818 0.0215261 -0.011434 -0.0120375 -0.0218276 0.0025323 0 3.8956e-05 -0.00106399 0.00277076 -0.000289659 -0.000675905 -0.00296457 0 0.00134348 0.00276526 -0.00967966 -0.00433218 0.000293125 0 0 0.0249031 0 -0.00268492 0 0.0121365 -0.00249491 0.00306868 -0.00505188 -0.0054303 -0.0022269 -0.00271102 0 -0.00363609 0 -0.030581 0 0 -0.00598036 -0.000748959 0.00264758 0.0113635 -0.0047641 0.00241451 0 0 0
0 -0.00888079 0 0 0 0 0 0 0 -0.000988483 0 0.0957728 0 -0.011416 0 0 -0.0627244 0 0 -0.0114171 0 -0.000546036 0.0111679 0.774031 0 -0.00429748 0 0 0 0 0 0 7.65412e-06 -0.000275819 0 -0.00205129 0 -0.00112971 0 -0.0107287 -0.00171998 -0.00156111 -0.000133829 -0.0071762 0 -0.000918278 -0.0021296 0.00207959 0 0.00440574 0 0.00259252 -2.04727e-05 -0.0146164 0 0 -0.00158249 0 0 -0.000342278 -0.000590129 0 0.00276871 0 0 -0.0129319 0 0 0 -2.85866e-05 -0.0247227 -0.0188979 0.00657934 0 0 0 -0.00149447 -0.000200337 0.00364884 -0.00282856 -0.000697474 0 0 0 -0.0146573 0 -0.00181483 -0.00515247 0 -0.000193126 0 0 0 0 -0.000851199 -0.00650166 0.000691863 -0.00109126 0 0 0.0118946 -8.08785e-05 0.00446376 -0.00130309 -0.000241396 -0.00390046 0 0 0 0 0 0.00719303 0 0.000661122 0 0 0 -0.00562697 0.00338827 0 0 0 -0.000676399 0 0 -0.00205674 -0.00870314 0.00173194 -1.3509e-05 0 0.0167384 -0.000716943 0 0.00128978 0 0.00134574 -0.00114176 0 0 0 0 0 -0.00014309 0 0.000985324 0 0 -0.00165278 0 0 0 -0.00123178 -0.000501324 -0.000314531 0 0.0067786 0 -0.00464904 0 -7.34887e-06 0 0 0 0 -0.0368167 0 0.0021764 -0.000446618 0 0 -0.00173284 0 0 0 -0.000123162 0 0 0 -0.00011388 0 0 0 0 0 0 0.00505312 0.0031268 -0.00229281 0 0 -0.0176182 0 0.00246955 0 -0.000797693 0.000278356 0 0 0.000922581 0.00028054 0.00121277 0 0 0 0.00445233 0.00486607 0 0.00010801 0 0 0 0 0 0 0 0
0 0.00501891 -0.0286215 0.00643795 0 0 0 0 -0.0256213 -0.000433942 0 0.0113843 -0.0266817 0.000215311 0 0 0 0 0 0 0 -0.00325235 0 0 0.84808 0.000276623 0 -0.00203182 0 0 -0.0423814 0 0 0 0 0 0 0 0 -0.023821 0 0 0 0 0 0 -0.00479326 0.00772203 0 0 0 0 -0.000828215 -0.00616952 -0.00129259 0 -0.00449913 -0.0228073 0 0 -0.000161468 0 0 0 0 0 0 0 0 0 -0.015196 0 1.60627e-05 0 0 0 0 0 0 0 0 0 0 0 0 0.00478385 0 0 0 0 -0.000845241 0 0 0 0 -0.00220102 0.00856986 0 0 -0.00158164 0 0 0.000997819 0 0 0 -1.79733e-05 0 0 0.00329468 0 0 0 0.00221547 0 0 -0.00207111 -0.000611923 0 0 0 0 0 0 0 0 0.00164663 0 0 0 0 0 0 0.00255586 0.0092647 0 0 0 0 0 0 0 0 0.0123882 -0.000894404 0 0 0 0 0 -0.000309134 0 0 -0.000852108 0 0 0 0 0 0 0 0.00978566 -0.000364569 0 0 0 0 0 0 0 0 0 0 -9.41085e-05 0 0.00148906 0 0 -0.000210408 0 0 0 -6.05736e-05 0 -0.00214833 0.000515231 0 0 0 0 -0.00132991 0 0 0.0025345 -0.000324405 0 -0.000353671 0 0 -2.16578e-05 0 0 0.000381982 0 0.00126146 0 0 0 0 0 0 0 0 0 0 0
-0.00990618 -0.00659844 0.0331917 0.000414516 -0.00694084 -0.023319 0.00115233 0.0041468 0.014724 -0.00149665 0 -8.98289e-06 0.0230258 -0.0285561 -0.0420201 -0.000594158 0 0 0 -0.017543 0 0 0.0193399 -0.00429748 0.000276623 0.7741 0 0.000908843 0.00266893 0 0.00192346 0 -0.0242228 -0.0102701 0.0145833 0 0 0.0129705 -0.00426229 0 -0.0044105 -0.000148964 -0.0280435 -0.00249296 0 0 -0.000332095 0.00880717 5.3691e-05 0 -0.0148399 0.02292 0 -0.000191298 0 -0.0325536 0.035294 0.0190341 0 -0.00258179 -0.00952293 0 0.0245101 0 0.00422538 -0.00229025 -0.0214741 -0.00565397 0 -0.00720346 0 -0.00053104 0.00044717 0 0.00400604 0 -0.013424 -0.000342482 0.00459538 0 0 0 -0.00275599 0 -0.0232744 -0.000347849 -8.86353e-05 -0.000388478 -0.00867725 0 0.0031236 0 0.00205545 0.00406346 0 -0.00110446 0.00375483 -0.00223522 -0.00682694 0.0199471 0 0 0.00296636 -0.0119607 -0.00122731 -0.0236938 0 0 0 -0.00371635 0.000409402 0.0152908 0.00219288 -0.00939905 0.00296363 0 0.012288 -0.0061647 0.00547003 0 -0.00187055 0 -0.00651943 0 -0.0167018 0 -0.000601506 0.00714535 0.0198056 0.00061664 0.00813708 -0.00236371 0 0.00229021 0 0.0011511 -0.000291848 -0.016819 0 0 -0.00282264 0 0 0 0.0177947 0 0 0 -0.0110799 0 0.00694595 -0.00326503 0 -0.0011156 0 0.00555071 0 -0.0181405 0 -0.000409787 -0.0012285 0 0.0131722 0.00146333 0 0 0.00546801 0 0 0.00192317 -0.000875679 0.00088845 0.00534892 0.000810308 0 -0.019287 0 0 -0.00313563 0 0.0123851 0.00176971 0 0 -0.000952947 0 0.00935697 -0.0217232 0.00239909 0 -0.0110064 -0.00480705 0 -3.95145e-05 -0.00189449 0 -0.0078711 0 0.00516207 0 0 0 0 0 0 0 0.0105799 0 0 -0.00914513 -0.00102074 0.0106628 0 0 0.00284576 0.00247027
