1.10111 0.0680753 0.0117125 0.000756944 -0.0236175 0.0184561 -0.0732832 -0.0155398 -0.00475714 0.0302131 0.0676847 -0.0149696 0.0400401 -0.0156254 -0.0423698 -0.00698757 -4.29409e-08 0.0146733 0.0375281 -0.00109248 0.0353325 0.0359034
0.0680753 0.979729 1.2992e-05 -0.0368171 0.0282767 -0.0334689 -0.058311 -0.054446 -0.00964637 -0.00458528 0.0132708 -0.0190984 -0.0189232 -0.00728796 -0.016376 -0.0478498 -6.83625e-08 -0.0258822 -0.0108662 0.00160238 0.00423571 -0.018759
0.0117125 1.2992e-05 1.14137 0.0964811 -0.0299108 0.00568589 -0.0585845 -0.0167574 0.0271289 0.0572636 0.00911447 0.00150957 0.00566197 -0.00154751 0.022998 -0.0177118 -1.4766e-06 -0.00148654 0.0426665 0.029584 -0.00260588 0.00850877
0.000756944 -0.0368171 0.0964811 1.53102 0.0428353 0.0323137 -0.0408791 0.00187122 0.00277182 0.0157022 -0.0323021 0.00221725 0.0231667 0.00938601 0.0233883 -0.032458 3.62074e-07 -0.00981146 0.00535158 0.0237347 0.015124 -0.00568123
-0.0236175 0.0282767 -0.0299108 0.0428353 1.16162 -0.0151193 0.0347322 0.0043176 0.00817775 -0.0108934 0.0161196 -0.0579473 -0.0138243 -0.0235177 0.0142306 -0.032647 -3.0786e-07 0.0374616 0.00862258 0.0279273 -0.0042831 -0.0511206
0.0184561 -0.0334689 0.00568589 0.0323137 -0.0151193 1.43635 -0.0715542 0.00612311 -0.00485634 -0.0285598 -0.00133088 -0.0396238 -0.0207139 0.0207405 -0.00154291 0.0363078 -7.79042e-07 -0.0127775 0.0454691 0.019587 -0.000364346 0.0437629
-0.0732832 -0.058311 -0.0585845 -0.0408791 0.0347322 -0.0715542 1.35018 0.0610988 -0.0337013 -0.042043 -0.00975792 -0.014564 -0.012784 0.00431128 0.0273435 -0.0145089 -3.71751e-08 0.0226841 0.0247243 0.00146406 -0.0274811 0.0317322
-0.0155398 -0.054446 -0.0167574 0.00187122 0.0043176 0.00612311 0.0610988 1.29622 -0.0503647 -0.0359324 0.0195946 -0.0432567 -0.00681666 0.0576949 -0.0506049 -0.0416418 1.28931e-06 0.00943848 -0.00360867 -0.00180441 0.03267 0.0729649
-0.00475714 -0.00964637 0.0271289 0.00277182 0.00817775 -0.00485634 -0.0337013 -0.0503647 1.03537 -0.0166514 0.0478111 -0.0339913 0.00311899 -0.0192377 0.0116268 -0.0154989 8.80241e-08 0.0042603 0.0100435 0.0116989 0.0395327 -0.0171606
0.0302131 -0.00458528 0.0572636 0.0157022 -0.0108934 -0.0285598 -0.042043 -0.0359324 -0.0166514 0.927247 -0.0419157 0.0377019 0.00894633 0.00565743 0.0106803 -0.013218 -7.54548e-07 0.0232694 0.0260591 0.0337986 0.00861369 0.0462067
0.0676847 0.0132708 0.00911447 -0.0323021 0.0161196 -0.00133088 -0.00975792 0.0195946 0.0478111 -0.0419157 1.23793 -0.0788239 0.00337869 0.0349033 -0.0305321 -0.0105843 -7.95085e-08 -0.00254773 0.00444879 0.00707175 0.000852282 0.0216195
-0.0149696 -0.0190984 0.00150957 0.00221725 -0.0579473 -0.0396238 -0.014564 -0.0432567 -0.0339913 0.0377019 -0.0788239 1.42004 0.00996608 0.0282192 -0.018501 -0.0731299 -9.25511e-07 0.0123854 0.0194359 -0.00270008 -0.0320176 -0.011589
0.0400401 -0.0189232 0.00566197 0.0231667 -0.0138243 -0.0207139 -0.012784 -0.00681666 0.00311899 0.00894633 0.00337869 0.00996608 0.90166 0.0315994 0.00405767 -0.00481216 -1.35588e-06 0.0131836 0.0174897 0.0554369 -0.0199139 -0.0024624
-0.0156254 -0.00728796 -0.00154751 0.00938601 -0.0235177 0.0207405 0.00431128 0.0576949 -0.0192377 0.00565743 0.0349033 0.0282192 0.0315994 1.38722 -0.0190684 -0.0671667 1.04062e-06 -0.0223268 -0.000960381 0.00404618 -0.040398 0.000645506
-0.0423698 -0.016376 0.022998 0.0233883 0.0142306 -0.00154291 0.0273435 -0.0506049 0.0116268 0.0106803 -0.0305321 -0.018501 0.00405767 -0.0190684 1.37236 0.00353513 3.41715e-06 0.00732915 -0.0393256 0.0090471 0.0358902 -0.0245472
-0.00698757 -0.0478498 -0.0177118 -0.032458 -0.032647 0.0363078 -0.0145089 -0.0416418 -0.0154989 -0.013218 -0.0105843 -0.0731299 -0.00481216 -0.0671667 0.00353513 1.61194 -1.40425e-06 -0.0199682 0.0043703 0.0272773 0.0602006 0.0591362
-4.29409e-08 -6.83625e-08 -1.4766e-06 3.62074e-07 -3.0786e-07 -7.79042e-07 -3.71751e-08 1.28931e-06 8.80241e-08 -7.54548e-07 -7.95085e-08 -9.25511e-07 -1.35588e-06 1.04062e-06 3.41715e-06 -1.40425e-06 3.2371e-09 -6.61722e-07 4.84236e-07 -5.65954e-07 -7.96408e-07 -7.31193e-07
0.0146733 -0.0258822 -0.00148654 -0.00981146 0.0374616 -0.0127775 0.0226841 0.00943848 0.0042603 0.0232694 -0.00254773 0.0123854 0.0131836 -0.0223268 0.00732915 -0.0199682 -6.61722e-07 0.89125 0.0012611 -0.0157148 -0.00571296 0.014272
0.0375281 -0.0108662 0.0426665 0.00535158 0.00862258 0.0454691 0.0247243 -0.00360867 0.0100435 0.0260591 0.00444879 0.0194359 0.0174897 -0.000960381 -0.0393256 0.0043703 4.84236e-07 0.0012611 0.799977 0.0519994 -0.0375542 0.00877864
-0.00109248 0.00160238 0.029584 0.0237347 0.0279273 0.019587 0.00146406 -0.00180441 0.0116989 0.0337986 0.00707175 -0.00270008 0.0554369 0.00404618 0.0090471 0.0272773 -5.65954e-07 -0.0157148 0.0519994 0.873409 -0.0055084 0.00970199
0.0353325 0.00423571 -0.00260588 0.015124 -0.0042831 -0.000364346 -0.0274811 0.03267 0.0395327 0.00861369 0.000852282 -0.0320176 -0.0199139 -0.040398 0.0358902 0.0602006 -7.96408e-07 -0.00571296 -0.0375542 -0.0055084 1.15295 0.0122991
0.0359034 -0.018759 0.00850877 -0.00568123 -0.0511206 0.0437629 0.0317322 0.0729649 -0.0171606 0.0462067 0.0216195 -0.011589 -0.0024624 0.000645506 -0.0245472 0.0591362 -7.31193e-07 0.014272 0.00877864 0.00970199 0.0122991 1.3416