0.829251 -0.0815914 -0.00324538 -0.000733667 -0.0504912 -0.00143503 0.00879102 -0.00725157 0 -0.0529936 -0.0325493 -0.0388602 -0.0359941 -0.0190239 -0.0195603 -0.0109782 0 1.90314e-06 0.00483822 -0.0248522 0 -0.0133034 0.0033593 0 -0.0053005 0 0 9.98829e-07 -0.0172058 0.0148088 0 -0.000224573 0.000835268 0 0 -0.0160666 0 -0.00252409 0 0 0 0 2.00865e-06 0 0 0 -0.00588851 1.67644e-06 -0.00460548 -0.00370434 9.01925e-05 0 -0.0172979 0 0 0 0 0 5.35238e-07 -0.0546782 -0.0123951 -0.0198204 0 3.07384e-05 0 0.00497925 -0.00946996 0 -0.00757831 0 0 8.15041e-07 0 -0.000253028 0 0 0 0 0 0 -0.00908552 -0.00339104 -0.0904768 -0.00623776 0.00297827 0 0 0 0.00176012 -0.0095345 0 -0.00201332 0 -0.00496828 -0.0028669 0 -0.00384658 0 0.000768802 0.00246047 0.00347957 -0.016019 2.66833e-07 -3.68886e-08 -0.0017512 -0.000517616 0 0 -0.00629205 -0.000777428 0.0122069 0 0 -0.00321721 0 0 -0.00316571 -0.0331934 4.94618e-07 0.00029331 0 0 -0.000360825 0 0 0 -0.00331389 0.000805733 0.00227774 0 -0.0179478 0.00189865 -0.01719 0 -0.00795681 0.000368377 0 6.37068e-07 0 0 0.00290608 1.56764e-06 0 0 -0.0077396 0 0 0 0 0 0 0 0.0042491 0 0 0 0 -0.00890623 -0.00010983 -0.00110541 4.516e-07 0.00439275 0 0 0 5.38043e-07 0 0 0.000559272 0 0 0 -0.000437894 0 0 -0.00813292 0 0 -0.00286746 0.00034102 -0.0166696 8.78086e-07 0 -0.0121044 0 0 0 0 -0.00813419 0 0 0 0 0.000146453 0 0 0 0 0 0 0 0 0 0 0 0 0 7.41616e-07 0 0 0 0 0 0 0 0
-0.0815914 0.757311 -0.00604558 0 -0.075619 -0.00165292 0.0324473 -0.00110208 -0.00100352 -0.0495878 -0.00980384 -0.0759716 -0.0250769 -0.0177916 -0.0112185 -0.035074 0 0 0 -0.0246296 -0.00128277 -0.0301279 0.0109718 0 -0.00416159 0 0 0 -0.0308394 0.0137353 0 0 0 -0.000344861 0 -0.0163172 0 0 0 0 0 0 0 0 0 0 -0.00100719 0 -0.0159149 0 0 0 -0.0156104 0 -0.000151682 0 -0.000214715 0 0 -0.0121795 -0.0108666 -0.039129 0 0 0 0 -0.0156742 -0.00185301 -0.0108862 0 0 1.3478e-06 3.3991e-06 0 0 -0.0032614 0 0 0 0 -0.0014194 0 -0.0263758 -0.00351151 0 0 0 -0.00154469 0 -0.0339813 0 -0.00124404 -0.00149775 -0.0151001 -0.00171869 0 -0.00426882 0 0 0 0 -0.0154303 1.41947e-07 0.000501789 -0.00713832 0 -5.41145e-05 0 -0.00133829 -0.0122434 0.0014573 -0.000952255 -0.00144193 -0.000348858 0 0 -0.00330351 -0.00851856 1.65191e-06 0 -0.00109161 0 0 0 0 0 -0.000630099 0 0 0 -0.0188023 0.00493177 -0.00300654 0 -0.0021091 0 -0.00871121 0.00984134 -0.00193916 0 0 3.21427e-06 0 -0.00123806 -0.00311908 0 0 0 0 0 -0.00305701 0 0.00785559 -0.000825796 0 0 -0.00362102 -0.00353329 -0.00109139 -0.0105519 0 0.00357384 -0.0149163 1.5179e-06 0 0 0 0 0 0 0 0 0 0 0 -0.0578449 0 0 -0.0112773 0 -0.00787744 1.34613e-06 9.39264e-07 0 0 0 0 0 -0.00308093 0 0 0 0 0 0 0 0 0 0 0 -0.00165158 0 4.83585e-07 0 0 0 0 0.00259693 0.00640324 0 0 0 0 0 0 0
-0.00324538 -0.00604558 0.839157 -0.0203678 -0.0105913 -0.0538366 -0.000960052 -0.0470175 0.0164991 -0.00104874 -0.00315594 0 -0.000846076 -9.17402e-05 0 -0.00463766 -0.0103871 -0.0124609 0.00344298 -0.00183523 -0.0106588 0 -0.00127147 -0.00949136 -0.0119879 -0.0114722 -0.0107967 -0.00615935 -0.000159355 0 -0.00978505 -0.0208118 0.0128465 -0.0111761 -0.00209101 0 -0.0103089 -0.0145079 -0.0108569 -0.018658 -0.00111529 0.0124588 -0.0142424 0 -0.00959263 -0.0071935 -0.0198398 -0.0137617 0 -0.0121157 0.000757718 0 -0.0122363 -0.00567448 0.00972972 -0.0022473 -0.011792 -0.000398532 -0.00560919 -0.0020418 0 -0.00458442 0 -0.00130785 -0.0148655 0.0118639 0 -0.0314339 0 -0.0135864 -0.00562107 -0.00223459 -0.00924913 -0.00878188 -0.00011578 -0.0111142 -0.00152087 0 0 0 -0.0207711 0.00221999 -0.00106208 -0.0191214 0 -0.00774723 -0.00214811 -0.00187817 0 -0.000604391 -0.0013461 -0.00313912 -0.0137863 0 -0.0111225 -0.00768977 -6.1478e-06 -0.00198837 0 9.2017e-05 0.00938377 -0.00522713 -0.000209219 -0.000886598 -0.0013593 -0.0149117 -0.00784558 -0.00730488 -0.0133298 -0.00213771 0.00208029 0 -0.0085347 -0.00769417 0.00115855 0 -0.00129553 -1.20464e-05 5.05646e-05 -0.00272128 0 0.000733954 -0.00431143 0 0 -0.0104005 -0.0262808 0 0 -0.0119746 -0.00357838 -5.92365e-06 -0.0193048 0 -0.0176548 0.00791772 0 -0.00412694 0 -0.00753066 0.00297366 -0.00834741 -0.0020792 -0.00306411 -0.0026693 -0.00321889 0.00634149 -0.00131334 0 -0.00474443 0 0 0 -0.000408191 0 0 -0.00812075 0.001827 -0.0102994 0 -0.000633307 -0.000333533 0 -0.00318617 -0.00504739 -0.00176144 0 -0.00151646 0 0.00270595 0 -0.00206562 -0.00941379 0 -2.13403e-06 -0.000352843 -0.00383524 -0.00426749 0 0.00223061 0 -0.001644 -0.0010279 0 0.00244801 -0.00327894 0 -0.00462973 -1.03686e-05 0 0.000602111 0.00487746 -5.62688e-05 0 0.00387022 -0.000670442 -0.00326652 -0.00108323 0 -0.000783091 0 -0.00106967 -0.000475422 -0.00051014 -0.00113162 0.00322097 0 -0.00125771 -0.000619941 0 0.00529051 -0.00177066 0 0 0 0
-0.000733667 0 -0.0203678 0.827802 -0.00763211 -0.0211993 0 -0.0265182 0.00621768 0 -0.0023618 4.82357e-07 3.17643e-06 0 -2.31465e-06 5.81776e-06 -0.0170533 -0.0168783 0.00282901 0 -0.00826708 0.00946387 0 -0.0103375 0.000837682 -0.0282037 -0.00835074 -0.0174908 3.14336e-06 0 -0.0159995 -0.0238245 0.0435025 -0.00128316 4.21732e-06 0 -0.00947732 -0.0377771 -0.0138712 -0.0110131 0 0.0115755 -0.0115146 0.0141769 -0.0214648 -0.0093353 -0.0588635 -0.0198446 0 -0.0163595 -0.00414171 0 -0.0016112 -0.00197634 0 -0.00293033 -0.0102853 0 -0.00948184 0 -1.53852e-06 0 0 -0.00288408 -0.0192915 0 0.0171122 -0.0180605 0 -0.0114614 -0.0233048 -0.00471014 -0.00999178 -0.0226849 0 0.000934804 -0.000727407 0.0207878 0 0 -0.0220221 -6.0871e-06 0 -0.0174858 0 -0.00959091 -0.00518057 0 0.00541847 0 0 -0.00206285 -0.0146291 0 -0.0100104 -0.00850701 0.000322824 -0.00399413 0 -0.00197308 0.00458615 -2.17968e-06 -0.00174479 -0.0149115 0 -0.174755 -0.008845 -0.0109876 -0.0177774 0 0.00149926 0 -0.0135072 -0.0109707 0 0 0 -6.15165e-06 -0.00502244 0.00161287 0 0.00101858 -0.01591 0 0 -0.0103136 -0.0227995 0 0 -0.0171976 0 -0.00332341 -0.0201324 0 -0.0229146 0.0112119 0.000891646 -0.00569959 0 -0.00564628 0 -0.016237 -0.00214024 0.00658819 -0.000974919 -0.000623596 0.0124536 0 0 0.00294715 0.0199772 0 0 0 0 0 -0.00457655 -6.20059e-06 -0.0371893 0.0110822 -0.00290015 0 0 -0.00395106 -0.00423512 -0.00394959 0.0276467 0 0 0 0.0250573 -0.00303947 -0.0110824 0 -7.87294e-07 0 -0.00618832 -0.00390713 0 0 -0.00285652 -0.0013731 -0.00249803 0.000397183 0.0032323 -0.0162622 0 -0.00791988 -5.207e-06 0.0184487 0.00169228 0.0036492 0 0.00764479 0.00590226 -0.000834497 -0.00346929 -0.00742825 0 -0.00390171 0 0.00279243 -0.00535848 0 0 -0.0010212 0 -0.00284562 0.000726059 0.0144251 0.0155767 -0.00250081 0 0.00827561 0 0
-0.0504912 -0.075619 -0.0105913 -0.00763211 0.840668 0 0.0077798 -0.00341286 0.000303065 -0.0867516 -0.0134048 -0.0259792 -0.0306679 -0.0365133 -0.0587941 -0.0110958 -0.00439802 0 0.00577529 -0.0115259 0 -0.0112915 0.00447151 0 -0.00669748 -0.000726785 -0.000753183 0.000155637 -0.00901561 0.00469606 -0.0108784 -0.00213361 0.018464 0.00712577 0 -0.00644452 0 -0.00467673 -0.000339236 0 0 7.17115e-07 -4.62307e-06 0 -0.00203037 0 -0.0174204 0 0 0 0.00224099 0.00051074 -0.0181496 0.0019932 0.00330823 0 0 0 -1.17662e-06 -0.049356 -0.00309587 -0.00354528 0 0.00030392 0 0.0166145 -0.00506405 0 -0.00605757 0 -0.00420555 -1.22394e-07 0 0 9.52032e-05 0 0.00124739 0.0123789 0 0 -0.00551911 -0.0100182 -0.0401065 -0.0094698 0.0205108 0 0 0.00353127 0.00685786 -0.0126805 0.000304318 0 0 -0.00582564 -0.00282922 -4.40338e-06 -0.000676893 0.000656914 0.00811689 0.00221688 0.00335916 -0.00856797 0 0 0 -0.00790398 0 -1.60928e-06 -0.0176433 0 0 0 0 -0.00235503 0 0 0 -0.0164743 -1.42782e-06 0.00301928 0 0 -0.0166147 0.00436914 0 0 -0.00820568 0.00144721 0.00518894 0 -0.0149039 0 -0.0238798 0 -0.0179565 7.29432e-07 0 5.05573e-07 0 0.000726886 0.0111424 0 0 0.00140509 -0.00398775 0 2.10564e-08 0 0 0.000263058 0 0 0.00531594 0 0 0 0 -0.010118 -0.000637194 0 0 0.00188765 0 -7.00626e-08 0 -2.2119e-06 0.00552578 0 0.00654812 0.00276286 0.0068434 0 0 0.00018335 -3.62655e-06 -0.014137 0 0 -0.00521317 0.00266258 -0.023735 0 0 -0.00276209 0 0 0.00029502 0 -0.0157491 0.000202728 0 -0.000152556 0 0.00914026 0 0.000479884 0 0 0.00324568 0 0 0 0 0.00085664 0 -0.00165667 0 0 0 0.00372637 -2.18242e-08 0 0 0 0 0
-0.00143503 -0.00165292 -0.0538366 -0.0211993 0 0.823977 -0.005769 -0.0408638 0 -0.000402642 -0.00215385 0 -0.000220631 -0.00316051 0.00118581 0.00477159 -0.00396511 -0.0323175 -0.0130099 -0.00196999 -0.0150748 0 -0.0021493 -0.016312 -0.0152612 -0.00508551 -0.00439203 0.00118846 0 -0.00330469 -4.57803e-06 -0.0127042 0.00162845 -0.0246498 -0.00420973 0 -0.0129306 -0.0290148 -0.0109126 -0.00732207 -0.00304202 0.0126971 -0.0433076 0.00468235 -0.0141094 -0.0056727 -0.0111986 -0.0158684 -0.00178197 -0.0136489 -0.00128926 0 -0.00261141 -0.00792313 0.0242729 -0.0048729 -0.0190803 -0.00225766 -0.00834182 0 0.00215763 -0.0070143 0 -0.00314633 -0.0259084 0.0135179 -0.00242384 -0.0225909 0 -0.115508 -2.34345e-06 -0.00340226 -0.0108949 -0.0111504 -0.00239559 -0.0199677 -0.00374178 -0.000169577 -0.000961257 0 -0.0160994 0.0110304 0 -0.0140921 -0.0088904 -0.0120759 -0.000839219 0.00409942 0.00998725 0 -0.00183257 -0.00521814 -0.015738 0 -0.0104807 -0.0129038 0.00881771 -0.00472218 -0.000441018 -0.00241912 -0.0088926 0.000980023 -0.000237243 -0.00152963 0.00132463 -0.0155525 -0.0104284 -0.00884227 -0.0125407 0.00489552 0.00275473 -0.00144085 -0.0140747 -0.00627465 0.00259788 0 -0.00340067 0.00772447 -0.00676932 0.000149582 -0.00108249 0.00354464 -0.00512283 0 -0.000363484 -0.0114118 -0.0135969 -0.002387 -2.67084e-05 -0.0280465 -0.00526046 0 -0.0142253 -0.00109759 -0.0174446 0.00770566 0 -0.000652708 -0.000629239 -0.0166861 0.00456948 -0.0116882 -0.00266582 -0.0018646 -0.00121166 -0.00680729 -0.000899026 -0.00338385 0 -0.0114231 0 -0.000286915 -0.00322929 -0.000938644 0 0 -0.00555723 0.00955765 -0.0105544 0.000893862 -0.000559813 -0.00374827 0 -0.00295227 -0.0109382 -0.00506899 0.000769006 -0.00162519 0.00402033 -0.00384723 -0.00260029 -0.00640077 -0.0131446 -0.00104935 -3.57054e-06 0 -0.00945875 -0.00909696 0 -0.00666627 -0.00216658 -0.00142345 3.01661e-06 0.0049096 0.00223086 -0.00247783 -0.0018011 -0.00809999 0.00629584 0 0.0005361 0.0105777 -0.00449263 0.00263272 0.00273226 -0.00614881 -0.00601274 -0.0013272 0.00175766 -0.000535848 -0.000210773 -0.000501603 0 -0.00360206 -0.00459939 0.00914741 0 -0.000154396 2.97495e-06 0 0.00145836 -0.000837359 0 0 0 0
0.00879102 0.0324473 -0.000960052 0 0.0077798 -0.005769 0.746458 0 5.78377e-06 0.00077843 0 0.00852259 0 -0.00184766 0.0185027 0 0 1.12382e-05 0.0213176 -0.00517361 0 0.0347313 -0.248076 -0.00133136 -0.00213912 0 0 0 0.0328636 -0.20895 0.00220319 0 -0.0161165 -0.0142301 0 0.00591776 7.50494e-06 0.00342216 -0.000976417 0 -0.0244855 0.0033168 -0.0128252 0 0 0 0.0126014 -0.00589045 0 7.80788e-06 -0.0116108 -0.0138832 0.0188838 -0.0104083 -0.00711033 0 0 -0.0310108 -0.00288802 0.00455905 0.00687684 0 0 -0.0371687 0.00239323 -0.00364343 0 0 0.0133136 -0.0053945 0 0 -0.00383317 -0.00115105 -0.0146609 0.00120422 -0.00827701 0.0123558 -0.00860175 0 0.023325 -0.00372722 0.00176066 -0.00297701 -0.012448 1.21207e-05 0 -0.000416513 -0.00473872 0.00121886 0 -0.00604518 -0.0035613 0 0 -0.00539698 0.00522793 -0.00444808 -0.0323156 0.014477 -0.00725047 0.00918968 0 0 -0.00255337 0 0 -0.0172415 -0.00192195 0.00839146 0.000168082 -0.00113788 0.0617768 0 0 0 -0.000696065 0.00696619 -0.00105428 0.011437 -0.000259957 0 -0.00159152 -0.00529491 -0.00979731 -0.00426127 -0.00125132 -0.00544194 -0.00828921 -0.00399348 0.00220994 0.000935892 0.000616332 0 -0.00259367 0.000889518 0 0 0 0.00250678 -0.0111539 -0.00490273 -0.00215873 0.0157882 0 0 0 -0.0558105 0 -0.00415579 0 6.78741e-06 -0.175761 6.94329e-06 0 0 0 0.00315215 0 -0.00279499 0 -0.0623449 0 0 0.0075619 -0.000559873 -0.00464858 0 -0.00454036 -0.0102716 -0.00199 1.16571e-05 0.00428222 -0.0137493 0 0.0133233 -0.00430696 0.00893659 0 -0.00820529 0.00764258 0 0 0.00488725 0 0 0 -0.00248361 -0.00270828 0 0 0.00489984 0 0.00459022 0 -0.0085627 -0.00659425 0 -0.00826728 0 -2.26848e-05 0 0 -0.00198445 0.0268399 0.00335147 0.002487 0 0 -0.00174882 0 0 0 0 0 0
-0.00725157 -0.00110208 -0.0470175 -0.0265182 -0.00341286 -0.0408638 0 0.769209 0 -0.0012551 -0.00686519 0 0 -0.00137127 -0.0124669 -0.00275333 -0.0141391 -0.00615753 -0.00868316 0 -0.0210933 0 0.000615893 -0.0105974 -0.0131391 -0.0085984 -0.00518108 -0.00549156 0 0 -0.0138935 -0.0109058 0.0105688 -0.0083031 -0.00205452 0 -0.01061 -0.0222331 -0.0107826 -0.00624777 -0.00199576 0.0127088 -0.0166126 0.00168895 -0.0113486 -0.00428733 -0.015659 -0.0098347 0 -0.0124346 -0.00181745 0 -0.00810753 -0.00911449 0 -0.00164136 -0.00847008 -0.00257797 -0.00626242 0 -3.233e-06 -0.00200165 0 -4.22459e-05 -0.0159887 0.0197174 0 -0.0190224 0 -0.0133537 -0.00921487 0.00487869 0.00275713 -0.0126147 -0.00152429 -0.014198 -0.000726973 0.00239346 0 0 -0.0310077 -0.00203025 -0.000886877 -0.0201569 0.0171277 -0.0178788 -0.00497537 -0.000995865 0 2.52442e-06 0 -0.00320474 -0.00912872 0 -0.0120488 -0.00668538 0.00100972 -0.00475889 0 -0.0043313 -0.00421008 0 1.5455e-06 -0.00471848 0 -0.0294853 -0.00830768 -0.00476132 -0.0162489 0.00324723 0.00169835 -0.000282621 -0.0111781 -0.00837492 0 0 -0.00157925 0 -0.00504255 -0.0029902 -0.000694957 0.00049698 -0.0173154 0 -0.000171333 -0.0084757 -0.0116471 -0.000464745 0 -0.0131853 -0.00217817 0 -0.0401783 0 -0.0332289 0.00725031 0.0143535 -0.00127227 0 -0.00813458 0.000526143 -0.0068211 -0.00208833 -0.00334692 -0.000838109 -0.00682949 0.00630588 -0.000603748 0 -0.00399074 0.0119756 0 0 0 0 0 -0.00362984 0.00214383 -0.00893588 0 2.0679e-06 0 0 -0.00226102 -0.00697434 -0.00444522 0 0 0 0.00521711 0 -0.0054091 -0.0135087 0 -2.05698e-06 -0.000402937 -0.00533412 -0.00637073 0 -0.00112395 -9.4047e-06 3.37381e-06 -0.000284172 -0.0010635 0.00215714 -0.00414588 -0.000431039 -0.00670638 0.00064402 0 0.000202973 0.00290212 -0.00125903 0 0.00242509 -0.0006128 -0.00416344 -0.00544925 0 -0.0016239 0 3.02773e-06 -0.00033841 -0.00180535 -0.00603944 0.00377145 0 -0.000634591 2.42784e-06 0 0.00533971 -0.000967008 0 0.0173972 0 0
0 -0.00100352 0.0164991 0.00621768 0.000303065 0 5.78377e-06 0 0.452007 0 0 0 -0.00324745 -0.000307732 0 -0.00509027 0 -0.00109769 -0.0090492 -0.000278522 0 -0.0119598 0 0 -0.00176718 0 0 -0.00203468 -0.0127609 0.0256787 0.000745544 0 -0.00946359 -0.000758954 -0.00400059 0 0.0114113 0.0139037 0 0 -0.000157625 0 0.00809418 0.0876724 0 0 0.00579428 0 0 -0.000695767 -0.00447466 -0.00167091 -0.000520189 -0.00403349 -0.0140098 -0.00123647 0 0 0 0 0.000704486 -0.00680627 0.0724542 0 0 -0.0117203 -0.00419922 0 -0.00528357 0.0217538 0.00435954 0 0 0 0 0.00329703 -0.00219414 -0.0174753 0 0 0 0.003521 0 0 -0.00724981 0 8.44632e-05 -0.0139729 -0.00702636 -0.0132861 -0.000174755 0 0.0112036 -0.0181302 -0.000906338 -0.00696652 -0.0183387 -0.00102527 -0.0051696 -0.00181985 -0.00220309 -4.14832e-06 0.00433996 0 -0.0110634 0.00862588 0 0 0.00242687 -0.0234942 0.00143061 -0.0111654 -0.00356656 0 0 -0.00211458 -0.00312547 -0.00187782 0 -0.00191106 -0.00181608 0 0.00642386 -1.44721e-05 0 0 0.00441647 -0.000503571 -0.00194408 0 -0.00401046 0.00227277 0.00438302 -0.00267445 0 0.00512555 -0.00200533 0.00490813 0 -0.0017313 -0.0046871 0 0 -0.0262571 0 -0.00049823 0 0 -0.00318159 0 -0.00471667 -0.00483751 0 -0.000677995 0 0 -0.00118251 -9.05161e-06 0 -0.00658012 0 0 0 0 0 0 -0.00272384 -0.00343486 -0.00386591 -0.00252931 -0.00404216 0 0 -0.00240313 0 0 0 -0.0029666 -0.00455958 -0.00325224 0.00329234 0 0 0 0 0.00190517 0 -0.00319979 0.00104629 -0.00047339 0 0.000500151 -0.00240532 -0.014929 0 -0.00171133 -3.83769e-05 0 -0.00465979 0 0 0 0.000851718 -0.000123376 0 0 0 0.00225468 0.000254997 -0.00496543 0 0 0 -0.0137155 0 0
-0.0529936 -0.0495878 -0.00104874 0 -0.0867516 -0.000402642 0.00077843 -0.0012551 0 0.808773 -0.0424557 -0.0271346 -0.0494103 -0.0196303 -0.00506005 -0.0136165 0 0 0 -0.0459413 0 -0.00988515 0 0 -0.000845061 0 0 0 -0.00976921 0.00183032 0 0 0 0 0 -0.0162902 0 -0.000122024 0 0 0 0 0 0 0 0 -0.000258805 0 -0.00213934 0 0 0 -0.0115984 0 0 0 0 0 0 -0.0298133 -0.021344 -0.012281 0 0.00239655 0 0 -0.0105954 0 -0.00855237 0 0 0 0 0 0 0 0 0 0 0 0 -0.00388911 -0.0368672 -0.000450945 0 0 0 0 0 -0.0169219 0 -0.0013369 0 -0.0342727 0 0 -0.0223951 0 0 0 0 -0.0113936 0 0 -0.00790897 0 0 0 0 -0.00207201 0.000719038 -0.00162155 0 0 0 0 -0.00591326 -0.0272448 0 0 -0.000163978 0 0 0 0 0 0 0 0 0 -0.0212643 0 -0.00175847 0 -0.000656591 0.000421275 0 6.69911e-07 0 0 0 2.71091e-06 0 0 -0.0106856 0 8.88042e-05 0 0 0 -0.00291235 0 0.000261744 0 0 0 0 -0.00443971 0 -0.0110956 0 0.000943985 -0.00255013 0 0 0 0 0 0 0 0 0 0 0 0 -0.00538411 0 0 -0.0108532 0 -0.00316136 0 0 0 0 0 0 0 -0.00288287 0 0 0 0 0 0 0 0 0 0 0 -0.00154439 0 0 0 0 0 0 0 0 0 0 0 0 0 0 0
-0.0325493 -0.00980384 -0.00315594 -0.0023618 -0.0134048 -0.00215385 0 -0.00686519 0 -0.0424557 0.562726 -0.00991853 -0.0383557 -0.11619 0.00578799 -0.0162535 0 4.68384e-06 0.0215548 -0.0613241 5.24762e-06 3.17637e-06 0 -0.00133156 -0.000593315 0 0 0.0112344 0.00496035 0 0.00743616 2.86336e-06 0 6.84544e-06 4.03298e-06 -0.00830691 -0.00105396 -0.00340525 0 3.04234e-06 -0.00471195 0.00236366 -1.10807e-06 0.000152216 -0.000416551 0 -0.00615059 -0.000635144 -0.0197007 0 0.0247174 2.86956e-06 -0.00178156 0 6.39251e-06 0 0 0 0 -0.0415501 -0.0034247 -0.0165275 0 0 -0.00104428 6.68156e-06 -0.00426026 -0.00218385 0 -0.00138305 0 0 0 -0.000390565 -0.00892858 -0.00151302 -0.000581246 0.0122975 -0.0266715 0 0 0 -0.0113918 -0.0132635 0 0 3.64463e-07 7.10646e-06 0.013562 -0.00815416 0 -0.00500813 -0.00369183 -5.9474e-05 0 6.31936e-06 0 0 0 0 0 -0.00116973 0 0 -0.0100692 -0.00150217 4.19101e-06 -0.00449017 -0.0190058 -0.00319384 0.00396415 0 0.0295096 0 0 0 -0.0405883 0 2.03555e-06 0 -0.0110206 0 0 0 -0.00681477 -0.000322497 -0.00145043 0 0 -0.00258441 -0.0100694 0.00359425 -0.00270849 0 -0.0035092 0.00102445 0 6.81413e-07 0 0 6.23393e-06 -0.000913226 0 6.32542e-06 -0.241738 0 -2.40629e-06 -0.0127339 0 -0.00107156 0 0 0 -0.00172397 0 0 3.7948e-06 0 -0.00202805 -0.00589086 0 0 0 -0.000172505 0 2.64078e-06 0 0 0 0 0.0241147 0 -0.000449896 0 -0.00205489 -0.000967366 -0.00115755 0 -0.00087951 0 -0.00302439 -2.94473e-05 0 0 0 0 0 0 -0.00566637 0 0 0 0 0.0190031 0 0 -0.000589233 0 0 0 -0.00215584 0 0 0 0 0 0.0048875 1.03633e-06 0 0 0 0 0 0 0 0
-0.0388602 -0.0759716 0 4.82357e-07 -0.0259792 0 0.00852259 0 0 -0.0271346 -0.00991853 0.786499 -0.0320296 -0.0260472 -0.0275274 -0.0177811 0 0 0.00100453 -0.0220433 0 -0.0439651 0.0012356 0 -0.00213885 0.00491355 0 0.0125639 -0.0194582 0.0064333 0 0 0.000793797 0.00249222 0 -0.0209597 0 0 5.62273e-07 0 0 -9.22018e-07 0.0173138 0 0 0 0 0.000194673 -0.00326917 0 0.000738051 0 -0.0112895 0.000646572 3.12333e-05 0 0 0 0.0123553 -0.0323236 -0.0110201 -0.0112801 0 0.000160588 0 0.0109475 -0.0479298 0 -0.0065333 0 0 0.000158015 7.26494e-07 0 0 0 0 0.00102034 0 0 0 -0.00127228 -0.0328327 0 0.0184714 0 0 0 0.000221526 -0.0148552 0 0 0 -0.0130207 0 0.000214817 -0.00174544 0 0.00385485 0.000240985 0.00255183 -0.0105299 0 0.000984238 0 0 0 2.89809e-05 -4.97219e-05 -0.00112368 0 -0.000203726 0 0 0 0 0 -0.0137173 0.00613419 0 0 0 0 0 0 0 0 0.00016107 2.2376e-05 0 -0.0356437 0 -0.000794638 0 0 0 0 0.00323624 -0.000585402 0 0.00150189 0.000705273 0 0 -0.00606184 0 -8.72059e-07 0 0 0 -0.00277036 0 0.00347886 -0.000541208 0 0 0 -0.00653846 0 -0.00409763 0 0.00161067 -0.000704969 3.12448e-07 0 0.0146885 0 0 0.000217305 0 0.00128482 0 0 0 0 -0.0234906 0 0 -0.0206921 0 -0.00639512 2.51198e-07 0 -0.0108826 0 0 0 0 -0.00283139 0 0 0 0 9.41017e-05 0 0 0 0 0 0 0 0 0 0 0 0 0 0.000303321 1.69071e-07 0 0 0 0 0 0 0
-0.0359941 -0.0250769 -0.000846076 3.17643e-06 -0.0306679 -0.000220631 0 0 -0.00324745 -0.0494103 -0.0383557 -0.0320296 0.743002 -0.0120155 -0.0229732 -0.0230373 0 7.75467e-06 0 -0.0157462 0 -0.026864 0 0 -0.00195627 0 0 0 -0.0217061 0 0.00401999 0 -0.00242043 0.00426548 -0.00252046 -0.0129846 0 0 0 0 -0.000556351 0 0 0 0 0 2.93334e-06 0 -0.00326527 0 0 0 -0.0143337 0 -0.00143537 0 0 0 0.00203166 -0.0106847 -0.0056379 -0.0256857 -0.00264296 0 0 -0.00234545 -0.0321798 0 -0.0165028 0 0 0 0 0 -0.00114909 -0.00248045 -7.85082e-05 -0.00233155 -1.21681e-05 0 0 0 -0.0110554 -0.00197287 0 0 0 -0.00453125 0 -0.0442197 0 -0.00397491 0 -0.00912835 -0.000878858 0 -0.00389309 0 0 0 0 -0.0144415 0 0.0248298 -0.0134913 3.95918e-06 0 0 -0.000524525 -0.0130496 0.00156889 -0.0077648 0 0 0 -0.0012107 -0.0130034 -0.00901745 0.00789189 0 -0.00733608 0 0 0 -0.00134685 0 0 0 0 0 -0.0571465 0.0028098 -0.000277493 -0.00606872 -0.000812805 0 -0.000664571 0.000296508 -0.00293545 -0.000941235 0 0 0 0 -0.0146292 -0.000192378 0 -0.00141306 -0.000360213 0 -0.0194003 -0.000625479 0 -0.0122301 0 0 -0.00052908 0 0 -0.0314405 0 0 -0.0018382 0 0 0.0140619 0 -0.00347491 0 0 0 0 0 -0.00171409 0 -0.00626122 0 -0.00127976 -0.00189264 -0.00018404 0 0 0 0 0 0 0 0 0 -0.000708923 0 0 0 -0.000273294 0 0 0 0 -0.000223817 0 -0.0073336 0 0 0 0 0 0 1.23528e-06 0 -0.00142266 0 0 0 -0.000569596 0 0
-0.0190239 -0.0177916 -9.17402e-05 0 -0.0365133 -0.00316051 -0.00184766 -0.00137127 -0.000307732 -0.0196303 -0.11619 -0.0260472 -0.0120155 0.548789 0.11635 -0.0202909 0 0 0 -0.0249365 0 -0.000590862 -0.00676082 -0.000734936 -0.00410822 0 0 5.84594e-06 0 0 0.0155825 4.40971e-06 0.00612753 0.00374077 7.01354e-06 -0.0058156 0 -0.00394877 0 4.67599e-06 -0.003189 0.000697365 -0.00263662 0.00968191 -0.00271646 0 -0.00337235 -0.000900203 -0.0397929 0 1.11039e-05 0 -0.00201651 0 0 -0.001439 0 -0.000272832 0 -0.0108572 0 -0.00609976 0 0 -0.0013904 1.17438e-05 -0.0120656 -0.00163056 0 -0.0025667 0.000482846 0 5.47362e-06 -0.000246962 -0.0104167 -0.000175356 -0.00214301 0 -0.0272706 0 0 0 -0.00679055 -0.00408729 2.30484e-05 0 0 1.22648e-05 0 -0.000169842 0 -0.00160814 -0.00343022 -4.30586e-05 0 1.08764e-05 0 0 -0.00215089 0 -0.000847032 0 0 0.00124231 -0.00341436 0 0 -0.00113639 -0.00607501 -0.00429277 0.0031969 0 8.88953e-06 4.54311e-06 0 0 -0.0179162 0 0 0 -0.00254228 0 0 0 -0.00654953 0 -0.000312108 0 0 -0.00392442 -0.0149895 0.00533949 -0.00104031 0 -0.00468956 -5.22203e-06 0 0 -0.0240097 0 0 0 -0.000820174 1.0718e-05 -0.039241 0 -3.53844e-06 -0.00405131 6.58177e-06 -0.00216843 0 0 0 -0.0011075 0 0 0 0 -0.00206414 -0.00521481 0 -0.00938321 0 0 -0.00120088 0 0 0 0 0 1.02924e-05 6.41239e-06 -0.00117893 -2.65136e-07 -0.00356432 -0.000692326 -0.00480817 -0.00103409 -0.000924049 0 0 0 0 0 0 0 0 0 0 0 0 0.00104154 0 0 0 -0.000563929 -0.00101812 0 0 0 -0.00234391 0 0 0 0 0 0 0 0 0 0 0 0 0 0 0
-0.0195603 -0.0112185 0 -2.31465e-06 -0.0587941 0.00118581 0.0185027 -0.0124669 0 -0.00506005 0.00578799 -0.0275274 -0.0229732 0.11635 0.593008 0 0 0.00282483 0.00590251 0.0280608 0 -0.0355618 0.0132104 0.000765016 0 0 0 0.00200422 -0.0481384 0.0119333 -0.0253611 0 0.00733035 0.00733014 0 0 0 0 -3.22916e-06 -0.0144043 0.00710094 3.5868e-06 0.00334298 -0.000380141 0 0 -0.00309575 -4.79726e-06 6.02744e-05 0 0.0023136 0 -0.0307354 0.00400967 0.00508802 0 0 0.00168222 8.46159e-05 -0.0247471 -0.0241413 0 0 0 0 0.000346903 0 0 -0.0469513 0.00050044 -0.00205976 0 0 0 0.0111199 0.00238647 0.00406878 -0.00104137 0.00592369 0 0 -0.0156629 -0.00385681 0 0.00785219 0 0 -0.0108162 0.00278152 -0.0479455 0 0 0.000432337 0 0 0.000531167 -0.0178519 0.0021552 0.00853497 0.00281868 0.00570881 -0.00982167 -2.92392e-07 0 0 -2.9285e-06 0 0.00586289 0 0 0 0 0 -0.015583 -0.00902438 0 0 -0.020549 0.000554376 0.0027521 0 0 0 0.00177825 0.0113835 0 0 0.000837464 0.00317968 0 -0.0152635 0 -0.0217903 0 0 0 0 0 0 0.00407792 0.00658657 -4.28802e-06 0 0.000197507 0 0 0 0.000206787 0 0.00345064 0 0 0.00868117 0 0 0 0 -0.0208295 0 0 8.3031e-05 0.0207573 0 0 0.000688838 0.000934759 0.000968271 0 0.00239646 0.00457523 0.0015299 0 0 0.00179155 0 -0.00598934 0.00130179 0 -0.00453792 0.00342127 -0.00736973 0 0 -0.00464219 0 0 0 0 -0.00461332 0 0 -0.00452323 0 0.00266779 0 0.00298731 0.00110367 0 0.00379225 0 0 0 0 0.000388284 0 -0.00295864 -0.0138014 0 0 0.00193483 0 0 -0.00280828 0 0 0
-0.0109782 -0.035074 -0.00463766 5.81776e-06 -0.0110958 0.00477159 0 -0.00275333 -0.00509027 -0.0136165 -0.0162535 -0.0177811 -0.0230373 -0.0202909 0 0.697666 0 -0.00543774 0.00679321 -0.0285777 -0.000957742 -0.0187466 0.0024033 -0.00486995 -0.00743729 0.00517447 0 -0.0034081 -0.068141 1.12834e-05 0.00531157 0 0.0109025 -0.0155656 -0.00589921 -0.0102408 -0.00259307 -0.000459414 0 -0.00133305 -0.00507984 0.00299563 -0.0072314 0 0.00566951 0 0 0.00288254 -0.00614263 0.00689548 -0.00717088 0 -0.0137373 -0.00816692 -0.0120162 -0.0106969 -0.00275459 0 0 -0.00948736 -0.0116539 -0.0754243 -0.00155252 0 0.00525823 -0.0139134 -0.0536506 -0.00657219 -0.0599418 -0.00193132 0.00482979 0 -0.00239987 -0.000682879 -0.00331499 -0.0144956 -0.0022907 -0.0105226 -0.00069217 0 0 0.00861584 -0.00564048 -0.00720564 -0.00614316 0.0132009 0.00443538 -0.014295 -0.00628356 -0.0233257 -0.00220821 -0.0056334 -0.0026455 -0.00850652 -0.00294231 -0.00748059 0 0.000898654 0.00658651 -0.0100907 -0.00811507 -0.00743707 0 0.0151142 -0.020098 0 -0.00274577 -0.00140011 -0.00103273 -0.0458682 0.00737764 -0.0368381 -0.00170513 0 0.00157677 -0.0114387 -0.0158887 0.00288345 0 -0.00617488 -0.0151871 0.000317965 0 -0.00159072 -0.00162869 -0.00114996 -0.00139058 -0.00138633 0.00822173 -0.00567455 -0.0293256 0.00064343 -0.00159312 -0.00812962 -0.00367866 0.00384162 -0.00287347 1.10928e-06 -0.0171174 -0.00998537 0.00382423 0 -1.69224e-05 -0.00153145 -0.0226455 -0.00357608 0.000519534 -0.00126201 -0.00266289 -0.00719606 -0.00831233 9.29112e-06 0 -0.00768021 0 0 -0.00379498 0.00415558 -0.00319928 -0.0152294 0 0 -0.0127118 0 -0.00178384 9.10971e-06 -0.00404662 -0.0070603 0.00235216 -0.000122683 -0.0024898 -0.00139449 -0.00520152 -0.00361438 0.00021432 -0.0102384 0.00142414 -0.00802543 -0.00579639 -0.00684213 0.00205319 -0.000770319 0 -0.0135861 0 0 -0.00144232 0.00950323 0.00154402 -0.00161146 0 0.00633033 -0.00363857 -0.00692545 0 -0.00267803 -0.00279855 0 -0.00715567 0 -0.0184064 0 1.22539e-06 -0.00301423 -1.37067e-05 0.00231622 0 2.24688e-06 0 -0.00444332 0 0 0 -0.00333915 0 0
0 0 -0.0103871 -0.0170533 -0.00439802 -0.00396511 0 -0.0141391 0 0 0 0 0 0 0 0 0.90211 -0.00602851 0.00616527 0 -0.00174374 0 0 -0.0043388 -0.00143373 -0.0148766 -0.0609488 -0.00120193 9.12723e-07 0 -0.014232 -0.0449519 0.0100173 1.89967e-06 0 0 -0.0224769 -0.00533604 -0.0462542 -0.0249813 0 0.0236946 2.07054e-06 0 -0.00357972 -0.0429032 -0.0110804 -0.0196022 0 -0.00336608 0 0 0 0 0.000779115 0 -0.024074 0 -0.007797 -0.000209342 -0.00229046 0 0 0 -0.00576574 0.0112197 0 -0.00927097 0 -0.0021192 -0.0112817 -0.00569899 -0.0111508 -0.00306129 0 0 0 0.0213977 0 0 -0.0166098 -0.0299969 -0.00176718 -0.0104279 0.0186142 0 -0.0212471 0.0028323 0.006075 0 0 -0.000735588 -0.0172314 0 -0.00499679 0 -0.00147333 0 0.00215268 0 0 -0.00230951 0 -0.00193697 0 -0.0161875 -0.00310223 -0.00860986 -0.0179627 0 0 0 -0.000181877 -0.00514761 0 0 0 -0.00742719 -0.000597773 0 0 0 -0.00278935 0 0 -0.0197827 -0.0113043 0 0.0012187 -0.00327461 0 -0.000648505 -0.0118652 0 -0.0067843 0.00627663 0 -0.0129658 0 0 0.00449997 -0.0143667 -0.00105247 0 0 0 0.00775315 0 0 0 0 0 0 0 0 0 -0.000568154 -0.0207763 -0.00423322 0.00256831 0 0 0 -0.00350916 0 0 0.00387512 0 0.00563733 0 0.00307432 0 -0.00142363 0 -0.0285491 0 0 0 0 0 -0.008096 -0.00356898 -0.00169388 -0.00227207 0.00466476 -0.0103829 0 0 -0.0280304 0 0.000217343 -0.000881327 0 0.0063417 0.000536522 0 0 -0.00138327 0.00157269 -0.00280674 0 -0.000538045 -0.00325832 0 0 -0.0236054 0 -0.00513688 -0.0074979 0.000620436 0.00870697 -0.000282684 0 0.000423056 0 0
1.90314e-06 0 -0.0124609 -0.0168783 0 -0.0323175 1.12382e-05 -0.00615753 -0.00109769 0 4.68384e-06 0 7.75467e-06 0 0.00282483 -0.00543774 -0.00602851 0.746017 -0.00969588 0 -0.00660916 0 0 -0.039123 0.00564034 -0.0271466 -0.00363024 -0.0377895 -0.00167564 1.17178e-05 -0.0153555 -0.0108551 -0.00693229 -0.0175865 -0.000554636 0 -0.00948554 -0.00836446 -0.0147968 -0.0119684 0 0.00165888 -0.0146348 0 -0.00722623 -0.0119345 -0.00754089 -0.0140494 0 -0.0126573 -0.00114887 -0.00216842 0 -0.0103781 -0.00859323 -0.00385808 -0.0296987 -0.000579348 -0.0100599 0 0 -0.0030973 0 -0.00203277 -0.0125634 -0.0111489 0 -0.0265935 0 -0.0106838 -0.00312508 -0.0010661 -0.00884577 -0.00733538 0 -0.0106917 0.000116902 -0.00174271 0 0 -0.00839561 0.00801175 0 -0.0098874 -0.000700721 -0.007986 -0.00475863 0.000153478 -0.00273249 0 -0.00235562 0 -0.0131298 0 -0.00632031 -0.0136092 0 -0.00489383 -0.00398734 -0.00760441 -0.00846914 0 -0.000731927 -0.00626728 0.00568654 -0.0145111 -0.0057576 -0.00882206 -0.00652355 -0.00638292 0.000974609 0 -0.0121002 -0.00424776 0.00259541 0 0 0.00602466 -0.00630919 -0.00511524 -0.00085119 0.000514708 -0.000101795 -1.84485e-05 0 -0.00820396 -0.0097843 0 0.00329275 -0.0121581 0.00034369 0 0.0107327 -0.000196618 -0.00705473 0.00609377 0 1.9913e-06 0 -0.0115911 0.00203326 -0.00976694 5.82747e-06 -0.00710666 0 0 0.00558746 0 0 -0.00821065 0 -0.000198122 0 0 0 0 -0.0361358 0.00558901 -0.0189557 0 -0.000382532 -0.00100502 0 4.79624e-06 0.00196799 -0.00287947 -0.000308399 0 0.0116909 -0.00517286 -0.000325072 -0.00238878 -0.00892172 0 2.21673e-07 0 -0.0051702 -0.000445323 0 -0.00598302 0.00294448 -0.00221042 3.00832e-06 0.00499448 0.00103043 -0.00206841 -0.00162262 -0.00830526 0.0045825 0 0.000165026 0.00813108 -0.00246086 -0.00293089 0.00105336 -0.007194 -0.00383828 0 -0.00248574 -0.000193225 0 3.86344e-06 0 -0.00217496 -0.000535848 0.00567922 0 3.05657e-06 2.97422e-06 -0.00200748 0.00429257 0 0 0 0 0
0.00483822 0 0.00344298 0.00282901 0.00577529 -0.0130099 0.0213176 -0.00868316 -0.0090492 0 0.0215548 0.00100453 0 0 0.00590251 0.00679321 0.00616527 -0.00969588 0.703291 1.14299e-05 -0.00574007 0.000942088 0.0196472 0.00835569 0.0179882 -0.00691967 0.0107657 -0.0112684 0.00191706 0.0246553 0.00196455 0.00358605 -0.0288422 -0.0321156 -0.0110653 3.13792e-06 -0.00351394 0 0 0.00308269 -0.00352916 -0.00283066 -0.0268168 0 0.00154349 0 0.0126287 0.0232241 -0.00133722 -0.00872974 -0.0144399 0.00793287 0 -0.0534729 -0.0148236 -0.00606904 0.00423615 -0.000217248 -0.00659853 0.00925281 0.0124221 -0.00442511 0 -0.00407058 -0.0100677 -0.0260298 -0.0055145 -0.0113647 0.000875267 0.003499 0 -0.00120125 0.00388572 -0.00372909 -0.00695216 -0.00441202 -0.00134246 -0.0248099 -0.0019089 0 0.00884563 0.0231394 0.00283455 0.0126038 -0.0376295 -0.0144099 0 -0.0216719 -0.0192256 0 -0.0205591 -0.00525991 -0.00156771 -0.00186547 0.00972825 -0.0160548 0.0107761 -0.0283582 -0.0149427 -0.0235261 -0.0227152 0.0249606 0 -0.0106689 -0.00797475 0.000883681 -0.00649966 -0.00363729 0 -0.015003 0.00106263 -0.0046451 -0.0135704 0 0.00423218 -0.00550448 -0.00399091 0.0217125 -0.0138666 -0.0283305 -0.0065228 0 -0.00143802 -0.0113571 -0.00324499 0.00227393 0.00968658 -0.0153864 -0.020021 -0.0130487 -0.00182271 0 0.0241089 -0.00665776 -0.0022038 -0.011989 8.6971e-06 0.00079541 -0.00520544 -0.0212559 -0.0238178 -0.00172331 -0.000992383 0.00378937 0 -0.00956881 0 -0.00294992 -0.00484551 -0.0282641 -0.00296039 -0.0109787 0.00831912 -0.00640012 0 0 -0.00257397 0.0181221 -9.05171e-05 -0.0073645 0 0.0010833 0 0 -0.011059 -0.0176064 -0.021451 -0.00518465 -0.0183151 -0.0182093 -0.0165865 -0.0267947 -0.0100753 -0.00319185 0.00851815 0 -0.00967934 -0.0362028 -4.59957e-05 -0.0288103 0.0200955 0 0 0.0192608 0 0 -0.00666543 -0.0083582 0.0284187 0 0 0.0139689 -0.0126651 -0.0259074 0 -0.0110725 -0.00864968 0 -0.0176687 0 -0.003357 0 0 -0.0115122 -0.0059389 0.0123014 0 0 0 -0.010221 0 0 0 0 0 0
-0.0248522 -0.0246296 -0.00183523 0 -0.0115259 -0.00196999 -0.00517361 0 -0.000278522 -0.0459413 -0.0613241 -0.0220433 -0.0157462 -0.0249365 0.0280608 -0.0285777 0 0 1.14299e-05 0.561462 0 -0.00414693 -0.0125615 0 0.000667042 0 0 0 -0.00368146 -0.000494312 0.00895916 0 0.000996504 0.0232952 7.64559e-06 -0.0097971 1.21395e-06 -0.000159325 0 0 -0.0222148 0.00152419 1.1369e-05 0 0 0 0 -0.00261487 -0.00805554 5.9431e-06 -0.00268807 0 -0.00775632 0 -0.00287362 0 -0.000443244 -0.0129611 0 -0.00713258 -0.0111475 -0.0161575 0 -9.95666e-05 7.971e-06 0.0109555 -0.0295296 7.99796e-06 -0.00167459 -0.00127881 0 0 -0.000939592 0 -0.00334058 -0.0014347 -0.0120545 0.00209065 -0.0127682 0 0 0.000307746 -0.00508859 -0.00302242 0 0 0 0.00518248 0 -0.0154795 0 -0.0307914 -0.0012722 -0.0122175 0 -0.000691988 0 0 -0.00220734 0 6.33688e-06 -0.00731673 0 0.00946652 -0.0331276 0 0 -0.00266545 -5.99778e-05 -0.0160476 0.00174304 -0.00428767 0 0 0 0 -0.0135232 0 3.74858e-06 -0.000745871 -0.00852581 0 0 0 -0.00661049 -0.00170659 0 0 0 -0.000458098 -0.0241114 0.00177676 -0.000764823 0 0 0.00141254 0 0 -0.000338733 -0.00105548 0 0 -0.000624608 0 -0.0189045 0 0 -0.0170921 0 -0.00255393 -0.0256183 0 0 -0.00138207 0 0 -0.000771599 0 0 -0.0183714 0 -3.32615e-05 2.36676e-06 0 0 0 0 -0.00250442 0 0 0 0 -0.000295915 -0.0330873 0 -0.000745176 -0.000903117 -0.00154036 -0.00129328 0 0 0 0 0 0 0 0 0 0 0 0 0.00157733 0 0 0 0 -6.20013e-06 0 -0.00294998 0 -0.00407651 0 0 0 0 0 0 0 0 -0.00139043 0 0 0 -1.87596e-05 0 0
0 -0.00128277 -0.0106588 -0.00826708 0 -0.0150748 0 -0.0210933 0 0 5.24762e-06 0 0 0 0 -0.000957742 -0.00174374 -0.00660916 -0.00574007 0 0.792446 -0.00102129 0.000916802 -0.00664934 -0.0247207 9.71527e-07 -0.00311607 -0.00442438 -0.000979648 0 -5.20911e-06 -0.00801429 -0.00681185 -0.00547048 -0.00364796 -1.70581e-05 -0.00945097 -0.00901559 -0.00363672 -0.010957 0 0.00766139 -0.0122755 8.83473e-05 -0.0451586 -0.000958355 -0.00823268 -0.00707102 0 -0.0182491 -0.00878374 -0.000603901 -0.00193291 -0.0110956 -0.00691582 -0.0019705 -0.00656441 0 -0.00279416 0 -5.7994e-06 -0.00523347 0 -0.000617216 -0.0176996 -0.00788551 -0.00187906 -0.010976 0 -0.00804783 -2.82079e-06 4.59623e-06 -0.00573811 -0.00859856 -0.000346955 -0.0122875 -0.00197267 -0.00394712 0 0 -0.0108348 0.00495088 -0.00094226 -0.00728843 -0.00189448 -0.0232519 -0.00121148 -0.00957214 -0.00159582 0 -0.000373795 -0.00347477 -0.00787843 -0.0013209 -0.00890924 -0.00829654 0.00149183 -0.00441546 0.00175687 -0.00548174 -0.00518484 0 1.69455e-06 0 -0.00371583 -0.00802951 -0.0188721 0.00100459 -0.00707621 -0.00471532 0.00088429 -0.000879891 -0.0206487 -0.00582757 0 0 -0.00203044 0.00313746 -0.00304102 -0.00750698 -0.00119051 0 -0.00385663 0 0 -0.00672147 -0.00749102 -0.00227076 0.000474408 -0.0107464 -0.00331239 0 -0.0124021 -0.00194302 -0.0162713 0.00456602 0 1.99097e-06 0 -0.00809723 -0.00506672 -0.00127523 0 -0.00829698 0 -0.00930979 0.0024271 -0.00163925 -0.00208726 -0.00678976 0 -0.000524987 0 -0.000261362 0 0 -0.00477574 0.00399744 -0.00600132 -0.00273646 0 0 0 5.05743e-06 -0.0106187 -0.00186558 0.000305775 -0.00295537 -8.98125e-05 -0.00477599 -0.0029638 -0.00509788 -0.0114032 -0.00121286 0 -0.000111148 -0.00509482 -0.00703387 0 -0.00367417 -0.000994813 4.61293e-06 3.1328e-06 0.00206028 0.000228427 -0.00109052 -0.00186892 -0.00523854 0.00377318 0 0 -0.000838943 -0.00383082 0.00101511 0.000517987 -0.00274856 -0.00311407 -0.0015126 -0.00326497 0 -0.00049001 4.02249e-06 0 -0.0027531 -0.0155826 0.00460265 -0.00151392 3.15537e-06 3.02992e-06 -0.000397668 0.00177004 2.46194e-06 0 0 0 0
-0.0133034 -0.0301279 0 0.00946387 -0.0112915 0 0.0347313 0 -0.0119598 -0.00988515 3.17637e-06 -0.0439651 -0.026864 -0.000590862 -0.0355618 -0.0187466 0 0 0.000942088 -0.00414693 -0.00102129 0.56118 0.00945027 0 -0.00623152 0.0195657 0 0.00919643 -0.0519836 0.0206124 0.0049464 0 -0.00640634 0.0120918 -0.0119266 -0.0267091 0 0 0 -0.000649475 0 0 0 0 0 0 0 0.0131878 0 0 -0.00223162 0 -0.0313713 0 -0.000530602 0 0 0 0.0109602 -0.00969039 -0.00529055 -0.0222265 -0.00384903 0 0 -0.00550635 -0.0260506 0 -0.0160783 0 0.00317124 0.00187063 0 0 0 -0.00654732 0 -0.00355133 0 0 -0.00121158 0.00205718 -0.00766404 -0.00233861 0 0 0 -0.00747915 -0.000296622 -0.0142945 0 -0.000973346 0 -0.00210185 -0.00289939 -0.00153219 0 0 0 0 0 -0.0104837 0.00215251 0.0124995 -0.00659663 0.00609453 -0.000571503 0.0149185 0 -0.0242074 0.00036921 -0.00123749 -0.00336883 0 3.9477e-05 -0.0118509 -0.00211492 0 0.00931502 0 -0.00325129 0 0 0 0 0 -0.000100297 0 -0.000227605 0 -0.0402711 0 -0.00205979 -0.0177938 -0.00162269 0 -0.0105656 0.00332257 -0.000608938 -0.000386285 -0.000827319 0 0 -0.00422524 0 -0.000874024 0 0 -0.0268914 0 -0.0323011 -0.00125687 0.00526387 -0.012884 0 0 -0.000679133 0 0 -0.012512 0 0.00244274 -0.00146331 0 -0.000754042 0.0209683 0 -0.0250989 -0.00505801 -0.00131676 -0.00328416 -0.000384021 -0.000422334 -0.00132291 0 -0.0044892 0 -0.0035727 -0.00348104 0 0 0 0.00132131 0 0 0 0 0 0 -0.0207687 0 0.000337785 -0.00026515 -0.000951545 0 0 0 0 -0.00256404 0 -0.00161813 0 0 -0.000507237 -0.000872081 0 -0.00178989 0.00139799 0.00120964 -0.00296756 0 0 0 -0.00465206 0 0
0.0033593 0.0109718 -0.00127147 0 0.00447151 -0.0021493 -0.248076 0.000615893 0 0 0 0.0012356 0 -0.00676082 0.0132104 0.0024033 0 0 0.0196472 -0.0125615 0.000916802 0.00945027 0.776836 -0.00375138 -0.00403936 0 0 0 0.00734722 -0.120686 0.00203477 0 -0.0139127 -0.0118708 -0.00158907 0 0 -0.00200175 -0.000412458 0 -0.011549 0.0033459 -0.0106792 0 -0.000838033 0 0 -0.00456042 0 9.25773e-06 -0.00981056 -0.0037749 0.00530268 -0.0102547 -0.00784863 -0.000280345 0 -0.0172231 -0.000818201 0.00017142 0.00226497 0.00283996 0 -0.00908712 -0.000241073 0.0150578 0 0.00253221 0 -0.00321918 0 0 -0.00335296 -0.00311263 -0.00525959 -0.00755119 -0.00547522 0.00519845 -0.00189713 0 0 0.00578364 0 -0.00357111 -0.0102361 0 0 -0.00807955 -0.00519202 0 0 -0.00470005 -0.00307372 0 -0.00155184 -0.00173606 0.00259287 -0.00240036 -0.0142315 0.011086 -0.0139945 0.00295098 0 0 -0.00454389 0 0 -0.00476839 -0.0022963 -0.00268954 0.00107383 -0.00108627 1.45526e-05 0 0 0 -0.00227111 0.00492055 -0.000457999 0.00263524 -0.00088904 0 -0.000770571 -0.00340414 -0.00485232 -0.00315849 -0.00108758 -0.00397065 -0.0058509 -0.00172674 -0.00217261 0 -0.00185125 0 -0.00332018 0.000881683 0 0 0 -0.0017821 -0.00952715 -0.00278325 -0.00243217 0.0166014 0 -0.00212134 0 -0.0538766 0 -0.00423179 0 0 -0.123334 0 0 0 0 0.00488691 0 -0.00335473 0 -0.00983579 0 -5.66844e-05 -0.00130152 0 -0.00390122 0 -0.00153492 -0.00898655 -0.00185317 0 -0.00259697 -0.00642678 0 0.00281749 -0.00370567 -0.00389318 0 -0.00718773 0.00541832 0 0 0.00336873 0 0 0 -0.00230889 -0.000605837 0 0 0.00435959 0 -0.00435501 0 -0.00587828 -0.00334265 0 -0.00719727 0 -0.000567423 0 0 -0.00187898 0 0.00252929 0 0 0 -0.000724395 0 0 0 0 0 0
