0.758038 -0.0727718 -0.00389054 -0.00147675 -0.0676708 -0.00512265 0.0165063 -0.00371998 -5.95842e-07 -0.0638542 -0.0314854 -0.0479401 -0.0269909 -0.0109334 -0.0223873 -0.0154086 0 0 0 -0.0210664 -0.00159661 -0.021497 0.00272829 0 -0.00434712 0 -0.000240164 0 -0.010535 0.0169259 -4.72248e-07 -0.000360781 0 0 0 -0.00083868 0 -0.00357797 0 -0.00043691 0 0.00044596 0 0 -0.00170977 0 -0.00429614 0 -0.003909 -0.00320837 0 0 -0.0161829 0 0 0 -0.000553667 0 0 -0.080481 -0.0218596 -0.00650062 0 0 -0.000643477 0 -0.00669411 -0.00121926 -0.00977123 -0.0010745 0 0 0 -0.0015688 0 -0.0024272 0 0 0 0 -0.00329014 -0.00373426 -0.0797222 -0.00593427 0 -0.000239769 0 0 0 -0.0108812 0 -0.00875862 0 -0.00489498 -0.0114074 0 -0.0102622 0 0 0 0 -0.0192772 0 0.00101818 -0.00199364 -0.00132658 -0.000763514 0 -0.00441518 -0.00280083 0.00662079 -0.000827892 -0.00151875 -0.00448366 0 0 -0.0022108 -0.0250767 0 0 -0.000348852 0 -0.000675642 0 0 0 -0.00157156 0 0 -0.00150955 -0.0245695 0.00123584 -0.00555407 0 -0.00363082 0.000359713 0 0 -0.000313509 0 0 0 0 0 -0.00794849 0 0 -2.87209e-05 0 0 -0.00146291 0 0.00513163 -0.000258742 0 0 -0.00344834 -0.0113592 -0.00160649 -0.00283158 0 0.005217 -0.00234501 0 0 0.0033287 0 0 0 0 0 0 -0.00132135 0 0 -0.00710731 0 -0.000276269 -0.00170251 0 -0.0197239 0 0 -0.0085689 0 0 0 0 -0.0102145 0 0 0 0 0 0 0 0 0 0 0 -0.000354175 0 0 0 0 0 0 0 0 0 0 0 0 0 0 0
-0.0727718 0.659926 -0.00384441 0 -0.0617863 0.00080784 0.0222922 -0.00246676 0.00397436 -0.0500917 0.00308891 -0.0821311 -0.0281798 -0.0136041 -0.0245348 -0.0228473 0 0.000550651 0.00293087 -0.0364827 -0.00219097 -0.0199774 0.0195312 0 -0.000357812 -9.35843e-07 0 -0.00169527 -0.0391001 0.0193879 -3.88543e-07 0 -0.00130562 0.000930287 -0.000980684 -0.00898616 -0.000662799 0.00990271 0 -0.00107583 0 -0.00253306 0 -0.00116464 0 0 -0.00208596 0 -0.0174966 -0.00602176 0 0 -0.0188405 0 0.00108118 -0.000278798 -0.00144534 0 0 -0.0173414 -0.00797793 -0.0265665 0 0 -0.000923317 0.00389164 -0.0213621 -0.000834633 -0.0185565 -0.00113575 0 0 0.00864994 -0.00078003 0 -0.00479804 0 0.00117082 0 0 -0.00241908 0.0149092 -0.0191172 -0.00408182 0 -0.00154353 0 -0.00283935 0 -0.0320333 0 -0.00722175 -0.00194066 -0.0192114 -0.00383792 -0.000556027 -0.0064816 0 0 0 0 -0.0250146 0 0 -0.00371194 -0.000484302 -0.00102292 0 -0.00227968 -0.00640923 0.00109577 -0.00215268 -0.00624365 -0.00198081 0.0224498 0 -0.00321857 -0.00930974 0 0 -0.00250877 0 0 0 0 0 -0.00072871 0 0 -0.00143526 -0.0347788 0.00214319 -0.00260551 0 -0.00223706 0 -0.00517982 0.00469304 -0.00689758 -0.000693059 0 0.0017008 0 -0.00174193 0.00391069 0 0 0 -0.000114232 0 -0.00276476 -0.000195004 0.0100398 -0.00143285 0 0 -0.00371907 0.00821318 -0.00199569 -0.00925085 0 0.00635394 -0.0089974 0 -0.000554409 0 0 -0.000497182 0 -0.000295682 0 0 -0.000777009 0 0 -0.0569372 0 -0.000805309 -0.00809374 0 -0.0104548 0 0 -0.00556635 0 0 0 0 -0.00646576 0 0 0 0 0 0 0 0 0 0 0 -0.00482248 0 0 0 0 0 -0.00016286 0.00688365 0.0158352 0 0 0 0 -0.000282278 0 0
-0.00389054 -0.00384441 0.702663 -0.0237804 -0.0111628 -0.0858092 -0.000311502 -0.0306222 -3.68788e-06 -0.00140359 -0.00389111 -9.7108e-05 -0.00074481 0.0098348 0 -0.00739044 -0.0128542 -0.0140153 0.0138746 -0.000451205 -0.0154378 -0.00180471 -0.00249537 -0.012013 -0.0180682 -0.00772654 -0.00775091 -0.00249864 0.00252571 -0.00166247 -0.003388 -0.0167388 -0.00509189 -0.0127095 -0.00387788 -0.00105841 -0.0146216 -0.0300619 -0.0122279 -0.0099117 -0.000930833 0.0104848 -0.0286304 0 -0.0105916 -0.0118687 -0.0131882 -0.0123426 -0.000462247 -0.00287654 0.00442005 -0.0011886 -0.00515374 -0.00143368 0.000227731 -0.00201776 -0.0116189 -0.000331023 -0.00651507 -0.00100025 0 -0.00584877 0 -0.0029873 -0.0140203 -0.00240086 0.00282444 -0.0177151 -0.00196927 -0.0109634 -0.00263681 0.00795525 -0.00899183 -0.00970316 -0.00043437 -0.00781531 -0.00181974 0.0215877 -0.000226804 0 -0.0376373 0.00323353 -0.0026352 -0.0121818 0.0102477 -0.00606252 -0.00314772 -0.000996383 -8.75223e-06 -0.00120973 -0.00171507 -0.00297068 -0.0116915 -7.79194e-05 -0.00988446 -0.00230189 0.000196658 0.000690991 0.00732712 -0.00156926 -0.000279288 -0.00227066 -0.000894295 0.0162627 -0.00172467 -0.0158369 -0.00739517 -0.00661457 -0.0115487 0.00290647 0.000771993 -0.000390221 -0.00947359 -0.00624311 0.00514485 0 -0.00189814 0.00150495 0.0105929 -0.00104766 -0.000291834 0 -0.00453298 0 -0.000480371 -0.0138371 -0.0117122 0 0.00733894 -0.00888802 -0.00293084 -0.000456781 -0.0158924 -6.54726e-05 -0.0168709 0.00470293 0 -0.00108196 0 -0.0110762 0.0126071 -0.00862697 -0.0022875 -0.00202406 -0.0014657 -0.00351727 0.000766114 -0.0013352 -0.000185817 -0.00999372 0 -0.000404748 -0.000844943 -0.000959883 0 0 -0.00629309 0.00348087 -0.00852086 0.00488366 -0.000837205 -0.00149356 0 -0.0033014 -0.00540673 -0.00313 -9.4054e-06 -0.00220961 0.00757206 -0.00119484 -1.01433e-05 -0.00182201 -0.00736756 0 0 -0.00055029 -0.00425937 -0.00433435 0 0.00268606 7.83582e-06 -0.001117 0.00510306 9.1404e-06 0.00101669 -0.00284266 -0.00168597 -0.00410781 0 0 0 0.00555328 -0.0010298 -1.08162e-05 0.00218285 -0.00223205 -0.00271271 -0.00154504 0.004296 -0.000908453 0 -0.000661985 -0.000429107 -0.00114197 -0.00151038 0.00387836 0 -0.000603139 -0.000114041 -9.35714e-06 0.00217321 -0.00179495 0 0 0 0
-0.00147675 0 -0.0237804 0.738534 -0.00327787 -0.0172857 0.0110489 -0.0173249 0.0149637 0.00187463 -0.00325437 0 0.00118675 -0.00217758 0 0.0300758 -0.0202456 -0.0202128 0.0187812 0.00645675 -0.00809041 0 0.00701469 -0.0124699 -0.00816807 -0.0311297 -0.0172306 -0.0208925 0 0.00233901 -0.0145348 -0.021969 -8.56634e-06 -0.000411816 0 1.58314e-06 -0.0116011 -0.0400729 -0.0553572 -0.0129915 -0.000288733 0.013053 -0.00972563 0.00437399 -0.0228981 -0.0092286 -0.04961 -0.0138677 -0.000568511 -0.0130962 0.00111076 -0.000734132 -0.00180869 0.00335422 0.00329321 -0.00219321 -0.0114357 -0.000706794 -0.00757253 -0.0004152 0 0.0087773 0 -0.00325399 -0.024614 0.0244532 0.0103675 -0.0152365 0 -0.0101253 -0.0152854 0.0109121 -0.00795431 -0.0316925 0 -0.00277889 -0.0015676 -8.03379e-06 0 0 -0.0286849 0 -0.000503587 -0.0173018 0.0136318 -0.00845822 -0.0141236 0.0111208 -7.95869e-06 0 -5.96781e-06 -0.00293507 -0.0128508 0 -0.0101251 -0.00587115 0.00859134 -0.00297856 -9.75412e-06 0.00621158 0.00197804 0 -0.000935313 -0.0119479 -6.46995e-06 -0.228493 -0.006832 -0.00776907 -0.00283994 0.002146 0.000590397 0 -0.0099758 -0.0144839 0 0 -6.37764e-06 7.37174e-06 0.00413588 0.000602752 -5.58355e-06 0 -0.00888647 -6.19766e-06 0 -0.0118733 -0.022788 0 -9.30257e-06 -0.0111575 0.013929 -0.00113756 -0.0157612 0 -0.00842172 0.007751 0 0.00554216 0 -0.00643097 -9.58416e-06 -0.0109861 0.00101983 0.00103587 -0.00106155 -0.000223253 0.0162131 -0.00149876 0 0.0097462 -4.18128e-06 0 -0.000177163 0 0 0 -0.00485575 0 -0.0124653 -7.14544e-06 -0.00104569 -0.000715659 0 0.00090874 -0.00420881 0.00298659 -8.55569e-06 0 -8.75604e-06 0.0095425 -9.25066e-06 -0.00221226 -0.00747441 -6.50358e-06 0 0 -0.00492059 -0.00355527 0 0.00692863 7.13541e-06 0.0131658 -0.00822967 0.000256491 0.00205135 -0.00851965 -0.000199649 -0.00526213 6.39661e-06 0.00457263 0.000451635 0.00479382 -1.58003e-05 -9.90677e-06 -0.00442203 -0.00115722 -0.00278487 -0.00445851 -1.07854e-05 -0.00249563 0 -0.000836199 -0.00142898 -8.90942e-06 -0.00039412 0.0028607 0 -0.00190132 0.00270764 -8.48466e-06 -0.00157042 -0.0121392 0 0.00545194 0 -7.23697e-05
-0.0676708 -0.0617863 -0.0111628 -0.00327787 0.762923 0 0.0106908 -0.00776035 0.000721452 -0.122659 0.00278022 -0.0546373 -0.0242171 -0.0296816 -0.0394525 -0.00564144 -0.0113103 0.00109563 0.00851053 -0.0102744 -0.000146723 -0.0188317 0.00443461 0 -0.00418435 -0.000128718 -0.00510419 0.00539789 -0.00698016 0.0125787 -0.0256145 -0.00577296 0.0199848 0.00750764 0 0.00318789 -0.00090928 -0.00263382 -0.000269762 -0.000636797 0 -0.00102804 0 0 -0.0027933 0 -0.0122175 0 0 -0.000313357 0.0034703 0 -0.0133121 0.00277222 0.00417058 0 0 0 0 -0.0452792 0.00677362 -0.00421471 0 0 -4.66457e-05 0.0101603 -0.000709342 -0.000279209 -0.00772561 0 -0.0007195 0 0 -6.16227e-05 0 0 0 0.00877759 0 0 -0.00457043 -0.0123184 -0.0173711 -0.00800028 0.00995674 0 0 0.000961786 0.00576898 -0.0102832 0 -0.000117055 0 -0.00436108 -0.0014123 0.0097307 0.00880402 0 0.00647467 0.000196211 0.00488462 0.00492838 0 0 0 -0.00720164 0 0.00222421 -0.0127776 0 0 0 0 -0.00193075 0 0 0 -0.0182941 0 0.00263414 0 0 -0.0233569 0.00166871 0 0 -0.00250584 0 0.000364409 0 -0.00886336 0 -0.0167298 0 -0.0131873 0 0 0 0 0 0.00850109 0 0 0.0116686 -0.00474543 0 0 0 0 0 0 0 0.00369952 0 0 0 -9.1325e-05 -0.0156767 -0.000346011 0 0 0.00616758 0 0 0 0 0.00359043 0 0.00350105 0.00432531 0.00195444 0 -0.000391155 0 0 -0.00769491 0 0 -0.000532878 0.00346851 -0.0147612 0 0 -0.00842161 0 0 0 0 -0.0186237 0 0 0 0 0.00825308 0 0 0 0 0.00350427 0 0 0 0 0 0 -0.00454902 0 0 0 0.0067206 0 0 0 0 0 0
-0.00512265 0.00080784 -0.0858092 -0.0172857 0 0.770222 -0.00108764 -0.0634006 0.01068 0.000461485 -0.00156733 2.0585e-06 0.00211688 0.00337281 0.00116653 -0.00877606 -0.00141015 -0.0508555 0.00242046 0.00536226 -0.0189672 0.00388742 0.00362743 -0.0205457 0.0019507 0.00278593 -0.0035148 0.000125169 0.00608373 -0.000843205 -3.74624e-06 -0.013213 0.00242165 -0.0382295 -0.00534499 1.74986e-06 -0.0140338 -0.0240621 -0.0140598 -0.00947628 -0.0020776 0.00106957 -0.034547 0.00613866 -0.0139022 0.00328075 -0.0126249 -0.0150139 -0.00174741 -0.0136743 0.00181848 -0.00174303 -0.00410084 -0.0111289 0.0295192 -0.00355464 -0.0171327 -0.00180997 -0.00895838 0 0.00355978 0.00810459 0 -0.00418954 -0.0188866 -0.00356381 -0.0015996 -0.0176814 -8.07782e-05 -0.139178 0.0113819 -0.00257276 -0.000227022 -0.0109498 0.0124633 -0.00973412 -0.00306767 0.00290196 -0.00163745 0 -0.0124513 0.0209124 -0.00150425 -0.0376732 -0.00945973 -0.0115751 0.013935 -0.00905782 0.0146954 0 -0.00214542 -0.00476641 -0.0141915 0.000854372 -0.0110559 -0.0115781 0.00732726 -0.00570526 -0.00215523 -0.00659713 -0.00846925 0.000303417 -0.00100709 0.0101958 -0.00132893 -0.0138452 -0.00869654 -0.00774012 -0.00346631 0.00445309 0.000736906 -0.00176248 -0.0128422 -0.0057192 0.00373224 0 0.00113766 0.0067417 -0.00608666 -0.00383363 -0.00218877 0 -0.00518321 0.00095148 -0.000547186 -0.0111452 -0.0154512 -0.00225668 -0.00335487 -0.0157139 -0.00293364 0 -0.0111821 -0.000998037 -0.0140888 0.00175378 0 0.0129959 -0.00152672 -0.0204171 -0.00401605 -0.0116673 -0.00203462 0.00332466 0.00100574 -0.00525991 -0.00971267 0.00398279 -0.000752775 -0.011565 0.00464182 -0.00175499 -0.00280086 -0.00160761 0 0 -0.00784123 0.0254814 -0.00954597 -0.00363266 -0.00125164 -0.00386863 0 -0.00225459 -0.00987363 -0.00594793 0.00270546 -0.0027159 -0.00255355 -0.00560105 0.00215115 -0.00446681 -0.00942114 -0.00141951 0.00241837 0 -0.00808848 -0.00669498 0 -0.00402987 0.00327361 -0.000894103 0.00813116 0.00383127 0.000470544 -0.0023992 -0.00329867 -0.00665398 0.0102703 0 0 0.0177721 -0.00349849 0.0117792 -0.00041175 -0.00524781 -0.00425295 -0.00158021 -0.000132296 -0.000822947 -0.00117441 -0.000447814 -9.88459e-05 -0.0035578 -0.00364449 0.0338993 0 -9.07602e-06 -8.82455e-06 -0.000706016 0.00090049 -0.00123774 0 -2.30623e-06 0 0
0.0165063 0.0222922 -0.000311502 0.0110489 0.0106908 -0.00108764 0.617389 0.00513442 -0.000625493 -7.18066e-07 -2.36616e-07 0.00363252 -4.52768e-07 -0.000155072 -0.000446607 0 -0.000502883 0.0366617 0.0307476 -0.021214 -0.000826633 0.028125 -0.287407 -0.00399092 -0.00355049 -0.00263306 -5.38665e-06 -3.9235e-06 0.0211768 -0.183869 0.000461789 -6.09516e-06 -0.0111381 -0.00828903 0.00543824 -0.00587267 -5.63056e-06 -0.00345469 -0.00348352 -6.12662e-06 -0.0144676 0.00254553 -0.0117649 0 0.00126968 -0.00219716 -5.45067e-06 -0.00702447 0.00857897 -5.05122e-06 -0.0114664 -0.0150416 0.018584 -0.00774434 -0.0066975 -0.000584765 -0.00129949 -0.0124786 -0.00384978 0.00727595 0.0102554 0.00716533 0 -0.0322859 -0.00156363 -0.00781111 0 0.00124577 0 -0.00518853 -2.87792e-06 -3.66504e-06 -0.00690431 -0.00306731 -0.0181513 0.000552401 -0.010104 0.00760868 -0.00738662 0 0.034688 0.00373597 0 -0.00679076 -0.0197105 -5.75645e-06 -4.19179e-06 -0.00738848 -0.00187084 0 -2.81641e-06 -0.0117572 -0.00992595 0 0.00124338 -0.00534472 0.00211463 -0.0052135 -0.030157 0.0148384 -0.0107073 0.00267181 -2.21646e-06 -4.41491e-06 -0.000169911 -6.33412e-06 -5.01821e-06 -0.0267738 -0.00303399 -0.00255009 0 -0.00112055 0.049375 -4.71117e-06 0 -1.47313e-06 -2.99007e-06 -0.00866355 -0.000620529 -0.0031389 0 0 -0.00214362 -0.00222748 -0.0197866 -0.00525286 -0.00155679 -0.00885854 -0.00452577 -0.000559492 0.000912495 -1.97941e-06 -0.00195853 0 -0.00150025 4.50089e-06 0 -3.78764e-06 0 -0.00136828 -0.00661483 -0.0069452 -0.00112344 0.00378711 -7.83193e-07 0 0.000278169 -0.0436469 0 -0.00390347 0 -2.45291e-06 -0.184015 -2.2589e-06 0 0 -0.00092031 -0.0125565 0.000638763 -0.00273861 0 -0.0409294 0 -4.02704e-06 0.00430379 -0.00145808 -0.00175557 0 -0.00279399 -0.00729625 -0.00139648 -4.44202e-06 0.00335707 -0.0134744 0 0.004842 -0.0034017 -5.42534e-06 0 -0.00554788 -0.00880632 -3.99918e-06 -3.96716e-06 -0.00156086 0 -0.000412153 -3.25437e-06 -0.0033633 -0.00908212 0 0 0.00319916 -4.42628e-06 -0.00267087 0 -0.0043173 -0.00189165 -4.57221e-05 -0.00463987 0 0 -3.81356e-06 -2.91377e-06 -0.0016539 0.019535 -0.00230217 0 -4.06035e-06 -3.93119e-06 -0.000777375 4.26656e-06 -1.82318e-06 0 0 0 0
-0.00371998 -0.00246676 -0.0306222 -0.0173249 -0.00776035 -0.0634006 0.00513442 0.588262 -3.24095e-06 -0.00173926 0.0113486 -0.000627087 0.00221551 -0.00219361 -0.00791635 -0.00133178 -0.0069547 0.0651722 -0.0042556 0.01092 -0.029881 -0.001652 0.00431869 -0.0118793 -0.0135605 -0.00918983 -0.00644937 0.00954068 0.0106298 0.00194706 -0.0104425 -0.0115725 0.0047121 -0.00834545 0.00530075 0 -0.0129517 -0.0145381 -0.00217457 -0.005384 -0.00167686 0.0119335 -0.0164868 0.00145391 -0.0121579 -0.00634929 -0.0172606 0.0092794 -0.000684533 -0.0112705 -0.00188385 -5.30407e-06 -0.00484077 -0.00485598 0.014259 -0.00231095 0.00609288 -0.00124175 -0.00671973 -0.000588118 0.00697519 -0.00251 0 -0.00183028 -0.0139291 -0.000554385 -0.00067568 -0.0157091 -0.000206207 -0.00995189 -0.0154195 -0.00238355 0.00751399 -0.00977276 -0.000395931 -0.0130382 -0.00157666 -0.000391647 0 0 -0.0222041 -0.000420724 -0.00745443 -0.0281992 0.000182251 -0.0121605 -0.00362448 0.00183428 -7.69707e-06 0.0041865 -3.56013e-05 -0.00410258 0.000676368 -3.64616e-06 -0.0104141 -0.00607937 0 -0.00380763 0.00897323 -0.00438427 -0.00596329 0 -4.39476e-06 -0.00831412 0.0110087 -0.0130844 -0.00709958 0.00890196 -0.0104978 -0.00360962 0.00146874 -0.000715716 -0.00989142 -0.0124656 3.83889e-06 0 -0.00208465 7.09285e-06 0.000842804 -0.00232186 -0.00276707 3.95366e-06 -0.0169345 0 -0.000156167 -0.00537567 -0.0136263 -0.00112688 0.000106934 -0.0116803 -0.00451156 0 -0.0542045 0 -0.0413207 0.00508832 0 -0.00157816 0 -0.00907365 0.00571918 0.00945512 -0.00598791 -0.00493445 -0.000246996 -0.00539865 0.00306923 -0.00240399 -0.000218188 -0.00509577 -4.05693e-06 -0.000484543 0.00285894 -0.000895788 0 0 -0.00517344 0.00200433 -0.00790015 0.0046226 -0.000280449 0 0 -0.00747787 -0.00662725 -0.00415761 -8.28097e-06 -0.0011618 -0.000505015 -0.00331736 0.00298724 -0.00461412 -0.0120723 -6.32563e-06 0 -0.000422667 -0.00494017 -0.00500826 0 -0.00180614 6.9189e-06 0.000184789 -0.00160917 0.000199035 0.00228402 -0.00329928 -0.0014524 -0.00536623 0.00398618 0 0.00046552 0.00337669 -0.00177649 -9.5142e-06 0.00133559 -0.00208253 -0.00282179 -0.00637808 0.0019801 -0.00192759 -0.00114339 -0.000975233 -0.000311332 -0.00192612 -0.00596862 0.0147595 0 -0.00113395 0.00968997 -8.20777e-06 0.00240894 -0.00370241 -0.000557623 0.00850624 0 0
-5.95842e-07 0.00397436 -3.68788e-06 0.0149637 0.000721452 0.01068 -0.000625493 -3.24095e-06 0.243633 0 0.0162409 -0.000105575 -0.00343844 -3.03951e-07 -0.021741 0.00542049 0.00507545 -0.00729025 -0.00804345 -0.00163489 0.00186561 -0.0147958 -1.90132e-06 0.00362673 -0.00358878 -1.97532e-06 0 -0.00602157 -0.00470015 -1.752e-06 -8.78418e-07 0 0.0162884 -0.00496253 -0.00492723 -0.000120472 -3.29706e-06 0.010239 0 -0.000119689 0 2.6781e-06 0.00547812 0.0998963 -3.28722e-06 -0.0133127 0.0085114 -3.68506e-06 -1.22036e-06 -0.00108535 -0.0046887 -0.00157924 -0.00152142 -0.00480904 -0.0146267 -0.0109112 0.00392843 0 0 0 2.1994e-07 0.00208935 0.0704126 0 -3.89814e-06 -0.0193255 -0.0020185 -0.000966664 -0.00541746 -3.37371e-06 0.00519842 0 -3.53669e-06 -3.5526e-06 0 -0.00428436 -0.000388302 -0.0259133 0 0 -3.43289e-06 0.00151396 0 -3.55324e-06 -0.00648421 -0.000732308 0 -0.0217048 -0.00798001 -0.00440251 -0.00765409 -0.000593706 -3.81053e-06 -0.0063458 -0.0018906 -0.0122866 -0.036671 -0.00203886 -0.00384479 -0.00222749 -0.00365383 8.07717e-07 0 0 -0.00342187 0.0154223 -0.00291075 -0.000281761 -3.22352e-06 -0.00749456 0.000395095 -0.00780396 -0.0037018 -1.31403e-05 0 -0.00521415 -0.00232736 -0.00415213 -2.76799e-06 -0.00233974 -0.00147681 0 0.0055975 -0.00203018 -1.56115e-06 -3.97378e-06 -3.58852e-06 -0.0002348 -0.00215741 -3.68838e-06 -0.0074891 0 0.0147114 -0.00217967 -3.5168e-06 0.00817073 -0.00290943 0 0 0.0130108 -0.00496986 -3.69241e-06 0 -0.0304681 0 -2.30731e-06 0 0 -0.00264336 0.00100755 -0.00639405 -0.0027275 -2.32036e-06 -0.00049934 0 0 -0.00258381 2.07459e-06 -3.46034e-06 -0.0150449 0 0 0 0 -0.000626109 -3.2551e-06 -0.0037507 -0.00656 -0.00344254 -0.00373873 -0.00361349 -2.63069e-06 -0.00101457 -0.00231888 0.000437446 0 -3.01036e-06 -0.0020098 -0.00437502 -0.00586113 0.00128061 0 0 2.26697e-06 0 0 -0.000748759 -0.00354275 0.000907968 -0.00405172 0 0.00012428 -0.00194448 -0.00854501 0 -0.00156108 -3.34111e-05 0 -0.00359844 0 -0.000101275 0 0 -0.00074347 0 2.65791e-06 0 0 0 -0.00374222 0 0 0 -0.0106584 0 0
-0.0638542 -0.0500917 -0.00140359 0.00187463 -0.122659 0.000461485 -7.18066e-07 -0.00173926 0 0.641596 -0.0280903 -0.0111161 -0.0410364 -0.020645 -0.00537379 -0.0146171 0 0 0 -0.0265456 -9.75721e-05 -0.0102307 -9.16257e-07 0 -0.00149722 -0.015028 0 0 -0.0258535 0.00671612 -3.73376e-07 0 0 0 0 -0.0136091 0 -0.00125136 0 -0.000172108 -9.2057e-05 1.08834e-06 0 0 0 0 0.00634882 0 0.000340801 -0.000738648 0 0 -0.0100529 0 -0.00116189 0 0 0 0 -0.0183144 -0.0204983 -0.0192942 0 0 0 0.00224746 -0.00881318 -0.000261911 -0.00345323 0 0 0 -0.000296777 0 0 -0.0014292 0 0 0 0 -0.000361369 -0.00765521 -0.0190681 0.00616537 0 0 0 -0.00111548 0 -0.0224562 0 -0.00799372 -0.000466973 -0.016624 0.0022164 0 -0.0165736 0 0 0 0 -0.0221178 0 0 -0.00793769 0 0 0 0.000758394 -0.0032055 0.000846719 -0.00284388 0 -0.000354701 -0.00107694 0 -0.00389214 -0.0218912 0 0 -0.00108232 0 -0.000561207 0 0 0 0 0 0 -0.00133625 -0.0195701 0 -0.00300862 0 -0.00073878 0 0 0 -0.000205161 0 0 0.00620441 0 0 0.00193224 0 0 -0.0172804 0 0 -0.00319765 0 0 -5.3294e-05 0 0 -0.000891446 -0.0110448 -0.000261271 -0.0113742 0 0.0013955 -0.000128688 0 0 0 0 0 0 0 0 0 -0.000331961 0 0 -0.00407878 0 0 -0.00908744 0 -0.00773348 0 0 0 0 0 0 0 -0.0058583 0 0 0 0 0 0 0 0 0 0 0 -0.000633096 0 0 0 0 0 0 0 0 0 0 0 0 0 0 0
-0.0314854 0.00308891 -0.00389111 -0.00325437 0.00278022 -0.00156733 -2.36616e-07 0.0113486 0.0162409 -0.0280903 0.457636 -0.0200733 -0.0356356 -0.13547 1.1523e-07 -0.0409429 -0.00132975 0.00424714 -2.85501e-07 -0.0433907 0 0.0377454 -2.88082e-07 -0.00248764 0.0073783 -0.00602865 -0.00121062 0.00474097 0.0383801 -2.89541e-07 0.00397614 -0.00137962 -2.44456e-07 0.0225479 0 -0.00461677 -0.00141358 -0.00674553 -0.0017361 0 -0.00722167 0.00175974 0.0106103 6.05251e-08 0.00222777 -0.00114991 -0.00445006 -0.00265984 -0.0133531 -0.00247508 0.00203587 0 0.0172088 0.00410042 -0.00125619 0 4.00383e-05 -0.00291623 -4.28017e-07 -0.0336828 -0.000269853 -0.0261523 0 0 0.00266787 -2.94036e-07 -0.00502462 -0.00349803 0.0161197 -0.00301821 0 -0.000771024 0.00277991 -0.0016838 -0.0114204 0.00857171 -0.000952626 -1.97422e-07 -0.00939475 0 0.0142863 2.11909e-07 -0.0146706 -0.00558294 -3.22465e-07 -0.00172798 0 -0.000224507 0 -0.0106338 0 -0.00458411 -0.00496479 0 -0.00259373 0 0.0152207 0 0 0 -0.000409964 -0.0140748 0 0 0.00153343 -0.000397812 0 -0.00232 -0.0111952 -0.00323879 0.00113611 -0.000461109 0.0283414 -0.0011557 0 0 -0.0132007 -0.012791 0 0 -0.00455939 0 -0.000637567 0 -0.0128853 -0.000883183 -0.00220524 0 0 -0.00299146 -0.014064 0 -0.00351518 0 -0.00307899 0.0002046 0 0 0 -0.000767076 0 -0.00169677 0 0.0218141 -0.257295 -0.00016711 2.53608e-07 -0.0132862 0 -0.00106835 -0.000392242 -1.45574e-07 -3.54703e-07 -0.000821372 0 0 0.00227893 3.09679e-07 -0.00204472 -0.0104887 0 0 0 -0.000264103 0 0 0.00386297 -6.88128e-05 0 0 0.0124304 -0.000331293 -0.000232941 0 0 0 -0.000226263 -0.00217155 -5.33839e-05 0 -0.0119941 -0.000856665 -0.000252622 0 0 0 0 -1.56378e-05 -0.0122231 0 0 3.64938e-07 0 0.0114374 0 -0.000183493 -0.00140811 0 0 0 -0.00109657 -0.000813356 0 0 0 0 0 0 0 0 0 -0.00247727 0 0 0 0
-0.0479401 -0.0821311 -9.7108e-05 0 -0.0546373 2.0585e-06 0.00363252 -0.000627087 -0.000105575 -0.0111161 -0.0200733 0.619335 -0.0393655 -0.0255172 -0.0287845 -0.0106483 0 0.0147871 0 -0.011108 0 -0.0460653 1.09277e-06 0 -0.0064782 0.0071272 1.80668e-06 0.00354588 -0.0157971 0.00822468 0.000123559 0 0 0 0 -0.0181547 1.82669e-06 -7.08484e-05 0 0 0 -0.01309 0.0110888 0 0 0 0 0 -0.00419894 0 0.0108984 0 -0.00283978 0 0 0 0 0 0.0141445 -0.0200367 -0.00274612 -0.00830864 0 0 0 0 -0.0392527 0 -0.0124138 0 0 0 0 0 0 0.00376793 0 0 0 0 -0.000138192 0 -0.0198769 -0.0015959 0.00965696 0 0 0 0 0.00177939 0 -0.00401959 0.00151201 -0.00628111 -0.00088962 0 0.00430986 0 0.00600579 0 0 -0.0120588 0 0.00336328 -0.000579977 0 0 0 -0.0017406 -0.00189367 0 -0.000202138 0 0 0 0 -0.000840014 -0.0151525 0.00745497 0 -0.000558819 0 0 0 0 0 0 0 0 0 -0.0321706 0 -0.00171716 0 -0.00101821 0 0 0.00298888 -0.00124285 0 0 0 0 0 -0.00731893 0 -0.0163662 0 0 0 -0.0083479 0 0.00406135 -0.000940615 0 0 -0.00094487 -0.0133039 0 -0.00688577 0 0.00188252 -0.00623134 0 0 0.00741705 0 0 0 0 0 0 0 0 0 -0.00837827 0 0 -0.00705258 0 -0.0129635 0 0 -0.0125507 0 0 0 0 -0.00394504 0 0 0 0 0 0 0 0 0 0 0 -0.000158765 0 0 0 0 0 0 0.0067437 0 0 -0.0157565 0 0 0 0 0
-0.0269909 -0.0281798 -0.00074481 0.00118675 -0.0242171 0.00211688 -4.52768e-07 0.00221551 -0.00343844 -0.0410364 -0.0356356 -0.0393655 0.586874 -0.0127012 -0.0228562 -0.0416721 0 0.0121968 0.0010194 -0.0164938 0.00879033 -0.0310446 -5.74142e-07 0 0.0145094 -6.03011e-07 0 0 -0.0199591 -5.37757e-07 0.00758167 0.00270346 -0.00456788 -0.00253275 -0.00317394 -0.0182 0 0.00361373 0.00163912 0 -0.00399218 -0.0131649 0.00657339 0 0 0 0 0 -0.0122046 0 -0.000907674 0 -0.0085078 0 -0.00229513 0 0 0 0 -0.0140041 -0.0134602 -0.0215457 -0.00474707 0 0.0106622 -0.00360384 -0.032707 0.0134006 -0.0215394 0.00104379 -4.36225e-07 0 0 -0.00125924 -0.00171649 -0.00379456 -0.000810781 -0.00321059 -0.000698278 0 0 0 -0.00685377 -0.00408544 -0.00158194 0 0 -0.00535517 0 -0.0362076 -0.000894767 -0.00466318 -0.000432295 -0.0149518 -0.00150074 0.00498221 -0.00735058 0 -2.3e-05 0 -0.000912104 -0.0164145 0 0.00988918 -0.0137334 0 -0.000620324 -0.000218606 -0.0024972 -0.0126284 0.00621994 -0.006259 0 0 0 -0.00483258 -0.00583635 -0.00946124 0.00375901 0 -0.0105521 0 0 0 -0.00397859 0 0 0 0 -0.00142402 -0.0300952 0.000261155 -0.00120745 -0.0033034 -0.00211122 0 -0.000522619 0.00316926 -0.00525386 0.000373085 -0.000844412 0.0014595 0 -0.00103138 -0.000590766 -0.000464352 0 -0.00431602 -0.000473898 -8.3612e-05 -0.0122101 -0.00143234 0 -0.00868588 0 0 -0.00370637 0 -0.000763038 -0.0132569 0 0 -0.0067227 0 0 0 0 -0.00285999 -0.000210221 -4.3384e-05 -2.75697e-06 0 -0.000305464 -0.00148735 0 -0.00408728 0 -0.00163203 -0.0041551 -0.00122588 -0.00616425 0 0 0 0 0 0 0 -0.00628444 -0.00388044 0 0 0 -0.000996266 0 0 0 0 -0.00126085 0 -0.0101583 0 0 0 0 0 0 0.00058053 0 -0.00139558 0 0 0 -0.000544848 0 0
-0.0109334 -0.0136041 0.0098348 -0.00217758 -0.0296816 0.00337281 -0.000155072 -0.00219361 -3.03951e-07 -0.020645 -0.13547 -0.0255172 -0.0127012 0.382659 0.120434 -0.0173898 0 0.0146766 0.0195132 -0.0160714 0.013659 0.00137856 -0.00280252 -0.00222007 -0.00350742 0 0 0.00226416 0.030675 -7.49559e-07 0.00223644 0.0022707 0.0117773 -0.00405959 -0.000142745 0.0136956 -0.000457549 -0.00360437 -0.000128017 -1.30353e-06 -0.0061292 1.00967e-06 0.00400833 0 -0.00296549 0 -0.00322807 -0.00244818 -0.0251478 0 0 0 0.00145526 -0.00126429 -0.00312246 0 0.00542665 -0.00595028 0 -0.0131702 -0.0105403 -0.0221239 0 0 -0.00294396 0.00436368 -0.0203919 0.00335397 0.0301606 -0.00280506 0 0 -0.000976127 -0.00142876 -0.00577962 0.00748577 -0.00936221 0.00857236 -0.0196823 0 -0.000515892 0 -0.0114246 -0.00521745 -0.00231924 -0.00207576 0 0.00691449 -0.000111063 -0.00599275 0 -0.00314641 -0.00373024 -0.00132202 -0.0018063 0.0141185 0 0 -0.000312143 0 0.000745731 -0.00133925 -4.76912e-07 0 -0.00180208 -0.00156645 -0.000469187 -0.00130251 -0.0122992 -0.00398309 0.000375877 -0.00120956 0 0 0 -0.000553112 -0.00738078 -0.00712468 0 -1.85236e-05 -0.00379082 0 -0.000598462 0 -0.0127328 -0.00096963 -0.000850263 0 0 -0.0231991 -0.0201776 -4.19002e-07 -0.000307067 -3.4905e-05 -0.0031172 9.58307e-07 0 -8.33799e-07 -0.00904707 0.00565076 0 -0.00154543 0 0 -0.0364492 -2.585e-05 8.79236e-07 -0.00919439 0 -0.00257735 -0.00027292 0 -9.66678e-07 -0.00066417 0 0 0.00116771 0 -0.00203023 -0.0166473 0 -0.00336962 0 0 -0.00173206 0 0 -5.5622e-05 0 -0.000288512 0 -0.00097924 -0.00149612 0 0 -0.00251071 -0.00181829 -0.00737806 -0.000136092 0 7.51032e-07 0 0 0 0 0 0 0 0 0 0 0 0 0 0 -0.00117253 -0.0040052 0 0 0 -0.000587323 0 0 0 0 0 0 -8.77984e-07 0 0 9.15513e-07 -0.000643983 0 0 0 0
-0.0223873 -0.0245348 0 0 -0.0394525 0.00116653 -0.000446607 -0.00791635 -0.021741 -0.00537379 1.1523e-07 -0.0287845 -0.0228562 0.120434 0.418092 -0.00104069 0.00232855 0.00671522 0.00286651 0.0481508 0 -0.0254849 -0.0040331 0.00123992 0 1.14367e-06 -0.00583518 8.82995e-05 -0.0324882 0.00644625 -0.0224528 0 -0.00247773 0.00278479 0 0.00455098 0 -0.00259893 0 -0.0111283 3.85816e-05 -0.0101935 0.00640761 -0.00430453 0 0 -0.0104236 0.00629443 0 -0.00673765 0.0007417 0 -0.0277668 0.00267968 0.00312367 0 0 0 0 -0.0185375 -0.0393221 0 -0.00395889 1.09052e-06 0 -0.00287244 -0.0048092 0 -0.0264778 0.000189701 -0.00837262 -0.00345131 1.84957e-06 0 0.0108247 7.63174e-05 0.00253195 0 0.00367313 0 0 -0.02394 0.00406761 0 0.00480905 1.69436e-06 0 0 1.63233e-05 -0.0261985 0 1.14641e-06 0 -0.000629735 -0.00431467 0.000268553 -0.023734 0.000952783 0.0114486 0.000528363 0.00184392 -0.00187843 0 -0.00119992 0 0 0 0.00636735 0 0 0 0 0 -0.0102495 -0.0287593 0 0 -0.0395263 0 0.00134444 0 0 -0.00189965 0.000315727 0.00736127 0 0 0.00032545 0.00146212 0 -0.00695261 0 -0.014754 0 0 0 0 0 0 0.0034297 0.00799686 0.00147045 0 0 2.75909e-07 0 0 9.57771e-07 0 0.00364474 0 0 0.00952833 0 0 0 0 -0.0267934 0 0 0.00397457 0.0149386 -0.000383222 -0.00160824 0.000160006 3.95862e-05 0 0 0.00102825 0.00203489 0 0 0 0.00076604 0 -0.00139336 0.0011528 0 -0.00214594 0.00144828 -0.00955614 -0.0014951 -0.00227188 -0.00519037 0 0 0 0 -0.00374519 0 0 -0.00462316 0 2.82299e-05 0 0.000812364 0 0 0.00267069 0 0 -0.000112472 0 0 0 -0.00200388 -0.00744756 0 0 0.000852627 0 0 -0.00442939 0 0 0
-0.0154086 -0.0228473 -0.00739044 0.0300758 -0.00564144 -0.00877606 0 -0.00133178 0.00542049 -0.0146171 -0.0409429 -0.0106483 -0.0416721 -0.0173898 -0.00104069 0.55726 0 -0.0157541 -0.00672752 -0.0371782 0.0178609 -0.017082 -0.0017503 0.00577971 -0.00986963 0 0 -0.00587549 -0.0403752 0 0.0105622 0.0117027 0.011888 -0.00807112 -0.00699517 0.0165402 0.00389015 -0.00345199 0.00465501 -0.00290029 -0.00565426 0.00134487 0.000348193 0 0.000412942 0.00013945 0.00140722 0.00524134 -0.0102017 0.000653284 -0.00565328 0 -0.0245434 0.0128523 -0.00869764 -0.00327307 -0.00461147 -0.000792666 0 -0.00467873 -0.0128762 -0.0605212 -0.000699694 0 -0.00290618 -0.0109688 -0.0192663 -0.00721225 -0.0423199 -0.00515299 0.00103883 -0.00413867 -0.00104639 0.00726085 -0.00249364 -0.0134506 0.00632806 -0.00473441 -0.00159458 0 0.000257004 0.0104424 -0.00218447 -0.0080474 0.000498186 0.00779052 0.00714299 -0.00758062 -0.00186427 -0.0105079 -0.00157792 -0.00493276 -0.00365834 -0.00458677 0.00379316 0.00249925 0 -0.00202965 0.00436189 -0.0038045 -0.0061559 -0.00674307 0 0.00949996 -0.0136777 0.00707076 -0.00421875 -0.00291746 -0.000837733 -0.02457 0.00612742 -0.0373695 -0.00490304 -0.00194298 0.00129722 -0.0105422 -0.00729663 0.0160922 0 -0.00471404 -0.0242604 0 0 -0.00109626 -0.00213938 0.00187285 -0.00257469 -0.00057046 0.000387782 -0.0137386 -0.0489237 0 0.00093212 -0.00801524 0.00343364 0.00128029 -0.00242107 -3.69252e-06 -0.011445 -0.010394 -0.00356078 0.00740418 -0.000120067 0.00328284 -0.0135529 -0.00294762 0 -0.00113654 -0.00212041 -0.00578446 -0.005903 0.0484069 0 -0.00836645 0 0 -0.00545395 0.00262879 -0.00421104 -0.0170327 0 0 -0.023097 -0.000734508 -0.00368531 0 -0.00297063 -0.0049752 -0.00305765 0.00910039 -0.000575001 -0.00138346 -0.00440205 -0.00224042 0.000163048 -0.00752231 -0.00226356 -0.00609249 -0.00209034 -0.00641806 0.000881903 -0.00142381 0 0 0 0 -0.00111292 0.000355205 0.00067365 -0.0061375 0 0.00490526 -0.00275267 0.00324578 0 -0.0021027 -0.00293398 0 -0.0050497 0 -0.0149601 -0.00082739 0 -0.00248914 -0.000788716 0.00178164 0 0 0 -0.00335337 0 0 0 -0.00487312 0 0
0 0 -0.0128542 -0.0202456 -0.0113103 -0.00141015 -0.000502883 -0.0069547 0.00507545 0 -0.00132975 0 0 0 0.00232855 0 0.828484 -0.00576155 0.0276487 0 -0.00285041 0 0 -0.0051864 0.00203861 -0.0178232 -0.0908106 -0.00168333 0.00150451 0 -0.0162808 -0.0578257 0.00895458 -9.18476e-06 0 1.33286e-06 -0.0119204 0.0015624 -0.0384156 -0.0238321 0 0.025627 -9.41781e-06 0 -0.00102141 -0.0533646 -0.0104491 -0.0193573 -3.43808e-06 -0.00398015 0 0 0 -9.47572e-06 0.00878946 0 -0.0189807 0 -0.00813645 -0.000520919 -0.00726138 0 0 0 -0.0254332 0.00800014 0 -0.00643459 0 0.012972 -0.0256991 0.00597287 -0.0148392 -0.00351675 0 -1.01936e-05 0 0.0139867 0 0 -0.0114468 -0.0481498 -0.00230219 -0.00663572 0.0219841 0.00269364 -0.0282331 0 0.012978 -0.000188603 0 -0.00160394 -0.00738481 0 -0.00371286 -1.00302e-05 -0.00262852 0 -8.12046e-06 -8.75109e-06 -8.97603e-06 -0.00145946 0 0.00315414 0 -0.0261411 -0.00262111 -0.0111909 -0.0152867 -7.77323e-06 0 0 -0.000666933 -0.0137622 -0.00259024 0 0 -0.0185838 0.0116551 -8.82145e-06 0 0 -0.00541449 0 0 -0.0240011 -0.0109237 0 0 -0.00299538 0 -0.000455608 -0.00963804 0 -0.00582339 0.00958276 0 -0.0167288 0 -0.000284473 0.0153345 -0.0154699 -0.00152813 0 0 0 0.00684721 -0.000301807 0 0 0 0 0 0 0 0 -0.00110727 -0.0174941 -0.0108072 0.00549263 0 0 0 0.0012447 -0.000187941 -0.000424475 0.0041267 0 0.00417101 0 0 0 -0.000917232 0 -0.0160525 0 0 0 0 0 -0.00827184 -0.00121717 -0.00174414 -0.00301236 0.00501854 -0.0130383 0 -0.000316252 -0.0272046 0 0.000183416 -0.015931 0 0.0118943 0.000655287 0 0 -0.00183007 0.005921 -0.00412014 0 -0.000580528 -0.000847338 -7.28544e-06 0 -0.0181501 0 -0.00486379 -0.00377036 0.00416704 0.00848805 -0.00250711 0 0.00315675 0 0
0 0.000550651 -0.0140153 -0.0202128 0.00109563 -0.0508555 0.0366617 0.0651722 -0.00729025 0 0.00424714 0.0147871 0.0121968 0.0146766 0.00671522 -0.0157541 -0.00576155 0.541519 0.0186765 0.0039134 0.0298057 0.00599251 0.0145741 -0.0462493 -0.00667279 -0.0385441 -0.0061057 -0.04012 -0.00350147 -6.39001e-06 -0.0110119 -0.0260348 -0.00942151 -0.0180005 -0.00489675 1.50308e-06 -0.0107577 -0.00681079 -0.0471783 -0.0102396 0 0.00440088 -0.00998265 0 0.00139142 -0.0278168 -0.00900882 -0.015975 -0.00205576 -0.0128686 -0.00559899 -0.00266045 -0.00146651 -0.0295969 -0.00461183 -0.0035195 -0.0378773 -0.00133158 -0.00997693 0 8.05491e-07 -0.00627203 0 -0.00279584 -0.0113551 -0.0119592 0 -0.0261351 -0.000786785 -0.0119965 -0.0029753 -0.00295413 -0.0099275 -0.00660136 -5.80943e-06 0.0020416 -0.00114053 0.00353406 0 0 -0.0087542 0.028091 0 -0.00976982 -0.0014409 0.00565564 -0.0037545 -0.00991896 -0.00275385 0.0025575 -0.00326165 0.0263807 -0.0133873 -0.00085716 -0.0082463 -0.0330337 3.42967e-06 -0.00467592 -0.0043456 -0.00653229 -0.00787615 3.00144e-06 -0.0034663 -0.00471688 0.001188 -0.0122514 -0.00582986 -0.00925885 -0.00604327 -0.00546053 0 -0.00122334 -0.0170042 -0.00462681 0.0148336 0 0.00770996 0.00596115 -0.00583154 -0.00540747 -0.00151459 0 0.0275577 -0.000868992 -5.57699e-06 -0.00959023 -0.00955915 -0.000606748 -0.00260856 -0.0112216 -0.00478436 -0.000120377 0.0437389 -0.000395145 0.0043352 -0.0169271 0 -7.3471e-06 -5.10838e-06 -0.0131022 0.00263744 -0.0129912 -7.71964e-06 -0.00310679 -0.000158169 -7.70365e-06 0.00281677 -6.74633e-06 -0.0011047 -0.00905982 -5.79612e-05 -0.00153246 -8.42008e-06 0 0 0 -0.0456135 0.00512067 -0.0157478 0.0127154 -0.000949231 -0.00137506 0 0.0147896 -0.00077479 -0.00465745 -0.000714962 -0.000946148 0.0143369 -0.00582813 0.00334553 -0.001873 -0.00497524 0.00174343 0.00307911 0 -0.00487437 -0.00399889 0 -0.00494404 0.0032611 -0.00181641 -7.77325e-06 0.00443686 0 -0.00250862 -0.0031214 -0.00647019 0.00379394 0 0 0.0258895 -0.00269651 0.00302316 6.9875e-06 -0.00444185 -0.00396081 -7.92999e-06 -0.00149725 -0.000667562 -0.000703781 -7.54883e-06 -0.000115119 -0.00260911 -0.000303142 0.00551727 0 -7.9656e-06 -7.72545e-06 -0.00262443 0.0020191 -0.000748438 0 0 0 0
0 0.00293087 0.0138746 0.0187812 0.00851053 0.00242046 0.0307476 -0.0042556 -0.00804345 0 -2.85501e-07 0 0.0010194 0.0195132 0.00286651 -0.00672752 0.0276487 0.0186765 0.581796 0.015671 -0.0115773 0.000415261 0.0167856 -0.00714652 -0.00359537 -0.000547137 -8.60074e-06 -0.00837048 -0.000621187 0.0403232 -0.0264338 0.0139569 -0.0256409 -0.0343603 -0.00878468 1.10553e-06 -0.00604406 0.00823346 0.00870314 -0.000154207 -0.00248336 -0.0150654 -0.0201989 0 -0.00488699 0.00282601 -8.60322e-06 0.00273153 -0.00132318 -0.0146501 -0.0136984 0.00961282 -0.000884996 -0.0659043 -0.0202943 -0.00438809 -0.00356087 0 -0.00633217 0.00171022 0.0148446 -0.00844017 0 -0.00222243 -0.0111361 -0.00722828 -0.00357697 -0.00571279 -0.00439421 0.00476032 0 -0.000934346 0.0112938 -0.00112686 -0.00379213 -0.0173896 -0.002234 0.0011268 -0.00169846 -0.00940302 0.0073433 0.0257345 0 0.0200021 -0.0489637 -0.0150741 -6.66249e-06 -0.00271821 -0.0216089 0 -0.0128208 -0.00294571 -0.00119416 -0.00221165 0.000533188 -0.0129441 0.00585221 -0.0396964 -0.00952845 -0.0242481 -0.0285067 0.0185587 -0.00546378 -0.0290804 -0.00685971 0.00570409 -0.00656364 -0.00479498 0.0234761 -0.0129415 2.59577e-06 -0.00277213 -0.0154108 0.00508332 -0.00419588 -0.00368054 -0.00629709 0.0135212 -0.017957 -0.0345898 -0.00699501 0 -0.00301552 -0.0145646 -0.00209255 0.00518602 0.00283572 -0.0255677 -0.0305045 -0.0154684 -0.00253295 0 0.00550531 -0.00702533 -0.00340395 7.23551e-06 -5.41493e-07 0.00644352 -0.00392285 -0.0343469 -0.014902 -0.00119477 0 -0.00395611 -1.18507e-06 -0.00857356 6.60444e-06 -0.00204573 -0.00296093 -0.0389076 -0.00221956 -0.0218184 0.0106902 -0.00945193 0 0 -0.0041296 0.0105178 -0.00356533 -0.00663745 -0.000801876 -0.00108467 0 -0.00106359 -0.00966695 -0.0326413 -0.00965922 -0.0035099 -0.0153555 -0.0120829 -0.0113183 -0.0433904 -0.00717238 -0.00347207 0.00210236 -1.36817e-06 -0.00792559 -0.0459057 -0.000684908 -0.0524503 0.0238291 0 -6.40792e-06 0.0137479 0 -7.73936e-06 -0.0048125 -0.00676741 0.0174567 0.000221202 0 0.00820762 -0.017185 -0.0408839 5.67299e-06 -0.00911403 -0.00430477 -0.000293778 -0.017649 0 -0.0029268 0 0 -0.0144301 -0.0100943 0.00247135 0 -6.53771e-06 -6.3433e-06 -0.0055633 6.86046e-06 0 0 -1.53439e-06 0 0
-0.0210664 -0.0364827 -0.000451205 0.00645675 -0.0102744 0.00536226 -0.021214 0.01092 -0.00163489 -0.0265456 -0.0433907 -0.011108 -0.0164938 -0.0160714 0.0481508 -0.0371782 0 0.0039134 0.015671 0.376067 0.0137873 -0.00984875 -0.0270244 -0.00118946 0.0337856 -0.0121795 0 -0.00270018 -0.00411699 -0.00295239 0.00749885 0 0.0112692 0.00763137 0.028219 -0.00554397 0.000223448 -0.00291493 -0.00157499 0 -0.0112239 0.00096071 -0.00223408 0 0.00545848 -0.000550402 0.0086821 -0.00374842 -0.0148407 0 -0.00212993 -0.000521388 0.0119583 -0.000164372 -0.00572503 0 -0.00204829 -0.012176 -0.000356598 -0.010474 -0.010476 -0.0195197 0 -0.00137089 0.0189746 -0.00102956 -0.0172399 -0.0013183 -0.00241934 -0.000950239 0 -0.00108983 -0.00181298 0.00669969 -0.00690091 -0.00137099 -0.0150336 -0.00337525 -0.0116526 0 0 0.000404338 -0.00917361 -0.00419447 -0.00171348 0.00781372 0 0.000539226 0.00405889 -0.0180464 0 -0.0301321 -0.00307349 -0.00648121 0.00241025 -0.00296927 -0.00539671 0 -0.00305095 0 -0.000924449 -0.0140924 0 0 -0.00792775 0.00283787 -0.00169989 -0.0225635 -0.00244181 -0.00703485 0.00114623 -0.00921033 0.0131795 -0.000228199 0 -0.000666264 -0.0156651 0 0 -0.000652775 -0.0105247 0 0 0 -0.0109075 -0.00262904 0.00161596 0 0 0.00231861 -0.017599 0.00635845 -0.00118821 -0.000280488 -0.000210791 9.44192e-05 0 0 -0.000818058 -0.00226897 0.0062362 -0.00147908 -0.000597333 0.00589254 -0.015244 0 0 -0.0143092 0 -0.00218346 -0.0255981 -2.21746e-06 -0.00112394 -0.00130719 0 0 -0.00584914 0 -0.00191539 -0.0294894 0 -0.000820716 0.0340918 -0.00218913 -0.00015885 0 0 -0.00179886 0 -0.00218535 0 0 -0.000827119 -0.0251509 0 -0.000313621 -0.000907315 -0.00157454 -0.00116897 -0.000200558 0 0 0 0 0 0 -0.000104838 -0.000798526 0 0 0 0.00139036 0 -0.00118412 0 -0.00126507 -8.55212e-06 0 -0.00254699 0 -0.00186059 -0.000149716 0 -0.000143126 0 0 0 0 0 -0.00155429 0 0 0 -0.000383766 0 0
-0.00159661 -0.00219097 -0.0154378 -0.00809041 -0.000146723 -0.0189672 -0.000826633 -0.029881 0.00186561 -9.75721e-05 0 0 0.00879033 0.013659 0 0.0178609 -0.00285041 0.0298057 -0.0115773 0.0137873 0.594531 -0.00294306 0.000492752 -0.00855176 -0.0336655 -7.27009e-06 -0.00455174 -0.00517491 0.000336722 0.00153768 -3.3869e-06 -0.00899362 -0.00312957 -0.00492685 -0.0120265 -0.00584343 -0.0106839 -0.00911023 -0.00541866 -0.00789985 -9.62373e-05 0.00238707 -0.01094 0 -0.052075 0.00861702 -0.00927831 0.0152767 -4.34078e-06 -0.0162714 -0.0062327 -0.00160492 -0.00408686 -0.0036942 -0.00728569 -0.00304441 -0.0135431 -0.000186287 0.00285099 -0.000326662 0.00713467 -0.00677627 0 0.0020697 -0.0403781 -0.00704064 -0.00288703 -0.0107716 -0.00235034 0.00706991 -5.74902e-06 -7.4757e-06 -0.00607713 -0.00913394 -0.000704656 -0.0112384 -0.00124605 -0.00476293 -0.000699307 0 -0.0229461 0.00444625 -0.0021991 -0.00723067 -0.00247094 -0.0230863 -0.00189752 -0.00320377 -0.00195637 0 -0.00114384 -0.00341506 0.00157484 -0.00128966 -0.00974901 -0.00705561 0.00252954 -0.00433554 -0.00113619 -0.00525973 -0.00598034 0 0 -0.000841532 -0.00305018 -0.00810218 -0.0192256 0.000269959 -0.00246984 -0.00570047 0 -0.00122415 -0.0136201 -0.0048933 0.000101462 -0.000763001 -0.00206653 0.00323929 -0.00154418 -0.00719805 -0.0020544 0 -0.00482731 -0.000117205 0 -0.00720714 -0.00584254 -0.00213838 -0.0030434 -0.0107203 -0.00556265 0 -0.0202685 -0.00164996 -0.0150546 0.00221476 -0.00198103 -7.71527e-06 -0.000577672 -0.00896357 -0.00177625 0.0265033 -0.000620487 -0.00814922 0 -0.0172549 0.000291336 -0.00220379 -0.00265644 -0.00715168 -0.000153727 -0.00113815 -0.000267822 -0.00189293 0 0 -0.00575979 0.0034555 -0.00629012 -0.00181076 -0.000108708 -0.00027126 0 -0.000154509 -0.00789255 -0.00312064 -0.00123829 -0.00375018 -0.00253836 -0.00500508 -0.00303881 -0.00432547 -0.0142362 -0.000155195 1.21337e-06 -0.000643575 -0.00488301 -0.00518421 -0.000449703 -0.00338848 0.000702892 -8.18538e-06 -8.11183e-06 -0.000537494 0 -0.00148444 -0.0028198 -0.0039121 0.0029563 -0.00123026 0 0.000301586 -0.00319754 0.00537445 0 -0.0026913 -0.00188614 -0.00180478 -0.00376142 0 -0.00133666 -7.83778e-06 0 -0.0022163 -0.0113223 0.00396242 -0.0107125 -8.30482e-06 -8.07488e-06 -0.000477725 8.56704e-06 0.0352004 0 0 0 0
