1.09347 0.0154139 -0.0653459 0.0760978 0.0227697 0.0387991 -0.113383 0.0377893 0.0843683 -0.0124373 -0.0324395 0.0184958 -0.0533228 -0.00912463 -0.0151507 -0.0170848 1.03937e-06 -0.0396487 0.0687922 0.0190545 0.156452 -0.021928
0.0154139 0.894595 0.0517501 0.0123327 -0.018536 -0.0421184 -0.0732793 -0.0888771 0.0185863 -0.0238591 0.00120143 0.0270208 -0.0651403 0.103956 -0.0192322 -0.0197643 -5.54731e-06 -0.059308 -0.0635653 0.0126085 -0.041301 -0.0789655
-0.0653459 0.0517501 1.19304 -0.00813598 -0.0558862 -0.124999 -0.0280036 0.0584318 0.00520142 0.0613658 0.0823591 0.146003 0.00564181 0.119957 0.0339603 -0.0375327 -1.36646e-06 0.0736796 0.14693 0.0429968 0.0560679 -0.0108206
0.0760978 0.0123327 -0.00813598 0.370441 0.0522677 -0.0151272 -0.0948786 -0.0257274 0.00815659 -0.00608892 -0.0553255 0.00450879 -0.0445391 -0.046933 0.0474103 -0.00064235 -1.89091e-06 -0.0145275 -0.0241568 0.0629704 0.0161795 0.0204715
0.0227697 -0.018536 -0.0558862 0.0522677 1.21468 -0.110969 -0.0264581 -0.0327999 -0.00578153 -0.0676475 -0.150092 -0.0157186 -0.042267 -0.100479 0.0280764 -0.00887748 1.51747e-07 0.0489199 -0.0198197 0.0687331 0.0740203 -0.117093
0.0387991 -0.0421184 -0.124999 -0.0151272 -0.110969 1.46901 0.0383218 0.0122855 -0.0862085 -0.0567939 -0.0748278 -0.0128876 0.0404749 -0.0582083 0.0112195 0.0650955 -1.38563e-06 0.0241763 -0.0521955 0.057867 0.128768 -0.0961378
-0.113383 -0.0732793 -0.0280036 -0.0948786 -0.0264581 0.0383218 1.32446 0.0968053 4.80709e-08 0.0394051 0.00134156 0.047428 -0.0452849 -0.0585768 0.0689976 -0.0468716 2.15084e-06 0.0604049 0.00521989 -0.133009 -0.0515764 0.080232
0.0377893 -0.0888771 0.0584318 -0.0257274 -0.0327999 0.0122855 0.0968053 1.32075 -0.0728085 -0.0221532 -0.0159346 -0.147576 -0.0097142 0.0029895 -0.094548 0.00540043 -2.14885e-06 0.0174862 -0.000655613 0.00646348 0.0605218 0.0117213
0.0843683 0.0185863 0.00520142 0.00815659 -0.00578153 -0.0862085 4.80709e-08 -0.0728085 1.1151 0.0418615 0.0818384 -0.0246929 -0.0829449 0.0351354 -0.00199663 0.0482743 1.85784e-06 0.00584935 0.00754748 0.0641255 -0.0321139 -0.0877262
-0.0124373 -0.0238591 0.0613658 -0.00608892 -0.0676475 -0.0567939 0.0394051 -0.0221532 0.0418615 0.906277 -0.0510957 -0.0304823 -0.0136815 0.0443851 0.0950387 0.0295441 -4.69595e-07 0.0292883 -0.0239712 0.0337281 -0.0686867 0.0757956
-0.0324395 0.00120143 0.0823591 -0.0553255 -0.150092 -0.0748278 0.00134156 -0.0159346 0.0818384 -0.0510957 1.25453 -0.0280902 -0.0118604 0.0886292 -0.00275597 -0.0398434 -3.65264e-07 0.0343569 0.0627092 0.0165756 -0.0234117 -0.0461639
0.0184958 0.0270208 0.146003 0.00450879 -0.0157186 -0.0128876 0.047428 -0.147576 -0.0246929 -0.0304823 -0.0280902 1.27792 0.0818027 0.0405701 0.00266615 0.0345185 -7.94754e-07 0.0562653 0.0390253 0.00928754 -0.0547409 0.0699968
-0.0533228 -0.0651403 0.00564181 -0.0445391 -0.042267 0.0404749 -0.0452849 -0.0097142 -0.0829449 -0.0136815 -0.0118604 0.0818027 0.889058 0.0319164 0.0198891 0.042536 9.91527e-07 0.0288677 0.0322837 -0.0258007 -0.000580172 -0.103327
-0.00912463 0.103956 0.119957 -0.046933 -0.100479 -0.0582083 -0.0585768 0.0029895 0.0351354 0.0443851 0.0886292 0.0405701 0.0319164 1.51281 0.0764809 0.00982195 2.41605e-06 -0.0109019 0.0421101 -0.0816552 -0.16326 0.023769
-0.0151507 -0.0192322 0.0339603 0.0474103 0.0280764 0.0112195 0.0689976 -0.094548 -0.00199663 0.0950387 -0.00275597 0.00266615 0.0198891 0.0764809 1.30723 0.014934 4.75459e-06 0.118172 -0.0245226 0.0478036 0.026571 0.0442602
-0.0170848 -0.0197643 -0.0375327 -0.00064235 -0.00887748 0.0650955 -0.0468716 0.00540043 0.0482743 0.0295441 -0.0398434 0.0345185 0.042536 0.00982195 0.014934 0.211371 1.96451e-06 0.032449 -0.00691729 -0.00360579 0.0310585 0.0144607
1.03937e-06 -5.54731e-06 -1.36646e-06 -1.89091e-06 1.51747e-07 -1.38563e-06 2.15084e-06 -2.14885e-06 1.85784e-06 -4.69595e-07 -3.65264e-07 -7.94754e-07 9.91527e-07 2.41605e-06 4.75459e-06 1.96451e-06 3.38444e-09 -4.09721e-06 2.28694e-06 5.86412e-06 1.02915e-05 -1.8534e-06
-0.0396487 -0.059308 0.0736796 -0.0145275 0.0489199 0.0241763 0.0604049 0.0174862 0.00584935 0.0292883 0.0343569 0.0562653 0.0288677 -0.0109019 0.118172 0.032449 -4.09721e-06 0.8855 -0.0293354 -0.0449888 -0.0705831 0.0616617
0.0687922 -0.0635653 0.14693 -0.0241568 -0.0198197 -0.0521955 0.00521989 -0.000655613 0.00754748 -0.0239712 0.0627092 0.0390253 0.0322837 0.0421101 -0.0245226 -0.00691729 2.28694e-06 -0.0293354 0.832178 0.0153568 -0.0470408 -0.00587812
0.0190545 0.0126085 0.0429968 0.0629704 0.0687331 0.057867 -0.133009 0.00646348 0.0641255 0.0337281 0.0165756 0.00928754 -0.0258007 -0.0816552 0.0478036 -0.00360579 5.86412e-06 -0.0449888 0.0153568 0.900229 -0.0481731 -0.145805
0.156452 -0.041301 0.0560679 0.0161795 0.0740203 0.128768 -0.0515764 0.0605218 -0.0321139 -0.0686867 -0.0234117 -0.0547409 -0.000580172 -0.16326 0.026571 0.0310585 1.02915e-05 -0.0705831 -0.0470408 -0.0481731 1.13165 -0.0658117
-0.021928 -0.0789655 -0.0108206 0.0204715 -0.117093 -0.0961378 0.080232 0.0117213 -0.0877262 0.0757956 -0.0461639 0.0699968 -0.103327 0.023769 0.0442602 0.0144607 -1.8534e-06 0.0616617 -0.00587812 -0.145805 -0.0658117 1.36016