0 0.0690817 0.0150819 0.000594658 0.0316837 0.00190578 -0.00797315 -0 0.0231399 0.0415664 0.000709885 0.0635162 0.017126 -0.00542755 0.042156 -0.000178841 0.0408547 -0.00234385 0.0143453 -0 0.0243763 0.016429 -0 -0 -0 -0 -0 -0.00013491 -0.00903657 -0 -0.000237995 0.00386914 0.00240999 -0.00201815 -0.00210537 -0 -0.00172672 -0.000542979 -0 -0.00870897 -0 -0.0122144 -0 -0 -0.0118991 0.00278871 -0.000755949 -2.57698e-05 -0 -0 -0.000237688 -7.6003e-05 -0.0262435 0.00996466 -0 -0.000173375 0.0196829 -0 -0.00200086 -0.00171414 -0 -0 -0 0.00039043 -0.0137413 -0 -0 0.00112128 -0.00227503 -0 0.00161338 -0 -0.000438906 -0 -0.00716858 0.00476805 -0.000912389 -0.00262188 -0.0467051 -0 -0 -0 0.00382501 4.42969e-05 -0 -0.000663162 -0 -0.00182853 -0 -0.00312731 -0 0.00346698 -0.00577547 -0 -0.000206036 -0.00089742 -0.00739647 -0 -0.00132984 -0 -0.00168002 0.00953375 -0 0.00248208 -0 0.0178396 -0 -0 0.001601 -0 -0 -0.00126244 -0 -0 -0.0023111 0.0233085 -0.00147578 -0 -0.00758311 -0 0.0011723 -0 -0 -0 -0.00240851 -0 -0 -0 -0 -0.00741647 -0.01345 0.0160521 -0.0011981 -0 -0.000825816 0.00140239 -0 -0 -0 0.00865978 -0 0.00157837 -0 -0.00178574 -0.00365968 0.00329986 0.00771054 -0.00490002 -0 -0 -0.00270194 0.00108158 -0 -0 -0 0.0434728 -0 -0 0.000943815 -0 0.00573216 0.00134582 -0.00885763 -0 -0.00178435 -0 -0 -0 2.00532e-05 -0.000619138 -0 -0.00117808 -0 0.0176789 0.0129056 -0 -0 -0 -0.00184721 -0 -0 -0 -0 -0 -0 0.0250029 -0 -0 -0 -0.00377698 -0 -0 -0.00234166 0.0135582 0.00838487 -0.00108712 -0 -0.000463438 -0 -0 -0 0.0129483 -0 -0.000963664 -0 0.000777368 -0 -0 -0 -0 -0 -0 -0 -0 -0 -0
0.0690817 0 0.00501293 -0 0.0448166 0.00538426 -0.0249062 -0 0.0028483 0.0142391 -0 0.0492257 0.0191831 -0 0.0427562 -0.00930085 0.0310426 -0 0.0321798 -0 0.00707199 0.00465888 0.0163689 0.00650525 -0 -0 -0 -0 -0 -0.00925684 -0 0.035335 0.000532307 -0 -0 -0 -0 -0 -0 -0.0102739 -0 -0.0137932 -0 -0 -0 0.0264911 -0 -0 -0 0.0273447 -0 -0 -1.66409e-05 3.43821e-05 -0 -0 0.0270251 -0.00279674 -0 -6.08692e-05 0.000140913 -0 -0 -0 -0.0188829 -0 -0 -0 -0 -0 0.0243915 -0 -0 -0 -0.0116737 0.00982217 -0 -0 -0.0309251 -0 -0 -0 0.00818759 -0 -0 -1.17078e-05 -0 -0 -0 -0 -0.000790303 0.00544975 -0 -0 -0 -0 -0 -0 0.00105351 -0 -0 0.0251753 0.000249095 0.000678481 0.015511 0.00489656 -0 0.0119289 -0 -0 -0.0208293 -0 -0.00108211 -0 -0 -0 -0.0012846 -0 -0.00163902 -0 -0.000277106 -0 -0 -0 -0.0251984 0.000579792 0.000454152 3.10678e-05 -0 -0.0123025 -0.00718586 0.00225601 -0 -0 -0 0.00262975 -0 -0 -0 -0 -0 0.000114579 -0 -0 -0 -0 -0 -0 -0 -0 -0 0.0111301 0.000171227 -0.0103982 -0 0.0167333 -0.00152201 -0 -0 -0 -0 -0 -0 -0 -0.0100709 -0 -0 -0 0.00102317 -0 -0 -0 -0 -0 -0 -0 -0 -0.0180435 -0 -0 -0 0.00727267 -0 -0 -0 0.0183433 -2.86038e-05 -0 -0.00570911 -0 -0 0.0345628 -0 5.50987e-05 -0 -0 -0.00488235 -0 -0 -0 -0.00133746 -0 -0.00178091 -0 -0 -0 -0.00624207 -0 -0 -3.65459e-05 -0.000389123 -0 -0 -0.00658256 -0 -0
0.0150819 0.00501293 0 0.0230664 0.0201199 0.0439146 0.00153993 -0.00676324 0.0323025 0.00283962 0.0127462 -0 -0 -0.00296564 0.00422752 -0.00269518 0.00259427 0.00419038 0.00189717 -0 -0 -0 0.000768398 -0 -0 0.00657689 0.00931231 0.00020096 0.00219851 -0.0145437 0.00310584 -0 0.0100239 0.0116052 0.00954532 0.00138695 -0.00742082 -0 0.00097053 0.000171896 -0 -0 0.0177453 0.00606002 -5.21593e-05 0.00622 0.00393519 -0 0.0069468 -0 -0.00041792 -0 -0.00395894 0.0146831 -0 4.82919e-05 0.00790788 0.00714428 -0 -0.0136989 0.0210807 -0 0.000367505 0.019748 0.00121671 -0.00508947 0.0084659 0.0211931 -0.0173298 -0 -0 0.00216694 0.00219513 -0 0.000951661 0.000582447 0.000526232 0.00130295 -0.00652378 -0 0.00121048 0.00286689 0.0235174 0.0142767 -3.07569e-05 -0.0103983 -0.00175075 0.00271736 0.00844143 0.00228112 0.00505377 -5.2247e-05 0.00172737 -0.000193983 -0 0.00205118 0.00170867 0.00526879 0.0031919 -0 -0 0.000646141 -0 0.00324218 0.000460106 -0 -0 -0 -0 0.0111337 0.0108186 -0 0.00541057 -0.00705072 -0.0100426 -0 0.00225984 0.00829388 -0 -0.000918822 -0.00147661 0.0022038 0.00499468 0.00230075 -0 0.00644791 0.024365 0.0118681 -0.00368461 0.000568515 -0 0.00306139 -0.0084547 0.0142035 0.0040245 -0 -0 0.0158295 5.78179e-05 -0.000713171 -0.00967636 0.0103494 0.00049936 0.000463922 -0.0108561 0.0305951 0.0118705 -0 0.00670119 0.00950849 0.00266679 -0 0.00173029 -0.00054458 0.00263729 0.00346073 -0.0109435 0.00648114 0.0275657 0.00780658 0.000423332 0.0236759 0.0010673 0.000870951 0.000811539 0.0146301 0.016913 0.0137339 -0 -0 0.00622924 0.00458907 -0 0.0390486 -0 0.00309093 0.00278734 0.00968985 0.00140699 0.00371348 0.00503527 -0 0.00252274 0.0103187 0.00889514 0.00199712 -0.00454675 0.00733998 0.0113735 -0 -0.000489945 -0 -0 0.0266201 0.0137494 0.00246075 0.00350104 0.000934354 1.74064e-05 0.00217591 0.00529252 -0 0.00146659 0.00106154 0.00173194 -0.00121623 0.00463118 0.00494153 -0.00725725 0.00177943 0.000176576 -0.0103868 0.000198759 -0 -0 -0
0.000594658 -0 0.0230664 0 0.00724994 0.0308514 -0.00133364 -0.0207668 0.0197203 0.00336264 0.0264538 -0.000587347 -0 -0.00514821 -0 0.000321581 1.9655e-05 -0 -0 -0 -0.000245771 0.000361083 0.000333386 -0.0125634 -0 0.014008 0.035287 -0.00253553 0.0260878 -0.0187929 0.00442887 -0.00851439 0.00649325 0.0141458 0.00383144 -0 -0.0194943 -0 -0 -0 -0.00237424 -0 0.00410575 0.00527308 -0.0280028 0.0036734 0.00255271 -0 0.00832862 -0 -0.0165429 -0 -0 0.0450563 -0 0.00126112 -0 0.00968883 -0.0130006 -0.00629311 0.0100658 -0 -0.00246699 0.0215399 3.12308e-05 -0.00559888 0.0257591 0.0302235 -0.0245124 -0 -0.000138985 0.000409444 0.00839229 -0 -0.00573735 -0 -0 -0 -0.00902596 -0.000701864 0.0208052 0.00575677 0.0591655 0.0278702 -0 -0.0187707 -0.00429765 0.000614538 0.0315058 -0 0.0148935 -0 -0 -0.0017978 -0 0.00232514 -0 0.00549236 -0 -0.0137975 -0.0151072 -0.0132221 -0.00338155 0.00318771 -0 -0.0146297 -0.00348768 -0 0.00143801 0.0114184 1.46297e-05 -0 0.00566497 -0.00719903 -0 -0 0.00667829 0.00924302 0.00571844 -0.000419892 0.00619716 0.0034947 0.0118459 0.00322265 0.000203166 0.00530838 0.0203136 0.0107708 -0.00585671 0.00221389 -0 0.00049224 -0.0110628 0.0233981 0.00867454 -0 -0 0.0288489 -0.00636733 -0.000655183 -0.00313548 0.0178328 0.00955788 -0 -0.0145711 0.0203434 0.0347375 -0.0188716 0.00692701 0.0102538 0.00146001 0.000287086 -0 -0 0.0139058 0.000665389 -0 0.00929934 0.10145 0.0129036 -0 0.0149388 0.00397446 -0 0.000310133 0.0299342 0.00798867 0.0179882 -0.00439053 -0 0.0151182 0.000289605 -0 0.0335992 0.0136027 0.00104982 0.000988698 0.00947421 -0 0.0125349 0.013458 -0 0.00638633 0.00173185 0.0106217 -0 -0.00203139 0.0104622 0.00771699 -0.0161379 -0.000105295 -0 -0.0136364 0.015597 0.024714 -0 0.00198018 -0 0.00024495 0.0157412 0.0112433 0.0117552 0.00812776 -0 0.0116729 -0 0.00177174 0.00317621 -0.0276811 0.00271031 0.00812399 -0.00518217 0.002607 0.00384733 -0 -0
0.0316837 0.0448166 0.0201199 0.00724994 0 0.00449357 -0.00682372 -0.00076323 0.00439026 0.0225627 0.00271776 0.014761 0.0251293 -0.000937667 0.0164803 -0.00209266 0.0479216 -0.0125028 0.00940694 -0 0.0424147 0.00666056 -0 0.00942319 -0 0.000451597 -0 -0.00331926 -0 -0 -0.000657285 0.020243 0.0252537 -0 -0 -0 -0.00964199 -0.000872126 -0.000939733 -0.00693182 -0 -0.00948635 0.00130725 -0 -0.0206289 0.00385862 -0.0020334 -0.000515012 -0.00228349 0.0135168 -0.000683192 -0 -0.0162658 0.0219485 -0 -0.000448808 0.0183713 -0 -0.0140568 -0.0049895 -0 -0.000189397 -0.000523238 0.0020357 -0.00344641 5.85092e-06 -0 0.00171074 -0.00449534 -0 0.00157378 -0 -0.000137208 -0 -0 -0 -0.0105088 -0.0105599 -0.0326154 -0 0.00617517 -0 0.0237184 0.00458478 -0 -0.00498338 -0 -0.00210704 4.85212e-05 -0.00913258 -0 -0 -0.00286285 -0 -0.000105087 -0.000846075 -0.00888728 -0 -0.00287868 -0.00810755 -0.00895742 -0 -0 -0 -0 0.0112527 -0.00128551 -0 -0 -0 -0 -0.00190387 -0 -0 -0.00759665 0.0162542 -0.00287108 -0 -0.00724302 -0 0.00210092 -0 -0 -0 -0 -0 0.0134522 -0 -0 -0 -0.00350194 0.00409237 -0.00230698 -0 -0.000198496 0.000763215 -0 -0 -0.000194117 0.00211805 -0.000628873 0.00685611 -0 -0.00987643 -0.00264047 0.00557062 0.0068777 -0.0200694 -0.000982887 -0 -0.0015802 0.00398419 1.91337e-05 -0 -0 0.0119039 -0 7.19582e-06 0.00699385 -0 0.0024351 0.00495043 -0.000541711 -0 -0.00528628 -0 -0 0.0016339 -0 -0.00095938 -0 -0.002792 -0 0.0275088 0.0122507 -0.000189879 -0.00122014 -0 -0.000396462 -0 0.00183888 0.00533115 -0 -0 -0 0.00858672 -0 -0 -0 -0.00995223 -0 0.000201426 -0.0177861 0.0119638 0.000734171 -0.00329962 -0 -0.00165813 -0 0.0017278 -0 0.00536651 -0 -0.00200961 0.00168346 0.00207435 -0 -0 -0.0024863 -0 -0 -0 -0 -0 -0 -0
0.00190578 0.00538426 0.0439146 0.0308514 0.00449357 0 0.00156371 -0.00457407 0.045324 0.00393014 0.00858018 -0 -0 -0.00657664 -0 -0.00340006 -0 0.0139565 0.003453 -0 0.00290464 0.00132437 0.00258505 -0 0.00195841 0.00148339 0.00300399 0.00225932 0.00262941 -0.00692934 0.00730628 -0 0.0111 0.0427816 0.00743742 0.000369178 -0.000229423 -2.86007e-05 0.00323357 0.00300775 -0.000350916 0.00218362 0.0285872 0.00239763 -0.0056419 0.000333896 0.019955 0.00129748 0.0242052 -0 -0.00676883 0.00201403 0.00646081 0.0303173 -0 0.00208281 -0 0.0216295 0.00199538 -0.00924372 0.0330884 0.00132009 0.00234827 0.0110647 0.00737457 -0 0.0144837 0.028473 -0.00972542 0.00238188 -0 0.00279132 0.0115241 0.000986723 -0 0.00240394 0.00103183 0.00386741 -0.0100981 -0 3.28447e-05 0.00420022 0.018261 0.0157125 0.00228802 -0 -0.00833367 0.00732765 0.00773769 0.00972261 0.00506576 0.00296666 0.0106271 -0.000625202 0.00252507 0.00818256 -0.00429477 0.00376589 0.00943666 -0 -0.00439454 0.00361296 0.000501206 0.00504067 0.00232639 -0 -0 -0 -0 0.0757215 0.000455912 0.00329119 -0.00186361 -0.0301198 0.0022294 -0 0.00839115 0.0121492 -0 -0.00280512 -0.00843159 0.00918578 0.0117684 0.00476395 -0 0.0137375 0.0307413 0.0193956 -0.00524533 -0 0.000552433 0.00544224 -0.00872378 0.00561112 0.014832 -0.00704277 0.00109409 0.0228562 0.00252424 -0.0069209 -0 0.0131689 0.000471307 0.00456197 -0.0121185 0.0245132 0.0129275 0.000705644 0.0117035 0.0136594 0.00889509 0.000122309 0.00435379 -0.00375591 0.0064598 -0 -0.0026925 0.00808699 0.0154692 0.0181878 -0.00593881 0.0158407 0.00377574 0.00220195 0.0043399 0.0183515 0.0158135 0.00652497 5.05281e-06 0.00921979 0.0131747 0.0100399 -0 0.0136267 0.00185433 0.0160986 0.0330048 0.00203685 0.00493486 0.00825859 0.0120767 -0 0.0126477 0.00258574 0.0125774 0.00254985 -0.0165796 0.0175881 0.00946426 -0.00586485 -0.0188345 -0 -0.000564303 0.0229612 0.011971 0.00846433 0.00243214 0.00382524 0.00949192 -0 0.00370285 -0.00372649 0.000694741 0.0120113 0.00396164 -0.00602755 -0.00101021 0.00258219 -0.00905259 -0 0.000447552 -0.00470581 -0 -0 -0 -0
-0.00797315 -0.0249062 0.00153993 -0.00133364 -0.00682372 0.00156371 0 -0.0330863 -0.0108045 -0 -0.000898803 -0.00721381 -4.12854e-05 -0 0.000710238 0.222181 -0 -0.0429848 -7.96914e-05 0.00792822 -0.0704875 0.0208772 -0 -0.0341301 0.00139624 -0 0.0141153 -7.46479e-05 0.000523745 -2.9135e-06 0.00821874 -0.039087 -0 -0.0127905 0.00570515 0.00290426 0.0152887 0.0136591 0.00927351 0.08475 -0 0.164637 -0.00374603 -0 0.00708199 -2.21961e-05 0.021962 0.0106618 0.0134916 -0.0313694 -0 0.0438297 0.011729 0.00242411 -0 0.000475359 -0.0330681 -4.67566e-05 -0.00641643 -0.00405765 0.00982791 0.0411869 -0 -0 -0.0134232 -0.0267288 0.00432427 -0.0103642 -0.00691435 5.37167e-05 -0.0181762 0.0416346 0.0080912 -0 0.00541986 0.00148277 0.0145198 0.0545287 -0 -0 -0 -0 -0 0.00143079 0.00218511 0.00264535 -0 0.000401295 0.00220524 0.0134712 0.0121625 0.00432624 0.00786209 -0 -6.86772e-05 -0.00824561 -0.00521878 4.31958e-05 -0.000666128 -0.0144226 0.00692846 0.00175126 0.00167771 0.023747 -0.0569353 -0 0.0302967 -0 -0.00139158 0.00662561 0.00884947 0.00456201 0.00595868 -0.00218698 0.000607316 -0.0027192 0.00863944 0.00112846 -0 -0.000787429 -0.00801086 -8.81497e-05 0.00357811 0.017803 -0 -0.00436756 -0.00963097 -0 -0.00271914 0.00227426 0.000517316 -0 -0.00437215 0.00130975 0.00728413 -0.00900608 0.00333065 -0.00843408 -8.19281e-05 -0.00942096 -0 0.0035399 -0 0.00496379 -0.00575034 -0 0.00131899 -0.00355068 -5.63008e-05 0.000309337 0.0183332 -1.85813e-05 -0.00386875 -0.00233877 0.00669594 -0.00216565 -0.000296975 0.0234828 -0.0030196 0.00745046 -0.00620645 0.00174497 0.00371382 -5.77181e-05 0.144188 0.00461991 -0 -0 0.00345511 -9.01381e-05 0.00315904 0.00545716 -3.11069e-05 7.64341e-05 -0.00769353 0.0050558 0.00471207 0.00462884 -0.00471461 0.00370519 -0 -0.00894931 0.00185768 -0 0.00278646 -0 -0.00656252 0.00592903 0.00771217 -0.00359012 -0.000825214 -0.0136664 0.00652382 0.00288307 0.00112241 0.0105078 0.00598963 0.0032779 -0.0335634 -0.000689304 0.00483653 -0.00417361 -0 0.00850959 0.0134874 -0.00468626 0.00747663 0.00224952 -0 -0 -0 -0.0014521 -0 -0 -0 -0
-0 -0 -0.00676324 -0.0207668 -0.00076323 -0.00457407 -0.0330863 0 -0.000545117 -0 -0 -0 0.000341723 -0.115366 -0 -0.0237314 -0 0.00743721 0.00146575 0.00572714 0.0398255 -0 -0 0.00056727 0.000385352 -0.000644013 -0.00043907 -3.38732e-05 -0 -0 -0 0.00304084 -0 -0 -0.0453418 -0 0.00251631 -0 -0 -0 -0.0668087 -0.00983481 -0 -0 0.00650763 -0 -0 -0 -0 0.0098095 -0 -0 0.00180196 -0.00453645 -0 0.00537317 0.00529471 -0.0152913 0.0245854 -0 -0 -0 -0 -0.00597208 0.00191949 0.0153389 -0.0117721 -0 -0 0.0193745 -0 -0 -0.00228895 -0 -0.000929486 0.0137221 0.00375261 0.00320614 -0.00116783 -0 -0.0214763 -0 -0.00417909 -0 0.00459229 0.00125868 -0 -0 -0.00170727 0.00267237 -0.000203222 0.00326922 0.00313776 -0 0.00293647 0.00258505 0.00352892 -0 0.0201841 0.0053511 0.000944195 0.00104862 0.0191398 -0 0.0193424 0.026871 -0 0.0183895 -0.000478934 -0 -0.00449147 0.00362076 -0 -0.000963407 0.00769944 -0 -0.0161792 -0.00210352 -0 -0 -0.00239589 -0 -0 -0 -0.00732729 -0 -0.00225256 -0 -0 -0 -0 -0 -0.0141456 -0 0.0021487 -0 0.000624051 -0 0.0085163 -0.000494134 0.000652036 -0.00103417 -0.00412754 0.0140633 -0 -0.00201361 -0.00851441 0.00364013 0.00848601 -0.0094738 0.000126015 0.0176303 0.0173083 -0.00164703 -0 -0 -0 -0.0143532 -0.0157539 -0.00473203 -0 -0.0139574 -0.00276411 -0 -0.000752494 -0.01211 -0 -0.00118905 0.0182993 0.00363401 -0 8.06654e-05 -0 -0.000822381 -0.00476172 0.000246148 -0 -0.00391249 0.0185731 -0.0122748 -0 0.000464394 -0 4.9998e-05 -0 0.00191053 -0 -0.0182184 -0.00308618 0.00254657 1.67308e-05 -0 0.00728433 -0.00228623 -0.00944888 0.000497554 -0 -0 -0 -0 -0 -0.00113665 -0.0021283 0.00301852 -0.00216139 -0 -0.00298004 -0 0.00623555 -0 -0.00471319 -0 -0.00110973 -0.00694682 -0 -0
0.0231399 0.0028483 0.0323025 0.0197203 0.00439026 0.045324 -0.0108045 -0.000545117 0 0.0102366 0.0264623 -0 -0 -0.0175591 -0 0.000472844 0.00101459 0.00445935 0.000850174 -0 -0 0.000524138 0.000138338 -0 -0 0.00298396 0.0145593 -0 0.00462718 -0.0226286 0.00228555 -0 0.0303552 0.00440731 0.00474263 0.00169757 -0 -0 0.00053962 -0 -0.00751446 -0 0.0284503 0.0106878 -0.0128174 -0 0.00559815 -0 0.00790154 -0 -0.0113801 -0 -0 0.0283436 -0 0.00072866 0.0109909 0.0179608 -0 -0.013642 0.0256746 -0 -0 0.0134226 0.00486291 -0.00696388 0.0049852 0.0160781 -0.00346606 -0 -0 0.00123709 0.0120861 -0 -0 -0 -0 -0 -0.00653043 -0 0.00843151 0.00171074 0.0275541 0.0138793 0.000741026 -0.0132691 1.86365e-05 0.00132669 0.00295791 -0 0.0128242 -0 0.00313075 -0.000429436 -0 0.00240206 -0 0.000961432 -2.74309e-05 -0.000922906 -0.00591849 -0 -0 0.00251542 -0 -0.0112325 -0 -0 -0 0.0138435 0.0162775 -0 0.00319891 -0.00295554 -0 -0 0.0023706 0.0122351 7.21119e-05 -0.00350993 -0 0.00948899 0.00316975 0.0020775 -0 0.0113204 0.0275653 0.0218315 -0.0033473 0.000234267 -0 0.00833464 -0.0121698 0.00754484 0.0027858 -0 0.000518597 0.0207056 -0 0.000223203 -0.00945999 0.00972942 0.00482044 -0 -0.0170003 0.0189616 0.0162119 -0 0.00573089 0.00942825 0.00259983 -0 -0 -0 0.00936427 0.00228002 -0.000516499 0.00451178 0.0243037 0.0111568 -0 0.0116111 0.00124465 0.00536039 2.34557e-05 0.0129229 0.0202377 0.0136862 -0 -0 0.006457 -0.000161033 -0 0.0345883 5.36156e-05 0.00240292 0.00227988 0.006391 0.00122417 0.00433944 0.0147374 -0 0.00618927 0.00221092 0.00793204 0.000195039 -0.00439691 0.00296208 0.0133791 -0.00800647 -0.00144504 -0 -0.00933223 0.0179262 0.0161734 6.34909e-05 0.00129796 0.000235553 0.000272046 0.0016635 0.0101428 -0 0.00474964 0.00141078 0.0208523 -0.000572444 0.00490348 0.00396374 -0.0218299 0.0111578 0.00276039 -0.00426465 0.0156437 0.00133532 -0 -0
0.0415664 0.0142391 0.00283962 0.00336264 0.0225627 0.00393014 -0 -0 0.0102366 0 -0 0.0220039 0.0408153 -0.00448976 0.106457 0.00155302 0.0378372 -0 0.0309197 0.00972182 -0 0.12862 0.0255604 -0 0.0168109 -0 -0 -0.0183656 -0.0247645 -0.00141968 -0 0.000991128 0.0147585 0.000913965 -0 -0 -0 -0 0.00182861 -0 -0.000965951 -0 -0 -0 -0.028356 0.0164294 -0 0.000390237 0.00282272 0.00173944 -0 -0.014682 -0.0148706 0.0195718 -0 -0 0.00544265 -0 0.00100421 -0.00609573 0.00487324 9.63207e-05 -0 -0 -0.019852 0.00315385 0.000941566 0.00212424 -0.011169 -0 0.000675435 0.0187675 -0 -0 -0 0.0171425 -0 -0 -0.0338824 -0.0146327 -0 -0 0.0134072 0.00265888 0.00336292 -0 -0 -0 0.000720285 0.000522252 0.00126678 0.0371331 -0 -0.000831214 -0 -0 0.000156805 -0 -0 -0.00445299 -0 0.0283233 0.000432268 0.012284 -0 0.0186721 -0 -0 0.00763571 0.0182248 -0 -0 -0 -0.00250487 -0 0.0424819 -0.0171277 0.00364787 -0.0175948 -0.00252952 -0 -0 0.00113443 0.00278608 -0.0109423 0.00406593 0.0057534 0.0010941 -0.00264163 -0 -0 0.189675 -0.00659826 -0 -0 -0 0.000375603 0.00284825 -0 4.59668e-05 -0 0.0200459 -0.0132447 -0 -0.0151808 0.00239713 0.0271732 -0.0114524 0.000443031 -0.0181322 0.00105322 0.0243693 0.00477319 -0.0011519 0.00123228 -0 2.03008e-05 0.000108396 0.00470976 0.00830492 -0 -0 -0.0130755 -0 -0 0.00777258 -0 0.0049542 0.0302071 -0.0115623 0.000693165 -0 -0 0.0136401 -0 -0 0.000773351 -0 -0 0.00142328 0.00501208 0.00718862 -3.32488e-06 -0 0.00225643 0.00712836 -0 0.00510982 -0 -0.00761068 -0 -0 -0 0.00787726 0.00414327 0.000121853 -0 -0 -0 -0 -0 0.0200528 -0 -0 -0 -0 -0 -0 -0 -0 -0 -0.00328984 0.000229268 -0 -0 -0
0.000709885 -0 0.0127462 0.0264538 0.00271776 0.00858018 -0.000898803 -0 0.0264623 -0 0 -0.0138863 -0.00616011 -0 -0.00146616 -0.000156313 -0 -0.0123693 -0.00325072 -0 0.000308527 -0.022891 -0.00672461 -0.00898867 -0.00770005 0.0162685 0.0446404 -0.00548184 -0 -0.0121915 -0.00382091 -0.00778165 -0.00859127 0.0135033 0.00204693 -0 -0.0271608 -0.036788 -0.0152929 -0.000767173 -0.00141749 -0.00205635 -0 0.00384214 -0.0153481 -0.143354 0.016584 -0.00218316 -0.00383887 -0.00272617 -0.0106361 -0.0346577 -0.00844921 0.0166974 -0 -0.00112094 0.000379178 -0 -0.0178008 -0.00873277 -0 -0.00200867 -0.00889327 0.0108795 -0.00387799 -0.0431079 0.00714542 0.0378745 -0.00741085 -0.0252396 -0.0163233 -0.00489069 0.0316361 -0.000898023 0.0012469 -0.00268592 -0.00522846 -0.00833024 -0 -0.0332077 0.0534319 0.00819109 0.0124875 0.0106919 -0.00314298 -0.00808356 -0 -0.00828592 0.0109797 -0.00961512 0.0054269 -0.0036221 -0.00688738 -0 -0.00197346 -0.00175176 -0.0103052 0.00266788 -0.0116849 -0.017638 -0.013796 -0.0180465 -0.0026293 -0.00151004 -0.0191726 -0.0334344 -0.0599092 -0 -2.66887e-05 0.00613463 0.00515626 -0.00505207 -0.00445269 0.00467282 -0.011628 0.00559277 0.0354772 0.00205656 0.0146412 -0 0.00808137 -0 0.00512252 -0 -0 -0.00393822 0.00976434 0.0205859 -0 0.00314989 -0 -0 -0.0118812 -0 -0 0.000434628 -0.000724334 0.0140556 -0.0159072 -0.00187146 -0.0173324 -0 0.0405641 -0.00899331 -0.00418197 0.0249899 0.0167665 -0.0183634 -0.00255293 0.00267001 -0.00197911 -0 -0.00400258 0.00461962 -0.000549199 0.0025027 -0 0.00329318 0.0145086 0.0111917 0.0138979 0.0116753 0.0173734 -0.000483667 -0.00208722 0.00245785 -0 0.0148836 -0.0372794 -0.00525207 0.0419427 -0.00616803 -0 0.00903268 0.00895838 -0.00425022 -0.00289476 0.0117187 -2.55355e-05 0.000176319 0.00342527 -0 -0 -0 0.0358511 -0.0031868 0.00142775 -0 0.0146446 -0.00993417 -0 -0.00676596 -0.0193301 -0 0.00223498 -0.0190553 0.00891136 -0.0111581 -0 0.0033563 0.00897961 0.00722151 -0.00567384 -0.00482062 0.0314225 0.00577363 0.00808167 0.00534653 -0.00948318 0.00232636 0.0164714 -0 0.0171958 0.0131669 -0 0.000322504
0.0635162 0.0492257 -0 -0.000587347 0.014761 -0 -0.00721381 -0 -0 0.0220039 -0.0138863 0 0.0447819 -0.0026956 0.0457207 -0.000402376 0.0205657 -0.00740092 0.0209627 -0 0.00617681 0.0272752 0.0021541 0.0299844 -0 -0 -0.00796329 -0 -0.0323567 -0 -0.000726317 0.0204216 -0 -0.00808529 -0.00188697 -0 -0.00141773 -0 -0 -0.00619338 -0 -0.00462803 -0 -0 -0.0061658 0.0233944 -0.004795 -0.00101553 -0.00362056 0.000749849 -0 -0 -0.0110032 -0 -0 -0.00026319 0.0217839 -0.000103566 -0.00190567 -0 -0.00726732 -0 -0 -0 -0.0138441 0.0014005 -0 -0.00247365 0.00221099 -0 0.00362466 -0 -0.0173095 -0 -0.000146969 -0 -0.0112357 -0.00148093 -0.0122849 -0 -0 -0 -0 -0 -0 -0 -0 -0.00319869 -0.000681013 -0.00292332 -0 -0 -0.00288551 -0 -0.0117092 -0.000590412 -0.00265942 -0.000563467 -0.000467484 -0.000965742 -0.00108448 0.0251474 2.29891e-05 -0 0.0043541 0.0300456 -0 0.00233662 -0 -0 -0.0106088 -0.00229028 -0.000829611 -0 -0.00170813 0.0083216 -0.020851 -0.000444551 -0.0122935 -0 0.000778954 -0.00518568 -0 -0.000981922 -0 -0 -5.70354e-05 -0 -0 -0 -0.0175813 0.0149073 -0 -0 -0.00188556 3.27045e-05 -0 -0.000689553 -0 0.0260322 -0 -0 -0.014113 -0.0118337 0.000535736 -0 -0 -0.0088927 -0.000588745 -0.000918343 -0.00240685 0.000891829 -0 -0 -0.000273762 0.0275198 -0 -0.00128451 -0.000548157 -0.000356164 0.00176361 -0 -0.0234173 -0 -0.0012901 -0 -1.40215e-05 -0 2.59002e-05 -0.000510742 -0.00276293 -0.00171532 -0.000262592 1.58716e-05 0.00163483 -1.21203e-05 -0.000765962 -0.00548473 -0.00819628 -0 -0 0.00030116 -0.00080171 -0 -7.46259e-05 0.0152033 0.000501802 -0.000713949 -0.00319298 -0.00235764 -0 -0 -0.00150547 -0 -0 -0.00145378 -0.000731258 -0.000176413 -0 -0 -0.0012592 0.00121486 -0 -0.000713219 -0 0.0011763 -0.00388143 -0 -0 -0 -0 -0 -0 -0 -0 -0
0.017126 0.0191831 -0 -0 0.0251293 -0 -4.12854e-05 0.000341723 -0 0.0408153 -0.00616011 0.0447819 0 -0 0.0513278 -0 0.0413829 0.00254925 0.0262546 -0 0.00685531 0.0255086 0.00413562 0.015831 0.000347041 -8.21438e-05 -0.000942213 -0 -0.00846029 -0 0.00030939 0.0204851 0.000977193 -0 -0 -0 0.00355578 -0 0.00641412 -0.00926779 -0 -0 -0 -8.24466e-05 9.97393e-05 0.0144332 -0 0.000701113 0.00173516 0.0110827 0.00106819 -0 -0 -0 -0.00104086 -0 0.0321729 -0 0.00403946 -0.00136072 3.26891e-05 5.11043e-05 0.000606888 -0 -0.0248492 0.00226357 -0 -0 -0.0096673 0.0017658 0.00473737 -0 -0.00847988 0.00423033 -0 0.020054 -0 0.0016062 -0.0198201 -0 -0.000876252 -0 -0 -0 0.0022506 -0 -0 -5.46712e-05 -0 0.00211803 -0 0.0273767 0.00214113 -0 -0 -0 0.00311866 -0 0.0111679 0.000210591 0.00181122 0.0244113 0.00263229 0.0027592 0.0216919 0.0549814 0.00810293 -0 0.0040318 -0 -0.00563907 -0 -0 -0.00197197 0.00255487 -0 -0.0228 -2.33758e-05 -0.0057837 -0.00126193 -0.00223717 -0 -0 -0 -0 0.00217663 -0 -0 -0 -0 -0 0.0307149 -0.00107369 -0 -4.25696e-05 -0 0.016333 -0 0.00273362 -0 0.00512085 0.00157447 -0.0276413 0.000235195 -0.0126185 -0 -0 0.00105728 -0 -0 -0 0.0379922 0.00188883 -0.00819094 -0 -0 -0 -0 -0 -0 -0 -0 -0.0323668 -0 -0 -0 -0 -0.00370008 0.0248585 -0 -0.0105847 0.00155694 -0 8.42048e-05 5.06914e-05 0.0017246 -0 -0.00124273 -0 -0 -0 0.000652901 -0 -0 -0 0.0356376 -0.000497339 -0 -0.0059286 0.00267333 -0 -0 0.00237832 0.000146117 -0 0.00197756 -0 -0 -0.00851167 -0 -0 -0 -0 -0 -0 -0 -0 -0 -0 -0 -0 -0 -0.00039491 -0.00119664 -0 -0
-0.00542755 -0 -0.00296564 -0.00514821 -0.000937667 -0.00657664 -0 -0.115366 -0.0175591 -0.00448976 -0 -0.0026956 -0 0 -0 -0 -0 -0 -0 -0 -0 -0.0334494 -0.000227393 -0 -0.00357835 -0.00235918 -0 0.0166213 -0 0.00856679 -0 -0 -0.00614388 -0 -0 -0 -0 -0 -0.000295223 -0 -0 -0 -0.00705281 -0.00124456 2.22842e-05 -0 0.0333919 -0.00750653 -0.00452806 -7.42417e-05 0.00487852 -0 -0 -0.0206954 -0 -0 -0.000480448 -0.000983293 2.31893e-05 0.0109736 -0.00498245 -0.000295158 -0 -0.00791386 -0 -0 -0.00111435 -0.011368 0.00437651 -0.0115262 -0 -0.00545523 -0 -0 -0 -0.0150605 -0 -0 0.00471355 -0 -0 -0 -0.0194965 -0.0249447 -0 0.00172481 0.00181097 -0.000730862 -0.00280558 -0 -0.000558411 -0.0105194 -0 -0 -0 -0 -0 -0 -0 -0 0.00969682 -0 -0.00416551 -0.00531357 -0.0176307 -0.0235179 -9.33426e-05 -0 -0 -0.00121823 -0 -0 -0 -0 -0 -0 -0 -0.00332715 -0 -0 -0 -0.000158945 -0.00182984 -0.000150631 -0 -0.000520076 -0.00323901 -0.00473954 -0 -0 -0 -0.00152771 0.000908741 6.05786e-06 -0 -0 -0 -0.0101774 -0 -0 -0 -0.00230598 -0 -0 0.00151024 -0.00110854 -0.00385792 -0 -0.00162058 -0 -0 -0 -0 -0 -0.00316667 -0 -0 -0.000548179 -0.00261217 -0.00369727 -0 -0.000860955 -0 -0.0145102 -0 -0.00223218 -0.000505268 -0.0107619 -0 -0 -0.000550589 -0.000659028 -0 -0.0183847 -0 -0 -0 -0 -0 -0 -0.00484178 -0 -0 -0 -0 -0 -0 -0.000644694 -0.000415333 0.00532704 0.000336566 -0 0.00522042 -0.0184848 -0.000329526 -0 -0 -0 -0 -0.00362301 -0 -0.00613126 -0 -0 -0.0134074 -0 -0 -0 0.00486034 -0 -0.000476531 9.17212e-05 -0.000206539 -0 -0 -0
0.042156 0.0427562 0.00422752 -0 0.0164803 -0 0.000710238 -0 -0 0.106457 -0.00146616 0.0457207 0.0513278 -0 0 0.0187024 0.0532555 -0.0224211 0.0163486 0.0246219 -0.00809314 0.0266926 0.00960574 0.00048256 0.000247519 -0 -0 -0.00535303 -0.0146185 -0.000202868 -0 0.00368056 0.000514104 -0 -2.20137e-05 -0 -0 -0 0.0208172 -0 -0 -0 -0 -0 -0 0.0276658 -0 -0 -0 0.00173543 -0 -0 -0.007649 0.00399304 -0 -0.0045576 0.000165222 -0 -0 -0.00068437 0.000172307 -0 -0 -0 -0.0212887 -0 -0 -0 -0.00154641 -0 0.0015363 0.0133121 -0.000195574 -0 -0 0.033456 -0 0.00095547 -0.00858722 -0 -0 -0 -0 -0 0.0145036 -0 -0 -0 -0 -0 0.000220407 0.0298397 -0 -0 -0 -0 -0 -0 -0 -0.00231288 -0 0.0203299 2.66858e-05 0.0477427 -0 0.0156004 0.00721869 -0.0165762 0.000304886 0.000400847 -0 -0 -0 -0.00353937 -3.09389e-05 0.000437791 -0.00659018 -0 -0.000724561 -4.73909e-05 -0 -0.0111951 -0 0.000300616 -0.00343797 -0 -0 -0 -0 -0 -0.0286646 0.0529688 -0.00150898 -0 -0 -0 0.00581587 -0 -0 3.16643e-05 0.0113075 0.00297544 -0.0149975 -3.16979e-05 -0.00207607 0.000129499 0.00263554 -2.84802e-05 -0 -0 -0 0.00236743 0.00455759 -0.00292359 -0 0.00562515 -0 0.000123893 -0 -0 -0 0.000624781 -0.0016327 -0 -0 -0 -0 -0 0.0256513 -0.0113016 -0.0130438 -0 -0.00167711 0.00488616 -0 -0 -0 -0 -0.00959158 -0 -0 0.000399624 -0 -0 -0 0.0034906 -0 -0 -0 -0 -0 0.00760069 -0 0.000489812 -0 0.000804766 -0 -0 -0 -0.00158774 -0 0.00930106 -0 -0 -0 -0 -0 -0 -0 -0 -0 -0 -0 -0.000388095 -0 -0
-0.000178841 -0.00930085 -0.00269518 0.000321581 -0.00209266 -0.00340006 0.222181 -0.0237314 0.000472844 0.00155302 -0.000156313 -0.000402376 -0 -0 0.0187024 0 -0 -0.0211312 0.00096716 0.0136308 -0.0352698 0.0507824 -0 -0.00387784 0.000425421 -0 0.00161182 -0 -0 -0.00152086 0.0081927 -0.0127092 1.91619e-05 -0.0137947 0.00347325 0.00100314 0.0138131 0.00325352 0.0111776 0.0383046 -0 0.112148 0.00116448 -0 0.00587509 -0 0.0106792 0.00440382 0.0128063 -0.0141885 -0 0.0194819 0.0092681 0.00229029 -0 0.00165568 -0.0120294 -0 0.0100527 -0.00376143 0.00862351 0.0193327 -0 -0 -0.00332791 -0.0118799 0.00231967 0.00011129 -0.00531916 0.000954695 -0 0.0513477 0.00297836 -0 -0 0.00299527 0.00820979 0.040006 -0 -0 -0 -0 -0 0.00150319 0.0015606 0.00236784 -0 0.00428754 0.00109222 0.0118242 0.0186257 0.00488119 0.00714436 -0 -0 1.13552e-05 0.00924833 -0 0.00318098 -0.00162987 0.00644848 0.00359622 0.00129555 0.0203751 -0.035215 -0 0.0151102 -0 -0 0.0153246 0.00292028 0.00328647 0.000266983 -0.00731281 0.00195733 -0.000587717 0.00517592 0.000884801 -0 -0.000909651 -0.00763527 -0 0.00214875 0.0105299 -0 0.0075875 0.00146307 -0.0127451 -0.00183068 -0 -0 -0 -0.00401784 0.0009671 0.00762929 -0.00339423 0.00201709 -0.00418237 -0 -0.00794997 -0 0.00363628 -0 0.00210431 -0.0116146 -0 0.00221097 -0.00598646 0.00606373 0.000333818 0.00765851 -0 0.00336747 -0.0027364 0.00482952 -0 -0.000337114 0.00778292 -0 0.00612332 -0.00599489 0.000848585 0.00340041 -0 0.105772 0.00318213 -0.00840669 -0 0.00395049 -9.65769e-05 0.00237285 0.00789364 -0 0.000648426 -0.00741602 0.00413234 0.00356158 0.000174533 -0.00295256 0.00589282 0.00060435 -0 0.00226964 -0 0.0044125 0.00147609 -0.00551831 0.00844731 0.00279966 0.0015793 -0.000434942 -0.00626422 0.00442945 0.00263034 0.000753019 0.00963674 0.000284509 0.00215731 -0.0206976 -0.00057509 0.0016287 -0.00315492 -0 0.00689418 0.0117967 -0.00451427 0.00173671 0.000487116 -0 -0 -0 -0.00133116 -0 -0 -0 -0
0.0408547 0.0310426 0.00259427 1.9655e-05 0.0479216 -0 -0 -0 0.00101459 0.0378372 -0 0.0205657 0.0413829 -0 0.0532555 -0 0 -0 0.0240577 5.08247e-05 -0 0.00283833 0.00225568 -0 -0 -0 0.00972362 -0 -0 -0 -0 0.0229457 0.000318252 -0 -0 -0 -0 -0 -0 -0 -0 -2.49887e-05 -0 -0 -0.00187395 0.0185252 -0 -0 -0 0.00378246 -4.46045e-05 -0 -0.0180967 0.00258446 -0 -0 0.00880705 -0 -0 -0 -0 -0 -0 -0 -0.0199947 -0 -0 -0 -0.0125649 -0 0.0107295 -0 -0 -0 -0 0.00326353 -0 -0 -0.0134071 -0 -0 -0 0.000301364 -0 0.00615643 -0 -0 -0 -0 -0 -0 0.00204023 -0 -0 -0 -0 -0 -0 -0 -2.61369e-05 -0 0.0180854 -0 0.00334997 -0 0.0151803 -0 -0 0.0013384 -0 -5.32924e-06 -0 -0 -0 -0 0.000233921 -0.00145352 -0 -0.000211787 -0 -0 -0 -0 -0 -0 0.000131292 6.74037e-05 -0 -0 -0 -0.00703931 0.0182385 -0.00139347 -0 -0 0.00448534 0.00717638 -0 -0 -0 -0 -0 -0 -0.00440476 -0.0100993 -0 -0 -0.00423154 -0.00555995 -0 -0 0.0142907 -0 -0 -0 0.00192021 -0.00406383 -0 -0 -0 0.00412603 -0 -0.00495482 -0 -0 -0 -0 -0 0.00313168 -0.00129292 -0 -0 -0 0.0085118 -0 -0 -0 -0 -0 -0 -0 1.67285e-05 -0 -0 -0 0.00322266 -0 -0 -0 -0 0.00240851 -0 -0 -0 3.65423e-05 -0 -0 -0 -0.00200639 -0 -0 -0 -0 -0 -0 -0 -0 -0 -0 -0 -0 -0 -0 -0 -0 -0
-0.00234385 -0 0.00419038 -0 -0.0125028 0.0139565 -0.0429848 0.00743721 0.00445935 -0 -0.0123693 -0.00740092 0.00254925 -0 -0.0224211 -0.0211312 -0 0 0.0101206 -0 -0.00988567 -0 0.00508731 0.00162405 0.0159217 -0.002719 -0 0.016505 0.00580109 -0.00180161 0.0167284 -0.0013737 -0.00320223 0.0120498 -0.00296565 0.00249624 0.0325516 0.00940856 0.00643379 -0.025814 -0 -0.0342431 0.00681774 -0.00165447 0.026094 -0 0.0391036 0.00698035 0.027193 0.00456943 -0 0.00521126 0.0289984 -0 -0 0.00379994 -0 0.00261654 0.0310576 0.00269951 0.0250295 0.00577928 0.040465 0.000631008 0.0438615 0.00298344 0.00242561 0.00752591 0.00681997 0.0214501 0.00176363 0.00195923 0.00372238 0.0153351 -0 0.00872788 0.00235297 0.0274792 -0.00478466 0.00290143 -0.00766227 -0 -0.0113147 0.00337253 0.0174172 0.00900363 -0.000978943 0.0341366 -0 0.0285931 -0 0.0105797 0.0245854 -0.0016534 0.00790687 0.0239169 0.0279864 0.00103368 0.0259394 0.00357502 0.0190528 0.0143333 0.00827187 0.00701044 0.0235563 0.00690313 0.00659304 -0 -0.0179467 -0.00476803 -0.00997905 0.0159816 -1.41986e-05 -0.0244262 0.0293796 -0.0149016 0.00253377 0.00286151 -0 -0.00510054 -0.0369363 0.0438084 0.000240944 0.00807586 -0.000287442 0.018564 0.0106294 0.0102125 -0.00368167 -0.00100892 0.00328902 -0 0.0161996 -0.0042949 0.0156055 -0.00811495 0.007722 0.00799614 0.0104217 -0.0313922 0.00528217 -0.000355142 -0 0.0254404 0.000796457 0.00138844 -0 0.0446616 0.0362013 0.0059997 0.0141727 -0 0.0127755 -0.0129104 0.00520695 -0.00350641 -0.0221533 0.00264805 3.15405e-05 0.0100391 -0.0187359 -0.001247 0.00644419 0.0100344 -0.00756465 0.00584655 0.00917566 -0 0.0110285 0.0172959 0.00743843 0.0310877 -0.000197575 -0 -0.0254184 0.0217932 0.014958 -0.00623034 0.0122032 0.00248424 0.00423366 0.00212749 0.0115699 0.00859712 0.00629066 0.00693215 -0.0290101 0.00464067 -0.00704124 0.0195358 -0.00475989 -0 0.0406514 0.00382641 0.00169212 0.0245799 -0 0.0105459 0.0100621 -0.00243319 -0 -0.0293265 -0.00144153 0.0100457 -0 -0.0224618 -0.000418359 -0 -0.00570246 -0.00702859 -0 -0.00231175 -0.0034716 -0.00600081 -0 -0.000406359
0.0143453 0.0321798 0.00189717 -0 0.00940694 0.003453 -7.96914e-05 0.00146575 0.000850174 0.0309197 -0.00325072 0.0209627 0.0262546 -0 0.0163486 0.00096716 0.0240577 0.0101206 0 -0 -0 0.000512376 0.00132998 0.0444736 0.00181494 -0.00128125 -0.012879 0.00259983 -4.55386e-05 -0.000176383 0.00442068 0.0589064 0.00705423 0.00403185 -0 -0 0.0117185 -0 0.00196245 -0.0287843 0.00871372 -7.37872e-05 -2.19467e-05 -0.00183383 0.00638855 0.00574843 0.00551235 0.00128494 0.00791344 0.0241039 0.000655925 -0 -0.0190605 3.57277e-05 -0 0.00224021 0.0232453 -0 0.00928952 -0.00144326 0.00626517 0.000768728 0.00624862 -0 0.00362503 0.00293824 -0 0.000513555 -0.00545424 0.00574668 0.0736412 -0 -0 0.0178168 -0.000263383 0.0236303 0.00607151 0.00282944 -0.0212179 0.00125592 -0.0091316 -0 -0 -0 0.0120022 0.00161942 -0 0.00306549 -0 0.00860014 -0 0.0207782 0.00556362 -0 -0 0.00339724 0.015442 -0 0.0102435 0.00034332 0.00456086 0.0633312 0.0024 0.00336566 0.017033 0.0370242 0.00214982 -0 -0 0.00347833 -0.00148028 0.00248064 -0 -0.00742577 0.0071081 2.18837e-05 -0 -0 -0.00640436 -0.00846088 -0.00922334 0.00116125 -0 0.0010905 -0.00527964 0.00869417 0.00263217 -0 -0.000469572 -5.21626e-05 0.000280976 0.023318 -0.00517725 -0 0.00398624 -0 0.0139737 0.000230013 0.0062422 0.00902607 0.00210423 0.00507354 -0.00306989 0.00482449 -0.00560089 -0 -0 -0.000104179 0.00373327 -0 0.00257656 0.0243525 0.0232615 -0.00416204 -0 -0 -0.0010622 -0 -0 0.00111863 -0.00404777 -0 -5.40128e-05 -0 -0 0.00137925 0.000171732 -0 0.00601 -0.00516032 0.000668563 0.00487975 -0 0.000220454 -0.0041794 0.00566625 0.00174051 -0.000207185 0.00160057 -0 0.00112464 0.0184864 0.000583835 0.00112328 0.00159668 0.0487461 -0.00335106 -0 -0.00244156 0.00459759 -0.000437054 -0 0.00748523 6.36386e-05 3.33375e-05 0.00668888 -0 0.000733818 -0 -0.000472864 -0 -0.00311936 -0.000607196 0.000372809 -0 -0.00803802 -0 -0 0.000318708 -0 -0.000125914 -0.00188662 -0.000425136 -0.000518191 -0 -0
-0 -0 -0 -0 -0 -0 0.00792822 0.00572714 -0 0.00972182 -0 -0 -0 -0 0.0246219 0.0136308 5.08247e-05 -0 -0 0 -0.00573625 0.0114182 -0 -0 0.0063214 -0 0.00328189 -1.70249e-05 -1.31126e-05 -0 -0 -0 -0 -0 -0 0.0301042 0.000261554 -0 -0 -0 -0 8.93411e-05 -0 -0 -0 -0 -0 0.00759329 -0 -0 -0 -0 -0 0.000700068 -0 -0 -0.00400084 -0 -0 -0.00263592 0.000451915 0.00163047 -0.0175495 -0 -0 -0 0.000357717 5.423e-05 -0.00143337 -0 -0 0.0305704 -0 -0 -0 0.0144208 -0 -0 -0 0.00813021 -0 -0 -0 3.09909e-05 0.00427694 -0 -0 -0 -0 -6.75264e-06 -0 0.0065787 -0 -0 -0 -0 -0 -0 -0 -0 -0 -0 -0 0.0366168 -0 -0 -1.7813e-05 -0 -0 0.00022128 -0 -0 -0 -0.00021537 0.000797065 -0 -0 -0 -0 -0 -0 -0 -0 0.00121156 -0 0.000257225 -0 -0 -0 -0 -0 0.0147741 -0.00339043 -0 -0 -0 0.0118579 -0 -0 -0 -0 -0 -0 -0 -0 -0 -0 -0 -0 0.000345115 -2.37584e-05 -0 3.26575e-05 -0.000102463 0.00570508 -0 -0 -0 -0 0.00021227 -0 -0 -0 -0 0.000264202 -0 -0 -0 0.000983575 -0 -0 -0 -0 -0 -0 -0 -0 -0 -0 0.000212732 -0 -0 -0 -0 0.000947334 -0 -0 -0 -0 -0 -0 -0 -0 -0 -0 -0 -0 -0 -0 -0 -0 -0 -0 0.00023777 -0 -0.00120123 -0 -0 -0 -0 -0 -0 -0 -0 -0 -0
0.0243763 0.00707199 -0 -0.000245771 0.0424147 0.00290464 -0.0704875 0.0398255 -0 -0 0.000308527 0.00617681 0.00685531 -0 -0.00809314 -0.0352698 -0 -0.00988567 -0 -0.00573625 0 -0.125002 -0.00145591 0.0312862 -0.00601712 -0 -0.00896243 -0.00182038 -0.00551393 0.00126913 -0.00381825 0.0749386 -0 -0.00164669 -0.000312468 -0.0112849 -0.0149359 -0.0026601 -0.00986429 -0.0522469 -0 -0.0346439 -0 -0 -0.00676182 -0 -0.00533463 -0.0177402 -0.0122193 0.00483909 -0 -0.000822059 -0.0069851 4.39184e-05 -0 -0.000746086 0.0282551 -0 -0.00598211 -0 0.00515341 -0.0289391 -0 -0 -0.00268913 -0 -0.00298077 5.94362e-05 -0 -0 0.0284565 -0.0110071 -0.0149743 -0.00650209 -0.00788768 6.73486e-05 -0.00697965 -0.0272344 -0.0573904 -0.000877018 -0 -0 -0 -0 -0.00182971 -0.00983907 -0 -0.00391716 -0.0117196 -0.0112271 -0.00114708 -0.000664396 -0.00347026 -0 5.72138e-05 -0.00307531 -0.00710175 -0.000761988 0.0219615 -0 -0.00985559 0.00135873 -0.000692061 -0.00159817 0.0257056 0.0157146 -0.00686849 -0 0.0154554 -0.00262785 -0.0027435 -0.00335219 -0 0.000416633 -0.00749569 0.00159057 -0.0206791 -0.00121716 -0.0256278 -0 0.00573495 -0.000958853 -0 -0.00170571 -0 0.00984727 -0.00193151 -0 -0 -0.00717438 -0.000304092 -0 -0 -0 0.00682261 0.00197594 -0.0013767 -0.000964783 -0 0.0138676 -0.000247273 -0 -0 -0.00491721 -0 -0 2.85581e-05 -0.00483592 0.00374269 -0.00106223 -0.0039605 0.0238424 0.00104254 0.00191903 -0.00410893 0.0022141 -0 -0.0200215 -0.00022039 -0.00155771 0.00814344 -0 -0.00484243 -0 -0.0369571 -0.00209715 -0 -0 -0.00155518 0.00246044 -0 -0.00836218 0.00545577 0.0201828 0.0079223 -0.00303387 -0.0157251 -0 -0 -0.000282925 -0 -0 -0.00104447 -0 -0 -0 0.00553947 -0.0103316 -0 -0.00621451 0.002901 -0 -0.00780103 -0.000783508 -0.000695195 -0.0129478 -0 -0.00321684 -0 0.00054465 -0.000506818 0.00372658 -0 -0.00580201 -0.00387238 0.0104018 -0 -0 -0 4.04074e-05 -0.0196501 -0 -0.0148235 -0 -0 -0
0.016429 0.00465888 -0 0.000361083 0.00666056 0.00132437 0.0208772 -0 0.000524138 0.12862 -0.022891 0.0272752 0.0255086 -0.0334494 0.0266926 0.0507824 0.00283833 -0 0.000512376 0.0114182 -0.125002 0 0.0731354 -0 0.0386906 -0 -0 -0.0159803 -0.0132609 -0 -0 -0.00985191 0.00608223 -4.61961e-05 -0 0.000191542 0.00132682 -0 0.0140119 0.0333946 -0.0285704 0.00071416 0.00107777 -0 -0.0221637 0.011908 -0 -0 0.00299098 -0 -0.000283036 -2.59089e-05 -0.0240207 0.00604787 -0 -0 0.0240003 -0 -0 -0.00570474 0.0086379 0.010929 -0.0033383 -0 -0.0290008 0.0134445 0.000442493 -0.0202077 -0.0010894 0.000456812 -0 0.00739368 -0.00926849 -0 -3.15158e-06 0.00014908 -4.60812e-05 0.00644697 -0.00617418 -0 -0 -0 0.0014355 0.0187728 0.00148994 -0 -0 -0.0217157 0.000601008 0.00113768 0.00147268 0.0170723 -0 -0 -0 -0 -4.36926e-05 -0 -4.45028e-05 -0.025002 -0 0.0024194 -0 0.00334333 -0 0.0374064 0.000266702 0.00231152 -0 0.0063385 -0 -0 -0 -0.000909666 -0 0.00194811 -0.00684626 -0 -0 -0 -0 -0 -0 -0 -0 0.00157662 0.000694008 -0 -0.00180923 -0 -0 0.0667142 -0 -0 -0.0168218 -0 0.00389237 0.00225332 -0 -0 -0 0.0137449 -0.0188225 -4.52999e-05 -0.00141782 -0 0.0219249 -3.98007e-05 -0 -2.92269e-05 -0 0.00713814 4.3325e-05 -0.000663441 0.00692628 -0 0.0106231 -0 -0 0.00674045 -0 -0 -0.00500552 -0 0.00429195 0.001207 -0.0172947 -0 0.0125906 -0.0161536 -0 0.0149443 -0.0105349 0.00244785 -0 -0 0.0136991 -0 -0.0187641 -0 0.000150652 -0 0.000368228 -0 -0 0.0149657 -0 0.00203165 -0 -0 -0.000353231 -0 -0 0.0131318 0.000350338 -0 -0 -0 -0 -0 -0 0.0230134 -0 -0 -0 -0 -0 -0 -0.00639398 -0 -0 -0 -0 -0 -0 -0
-0 0.0163689 0.000768398 0.000333386 -0 0.00258505 -0 -0 0.000138338 0.0255604 -0.00672461 0.0021541 0.00413562 -0.000227393 0.00960574 -0 0.00225568 0.00508731 0.00132998 -0 -0.00145591 0.0731354 0 -0 0.0352506 -6.98158e-06 -0 0.000696459 0.00753857 -0.00108005 0.00140023 0.000612991 0.00332472 0.00251125 -0 0.017512 0.0052238 -0 0.00118163 0.00074754 -8.66028e-06 -0 0.000429035 -0 0.00441601 -0 0.00277138 0.00175532 0.00587715 -0 -0.00814637 2.25764e-05 0.00233254 0.00139533 -0 -0 0.00356233 -0 0.00780235 -0.000203538 0.00548177 -0 -0 -0 0.00203651 0.0174719 -0 -0 -0.000388515 0.000334054 -0 -0 -0 0.000118083 -0.0032491 0.00151332 0.00335339 0.00348187 -0.0141438 0.00880375 -0.000113814 -0 0.00100959 -0 0.0149009 -0 -0 0.00182806 -0 0.00562251 -0 0.0120369 0.00574221 -0.000631355 0.00030951 0.00205806 0.00681641 -1.97303e-05 0.00498471 -0 0.00268892 0.0214325 0.00300579 -0 -0 0.0172506 0.00094394 0.00195048 -0 0.00780113 -0.000415715 0.00282016 -0 -0.00287509 0.00405847 0.0212112 -0 -0 -0 -0.000331952 -0.00356475 0.00102984 -0 0.000276142 -0.00320657 0.00420201 0.00390269 0.00288972 -0.000326245 -0.000102774 0.000157917 0.000767132 -0.00289477 0.00378859 0.00106358 -0 0.00497519 0.000975856 -0 -0.00244809 -0 0.000575654 -0.000554721 0.00505492 -0.0012706 -0 -0 0.00310052 0.00466424 -0 0.00120756 0.00262038 0.0029876 -0.00258885 0.000420059 -0 2.67365e-05 -0 0.00023173 0.00174296 -0.0100231 -0 -0 -0 6.54767e-05 -0 0.000667266 -0 0.00283315 0.000199306 -0 0.00424841 -0 -0 -0.0115994 0.00144161 0.00295184 -0 0.00054821 -0 -0 -0 0.000995162 -0 8.49262e-05 0.0024316 -0.00224623 -0 -0 0.00270361 -0.000782901 -0 0.00384318 0.000974625 0.00107358 0.0046191 -0 0.00033369 -0 -0 -0 -0.00137589 -0 0.00178024 -0 -0.00317306 -0 -0 -0 -0 -0 -0.00025634 -0 -0 -0 -0
