0.91312 -0.0614167 -0.0139151 -0.000537594 -0.0290259 -0.00173091 0.00682221 0 -0.020747 -0.0339962 -0.000576352 -0.0565244 -0.0150435 0.00467706 -0.0349177 0.000157885 -0.0370702 0.00204523 -0.0124809 0 -0.0204389 -0.0135721 0 0 0 0 0 0.00011533 0.00763064 0 0.000208497 -0.00337271 -0.00217154 0.00182243 0.00187667 0 0.00154813 0.000481784 0 0.00793594 0 0.0110425 0 0 0.0107893 -0.0023427 0.000674223 2.32715e-05 0 0 0.000211856 6.76831e-05 0.0240954 -0.00899471 0 0.000153847 -0.0170524 0 0.00180418 0.00152219 0 0 0 -0.000362451 0.012375 0 0 -0.000993587 0.00207952 0 -0.00141654 0 0.000398123 0 0.00651285 -0.00425227 0.000818846 0.00237846 0.0419695 0 0 0 -0.00347079 -3.97891e-05 0 0.00061378 0 0.0016456 0 0.00283021 0 -0.0031043 0.00519665 0 0.000188292 0.000817193 0.00678873 0 0.00120683 0 0.00155932 -0.00865828 0 -0.00226395 0 -0.0156939 0 0 -0.0014479 0 0 0.00116878 0 0 0.00210328 -0.0213129 0.00134265 0 0.00693388 0 -0.00108108 0 0 0 0.002207 0 0 0 0 0.00681759 0.0122964 -0.0145949 0.00108725 0 0.000748868 -0.00129557 0 0 0 -0.00791493 0 -0.00145605 0 0.00162963 0.00338514 -0.00304659 -0.00701263 0.0045319 0 0 0.0024736 -0.000988972 0 0 0 -0.0397508 0 0 -0.00087556 0 -0.00534671 -0.00124378 0.00809444 0 0.00166496 0 0 0 -1.82832e-05 0.000569552 0 0.00107051 0 -0.0162472 -0.0117693 0 0 0 0.00169336 0 0 0 0 0 0 -0.0230392 0 0 0 0.00352756 0 0 0.00218363 -0.01256 -0.0077076 0.00101716 0 0.000428939 0 0 0 -0.0120913 0 0.000895739 0 -0.000729701 0 0 0 0 0 0 0 0 0 0
-0.0614167 0.865606 -0.00450317 0 -0.0399747 -0.00476128 0.0207491 0 -0.00248642 -0.0113388 0 -0.0426521 -0.0164063 0 -0.0344812 0.00799453 -0.0274244 0 -0.0272595 0 -0.00577334 -0.00374726 -0.013563 -0.00535377 0 0 0 0 0 0.00824159 0 -0.0299893 -0.000466994 0 0 0 0 0 0 0.00911518 0 0.012141 0 0 0 -0.0216676 0 0 0 -0.0238722 0 0 1.4876e-05 -3.02171e-05 0 0 -0.0227961 0.00248126 0 5.26277e-05 -0.000121585 0 0 0 0.0165571 0 0 0 0 0 -0.020851 0 0 0 0.0103262 -0.00852872 0 0 0.0270568 0 0 0 -0.00723349 0 0 1.05503e-05 0 0 0 0 0.000702863 -0.00475101 0 0 0 0 0 0 -0.000930857 0 0 -0.0222607 -0.000221284 -0.000602539 -0.0137676 -0.00419405 0 -0.01062 0 0 0.0185037 0 0.000955887 0 0 0 0.00113791 0 0.00145918 0 0.000248807 0 0 0 0.0224814 -0.000516653 -0.00040265 -2.73467e-05 0 0.0110109 0.00639633 -0.00199713 0 0 0 -0.00236538 0 0 0 0 0 -0.000102913 0 0 0 0 0 0 0 0 0 -0.00990882 -0.000152077 0.00935412 0 -0.0148973 0.00135503 0 0 0 0 0 0 0 0.00914929 0 0 0 -0.000908269 0 0 0 0 0 0 0 0 0.0163217 0 0 0 -0.00658189 0 0 0 -0.016457 2.6293e-05 0 0.00517803 0 0 -0.0310863 0 -4.96962e-05 0 0 0.00441472 0 0 0 0.00120381 0 0.00161366 0 0 0 0.00560627 0 0 3.32137e-05 0.000354561 0 0 0.00605491 0 0
-0.0139151 -0.00450317 0.932252 -0.0210702 -0.0186242 -0.0403007 -0.00133137 0.00550115 -0.0292639 -0.00234667 -0.0104564 0 0 0.0025822 -0.00353814 0.00240417 -0.00237849 -0.00369462 -0.00166781 0 0 0 -0.000660739 0 0 -0.00617847 -0.00819486 -0.000173585 -0.00187581 0.0134379 -0.00274924 0 -0.00912625 -0.010589 -0.00859713 -0.00128086 0.00672267 0 -0.000894454 -0.000158271 0 0 -0.0163224 -0.00567129 4.77874e-05 -0.00527969 -0.00354633 0 -0.00633699 0 0.000376383 0 0.00367277 -0.013392 0 -4.32992e-05 -0.00692245 -0.00657787 0 0.0122916 -0.0188765 0 -0.000330056 -0.0185239 -0.00110716 0.004653 -0.00792276 -0.0189753 0.0160056 0 0 -0.00200005 -0.00201192 0 -0.00087362 -0.000524855 -0.000477202 -0.0011943 0.00592341 0 -0.00109187 -0.0027114 -0.0215619 -0.0129575 2.7862e-05 0.00972429 0.00166986 -0.00247099 -0.00786294 -0.00208593 -0.00466444 4.7269e-05 -0.00157045 0.000186142 0 -0.00188728 -0.00158462 -0.00496674 -0.00292686 0 0 -0.000592923 0 -0.00298807 -0.00042382 0 0 0 0 -0.0100208 -0.00997375 0 -0.00496003 0.00663606 0.0092348 0 -0.00207741 -0.00773817 0 0.000872538 0.0013759 -0.00204083 -0.00460999 -0.00212427 0 -0.00596283 -0.0224182 -0.0108413 0.00346217 -0.000528054 0 -0.00281249 0.00775242 -0.0131022 -0.00368753 0 0 -0.0147882 -5.38103e-05 0.000658624 0.00893435 -0.00964688 -0.000458799 -0.000427779 0.0101464 -0.0285413 -0.0109086 0 -0.00615426 -0.0087595 -0.00246686 0 -0.00159484 0.000508411 -0.00243193 -0.00319742 0.0101109 -0.00598456 -0.0258387 -0.00718141 -0.000398982 -0.0221089 -0.000985502 -0.000804695 -0.000765131 -0.0137003 -0.0156039 -0.0126571 0 0 -0.00574842 -0.0042135 0 -0.0362602 0 -0.00288881 -0.00257059 -0.00909637 -0.00130325 -0.00349396 -0.00468823 0 -0.00232746 -0.00956426 -0.0082138 -0.00185945 0.00433734 -0.00678622 -0.0107052 0 0.000462942 0 0 -0.0249171 -0.0127705 -0.00232637 -0.00328533 -0.000873814 -1.63571e-05 -0.00202791 -0.00494362 0 -0.00137907 -0.000996999 -0.00160957 0.00115355 -0.00431661 -0.00467295 0.00688527 -0.00167829 -0.000166971 0.00998132 -0.000187545 0 0 0
-0.000537594 0 -0.0210702 0.895049 -0.00657573 -0.0277418 0.00112977 0.016551 -0.0175052 -0.00272288 -0.0212641 0.000517495 0 0.00439222 0 -0.000281076 -1.76569e-05 0 0 0 0.000204023 -0.000295328 -0.000280897 0.010514 0 -0.0128942 -0.0304267 0.00214599 -0.0218099 0.0170139 -0.00384135 0.00734815 -0.00579262 -0.0126469 -0.00338129 0 0.0173043 0 0 0 0.00213906 0 -0.00370041 -0.00483536 0.0251386 -0.00305522 -0.0022541 0 -0.00744438 0 0.0145984 0 0 -0.0402661 0 -0.00110794 0 -0.00874087 0.0116061 0.0055328 -0.00883168 0 0.00217095 -0.0197974 -2.7846e-05 0.00501555 -0.0236206 -0.0265152 0.022183 0 0.000120814 -0.000370293 -0.0075368 0 0.0051607 0 0 0 0.00803013 0.000635392 -0.0183884 -0.0053348 -0.0531525 -0.0247851 0 0.0172002 0.00401646 -0.000547557 -0.0287552 0 -0.013469 0 0 0.00169036 0 -0.00209622 0 -0.00507313 0 0.0124908 0.0138824 0.0118885 0.00305467 -0.00287865 0 0.0127421 0.00315275 0 -0.00128756 -0.0100699 -1.32155e-05 0 -0.00508857 0.00663908 0 0 -0.00601543 -0.00844989 -0.00517686 0.000390704 -0.00565813 -0.00317104 -0.0107132 -0.00291549 -0.000184317 -0.00481008 -0.0183137 -0.00964069 0.00539222 -0.00201488 0 -0.000443103 0.00993943 -0.0211489 -0.00778804 0 0 -0.0264079 0.00580654 0.000592874 0.00283668 -0.0162873 -0.00860454 0 0.0133439 -0.0185952 -0.0312791 0.0172803 -0.00623343 -0.00925573 -0.00132334 -0.000259896 0 0 -0.0125645 -0.000602371 0 -0.00841374 -0.093177 -0.011631 0 -0.0136688 -0.00359589 0 -0.000286504 -0.0274666 -0.00722175 -0.0162437 0.00396321 0 -0.0136701 -0.000260544 0 -0.0305711 -0.0122817 -0.000961395 -0.000893436 -0.00871466 0 -0.0115562 -0.0122779 0 -0.00577323 -0.00157287 -0.0096104 0 0.00189877 -0.00947789 -0.00711718 0.0149222 9.74866e-05 0 0.0125897 -0.014305 -0.0224919 0 -0.00182072 0 -0.000225544 -0.0143748 -0.0102904 -0.010868 -0.00748867 0 -0.0106295 0 -0.00161811 -0.00294304 0.0257329 -0.00250473 -0.00752725 0.00487949 -0.00241033 -0.00359862 0 0
-0.0290259 -0.0399747 -0.0186242 -0.00657573 0.91912 -0.00409463 0.00585785 0.000616415 -0.00394917 -0.018514 -0.00221377 -0.0131792 -0.0221461 0.000810661 -0.0136954 0.00185351 -0.043625 0.0109457 -0.00821123 0 -0.0356802 -0.00552039 0 -0.00799135 0 -0.000421241 0 0.00284684 0 0 0.000577706 -0.0177036 -0.0228298 0 0 0 0.00867312 0.000776372 0.000859949 0.00633726 0 0.0086043 -0.00119393 0 0.0187662 -0.00325214 0.00181951 0.000466609 0.00206832 -0.0121596 0.00061094 0 0.0149834 -0.0198771 0 0.000399563 -0.0159683 0 0.0127166 0.00444529 0 0.000173488 0.000466598 -0.00189601 0.00311394 -5.31134e-06 0 -0.00152088 0.00412249 0 -0.0013863 0 0.000124867 0 0 0 0.00946234 0.00961097 0.0294046 0 -0.00553074 0 -0.0215925 -0.00413172 0 0.00462743 0 0.00190246 -4.48766e-05 0.00829208 0 0 0.00258438 0 9.63521e-05 0.000772965 0.00818379 0 0.00262098 0.00743773 0.00834114 0 0 0 0 -0.00993169 0.00117758 0 0 0 0 0.0017684 0 0 0.00693622 -0.0149113 0.00262065 0 0.00664463 0 -0.0019438 0 0 0 0 0 -0.0122898 0 0 0 0.00321209 -0.00373306 0.0021004 0 0.000180591 -0.000707391 0 0 0.000179385 -0.00194222 0.000576545 -0.00634555 0 0.00904262 0.0024504 -0.00515993 -0.00627569 0.0186225 0.000896287 0 0.0014514 -0.00365502 -1.75113e-05 0 0 -0.0109205 0 -6.59751e-06 -0.00650934 0 -0.00227881 -0.00459009 0.00049666 0 0.00494875 0 0 -0.00149516 0 0.00088544 0 0.00254538 0 -0.025364 -0.0112088 0.000176208 0.0011173 0 0.000364635 0 -0.00170004 -0.00497168 0 0 0 -0.0079383 0 0 0 0.00932548 0 -0.000186682 0.0166402 -0.0111193 -0.000677084 0.00309738 0 0.00153973 0 -0.0015989 0 -0.00502775 0 0.00187409 -0.00155346 -0.00195354 0 0 0.00234219 0 0 0 0 0 0 0
-0.00173091 -0.00476128 -0.0403007 -0.0277418 -0.00409463 0.903388 -0.00133083 0.00366245 -0.0404198 -0.0031972 -0.00692899 0 0 0.00563697 0 0.00298561 0 -0.0121134 -0.00298819 0 -0.00242244 -0.00108823 -0.00218818 0 -0.0017514 -0.00137179 -0.00260227 -0.0019211 -0.00220846 0.00630256 -0.00636649 0 -0.00994829 -0.0384262 -0.0065941 -0.00033562 0.000204596 2.52417e-05 -0.00293361 -0.00272613 0.000317625 -0.00196356 -0.0258846 -0.00220882 0.00508836 -0.000278997 -0.0177025 -0.00116543 -0.0217359 0 0.00600096 -0.00178397 -0.00590029 -0.02722 0 -0.00183834 0 -0.0196039 -0.00178962 0.0081647 -0.0291663 -0.00119882 -0.00207608 -0.0102169 -0.00660587 0 -0.013343 -0.0250956 0.00884211 -0.00216432 0 -0.00253615 -0.0103975 -0.000874798 0 -0.00213244 -0.000921091 -0.00348961 0.00902569 0 -2.91643e-05 -0.00391043 -0.0164814 -0.0140381 -0.00204033 0 0.0078246 -0.00655932 -0.00709498 -0.00875194 -0.00460255 -0.00264212 -0.00951099 0.000590569 -0.00229529 -0.00741125 0.00392081 -0.00349461 -0.00851805 0 0.00405702 -0.00326365 -0.00045486 -0.00457312 -0.00210949 0 0 0 0 -0.067089 -0.000413752 -0.00303074 0.00168177 0.0279061 -0.00201809 0 -0.0075934 -0.0111583 0 0.00262226 0.00773399 -0.00837377 -0.0106925 -0.00432991 0 -0.0125058 -0.0278437 -0.0174412 0.00485177 0 -0.000502354 -0.00492175 0.00787434 -0.00509529 -0.0133781 0.00647154 -0.000994579 -0.0210194 -0.00231262 0.00629183 0 -0.0120834 -0.000426268 -0.00414093 0.0111495 -0.0225108 -0.0116946 -0.000649144 -0.0105806 -0.0123871 -0.00809985 -0.000111239 -0.00395036 0.00345175 -0.00586386 0 0.00244885 -0.00735085 -0.0142738 -0.0164702 0.00550987 -0.0145614 -0.00343198 -0.0020027 -0.00402788 -0.016917 -0.0143618 -0.00591958 -4.58223e-06 -0.00843608 -0.0119681 -0.00907437 0 -0.0124562 -0.00168203 -0.0148112 -0.0299634 -0.00188227 -0.00449969 -0.00764915 -0.0110689 0 -0.0114866 -0.00235929 -0.0114328 -0.00233703 0.0155692 -0.0160075 -0.0087692 0.00544827 0.0175187 0 0.000523411 -0.021157 -0.0109452 -0.00787724 -0.00224668 -0.00352157 -0.00878055 0 -0.00340478 0.00346125 -0.000643088 -0.011105 -0.00362429 0.00562772 0.000926904 -0.00240375 0.00845459 0 -0.000416605 0.00445153 0 0 0 0
0.00682221 0.0207491 -0.00133137 0.00112977 0.00585785 -0.00133083 0.801792 0.0249581 0.0090775 0 0.000683804 0.00601566 3.39828e-05 0 -0.000551262 -0.183801 0 0.0351476 6.49705e-05 -0.00667173 0.0553819 -0.0161613 0 0.0270337 -0.00117636 0 -0.0115197 5.97977e-05 -0.000414423 2.49651e-06 -0.00674688 0.0319275 0 0.0108231 -0.00476534 -0.00248738 -0.0128447 -0.0113568 -0.00792607 -0.0723667 0 -0.139472 0.00319548 0 -0.00601729 1.74726e-05 -0.0183548 -0.00902214 -0.0114137 0.0263571 0 -0.0365751 -0.0100912 -0.00205043 0 -0.000395268 0.0268457 3.9924e-05 0.00542155 0.00337646 -0.00816134 -0.0352372 0 0 0.0113278 0.0226623 -0.00375301 0.00860587 0.00592233 -4.59839e-05 0.0149542 -0.035638 -0.00687743 0 -0.00461416 -0.00123914 -0.0122109 -0.0463528 0 0 0 0 0 -0.0012043 -0.00183572 -0.00229427 0 -0.000338417 -0.00190497 -0.0114241 -0.0104105 -0.00362986 -0.0066289 0 5.88125e-05 0.00703589 0.00448848 -3.7763e-05 0.000566465 0.0123578 -0.00602593 -0.00149034 -0.00143441 -0.0202968 0.0486373 0 -0.0259213 0 0.00117929 -0.00553034 -0.00756608 -0.00395773 -0.00506588 0.00190891 -0.000517917 0.0023299 -0.00736536 -0.000976407 0 0.000693472 0.00692257 7.57042e-05 -0.00306274 -0.015244 0 0.00374573 0.00821804 0 0.00236948 -0.00195903 -0.000443179 0 0.00371791 -0.00112047 -0.00618966 0.00779639 -0.0028524 0.00730717 7.07131e-05 0.00806869 0 -0.00306004 0 -0.00424476 0.00498419 0 -0.0011241 0.00307723 4.79516e-05 -0.00026428 -0.0157274 1.5921e-05 0.003307 0.00202491 -0.00572624 0.0018556 0.000254461 -0.0201092 0.00262491 -0.00635619 0.00542474 -0.00151116 -0.00318022 4.94554e-05 -0.126072 -0.00401216 0 0 -0.00295189 7.77002e-05 -0.00270354 -0.00464675 2.68162e-05 -6.58229e-05 0.00657455 -0.00438211 -0.00403013 -0.00402983 0.00404992 -0.00323305 0 0.00779501 -0.00158945 0 -0.00238621 0 0.00580574 -0.00508372 -0.006732 0.00314199 0.000723119 0.0118301 -0.00570067 -0.00250269 -0.000966814 -0.0092127 -0.00521249 -0.00284293 0.0292501 0.000595775 -0.00418968 0.00365206 0 -0.00741194 -0.0116244 0.00412204 -0.00646281 -0.0019728 0 0 0 0.0012941 0 0 0 0
0 0 0.00550115 0.016551 0.000616415 0.00366245 0.0249581 0.709683 0.000430875 0 0 0 -0.000264628 0.0876422 0 0.0184699 0 -0.00572126 -0.00112426 -0.00453421 -0.0294387 0 0 -0.000422725 -0.000305447 0.000527862 0.000337119 2.55284e-05 0 0 0 -0.00233683 0 0 0.0356309 0 -0.00198893 0 0 0 0.0535969 0.00783842 0 0 -0.00520199 0 0 0 0 -0.00775422 0 0 -0.00145857 0.00361002 0 -0.00420341 -0.00404397 0.0122839 -0.0195437 0 0 0 0 0.00488765 -0.00152396 -0.0122354 0.00961219 0 0 -0.0156037 0 0 0.00183042 0 0.000744473 -0.0107887 -0.00296909 -0.0025641 0.000925161 0 0.0169021 0 0.00334307 0 -0.00362964 -0.00102701 0 0 0.00138752 -0.00213213 0.000163651 -0.00258063 -0.00248899 0 -0.00236583 -0.00207523 -0.00285544 0 -0.0161482 -0.0043136 -0.000772592 -0.000839562 -0.0153955 0 -0.0155453 -0.02084 0 -0.014824 0.000381846 0 0.0036128 -0.00295522 0 0.000791138 -0.0061774 0 0.0129768 0.00171235 0 0 0.00194785 0 0 0 0.00591925 0 0.00180833 0 0 0 0 0 0.0113169 0 -0.00171778 0 -0.000502809 0 -0.00691543 0.000398156 -0.000525276 0.000841069 0.00330877 -0.0113143 0 0.00163893 0.00682683 -0.00296802 -0.00679976 0.00761478 -0.000101705 -0.014212 -0.0139193 0.00134159 0 0 0 0.0115637 0.0128841 0.00379806 0 0.0113718 0.00222686 0 0.000619005 0.00989442 0 0.000956107 -0.0147086 -0.00294714 0 -6.46206e-05 0 0.000666291 0.0038283 -0.00020072 0 0.00320457 -0.0150102 0.0100767 0 -0.000380553 0 -4.04337e-05 0 -0.00155203 0 0.0146963 0.00253448 -0.00209678 -1.37931e-05 0 -0.00598846 0.00186713 0.00765722 -0.000410409 0 0 0 0 0 0.000935739 0.00174612 -0.00247354 0.00175257 0 0.00242348 0 -0.00516166 0 0.00388858 0 0.000913616 0.0057859 0 0
-0.020747 -0.00248642 -0.0292639 -0.0175052 -0.00394917 -0.0404198 0.0090775 0.000430875 0.880357 -0.00822068 -0.0210957 0 0 0.0148572 0 -0.00040988 -0.000903933 -0.00382077 -0.000726292 0 0 -0.000425156 -0.000115597 0 0 -0.00272406 -0.0124505 0 -0.00383654 0.0203177 -0.00196602 0 -0.0268567 -0.00390784 -0.00415093 -0.00152347 0 0 -0.000483282 0 0.00671431 0 -0.0254302 -0.0097198 0.0114115 0 -0.00490253 0 -0.00700444 0 0.00995968 0 0 -0.0251215 0 -0.000634882 -0.00934962 -0.01607 0 0.011895 -0.022341 0 0 -0.0122351 -0.00430013 0.00618692 -0.00453366 -0.0139891 0.00311083 0 0 -0.00110958 -0.0107646 0 0 0 0 0 0.00576205 0 -0.00739067 -0.00157227 -0.0245498 -0.0122412 -0.000652326 0.0120587 -1.72736e-05 -0.00117235 -0.00267742 0 -0.0115021 0 -0.00276599 0.000400443 0 -0.00214772 0 -0.000880729 2.4443e-05 0.000828612 0.00539382 0 0 -0.00225282 0 0.00970264 0 0 0 -0.0121079 -0.0145828 0 -0.00284975 0.00270319 0 0 -0.0021177 -0.011093 -6.47443e-05 0.00323902 0 -0.0085392 -0.00284303 -0.001864 0 -0.0101732 -0.0246468 -0.0193797 0.00305644 -0.000211451 0 -0.00744082 0.0108439 -0.00676336 -0.00248049 0 -0.000465383 -0.0187974 0 -0.000200312 0.00848798 -0.00881297 -0.00430386 0 0.0154403 -0.0171894 -0.0144776 0 -0.00511457 -0.00844037 -0.00233703 0 0 0 -0.00839133 -0.00204707 0.000463734 -0.00404847 -0.0221379 -0.00997356 0 -0.0105364 -0.00111682 -0.00481279 -2.14901e-05 -0.0117599 -0.0181441 -0.0122571 0 0 -0.00579038 0.00014368 0 -0.0312117 -4.80099e-05 -0.00218239 -0.00204323 -0.00583018 -0.00110189 -0.00396765 -0.0133343 0 -0.00554897 -0.00199141 -0.00711769 -0.000176468 0.00407599 -0.00266129 -0.0122375 0.00734235 0.00132685 0 0.00854492 -0.0163057 -0.0145978 -5.83292e-05 -0.0011836 -0.000214072 -0.000248429 -0.00150659 -0.00920672 0 -0.00434011 -0.0012876 -0.0188319 0.000527615 -0.00444139 -0.00364248 0.0201263 -0.0102265 -0.00253655 0.00398246 -0.0143444 -0.00123871 0 0
-0.0339962 -0.0113388 -0.00234667 -0.00272288 -0.018514 -0.0031972 0 0 -0.00822068 0.73257 0 -0.0175393 -0.0321128 0.00346539 -0.0789809 -0.00122804 -0.0307512 0 -0.0240954 -0.00781994 0 -0.0951711 -0.0194836 0 -0.0135382 0 0 0.0140626 0.0187304 0.00116279 0 -0.000773848 -0.0119112 -0.000739243 0 0 0 0 -0.00149392 0 0.000787325 0 0 0 0.0230295 -0.0123622 0 -0.000315648 -0.00228257 -0.00139699 0 0.011711 0.0122293 -0.015824 0 0 -0.00422345 0 -0.00081105 0.00484849 -0.00386822 -7.87691e-05 0 0 0.0160134 -0.00255599 -0.000781109 -0.00168599 0.00914424 0 -0.000531173 -0.0153553 0 0 0 -0.0136935 0 0 0.0272712 0.0119843 0 0 -0.0108966 -0.00213919 -0.00270049 0 0 0 -0.000594746 -0.000423339 -0.00103644 -0.0297807 0 0.000707051 0 0 -0.00012891 0 0 0.00364704 0 -0.0230394 -0.000353267 -0.0100358 0 -0.014713 0 0 -0.00618522 -0.0145406 0 0 0 0.00208987 0 -0.034793 0.0139573 -0.00301702 0.0144103 0.00212936 0 0 -0.000928171 -0.0022803 0.00898099 -0.00333312 -0.00469263 -0.000885966 0.00220033 0 0 -0.154468 0.00536323 0 0 0 -0.000307471 -0.00235876 0 -3.7631e-05 0 -0.0165636 0.0107872 0 0.0125774 -0.0019823 -0.0221359 0.0094872 -0.000360675 0.0148073 -0.000863642 -0.0199586 -0.0039 0.000953296 -0.0010073 0 -1.66268e-05 -8.87258e-05 -0.00391343 -0.0067724 0 0 0.0107026 0 0 -0.00645214 0 -0.00404738 -0.0246683 0.00952686 -0.000567033 0 0 -0.011228 0 0 -0.000632233 0 0 -0.00118709 -0.00413678 -0.00598503 2.71922e-06 0 -0.00184702 -0.0058834 0 -0.0041879 0 0.00636667 0 0 0 -0.00653614 -0.00341135 -0.000102119 0 0 0 0 0 -0.0167724 0 0 0 0 0 0 0 0 0 0.00280245 -0.00019177 0 0 0
-0.000576352 0 -0.0104564 -0.0212641 -0.00221377 -0.00692899 0.000683804 0 -0.0210957 0 0.721892 0.0109878 0.00481123 0 0.0010798 0.000122699 0 0.00959693 0.00251472 0 -0.000230015 0.0168141 0.00508839 0.00675566 0.00615568 -0.0134486 -0.0345686 0.00416676 0 0.00991244 0.00297625 0.00603128 0.00688308 -0.010842 -0.00162232 0 0.0216521 0.0290233 0.0124025 0.000621581 0.00114691 0.00165296 0 -0.0031641 0.0123739 0.107077 -0.0131514 0.00175295 0.00308157 0.00217344 0.00842923 0.0274424 0.00689765 -0.0134013 0 0.00088442 -0.000292087 0 0.0142716 0.00689516 0 0.00163064 0.00702838 -0.00898021 0.00310526 0.0346806 -0.00588438 -0.0298408 0.00602303 0.0205014 0.0127431 0.00397223 -0.0255153 0.000711703 -0.00100726 0.00212983 0.00417223 0.00671913 0 0.0269985 -0.0424116 -0.00681701 -0.010075 -0.00853918 0.00250542 0.00665224 0 0.00663031 -0.00899972 0.00773705 -0.00440763 0.00288367 0.00551014 0 0.00160358 0.00141833 0.00840993 -0.00221308 0.00942856 0.01434 0.0113853 0.0145725 0.00213305 0.00122465 0.0155408 0.0261525 0.0486363 0 2.14607e-05 -0.00485869 -0.00418306 0.00415877 0.00359197 -0.00387013 0.00940924 -0.00454702 -0.0286987 -0.00168846 -0.0119036 0 -0.00662641 0 -0.0041605 0 0 0.00320481 -0.00790581 -0.0165478 0 -0.00257455 0 0 0.00958673 0 0 -0.00035701 0.000588607 -0.0115549 0.0130276 0.00152087 0.0140824 0 -0.0327959 0.00729733 0.00343944 -0.0205142 -0.0135584 0.0151011 0.00206316 -0.00216446 0.001611 0 0.00324644 -0.00379515 0.000445649 -0.00203474 0 -0.00267588 -0.0119673 -0.00905973 -0.0115263 -0.00959397 -0.0141165 0.000393236 0.00173166 -0.00202537 0 -0.0120703 0.0302212 0.00429585 -0.0340596 0.0049835 0 -0.00738094 -0.00726399 0.00349551 0.00234923 -0.00968052 2.08138e-05 -0.000145984 -0.0028064 0 0 0 -0.0291315 0.00261099 -0.00119852 0 -0.0121297 0.00824959 0 0.00555733 0.0160274 0 -0.00182671 0.0158525 -0.00735859 0.00918266 0 -0.00275257 -0.0073809 -0.00599597 0.00469487 0.0039841 -0.0256973 -0.00481881 -0.00662861 -0.00444909 0.00791722 -0.00193078 -0.013706 0 -0.0142781 -0.0110605 0 -0.000277238
-0.0565244 -0.0426521 0 0.000517495 -0.0131792 0 0.00601566 0 0 -0.0175393 0.0109878 0.867312 -0.0383372 0.00226385 -0.0369083 0.000346202 -0.0181865 0.00629395 -0.0177749 0 -0.00504751 -0.0219598 -0.00178661 -0.0247012 0 0 0.00675924 0 0.0266284 0 0.000620127 -0.0173492 0 0.00711568 0.00163927 0 0.00123881 0 0 0.00550026 0 0.00407769 0 0 0.00544869 -0.0191536 0.00416796 0.000893779 0.00318563 -0.000655271 0 0 0.00984588 0 0 0.000227613 -0.0183931 9.19738e-05 0.00167469 0 0.0062767 0 0 0 0.0121509 -0.00123499 0 0.00213625 -0.00196963 0 -0.00310159 0 0.0153022 0 0.000130133 0 0.00982761 0.00130931 0.0107588 0 0 0 0 0 0 0 0 0.00280554 0.000611851 0.00257839 0 0 0.00253037 0 0.0104289 0.000523972 0.00237889 0.000512331 0.000413465 0.000860624 0.000980989 -0.0222579 -2.04425e-05 0 -0.0038685 -0.0257603 0 -0.00208227 0 0 0.00943356 0.00206649 0.000733562 0 0.00151504 -0.00741582 0.0184881 0.000400058 0.0109554 0 -0.000700094 0.00463192 0 0.000874458 0 0 5.06174e-05 0 0 0 0.015665 -0.0132096 0 0 0.00166642 -2.94457e-05 0 0.000621349 0 -0.0231886 0 0 0.0125069 0.0105249 -0.000482957 0 0 0.00801567 0.000521522 0.000816006 0.00214746 -0.000794754 0 0 0.000243494 -0.0245244 0 0.00114404 0.000495595 0.000316024 -0.00160323 0 0.020856 0 0.00117319 0 1.24775e-05 0 -2.30143e-05 0.000457901 0.00245926 0.0015191 0.000235439 -1.42156e-05 -0.00145302 1.09261e-05 0.000681351 0.00496623 0.00732276 0 0 -0.000272823 0.000713426 0 6.64663e-05 -0.0136533 -0.000461717 0.00063668 0.00289881 0.002146 0 0 0.00136821 0 0 0.00132565 0.00066187 0.000159133 0 0 0.00113448 -0.00110563 0 0.000646104 0 -0.00107612 0.00348951 0 0 0 0 0 0 0 0 0
-0.0150435 -0.0164063 0 0 -0.0221461 0 3.39828e-05 -0.000264628 0 -0.0321128 0.00481123 -0.0383372 0.845009 0 -0.0408985 0 -0.0361219 -0.00213989 -0.021974 0 -0.00552947 -0.0202717 -0.0033857 -0.0128728 -0.000300163 7.34682e-05 0.000789401 0 0.00687241 0 -0.000260738 -0.0171779 -0.000847034 0 0 0 -0.00306682 0 -0.00562795 0.00812409 0 0 0 7.34589e-05 -8.69985e-05 -0.0116639 0 -0.000609072 -0.00150696 -0.0095595 -0.000915902 0 0 0 0.000938948 0 -0.0268135 0 -0.00350391 0.0011624 -2.78678e-05 -4.48849e-05 -0.000518916 0 0.0215278 -0.00197024 0 0 0.00850054 -0.0015518 -0.00400126 0 0.00739951 -0.00362727 0 -0.0172047 0 -0.00140169 0.0171334 0 0.000752503 0 0 0 -0.00194102 0 0 4.73311e-05 0 -0.00184394 0 -0.0235809 -0.0018533 0 0 0 -0.00275358 0 -0.00974964 -0.00018524 -0.00161718 -0.0213268 -0.00231041 -0.00242104 -0.0190233 -0.0465295 -0.0071171 0 -0.00350761 0 0.0049495 0 0 0.00176702 -0.00223673 0 0.0199546 2.0764e-05 0.00508747 0.00114091 0.00198466 0 0 0 0 -0.00191638 0 0 0 0 0 -0.0268649 0.000937311 0 3.71354e-05 0 -0.0143598 0 -0.00242217 0 -0.0045015 -0.00139724 0.0241786 -0.000206475 0.0112282 0 0 -0.000940676 0 0 0 -0.0334186 -0.00165751 0.00728033 0 0 0 0 0 0 0 0 0.0284535 0 0 0 0 0.00324651 -0.0218028 0 0.00929946 -0.00136099 0 -7.44434e-05 -4.44708e-05 -0.00153455 0 0.00111069 0 0 0 -0.000583814 0 0 0 -0.0315903 0.000451689 0 0.00531275 -0.00240186 0 0 -0.00213351 -0.000130213 0 -0.00177994 0 0 0.0076151 0 0 0 0 0 0 0 0 0 0 0 0 0 0.000354765 0.00108754 0 0
0.00467706 0 0.0025822 0.00439222 0.000810661 0.00563697 0 0.0876422 0.0148572 0.00346539 0 0.00226385 0 0.813222 0 0 0 0 0 0 0 0.0260775 0.000182624 0 0.00303622 0.00206995 0 -0.0134093 0 -0.00739283 0 0 0.0052244 0 0 0 0 0 0.000254119 0 0 0 0.00605899 0.00108783 -1.90685e-05 0 -0.0281055 0.00639725 0.00385788 6.2822e-05 -0.00410358 0 0 0.0176295 0 0 0.000392812 0.000845566 -1.97329e-05 -0.00919625 0.00416694 0.000254315 0 0.00693322 0 0 0.000974007 0.00950641 -0.00377523 0.00993702 0 0.00470268 0 0 0 0.0126754 0 0 -0.00399723 0 0 0 0.0166953 0.021145 0 -0.00150652 -0.00161327 0.000620721 0.00244079 0 0.000481366 0.00888886 0 0 0 0 0 0 0 0 -0.00849357 0 0.00358672 0.00457381 0.0151681 0.0195247 8.04294e-05 0 0 0.00102407 0 0 0 0 0 0 0 0.00289928 0 0 0 0.000137474 0.00157741 0.000129896 0 0.000449198 0.00278346 0.00404367 0 0 0 0.00131084 -0.000778246 -5.21922e-06 0 0 0 0.00888017 0 0 0 0.00200755 0 0 -0.00131832 0.00096585 0.00331124 0 0.00139005 0 0 0 0 0 0.00272731 0 0 0.00047276 0.00228687 0.00317664 0 0.000750892 0 0.0125213 0 0.0019523 0.000435383 0.00926339 0 0 0.000474547 0.000565145 0 0.0159448 0 0 0 0 0 0 0.00421045 0 0 0 0 0 0 0.000556704 0.000365121 -0.00469521 -0.000297021 0 -0.00459413 0.01616 0.00028586 0 0 0 0 0.00315366 0 0.00540318 0 0 0.0116375 0 0 0 -0.00430679 0 0.000420861 -8.23214e-05 0.00018202 0 0 0
-0.0349177 -0.0344812 -0.00353814 0 -0.0136954 0 -0.000551262 0 0 -0.0789809 0.0010798 -0.0369083 -0.0408985 0 0.751357 -0.0149772 -0.0438335 0.0177472 -0.0129026 -0.0200575 0.00615553 -0.0200027 -0.00741534 -0.000370007 -0.000201873 0 0 0.00415105 0.0111975 0.000168277 0 -0.0029103 -0.000420207 0 1.77997e-05 0 0 0 -0.0172237 0 0 0 0 0 0 -0.0210823 0 0 0 -0.00141153 0 0 0.00637055 -0.00326955 0 0.00366858 -0.000129845 0 0 0.000551278 -0.000138515 0 0 0 0.0173912 0 0 0 0.00128221 0 -0.00122357 -0.0110306 0.000160923 0 0 -0.0270654 0 -0.000786249 0.00699974 0 0 0 0 0 -0.0117951 0 0 0 0 0 -0.000182627 -0.0242363 0 0 0 0 0 0 0 0.0019184 0 -0.016748 -2.20866e-05 -0.0395018 0 -0.0124492 -0.00597877 0.013749 -0.000250116 -0.000323889 0 0 0 0.00299061 2.55413e-05 -0.000363123 0.00543873 0 0.000600984 4.04021e-05 0 0.00930717 0 -0.000249178 0.0028577 0 0 0 0 0 0.0237718 -0.0436866 0.00124217 0 0 0 -0.00482157 0 0 -2.62525e-05 -0.00937287 -0.00248989 0.0123704 2.62399e-05 0.00174195 -0.000108454 -0.00217433 2.38938e-05 0 0 0 -0.00196365 -0.00377129 0.00245034 0 -0.00466576 0 -0.000102703 0 0 0 -0.000523774 0.00135342 0 0 0 0 0 -0.0212148 0.00943075 0.0108063 0 0.00139957 -0.00407333 0 0 0 0 0.00797597 0 0 -0.000336954 0 0 0 -0.00291768 0 0 0 0 0 -0.00636908 0 -0.0004116 0 -0.000683027 0 0 0 0.00132844 0 -0.00787864 0 0 0 0 0 0 0 0 0 0 0 0.000332593 0 0
0.000157885 0.00799453 0.00240417 -0.000281076 0.00185351 0.00298561 -0.183801 0.0184699 -0.00040988 -0.00122804 0.000122699 0.000346202 0 0 -0.0149772 0.853532 0 0.0178272 -0.000813546 -0.0118348 0.0285916 -0.0405598 0 0.0031691 -0.000369807 0 -0.0013572 0 0 0.00134458 -0.00693911 0.010711 -1.66931e-05 0.0120436 -0.00299325 -0.000886433 -0.0119736 -0.00279105 -0.00985693 -0.0337465 0 -0.0980242 -0.00102489 0 -0.00515038 0 -0.00920865 -0.00384493 -0.0111781 0.0123 0 -0.0167736 -0.00822715 -0.00199877 0 -0.00142045 0.010076 0 -0.00876378 0.00322938 -0.00738862 -0.0170653 0 0 0.00289759 0.0103924 -0.00207718 -9.53439e-05 0.00470071 -0.000843217 0 -0.045348 -0.00261198 0 0 -0.00258262 -0.00712361 -0.0350877 0 0 0 0 0 -0.00130542 -0.0013527 -0.0021188 0 -0.00373057 -0.000973471 -0.0103459 -0.016449 -0.00422556 -0.00621507 0 0 -9.99699e-06 -0.00820678 0 -0.00279098 0.00144088 -0.0057866 -0.00315763 -0.00114285 -0.0179679 0.0310381 0 -0.0133386 0 0 -0.0131975 -0.00257607 -0.0029417 -0.000234189 0.00658573 -0.00172222 0.000519567 -0.00455276 -0.000789894 0 0.000826554 0.00680756 0 -0.00189768 -0.00930269 0 -0.0067139 -0.00128808 0.0111401 0.00164594 0 0 0 0.00352513 -0.000853618 -0.00668886 0.00303164 -0.00178232 0.00373863 0 0.0070251 0 -0.0032432 0 -0.00185664 0.0103869 0 -0.00194413 0.00535302 -0.00532853 -0.000294252 -0.00677865 0 -0.00296993 0.00244442 -0.0042613 0 0.000298028 -0.00687648 0 -0.00538988 0.00540624 -0.000758225 -0.00300432 0 -0.0954201 -0.00285129 0.0074213 0 -0.00348231 8.58946e-05 -0.00209521 -0.00693488 0 -0.000576141 0.00653868 -0.00369546 -0.00314289 -0.000156773 0.00261685 -0.00530522 -0.000538416 0 -0.00200359 0 -0.0038987 -0.00131503 0.005037 -0.00747299 -0.00252146 -0.00142606 0.000393236 0.00559471 -0.00399349 -0.00235583 -0.000669229 -0.00871735 -0.000255458 -0.00193047 0.0186106 0.000512845 -0.00145568 0.00284835 0 -0.00619561 -0.0104901 0.00409686 -0.00154889 -0.000440763 0 0 0 0.001224 0 0 0 0
-0.0370702 -0.0274244 -0.00237849 -1.76569e-05 -0.043625 0 0 0 -0.000903933 -0.0307512 0 -0.0181865 -0.0361219 0 -0.0438335 0 0.901647 0 -0.0207992 -4.53549e-05 0 -0.00232999 -0.00190754 0 0 0 -0.00841518 0 0 0 0 -0.0198756 -0.000284957 0 0 0 0 0 0 0 0 2.24488e-05 0 0 0.00168846 -0.0154644 0 0 0 -0.00337017 3.95063e-05 0 0.0165107 -0.00231819 0 0 -0.00758196 0 0 0 0 0 0 0 0.0178932 0 0 0 0.0114127 0 -0.00936112 0 0 0 0 -0.00289216 0 0 0.0119718 0 0 0 -0.000271732 0 -0.00548465 0 0 0 0 0 0 -0.00181529 0 0 0 0 0 0 0 2.37485e-05 0 -0.0163212 0 -0.00303631 0 -0.0132703 0 0 -0.00120277 0 4.83178e-06 0 0 0 0 -0.000212545 0.00131406 0 0.000192434 0 0 0 0 0 0 -0.000119405 -6.09915e-05 0 0 0 0.006395 -0.0164783 0.00125657 0 0 -0.00411756 -0.0065174 0 0 0 0 0 0 0.00399437 0.00928276 0 0 0.00388898 0.00502165 0 0 -0.0129848 0 0 0 -0.00174474 0.00369253 0 0 0 -0.00382433 0 0.00449937 0 0 0 0 0 -0.00283727 0.00118188 0 0 0 -0.00777317 0 0 0 0 0 0 0 -1.54515e-05 0 0 0 -0.00295084 0 0 0 0 -0.0022381 0 0 0 -3.3379e-05 0 0 0 0.00185423 0 0 0 0 0 0 0 0 0 0 0 0 0 0 0 0 0
0.00204523 0 -0.00369462 0 0.0109457 -0.0121134 0.0351476 -0.00572126 -0.00382077 0 0.00959693 0.00629395 -0.00213989 0 0.0177472 0.0178272 0 0.833872 -0.0084145 0 0.00792102 0 -0.00413728 -0.00131185 -0.01368 0.00241575 0 -0.0134834 -0.00468115 0.00157434 -0.0140046 0.00114431 0.00275735 -0.0103983 0.00252619 -0.00218028 -0.0278898 -0.0079777 -0.00560789 0.0224788 0 0.0295838 -0.00593094 0.00146437 -0.0226102 0 -0.0333283 -0.00602388 -0.0234605 -0.00391535 0 -0.00443484 -0.0254432 0 0 -0.0032223 0 -0.00227844 -0.0267618 -0.00229082 -0.0211968 -0.00504237 -0.0343706 -0.000559792 -0.0377476 -0.00257965 -0.00214688 -0.00637288 -0.00595721 -0.018726 -0.00147974 -0.00171026 -0.00322666 -0.0130621 0 -0.00743832 -0.00201802 -0.0238217 0.00410872 -0.00253529 0.00653666 0 0.00981128 -0.00289489 -0.0149221 -0.00796337 0.000883072 -0.029358 0 -0.0247283 0 -0.0090526 -0.0211397 0.00150051 -0.00690526 -0.0208123 -0.0245469 -0.000921569 -0.0224954 -0.00312387 -0.0168991 -0.0124394 -0.00721238 -0.00611058 -0.0205218 -0.00580334 -0.00575262 0 0.0155101 0.00405867 0.00870086 -0.0141394 1.23103e-05 0.0217428 -0.0255512 0.0130211 -0.0022029 -0.00252499 0 0.00458091 0.0325507 -0.0383686 -0.000210326 -0.007052 0.000251705 -0.0162363 -0.00924969 -0.00882304 0.00327179 0.000886293 -0.00287348 0 -0.0140484 0.00374701 -0.0135234 0.00716411 -0.0067442 -0.00706497 -0.00917327 0.0274188 -0.00461261 0.000313081 0 -0.0221862 -0.000704014 -0.00122499 0 -0.0394732 -0.0314435 -0.00522733 -0.0123991 0 -0.0111368 0.0113992 -0.00454109 0.00306392 0.0193579 -0.00231255 -2.7961e-05 -0.00873426 0.0167005 0.00110131 -0.0056276 -0.00876823 0.00674525 -0.00517802 -0.0080063 0 -0.00960888 -0.0152046 -0.00649199 -0.0269954 0.000173696 0 0.0221517 -0.0192634 -0.0130466 0.00553153 -0.0106904 -0.00221062 -0.00372808 -0.00188979 -0.0100954 -0.00753636 -0.00549377 -0.00610424 0.0261731 -0.00405785 0.00626809 -0.0174359 0.00425362 0 -0.0362259 -0.00338737 -0.00148641 -0.0219773 0 -0.00932769 -0.00894267 0.0021447 0 0.0261701 0.00128198 -0.00892318 0 0.0201488 0.000368794 0 0.00511676 0.00626956 0 0.00210102 0.00309807 0.00541767 0 0.00037544
-0.0124809 -0.0272595 -0.00166781 0 -0.00821123 -0.00298819 6.49705e-05 -0.00112426 -0.000726292 -0.0240954 0.00251472 -0.0177749 -0.021974 0 -0.0129026 -0.000813546 -0.0207992 -0.0084145 0.828988 0 0 -0.000403307 -0.00107844 -0.0358189 -0.00155483 0.00113502 0.0106875 -0.00211765 3.66393e-05 0.00015368 -0.00369004 -0.0489258 -0.00605638 -0.00346906 0 0 -0.0100108 0 -0.00170551 0.0249918 -0.0075553 6.35602e-05 1.9036e-05 0.00161836 -0.00551939 -0.00460123 -0.00468444 -0.00110563 -0.00680725 -0.020593 -0.000557055 0 0.0166747 -3.07284e-05 0 -0.0018941 -0.0191886 0 -0.00798116 0.00122117 -0.00529025 -0.000668742 -0.00529195 0 -0.00311058 -0.00253312 0 -0.000433599 0.00475028 -0.00500215 -0.061606 0 0 -0.0151314 0.000228001 -0.0200798 -0.00519194 -0.00244565 0.0181669 -0.00109421 0.00776729 0 0 0 -0.0102526 -0.00142811 0 -0.00262864 0 -0.0074159 0 -0.0177268 -0.00476985 0 0 -0.00294758 -0.0135045 0 -0.00885738 -0.000299114 -0.00403345 -0.054802 -0.00208646 -0.00292503 -0.0147952 -0.0310343 -0.00187028 0 0 -0.00295216 0.00128689 -0.00218824 0 0.00659061 -0.00616371 -1.9066e-05 0 0 0.00557975 0.00757663 0.00810437 -0.00101407 0 -0.000949452 0.00460967 -0.00758174 -0.00228378 0 0.00041607 4.56881e-05 -0.000244758 -0.0202009 0.00447657 0 -0.00344426 0 -0.0121685 -0.000202631 -0.00547832 -0.00786049 -0.00183211 -0.00445955 0.00265974 -0.00419502 0.00493629 0 0 9.18066e-05 -0.00323311 0 -0.00224752 -0.0212168 -0.0202183 0.00366409 0 0 0.000925446 0 0 -0.000970386 0.00359745 0 4.70302e-05 0 0 -0.00121795 -0.000149407 0 -0.00522101 0.00452307 -0.000581786 -0.00422497 0 -0.000193041 0.0036316 -0.00499382 -0.00151365 0.000183407 -0.00139804 0 -0.000987435 -0.0163728 -0.000507935 -0.000981794 -0.00139033 -0.0427984 0.00301448 0 0.0021671 -0.00409138 0.000389422 0 -0.00665077 -5.61716e-05 -2.91989e-05 -0.0059631 0 -0.000647147 0 0.000415576 0 0.00277546 0.000538411 -0.000330181 0 0.00718916 0 0 -0.000285135 0 0.000112277 0.00170961 0.000378281 0.000466463 0 0
0 0 0 0 0 0 -0.00667173 -0.00453421 0 -0.00781994 0 0 0 0 -0.0200575 -0.0118348 -4.53549e-05 0 0 0.883208 0.00473026 -0.00927686 0 0 -0.00558974 0 -0.00281108 1.43137e-05 1.08896e-05 0 0 0 0 0 0 -0.0270604 -0.00023063 0 0 0 0 -7.94352e-05 0 0 0 0 0 -0.0067439 0 0 0 0 0 -0.000621488 0 0 0.00340891 0 0 0.00230208 -0.000393874 -0.00146405 0.015341 0 0 0 -0.000325842 -4.72605e-05 0.00128854 0 0 -0.0274638 0 0 0 -0.0126485 0 0 0 -0.00731136 0 0 0 -2.73774e-05 -0.00377108 0 0 0 0 6.0102e-06 0 -0.00579322 0 0 0 0 0 0 0 0 0 0 0 -0.0328473 0 0 1.59956e-05 0 0 -0.000193851 0 0 0 0.0001973 -0.000713411 0 0 0 0 0 0 0 0 -0.00108881 0 -0.000231532 0 0 0 0 0 -0.013211 0.00302593 0 0 0 -0.0106583 0 0 0 0 0 0 0 0 0 0 0 0 -0.000309454 2.13913e-05 0 -2.92986e-05 9.31072e-05 -0.0051206 0 0 0 0 -0.000190065 0 0 0 0 -0.000242453 0 0 0 -0.000881953 0 0 0 0 0 0 0 0 0 0 -0.000194821 0 0 0 0 -0.000851449 0 0 0 0 0 0 0 0 0 0 0 0 0 0 0 0 0 0 -0.00021736 0 0.00110895 0 0 0 0 0 0 0 0 0 0
-0.0204389 -0.00577334 0 0.000204023 -0.0356802 -0.00242244 0.0553819 -0.0294387 0 0 -0.000230015 -0.00504751 -0.00552947 0 0.00615553 0.0285916 0 0.00792102 0 0.00473026 0.769929 0.0948231 0.00113773 -0.0242836 0.00496775 0 0.00716751 0.00142897 0.00427543 -0.00106566 0.00307154 -0.0599836 0 0.00136543 0.000255757 0.00947109 0.0122965 0.00216735 0.00826178 0.0437173 0 0.0287596 0 0 0.00562994 0 0.00436895 0.0147107 0.0101299 -0.00398427 0 0.000672224 0.00588907 -3.64026e-05 0 0.000607929 -0.0224779 0 0.00495312 0 -0.00419362 0.0242617 0 0 0.00222379 0 0.00253507 -4.83619e-05 0 0 -0.0229422 0.00923264 0.0124725 0.00532174 0.00658034 -5.51531e-05 0.00575198 0.0226862 0.0473555 0.000736374 0 0 0 0 0.00150629 0.00836197 0 0.00323708 0.00992067 0.00932992 0.000962136 0.000546262 0.00286722 0 -4.80122e-05 0.00257146 0.00598536 0.000652781 -0.0183009 0 0.0083997 -0.00113309 0.000579822 0.00133855 -0.0215184 -0.0126944 0.0057586 0 -0.0128347 0.00214942 0.00229854 0.00284979 0 -0.00035636 0.006264 -0.0013355 0.0172756 0.00103201 0.021518 0 -0.00485637 0.000806948 0 0.00143122 0 -0.00827575 0.00161506 0 0 0.00605591 0.000255283 0 0 0 -0.00568112 -0.0016762 0.00115535 0.000819096 0 -0.0116387 0.000207485 0 0 0.00412053 0 0 -2.38499e-05 0.00410698 -0.00312368 0.000889293 0.00332939 -0.0200188 -0.000873273 -0.00162815 0.00344335 -0.00185903 0 0.016801 0.000187738 0.00130225 -0.0069749 0 0.00406344 0 0.0316652 0.00178471 0 0 0.001302 -0.00207836 0 0.00697744 -0.00460882 -0.017032 -0.00663416 0.00257682 0.0131794 0 0 0.000241918 0 0 0.000875723 0 0 0 -0.0048023 0.0086808 0 0.00532963 -0.00249106 0 0.0066799 0.000666485 0.000586801 0.0111241 0 0.00273398 0 -0.0004613 0.000430223 -0.00319545 0 0.00495217 0.0032705 -0.00896575 0 0 0 -3.46342e-05 0.0168862 0 0.0127113 0 0 0
-0.0135721 -0.00374726 0 -0.000295328 -0.00552039 -0.00108823 -0.0161613 0 -0.000425156 -0.0951711 0.0168141 -0.0219598 -0.0202717 0.0260775 -0.0200027 -0.0405598 -0.00232999 0 -0.000403307 -0.00927686 0.0948231 0.747388 -0.056309 0 -0.031472 0 0 0.0123593 0.0101307 0 0 0.00776953 -0.00495821 3.77409e-05 0 -0.000158385 -0.00107624 0 -0.0115625 -0.0275307 0.0235214 -0.000584116 -0.00088763 0 0.0181816 -0.00905033 0 0 -0.00244297 0 0.000228236 2.08741e-05 0.019953 -0.00493897 0 0 -0.0188115 0 0 0.00458317 -0.00692549 -0.00902745 0.00268446 0 0.0236287 -0.0110056 -0.00037078 0.0162001 0.00090089 -0.000377551 0 -0.00611029 0.00760615 0 2.59045e-06 -0.000120284 3.74159e-05 -0.00529113 0.00501947 0 0 0 -0.00117844 -0.0152556 -0.00120849 0 0 0.0176809 -0.000501251 -0.000931488 -0.00121702 -0.0138297 0 0 0 0 3.62811e-05 0 3.6538e-05 0.020683 0 -0.00198786 0 -0.00275892 0 -0.0297716 -0.000220308 -0.0019122 0 -0.00510805 0 0 0 0.000766593 0 -0.00161158 0.00563513 0 0 0 0 0 0 0 0 -0.00130547 -0.000571748 0 0.00152215 0 0 -0.0548777 0 0 0.0138008 0 -0.00321838 -0.00188485 0 0 0 -0.0114715 0.0154843 3.74006e-05 0.00118649 0 -0.0180403 3.33029e-05 0 2.41078e-05 0 -0.00590503 -3.57556e-05 0.000554577 -0.00571875 0 -0.00878813 0 0 -0.00555194 0 0 0.00413836 0 -0.00362315 -0.00101203 0.0142867 0 -0.0103855 0.0134439 0 -0.0122857 0.00876825 -0.00203524 0 0 -0.0113121 0 0.0155622 0 -0.000125594 0 -0.000304182 0 0 -0.0124762 0 -0.00168185 0 0 0.000298843 0 0 -0.0110058 -0.000291353 0 0 0 0 0 0 -0.0194424 0 0 0 0 0 0 0.00543159 0 0 0 0 0 0 0
0 -0.013563 -0.000660739 -0.000280897 0 -0.00218818 0 0 -0.000115597 -0.0194836 0.00508839 -0.00178661 -0.0033857 0.000182624 -0.00741534 0 -0.00190754 -0.00413728 -0.00107844 0 0.00113773 -0.056309 0.793147 0 -0.0295386 6.04957e-06 0 -0.000554891 -0.00593279 0.000920466 -0.00114326 -0.000498003 -0.00279204 -0.00211349 0 -0.0149172 -0.00436502 0 -0.00100448 -0.000634863 7.34485e-06 0 -0.000364001 0 -0.00373183 0 -0.00230367 -0.00147735 -0.00494511 0 0.00676723 -1.87378e-05 -0.00199597 -0.00117386 0 0 -0.00287637 0 -0.00655694 0.000168453 -0.00452759 0 0 0 -0.00170931 -0.0147336 0 0 0.000330975 -0.000284419 0 0 0 -9.80936e-05 0.00275114 -0.00125783 -0.00280492 -0.0029438 0.0118454 -0.00750256 9.46939e-05 0 -0.000853799 0 -0.0124506 0 0 -0.00153329 0 -0.00474233 0 -0.0100448 -0.00481536 0.00055881 -0.000263619 -0.00174663 -0.00583085 1.71555e-05 -0.00421601 0 -0.00232601 -0.0181407 -0.002556 0 0 -0.0141437 -0.000803252 -0.00166219 0 -0.00647634 0.000353505 -0.00243338 0 0.00249597 -0.00344234 -0.0180761 0 0 0 0.000290763 0.00306382 -0.000879662 0 -0.000235171 0.00273847 -0.00358427 -0.00331214 -0.00243482 0.000282755 8.80503e-05 -0.000134554 -0.000650057 0.00244829 -0.00322357 -0.000898887 0 -0.00423777 -0.000840898 0 0.00208536 0 -0.000494931 0.000470104 -0.00429932 0.00109536 0 0 -0.00267258 -0.00395107 0 -0.00103033 -0.00223308 -0.00253998 0.00222931 -0.000357285 0 -2.27852e-05 0 -0.000200352 -0.00147893 0.00871334 0 0 0 -5.69408e-05 0 -0.000567833 0 -0.00240743 -0.000170875 0 -0.00359795 0 0 0.00985878 -0.00124276 -0.002511 0 -0.000468375 0 0 0 -0.000846866 0 -7.23341e-05 -0.00208825 0.00197646 0 0 -0.00235334 0.000682332 0 -0.00334011 -0.000841466 -0.000919749 -0.0040279 0 -0.000287846 0 0 0 0.00119744 0 -0.00154222 0 0.00277594 0 0 0 0 0 0.000227212 0 0 0 0
