0.938248 0.0873175 0.139437 -0.0276697 -0.0699531 0.0571329 0.00987476 -0.00112055 -0.0300792 -0.1216 0.180593 -0.0155564 -0.0220385 0.0567546 -0.00445464 0.155486 1.87437e-06 0.043568 -0.0263471 0.0481644 0.0169033 -0.0685358
0.0873175 0.862821 0.0387049 -0.0320614 0.180437 -0.0757572 0.00127321 -0.0120192 -0.0740731 0.0572103 -0.00808178 -0.0158621 0.0546192 -0.0752572 -0.0899764 0.0345379 2.8225e-08 0.0915855 0.123596 0.0638199 0.0659258 0.0460358
0.139437 0.0387049 0.708639 0.00813868 0.00799979 5.2947e-05 0.026821 -0.00283056 -0.0754631 0.0667279 0.0493041 0.0267536 0.152356 5.6885e-05 -0.00809998 0.0480783 2.0958e-07 0.0179406 0.0871181 0.0275846 0.00888241 0.0536348
-0.0276697 -0.0320614 0.00813868 0.40687 0.0540309 0.0660163 -0.0179429 -0.00586193 0.0981719 -0.0477211 -0.0251477 0.0629894 -0.00206841 0.0655832 0.12757 -0.000824302 -1.16963e-06 -0.0678372 -0.00263045 0.0160441 0.0658234 -0.0459675
-0.0699531 0.180437 0.00799979 0.0540309 0.627224 -0.0972344 0.0139026 0.000580357 0.0480742 0.0474908 0.0159008 0.00525546 0.0484016 -0.0965985 0.0197943 0.0697531 -3.87629e-07 0.106268 0.0298134 0.0353677 0.122026 -0.00737944
0.0571329 -0.0757572 5.2947e-05 0.0660163 -0.0972344 0.319526 0.00473463 0.162106 0.0308332 -0.135616 0.0277006 0.0916886 -0.0213766 0.317435 0.0854473 -0.0374808 7.80613e-07 -0.0198588 -0.0505163 -0.00266471 -0.0397726 0.0647623
0.00987476 0.00127321 0.026821 -0.0179429 0.0139026 0.00473463 0.0756694 0.0111442 -0.0308147 0.018917 0.0351888 -0.00282776 0.00350856 0.00470348 -0.0117421 0.0141302 1.27051e-06 0.0367486 -0.0148239 0.0048045 3.35155e-05 0.0121975
-0.00112055 -0.0120192 -0.00283056 -0.00586193 0.000580357 0.162106 0.0111442 0.368666 0.0725163 -0.105429 0.0367213 0.146709 0.00988617 0.161047 0.0708976 -0.017297 4.715e-07 0.0158866 -0.00268866 0.0309621 -0.0174502 0.200595
-0.0300792 -0.0740731 -0.0754631 0.0981719 0.0480742 0.0308332 -0.0308147 0.0725163 0.742283 -0.243413 0.0170426 0.0501571 -0.0528147 0.0306307 0.0786673 0.00697113 -1.02995e-06 -0.033918 -0.0525247 0.00860061 0.0941846 0.0597621
-0.1216 0.0572103 0.0667279 -0.0477211 0.0474908 -0.135616 0.018917 -0.105429 -0.243413 0.972324 -0.0140548 0.0125883 0.17639 -0.134721 -0.0438305 -0.0439844 -1.3731e-07 0.07238 0.00372475 -0.0435195 0.0473122 -0.0537043
0.180593 -0.00808178 0.0493041 -0.0251477 0.0159008 0.0277006 0.0351888 0.0367213 0.0170426 -0.0140548 0.6353 -0.00422582 0.0725951 0.0275139 -0.0320917 0.0754861 2.89858e-06 0.109321 -0.00354097 0.0516024 0.00848639 0.0622308
-0.0155564 -0.0158621 0.0267536 0.0629894 0.00525546 0.0916886 -0.00282776 0.146709 0.0501571 0.0125883 -0.00422582 0.461344 0.0192487 0.0910895 0.110043 0.0306751 -1.6832e-06 -0.0300062 0.0216302 0.0165988 0.0168776 0.0920808
-0.0220385 0.0546192 0.152356 -0.00206841 0.0484016 -0.0213766 0.00350856 0.00988617 -0.0528147 0.17639 0.0725951 0.0192487 0.883962 -0.0212343 0.0210225 0.0751515 9.79438e-07 0.0348871 0.171443 0.105112 0.0125551 0.0331093
0.0567546 -0.0752572 5.6885e-05 0.0655832 -0.0965985 0.317435 0.00470348 0.161047 0.0306307 -0.134721 0.0275139 0.0910895 -0.0212343 0.315359 0.0848882 -0.0372366 7.75357e-07 -0.0197277 -0.0501875 -0.00264686 -0.0395114 0.0643397
-0.00445464 -0.0899764 -0.00809998 0.12757 0.0197943 0.0854473 -0.0117421 0.0708976 0.0786673 -0.0438305 -0.0320917 0.110043 0.0210225 0.0848882 0.64783 -0.0417632 1.76965e-06 -0.0668707 -0.0206075 0.0317846 0.12032 0.00809518
0.155486 0.0345379 0.0480783 -0.000824302 0.0697531 -0.0374808 0.0141302 -0.017297 0.00697113 -0.0439844 0.0754861 0.0306751 0.0751515 -0.0372366 -0.0417632 0.504861 -6.72862e-07 0.0755916 0.0483174 0.0406308 0.0221178 0.00716449
1.87437e-06 2.8225e-08 2.0958e-07 -1.16963e-06 -3.87629e-07 7.80613e-07 1.27051e-06 4.715e-07 -1.02995e-06 -1.3731e-07 2.89858e-06 -1.6832e-06 9.79438e-07 7.75357e-07 1.76965e-06 -6.72862e-07 3.24751e-09 3.87356e-06 1.90289e-07 2.39914e-06 2.53003e-06 1.92927e-06
0.043568 0.0915855 0.0179406 -0.0678372 0.106268 -0.0198588 0.0367486 0.0158866 -0.033918 0.07238 0.109321 -0.0300062 0.0348871 -0.0197277 -0.0668707 0.0755916 3.87356e-06 0.289473 0.0212652 0.0363627 0.0280421 0.035621
-0.0263471 0.123596 0.0871181 -0.00263045 0.0298134 -0.0505163 -0.0148239 -0.00268866 -0.0525247 0.00372475 -0.00354097 0.0216302 0.171443 -0.0501875 -0.0206075 0.0483174 1.90289e-07 0.0212652 0.926419 0.292971 -0.027475 -0.0275736
0.0481644 0.0638199 0.0275846 0.0160441 0.0353677 -0.00266471 0.0048045 0.0309621 0.00860061 -0.0435195 0.0516024 0.0165988 0.105112 -0.00264686 0.0317846 0.0406308 2.39914e-06 0.0363627 0.292971 0.649895 -0.0188593 -0.00439567
0.0169033 0.0659258 0.00888241 0.0658234 0.122026 -0.0397726 3.35155e-05 -0.0174502 0.0941846 0.0473122 0.00848639 0.0168776 0.0125551 -0.0395114 0.12032 0.0221178 2.53003e-06 0.0280421 -0.027475 -0.0188593 0.628911 -0.0486897
-0.0685358 0.0460358 0.0536348 -0.0459675 -0.00737944 0.0647623 0.0121975 0.200595 0.0597621 -0.0537043 0.0622308 0.0920808 0.0331093 0.0643397 0.00809518 0.00716449 1.92927e-06 0.035621 -0.0275736 -0.00439567 -0.0486897 0.54158