1.05774 0.0777353 -0.0367459 -0.044295 -0.0430573 0.0316344 -0.120885 -0.000866886 0.0209422 0.012192 0.00580565 0.00841711 -0.0447651 -0.0120937 -0.0363429 0.00239088 1.37851e-06 -0.0558172 0.0208723 -0.00932091 0.0621545 -0.0141257
0.0777353 0.884088 0.0144027 0.0135482 0.0248096 -0.0643335 -0.0327132 -0.0173436 -0.0307376 -0.0574276 -0.0151866 -0.00149679 -0.0425877 0.0586355 -0.0143898 -0.0113243 -1.34722e-06 -0.062246 -0.0343485 0.0176418 0.00386555 -0.000614424
-0.0367459 0.0144027 1.18108 0.0655916 -0.0131152 -0.0875782 -0.0283337 -0.0171705 0.0463655 0.100512 0.0485365 0.0208312 -0.0382663 0.074661 0.0621497 -0.0372948 -5.05156e-07 0.0420441 0.0878759 0.00863161 0.0380768 0.0142436
-0.044295 0.0135482 0.0655916 1.52909 0.0471385 0.0377036 -0.0187166 0.0610625 -0.0112902 -0.0178797 -0.0767144 -0.0906334 0.00823221 -0.000744954 0.0809722 -0.011788 -3.24428e-06 -0.0231856 -0.0032554 -0.0202689 0.0289213 -0.02501
-0.0430573 0.0248096 -0.0131152 0.0471385 1.17677 -0.0680524 0.0219131 -0.0116229 0.0390899 -0.0610287 -0.0546819 -0.0371438 -0.0469992 -0.0660212 -0.0467831 -0.0148076 -2.1565e-06 0.0653749 0.0432086 0.032021 0.0230531 -0.0805747
0.0316344 -0.0643335 -0.0875782 0.0377036 -0.0680524 1.47816 -0.0104961 0.0576998 -0.0237622 -0.0851575 0.00120243 -0.00637871 -0.0350956 -0.0256085 -0.00143996 0.0470186 -5.63403e-08 0.0220135 0.0676778 0.0211547 -0.0136891 -0.00362488
-0.120885 -0.0327132 -0.0283337 -0.0187166 0.0219131 -0.0104961 1.33298 0.0820896 -0.00796383 0.000691739 -0.00698169 0.0694573 0.0021845 -0.0571267 0.027126 -0.00852809 7.82865e-07 0.0689134 0.0165735 -0.0423974 -0.00344878 0.0592896
-0.000866886 -0.0173436 -0.0171705 0.0610625 -0.0116229 0.0576998 0.0820896 1.2724 -0.0216178 -0.0674155 0.0395042 -0.0526724 -0.0124176 0.041208 -0.0840469 0.0383664 -7.05837e-07 0.00927114 0.000479022 0.0188814 0.0507761 0.0860712
0.0209422 -0.0307376 0.0463655 -0.0112902 0.0390899 -0.0237622 -0.00796383 -0.0216178 1.07226 6.38053e-05 0.0991943 0.0103803 -0.0524331 -0.0315641 0.000542973 0.0263982 1.27156e-07 0.0223332 0.0108462 0.0682416 0.0232454 -0.0657785
0.012192 -0.0574276 0.100512 -0.0178797 -0.0610287 -0.0851575 0.000691739 -0.0674155 6.38053e-05 0.90271 -0.0322466 -0.00416867 0.00834918 -0.00510374 0.00281675 0.0113768 -2.62871e-06 0.0369493 0.0439599 0.0482784 -0.000319858 0.0750988
0.00580565 -0.0151866 0.0485365 -0.0767144 -0.0546819 0.00120243 -0.00698169 0.0395042 0.0991943 -0.0322466 1.25445 0.0208815 -0.0173652 0.0825975 -0.0744457 -0.0303124 2.91744e-07 -0.0213745 0.0256098 0.00498706 0.000475118 -0.0380561
0.00841711 -0.00149679 0.0208312 -0.0906334 -0.0371438 -0.00637871 0.0694573 -0.0526724 0.0103803 -0.00416867 0.0208815 1.36482 0.0433991 0.00290551 0.0308712 -0.000787965 -8.77362e-07 0.00807909 -0.0053872 0.0199897 -0.0917134 0.0358407
-0.0447651 -0.0425877 -0.0382663 0.00823221 -0.0469992 -0.0350956 0.0021845 -0.0124176 -0.0524331 0.00834918 -0.0173652 0.0433991 0.871745 0.051449 0.0258367 0.00427055 4.33929e-07 0.017966 -0.00978505 0.057832 -0.00201424 -0.0374722
-0.0120937 0.0586355 0.074661 -0.000744954 -0.0660212 -0.0256085 -0.0571267 0.041208 -0.0315641 -0.00510374 0.0825975 0.00290551 0.051449 1.43825 -0.00294406 -0.00585615 4.05041e-06 -0.00898952 -0.0157846 -0.0163277 -0.0421654 -0.0191457
-0.0363429 -0.0143898 0.0621497 0.0809722 -0.0467831 -0.00143996 0.027126 -0.0840469 0.000542973 0.00281675 -0.0744457 0.0308712 0.0258367 -0.00294406 1.35347 0.0237217 4.51049e-06 0.0167788 -0.0332163 0.0565831 0.00330507 -0.000636292
0.00239088 -0.0113243 -0.0372948 -0.011788 -0.0148076 0.0470186 -0.00852809 0.0383664 0.0263982 0.0113768 -0.0303124 -0.000787965 0.00427055 -0.00585615 0.0237217 0.21111 -2.62364e-08 0.0291294 0.0158734 -0.00853826 0.0413248 0.041773
1.37851e-06 -1.34722e-06 -5.05156e-07 -3.24428e-06 -2.1565e-06 -5.63403e-08 7.82865e-07 -7.05837e-07 1.27156e-07 -2.62871e-06 2.91744e-07 -8.77362e-07 4.33929e-07 4.05041e-06 4.51049e-06 -2.62364e-08 3.39291e-09 -3.70124e-06 2.25647e-06 1.98086e-07 -4.23511e-07 -7.38512e-07
-0.0558172 -0.062246 0.0420441 -0.0231856 0.0653749 0.0220135 0.0689134 0.00927114 0.0223332 0.0369493 -0.0213745 0.00807909 0.017966 -0.00898952 0.0167788 0.0291294 -3.70124e-06 0.882173 -0.0161293 0.00355587 -0.0448299 -0.0149924
0.0208723 -0.0343485 0.0878759 -0.0032554 0.0432086 0.0676778 0.0165735 0.000479022 0.0108462 0.0439599 0.0256098 -0.0053872 -0.00978505 -0.0157846 -0.0332163 0.0158734 2.25647e-06 -0.0161293 0.825545 0.0236827 -0.0601649 0.0261678
-0.00932091 0.0176418 0.00863161 -0.0202689 0.032021 0.0211547 -0.0423974 0.0188814 0.0682416 0.0482784 0.00498706 0.0199897 0.057832 -0.0163277 0.0565831 -0.00853826 1.98086e-07 0.00355587 0.0236827 0.867178 -0.0433976 -0.0783021
0.0621545 0.00386555 0.0380768 0.0289213 0.0230531 -0.0136891 -0.00344878 0.0507761 0.0232454 -0.000319858 0.000475118 -0.0917134 -0.00201424 -0.0421654 0.00330507 0.0413248 -4.23511e-07 -0.0448299 -0.0601649 -0.0433976 1.1663 -0.00826781
-0.0141257 -0.000614424 0.0142436 -0.02501 -0.0805747 -0.00362488 0.0592896 0.0860712 -0.0657785 0.0750988 -0.0380561 0.0358407 -0.0374722 -0.0191457 -0.000636292 0.041773 -7.38512e-07 -0.0149924 0.0261678 -0.0783021 -0.00826781 1.34369