0.907662 -0.0729897 -0.00814206 -0.00132407 -0.0444729 -0.00304822 0.0101118 -0.0103805 0 -0.0423014 -0.0350861 -0.0583177 -0.0230761 -0.0196274 -0.0218619 -0.0127533 0 0.0115219 0.00517429 -0.0283576 0 -0.00420801 0.0010802 0 -0.005475 0 0 0 -0.00983821 0.0163621 0 0 0.000843245 0 0.000879283 -0.0127423 0 -0.0114799 0 0 0 0.00155272 0 0 0 0 -0.00946647 0 -0.000747994 0 0.000515138 0 -0.019653 0.000431255 0 0 0 0 0.00158101 -0.0381389 -0.0137415 -0.0174382 0 0.00171898 0 0.00119153 -0.0179669 0 -0.00375246 0 0 0 0 0 0 0 0 0.000391009 0 0 -0.00701873 -0.00132684 -0.0607487 -0.00186644 0.00591225 0 0 0 0.0044437 -0.0114161 0 -0.00787073 0 -0.0117358 -0.00631055 0 -0.000174791 0.00022655 0.00190629 0.00507342 0.00174164 -0.00949322 0.011669 0.000879457 -0.0033503 -0.00126869 0 0 -0.00571094 -0.00176306 0.0296613 -0.00206627 0 -0.000667223 0 0 -0.00635923 -0.0110524 0.00145172 0.00216427 0 3.80566e-05 -0.000296199 0.00236535 0 0 -0.0024447 0.00142811 0.010143 0 -0.0168904 0.0157313 -0.0183482 0 -0.00593354 0.0023449 0 0 0 0 0.00247266 0 0 0 -0.02162 0 0.00177222 0 0 0 0 0 0.00727883 0 0 0 0 -0.00274467 -0.00259652 -0.00305411 0.00966488 0.0144158 -0.000994299 0 0 0.0104737 0.000809139 0 0.00339582 0.00201963 0.00161171 0 -6.51422e-05 0 0 -0.0101855 0 0 -0.00149308 0.00106358 -0.0125665 0 0 -0.0229591 0 0 0.00231216 0 -0.0118105 0.00641979 2.64228e-05 0 0 0.00261289 0 0.00524317 0 0 6.60286e-05 0 0 0 0.00119244 0 0 0 0 0 0 0 0.00203492 0 0 0 0 0
-0.0729897 0.859227 -0.00284291 0 -0.0489872 -0.000371616 0.0209753 0 -0.00172044 -0.0434049 -0.00507257 -0.0593512 -0.0173846 -0.0163832 -0.00989354 -0.0240581 0 0 0.00632217 -0.0365063 0 -0.0226425 0.0104445 0 -0.00970048 0.00143981 0 0 -0.0338254 0.0179022 2.46994e-05 0 0 0 0 -0.0285219 0 0 0 0 0 0.000355612 0 0 0 0 -0.000815216 0 -0.0169845 0 0 0 -0.0218427 0 0 0 0 0 0 -0.00607448 -0.00263043 -0.0286345 0 0.00568495 0 0 -0.0183653 0 -0.0212974 0 0 0.00714746 0 0 0 -0.00055182 0 0 0 0 0 0 -0.0287693 -0.00028575 0.00407194 0 0 -0.00105192 0 -0.0207807 0 -0.00428033 0 -0.0328377 -0.00022549 0 0 0 0 0.0107159 0 -0.0135141 0.0095245 0.000629959 -0.00587186 0 0 0 0 -0.0117595 0.0177531 -0.0133489 0 0 0 0 -0.00236778 -0.00194618 0.00142114 0 -0.000285482 0 0 0 0 0 0 0 0 0 -0.0223249 0.0247679 -0.0022705 0 0 0.000212161 -0.0109394 0.0160442 0 0 0 0.00242724 0.000202881 0 -0.0042341 0 0 0 0 0 -0.00270281 0 0.0126708 -0.00247379 0 0 0 -0.000529168 0 -0.0141535 0.00810178 0.00836894 -0.0218464 0.000340949 0 0.00192764 0 0 0 0 0 0 0 0 0 -0.0444792 0 0 -0.0153702 0.00860662 -0.00135101 0.00241269 0.00362246 -0.00217864 0 0 0.0023506 0 0 0 0 0 0 0 0 0 0 0 0 0 -0.00100653 0.000278995 0.007958 0 0 0 0 0.00969547 0.0120716 0 0 0 0 -2.74581e-05 0 0
-0.00814206 -0.00284291 0.917831 -0.0170808 -0.00946996 -0.0402595 -0.000258945 -0.0495488 0 -0.00150488 -0.00260452 0 0 0 0 -0.00383457 -0.0185047 -0.0112634 -0.00187392 -0.00158728 -0.00800791 0 -0.000542562 -0.00836943 -0.0141419 -0.0051108 -0.0112023 -0.00633358 -0.000288224 0 -0.00672879 -0.021383 0.00676902 -0.0114393 0 -0.00206383 -0.00858745 -0.0105473 -0.00891529 -0.0199066 0 0.0194043 -0.0127732 0.00349722 -0.00812719 -0.00429404 -0.0209915 -0.0120961 0 -0.00795844 -0.00172752 0 -0.00911356 -0.0038365 -0.000399295 -0.00020316 -0.0110108 -0.00463515 -0.00510146 -0.000238722 0 -0.0013962 0 0 -0.0114733 -0.00122349 0 -0.0209358 0 -0.0172095 -0.00524464 -0.00171716 -0.0101406 -0.0101634 0 -0.00554182 -0.00351662 0 0 0 -0.0262477 0 -0.00264381 -0.0197017 0 -0.0112141 0 -0.00255213 0 -0.000448886 -0.00400169 -0.00625512 -0.0160517 0 -0.00618938 -0.00788945 0 -0.00177027 0 -0.000240022 -0.000773364 -0.00424347 0 -0.000859718 -0.000290986 -0.0289194 -0.0103494 -0.0063576 -0.0198561 -0.00168392 0.00780197 0 -0.00723894 -0.010067 0.000389138 0 0 0 -0.00261747 -0.00125423 0 0.0013939 -0.00319794 0.00821387 0 -0.00685974 -0.0234557 0 0 -0.00842142 -0.000849623 0 -0.0273307 0 -0.0219626 0.00892599 0 -0.00378538 0 -0.00342372 0.000611855 -0.00670867 -0.00381176 -0.00192323 -0.00269041 -0.00239663 0.0105032 -0.000486071 -0.000154254 -0.00184314 0 0 -6.21557e-05 -0.00024936 0.00155939 0 -0.00260228 0 -0.00758543 0 0 -0.000108195 0 -0.00532722 -0.0017646 -0.000615955 0 0 0 0 0 -0.00183169 -0.00799471 0 0 0 -0.00215658 -0.00821147 0 -0.000502587 0 -0.00140818 -0.00327388 -3.09561e-05 0.00676855 -0.00243875 0 -0.00811417 0 0 0.00378661 0.00561391 0 4.72021e-05 0.00630389 0 -0.00338619 -0.00130191 0 0 0 -0.00326193 0 -0.000177735 -0.000133651 0.00221959 0 -0.00279869 -0.00101787 0 0.00884891 -0.00179475 0 0 0 0
-0.00132407 0 -0.0170808 0.89681 -0.00740627 -0.0214828 0 -0.0159125 0.014521 0 -0.00489411 0.000155536 0 0 0 0 -0.0164007 -0.0298879 -0.000624308 0 -0.00263639 0.0163381 0 -0.0111497 -0.00682601 -0.0405166 -0.00563386 -0.0121284 0 0 -0.0236392 -0.0323448 0.0265631 -0.00425057 0 0 -0.0068923 -0.0433852 -0.0237659 -0.0121562 -0.000973022 0.00510464 -0.0110618 0.00888742 -0.0281633 -0.00749152 -0.0612184 -0.0222664 0 -0.0201847 -0.00235296 0 -0.000497976 -0.00344126 0 -0.00301218 -0.0137236 -0.000237467 -0.010842 0 -0.00289547 0.00534752 0 -0.00337988 -0.0157045 0 0.0116815 -0.0285678 6.23348e-05 -0.0195522 -0.0236764 -0.0088915 -0.00714376 -0.0157984 0 -0.004613 -0.00171315 0.022026 0 0 -0.027234 -0.00397836 0 -0.0246703 0 -0.0151267 -0.00566041 0 0.0137748 0 0 -0.00338139 -0.0181235 0 -0.0105969 -0.00833992 6.66777e-05 -0.00539831 0 -0.000599165 -0.000640098 0 0 -0.00735848 0 -0.115036 -0.0124381 -0.0117103 -0.0351009 0 0.00195479 0 -0.0190967 -0.024175 0 0 0 0 -0.00604651 -0.000290028 0 0.00450806 -0.0154898 0.0161727 0 -0.0134005 -0.0268 0 0 -0.0228985 0 -0.000851694 -0.0280683 0 -0.0151636 0.0166662 0.00406946 -0.00218652 0 -0.00228041 0 -0.00779912 -0.00397283 -7.01337e-05 -0.0016882 -7.09644e-05 0.0183066 -0.00038729 2.29315e-05 -0.00168664 0.00271622 0 0 0 0.00270903 0.000202131 -0.00215642 0 -0.0372668 0.00234753 -0.00145392 0 0.00409507 0.00113326 -0.00562942 -0.00532623 0.00802984 0.00434211 0 0 0.0130174 -0.00146846 -0.0126953 0 -0.000276482 0 -0.0126158 -0.00357728 0 0 -0.00669265 -0.00244543 -0.00491293 0.000761544 0.00761703 -0.00923013 0 -0.01751 -0.00179819 0.011263 0.00700309 0.00963633 0 0.022176 0.00544708 0 -0.00286352 -0.0104548 3.98709e-05 -0.00351165 0 -0.00144369 -0.00195516 0 8.00886e-06 0.00166402 0.0028534 -0.0079914 -0.00178428 0.00990152 0.010772 -0.0148032 0 0.0151251 0 0
-0.0444729 -0.0489872 -0.00946996 -0.00740627 0.91214 0 0.00799792 -0.0025837 0 -0.0624281 -0.0138379 -0.0257544 -0.0245592 -0.0149282 -0.0340468 -0.010175 -0.000713539 0.0003118 0.00774011 -0.00437273 0 -0.0130684 0.00432869 0 -0.0199431 0 0 0.00013789 -0.0159439 0.0147336 -7.06825e-05 -0.000115341 0.0206207 0.00280735 0.00115699 -0.0156298 0 -0.0118186 0 0 0 0.00129951 0 0 -0.00206288 0 -0.0217737 0 0 0 0.00233863 8.36032e-05 -0.0228108 0.00195279 0.00313697 0 0 0 0 -0.0226977 -0.00220492 0 0 0.00035138 0 0.00989872 -0.0141675 -0.00249893 -0.00396677 0 -0.000532147 0 0 0 0.00200415 0 0.000800961 0.00612897 0 0 -0.00409498 -0.00247782 -0.0337181 -0.00736843 0.0173564 0 0 0.0021277 0.0155329 -0.0149917 0.00375562 0 0 -0.0132439 -0.00394707 0 0 0.00100655 0.00634097 0.00293975 0.00492016 -0.00327446 0 0 0 -0.00491227 0 0.00483344 -0.0122541 0 0.0159745 0 0 -0.00121041 0 0 0 -0.00527923 0.000253118 0.00409907 0 0 -0.0104955 0.00582515 0.00026987 0 -0.0108199 0.00229478 0.0140039 0 -0.00954916 0.00776579 -0.0233909 0 -0.00699961 0 0 0 0 0.000144144 0.0104009 0 0 0.00145665 -0.0122558 0 0.000801952 0 0 0.0005347 0 0 0.00469565 0 0 0 0 -0.00242801 0 0 0 0.0102839 0 0 0 0.00313671 0.0052376 0 0.00574117 0.00480879 0.0152734 0 0 0.000119424 0 -0.0131678 0 0.000201672 -0.00417133 0.00249057 -0.0151994 0 0 -0.00556377 0 0 0.00647983 0 -0.00854974 0.0114642 0 -0.000104531 0.000732611 0.0120362 0 0.00626543 0 -0.000261289 0.00572049 0 0 0 0 0.000849739 0 -0.000472061 0 0 0 0.00374507 0 0 0 0 0 0
-0.00304822 -0.000371616 -0.0402595 -0.0214828 0 0.895127 -0.00321247 -0.0325992 0 0 -0.00204917 0 0 -0.00174808 0.00123045 -0.00227335 -0.00258857 -0.0428145 -0.00931507 -0.00124887 -0.0134159 0 -0.00507777 -0.0158494 -0.0177609 -0.000926176 -0.00139101 -0.00723642 -0.000584431 -0.00299233 0 -0.0108984 0.00107628 -0.0359544 -0.00200788 0 -0.0137082 -0.0298582 -0.00535163 -0.00337819 -0.00225322 0.0111548 -0.0274652 0.0117639 -0.0191228 -0.00287385 -0.0117797 -0.0117998 -4.83472e-05 -0.0192531 -0.00357628 0 0 -0.0227792 -0.00115097 -0.00437676 -0.0105951 -0.00159479 -0.00533423 0 0 -0.00322364 0.00749434 -0.00154682 -0.0248515 0.00598326 -0.000400559 -0.0243252 0 -0.0809947 0 -0.00323179 -0.00703681 -0.00600252 -0.00117748 -0.0150519 -0.00368346 0.00467034 -0.0016241 0 -0.0264975 0.00504291 0 -0.0217244 -0.00869785 -0.0132919 0 -0.00462943 0.00134097 0 -0.00401907 -0.00456153 -0.0199135 0 -0.00697726 -0.0115055 0.00820942 -0.0110395 -0.00372063 -0.00448138 -0.00598323 0.00388915 0 0 0.000401855 -0.0171766 -0.00691089 -0.00282976 -0.0075466 -0.00407666 0.00349452 -0.00165879 -0.0102245 -0.00894455 0.00330375 0 -0.00135929 0.0106331 -0.00671484 -0.00420827 -0.00403993 0.00182493 -0.00420737 0 -0.000258896 -0.0128016 -0.0125504 -0.00216633 -0.0100535 -0.0238239 -0.00434618 0 -0.00990956 -0.000924576 -0.017407 0.009404 0 -0.000726509 0 -0.0166903 -0.00568032 -0.0147182 -0.00239271 -0.0047796 -0.00197833 -0.00809646 0.0134025 -0.00378872 -0.000821567 -0.0104479 0 -0.000975083 -0.00409899 -0.00156294 0.00181002 0 -0.00426498 0.00698165 -0.009732 -0.001593 0 -0.00219142 0 -0.00291617 -0.00899058 -0.00457205 0.00154134 -0.00127044 -0.00401202 -0.00723527 -0.00264149 -0.00723714 -0.012469 -0.000982283 0.000459756 0 -0.00608267 -0.00989655 0 -0.00532635 0.00557194 -0.0016705 -0.000560516 0.00403661 0.00349565 -0.000933216 -0.00126322 -0.00918172 0.00424394 0 0.00374999 0.0183477 -0.00306514 0.00354883 0.00759882 -0.00429804 -0.00351427 -0.000394879 -0.00354671 0 -7.72937e-05 -0.00276953 0 -0.00261024 -0.00348984 0.0180707 0 -0.00103284 -0.000113173 0.00152691 0.00886454 0 0 0 0 0
0.0101118 0.0209753 -0.000258945 0 0.00799792 -0.00321247 0.825588 0 0.0204302 0.000807109 0 0.00597784 0 -0.0036632 0.0362841 0.0111578 0 0 0.0168453 -0.00419901 0.0011129 0.0271029 -0.164298 -0.00203774 -0.00123532 -0.000395511 0 -9.48683e-05 0.0248627 -0.146025 0.00439079 0 -0.0141249 -0.0160344 0 0.00644504 0.0141289 -9.08725e-05 -0.0034962 0 -0.0269722 0.00182801 -0.0055553 0 0 0 2.28323e-05 -0.00404503 0.0126925 3.90115e-05 -0.0186172 -0.0320211 0.0167363 -0.00775462 -0.00937948 0 0 -0.0194353 -0.00353225 0.0141564 0.0106803 -0.000642755 0 -0.0393759 0.0033045 -0.00350528 0 0 0.0211152 -0.00480644 0 -0.000725039 -0.00617246 -0.000553495 -0.0222606 -0.0102018 -0.025407 0.0133274 -0.00582686 0 0.0142646 0.00537475 0.00254944 -0.00198743 -4.3486e-05 0 0 -0.00663106 0.0007661 0 2.34121e-05 -0.00789002 -0.00227908 0.0133919 0 -0.00369973 0.00269425 -0.00634542 -0.0375311 0.0093459 -0.0118183 0.00468163 0 0 -0.000229072 0 0 -0.0154967 -0.001181 0.000378384 0 0 5.08423e-05 0 0.00109182 0.0137219 -0.000740908 0.00433848 -0.000848534 0.0060798 -0.00117669 0 -0.00180853 -0.00340689 -0.0301165 -0.00555951 -0.000717071 -0.00439209 -0.0126912 -0.00235671 0 0 -7.05996e-06 0 -0.00186146 0.000656235 0 -0.000838405 0 -0.00372957 -0.011874 -0.00606118 -0.0121762 0.00039549 0 0.00389945 0.00185228 -0.0417747 -0.000612493 -0.0020692 0 0.0172986 -0.110933 0.0228161 0 0 0 0.00369726 0 -0.00105419 0 -0.0520181 0 -0.00206634 -0.000981951 -0.00156829 -0.00385132 0 -0.00650991 -0.0109217 0.00195208 0 0 -0.0300924 0 0.0211047 -0.0027341 0.00331415 0 -0.00473687 0.00641537 0 -0.00150034 0.00738952 0.000557949 0 -0.000344817 -0.00153829 0.00826779 0 0.000727828 0.00389741 0 -0.000596228 2.9308e-06 -0.0131056 -0.0139587 0 -0.00567269 0 -0.000449217 0 0 -0.00168952 0.0210414 0.00385985 0.00896797 -9.6776e-06 0 4.72778e-05 0.00240815 0.00315755 0 0 0 0
-0.0103805 0 -0.0495488 -0.0159125 -0.0025837 -0.0325992 0 0.859889 0 -0.000171876 -0.00401105 0 0 0 0 -0.00107229 -0.00542764 -0.000952014 -0.00438179 0 -0.0245149 0 -0.000884614 -0.00702505 -0.0189893 -0.00958377 -0.00547177 -0.00312265 0 0 -0.0263847 -0.0106696 0.00436232 -0.00537017 0 0 -0.00761215 -0.0184618 -0.00266619 -0.0060894 -0.000270578 0.0118031 -0.0194044 0.00821349 -0.00619774 -0.00170347 -0.0203223 -0.00484852 0 -0.010849 -0.00350185 0 -0.0152813 -0.00639769 0 -0.000616954 -0.00531508 -0.00118172 -0.00701015 0 0 3.2692e-05 0.00386591 0 -0.0103894 0.00400355 0 -0.0245078 0 -0.00846446 -0.0112508 -0.00247267 -0.00233151 -0.013753 4.37911e-06 -0.0126535 -0.00143372 -0.000447146 0 0 -0.0215031 0 -0.000308643 -0.0156969 0.00452502 -0.0321119 -0.00206353 -0.00325426 0 0 0 -0.00300906 -0.0116733 0 -0.0108281 -0.00379578 0.0015431 -0.00316437 -0.000447968 -0.00153622 -0.00345442 0 0 -0.00658109 0 -0.0168102 -0.00998049 -0.00129016 -0.0223184 -0.00175864 0.00410405 -0.00246128 -0.021482 -0.0166913 0 0 -4.37585e-05 0 -0.00398883 -0.00397368 -0.00130278 0.00312446 -0.0232246 0.0185776 0 -0.00643357 -0.0104622 0 0 -0.0262673 1.86084e-05 0 -0.040153 -2.33718e-05 -0.0389525 0.0128055 0.0109384 -0.00216818 0 -0.00789541 0.00456589 -0.00491654 -0.00669083 -0.00656318 -0.00333715 -0.00665775 0.0117223 -0.00104977 -0.000204491 -0.00171502 0.00801491 0 0 -0.000357438 0.000614927 0 -0.000653623 0.000215044 -0.00802521 0 0 0 0 -0.00292913 -0.00638273 -0.00129774 0 0 -0.00220769 -0.00114005 0 -0.00756954 -0.0220971 0 0 0 -0.00579845 -0.0118062 0 -0.000919254 0 -0.000827864 -0.00226274 0.00158311 0.0134806 -0.00433128 -0.000310451 -0.0143622 0 0 0.00412921 0.00271743 2.67525e-05 4.84639e-05 0.00532259 0 -0.00213241 -0.0137276 0 -0.000189309 -0.000203101 -0.00239945 -0.000139662 -0.000799598 -0.00310676 0.00436047 0 -0.00233776 -0.00226884 0 0.0104231 -0.000127031 -0.000126348 0.01374 0 0
0 -0.00172044 0 0.014521 0 0 0.0204302 0 0.701241 0 0 0 -0.00180272 -0.00184611 -0.0209499 -0.00957454 0.00134941 0 -0.00545629 -0.000165958 0 -0.00352314 2.55836e-05 0.0118995 -0.00027785 0.00204926 0 0 -0.00904158 0.0183772 0.00194484 0.00115969 -0.0138034 -0.00218695 -0.00544387 0 0.0145497 0.00633806 0.000854761 0 0 0 -0.00118238 0.073184 0 0 0.00299207 0.0101608 0 0 -0.00411184 0 -0.0138194 0 -0.0106805 -0.00856383 0 0 0.000961996 0 0.000366636 -0.0106753 0.0464996 0 0 -0.00535823 -0.0146389 0 -0.00300365 2.26542e-05 0.0179814 1.81449e-05 0 0 0 -0.00192067 -0.000214804 -0.0147743 0 0 0 0.00758979 0 0 -0.010982 0 0.00172942 -0.0108382 -0.00706254 -0.00505173 0 0 0.00809384 -0.0136953 0 -0.0119448 0 -0.00542351 -0.00326559 -0.00454785 -0.0061539 0 0.000974232 0.00318469 -0.0122553 0.0127014 0 0.0142669 0.00286444 -0.0242582 0.00279693 -0.00144087 -0.00302331 0 0.00126279 -0.00432267 -0.00528056 0.00038725 0.00845338 -0.00122453 -0.0048715 0 0.00341545 -0.00283238 0 0.00701534 0.00951179 -0.00218707 -0.00480447 0 -0.00458787 0.00838615 0.00826198 -0.00633126 0 0.0109358 -0.00305835 0.0023166 0 -0.00240407 -0.00362814 0.0191616 0 -0.0189898 0 -0.00112737 0 0 -0.00321955 0 -0.00152853 -0.00535931 0.00948267 -0.00952106 0 0 -0.00085998 0 0 -0.0148694 0 0 -0.0113384 0 0 0 -0.0047864 -0.00921264 -0.00385749 -0.00146299 -0.00393575 0 0 -0.00333724 2.5941e-05 -0.000185703 0 -0.00605663 -0.00188921 -0.001566 0.00470129 0 0.00112312 9.10188e-05 0 0.00268518 0 0 0.00349387 -0.00191583 0 0.00279879 -0.00465336 -0.00769594 0 -0.000463623 1.87213e-05 0.000380267 -0.00267461 0.0025362 -0.00102662 0 0.00104042 -0.000501688 0 0.000745579 0 0.00276789 0.00176467 -0.00395528 0 0 0 -0.00608232 0 0
-0.0423014 -0.0434049 -0.00150488 0 -0.0624281 0 0.000807109 -0.000171876 0 0.883638 -0.0383424 -0.0252143 -0.0382109 -0.00788602 -0.0018854 -0.0230501 0 0 0 -0.0345062 0 -0.00328166 0 0 -0.00203516 0 0 0 -0.0155972 0.0114449 0 0 0 1.30225e-05 0 -0.0228164 0 -0.00208503 0 0 0 0 0 0 0 0 -0.00201526 0 -0.00109313 -0.000894121 0 0 -0.0170945 0 0 0 0 0 0 -0.0177783 -0.0157939 -0.0115074 0 0 0 0 -0.00604474 0 -0.0100995 0 0 0 0 0 0 0 0 0 0 0 0 -0.000815395 -0.0230612 -0.000258103 1.14782e-05 0 0 0 0 -0.0200261 0 -0.00291987 0 -0.0184727 0 0 -0.00465428 0 0 0.00973782 1.09427e-05 -0.0136657 0 0 -0.00946255 0 0 0 -4.12179e-05 -0.00203345 0.0110896 -0.00520313 0 0 0 0 -0.00880849 -0.0186306 9.0057e-05 0 -0.00696293 0.000259366 0 0 0 0 0 0 0.00529164 0 -0.01639 0.000932698 -0.00654948 0 0 0.00317746 0 0 0 0 0 0 0 0 -0.0219914 0 0.00822613 -2.14626e-05 0 0 0 0 0.000639877 0 0 0 0 -0.00506986 -7.07538e-05 -0.0173512 0 0.00735645 -0.00582798 0 0 0.00692589 0 0 0 0 0 0 0 0 0 -0.00615444 0 0 -0.0146991 0 -0.00842921 0 0 -0.00106879 0 0 0 0 -0.00477767 0 0 0 0 0 0 0 0 0 0 0 -0.0117571 0 0 0 0 0 0 0 0 0 0.00763248 0 0 0 0 0
-0.0350861 -0.00507257 -0.00260452 -0.00489411 -0.0138379 -0.00204917 0 -0.00401105 0 -0.0383424 0.731961 -0.0190768 -0.0423218 -0.0909374 0 -0.0246429 -9.7645e-05 0 0.011071 -0.0674933 0 -0.000319457 0 -0.000290112 -0.000600578 0 0 0.013043 -0.00439196 0.00199104 0.000330896 0 0 0 0.0155762 -0.0116965 0 -0.0106872 0 0 -0.0132812 0.0071969 0 0 -0.00208688 0 -0.00424114 0 -0.0161742 -0.000809463 0.0218448 0 -0.000469971 0 0 0 -0.000318662 0 0 -0.0403523 -0.00423455 -0.0224086 0 0.00870631 -0.000950034 0 -0.00588397 -0.00203736 -0.000579498 -0.00256876 0 0 -0.00130908 -0.00128231 -0.00070716 -0.00134629 -0.00261537 0 -0.0291584 0 -0.000554454 0 -0.00447267 -0.00868949 0 -0.00019246 0.00542334 -0.000335227 0.00787924 -0.0206293 0 -0.018927 -0.0055871 -0.00347248 -0.000383016 0 0 0 0 0.0110029 0 -0.00195955 0.000575465 0.00254268 -0.0263885 -0.0013531 0.00905943 -0.000153811 -0.0322734 -0.0121613 0.0282886 0 2.03966e-05 -0.00118585 0 0 -0.0351979 -1.84532e-05 0.0138951 0 -0.00681936 0.00105971 0 0 -0.0016303 -0.00141172 -0.000441007 1.57636e-05 0.00558588 -0.00551853 -0.0156719 0.00670076 -0.00564514 0 -0.0049488 0.00391771 0 0 0 -4.18998e-05 0.0117097 -0.00131912 0 0 -0.15962 0 0.00392462 -0.0140014 0 -0.00181044 0 -0.000588431 0 -1.59067e-06 0 0 0 0 -0.00145633 -0.0227378 0 0 0 0 0 0.0130713 0 -0.000296232 0 0 0.0106268 0 -0.000633402 0 -0.00359842 -0.00237407 0 0 -0.000349366 0 -0.0044202 0 0 -1.97385e-05 0 0 0 0 -0.0166207 0.00368507 0.00134195 8.74673e-05 1.74995e-05 0 0.00224274 0 -4.83851e-05 0 0 0 -0.000350727 0 0 0 0 0 0 0 0 0 0.00673253 0 0 0 0 0
-0.0583177 -0.0593512 0 0.000155536 -0.0257544 0 0.00597784 0 0 -0.0252143 -0.0190768 0.863817 -0.0283826 -0.0242025 -0.0160453 -0.0279596 0 0.00798028 0.00309783 -0.028612 0 -0.0267217 0.000515859 0.00105066 0 0.00654599 0 0.0215976 -0.0133 0.00598139 0.00235491 0 0.000298589 0.00456798 0 -0.0161722 0 0 0.000943195 0 0 0 0.0202651 0 0 0.000570919 0 0 -0.00190135 0.000286548 0.00179004 0 -0.0231507 0.00179423 0.000496469 0 0 0 0.0167008 -0.0195961 -0.00440358 -0.0123571 0 0.000236913 0 0.000457165 -0.0441451 0 -0.00578011 0 0.00085596 0 0 0 0.00010265 0 0 0.00284253 0 0 0 -0.000487443 -0.0298225 0 0.00158995 0 0.00439819 0 0.000530834 -0.00327637 0 0 0 -0.0089674 0 0 0 0.00308018 0.00419667 0.00660698 0.00194049 -0.00380806 0 0.00833378 -0.000902732 0 0 0.00134779 0 -0.00035657 0.00779075 -0.00557103 0.000271006 0 0 -0.000357364 0 -0.0104678 0.0159232 0.000810159 0 0 0 0 0 0 0 0.0045725 0.0026644 0 -0.0227608 0.000826524 -0.0056056 0 0 0 0 0.00466661 0 0 0.00169831 0.00339116 0 0.000736813 -0.0174997 0 0 0 0 0.000201989 -0.000196411 0 0.00391808 -0.000341835 0 0 0 -0.00390878 0 -0.00666887 0 0.00884862 -0.00218593 0 0 0.0213603 0.000436962 0 0.0046094 0.000780649 0.00427208 0.000151049 0 0 0 -0.0188122 0 0 -0.00839779 0.00116723 -0.0101768 0 0 -0.021357 0 0 0.00533987 0.00108376 -0.00156364 0.00398448 0 0 9.81067e-06 0.000409814 0 0.000327994 0.000617143 0 0.000245159 0 0 0 0 0 0 0 0 0.00174985 0.00120136 0 0 0 0 0 0 0
-0.0230761 -0.0173846 0 0 -0.0245592 0 0 0 -0.00180272 -0.0382109 -0.0423218 -0.0283826 0.861911 -0.0116624 -0.0153925 -0.0285748 0 0.00875263 0 -0.0271843 0 -0.0164554 0 0 -0.00144499 0.000351579 0 0 -0.0179871 0.000858638 0.00439786 0 -0.00326838 -0.000662321 0 -0.0106147 0 0 0 0 0 -1.45187e-06 0 0 0 0 0 0 -0.00215474 0 0 0 -0.0192818 0 -6.03542e-05 0 0 0 0.00835934 -0.00372989 -0.00434569 -0.0301183 -0.00175355 0 0 -0.00351776 -0.0373301 0 -0.0146307 0 0.000421444 0 0 0 0 -0.00129725 -0.000843426 -0.00669607 0 0 0 0.000362489 -0.00977871 -0.00331239 0 0 0.0060479 -0.00536946 0 -0.0333681 0 -0.00514747 0 -0.0131865 -0.000245471 0 -0.00184151 2.4825e-05 0 0.0151832 -5.25437e-05 -0.0116736 0.00159369 0.0242075 -0.0159714 0 0 0 -0.00113163 -0.0106274 0.0134483 -0.00869249 0 0 0.00139563 -0.000128897 -0.0140235 -0.00887899 0.0192695 0 -0.00450045 0.000102654 0 0 0 0 0 0 0 -2.07176e-05 -0.0460371 0.00368719 -0.000719189 -0.00529243 -0.000363995 2.13543e-05 -0.0018148 0.00288823 0 -0.00108386 0 0 0 0 -0.0282146 0 0.000269693 0 -0.00176274 0 -0.00385957 -0.000120605 0 -0.00820287 0 0 0 0 0 -0.026083 0 0.000662694 -0.000401526 0 0 0.0284941 -0.000263417 -0.00373168 0 0 0 0 0 -0.00345925 0 -0.00362113 0 -0.000113266 -0.0028616 -0.000642562 -2.2778e-05 0 0 -0.00874223 0 0 0 0 0 0 0 0.000956504 0 -0.000745324 0 0 0 0 -0.000400173 0 -0.00515825 0 0.000602146 0 0 0 0 0.00672936 0 -0.000804627 0.000339765 0 0 -0.00250744 0 0
-0.0196274 -0.0163832 0 0 -0.0149282 -0.00174808 -0.0036632 0 -0.00184611 -0.00788602 -0.0909374 -0.0242025 -0.0116624 0.756026 0.0835775 -0.007655 0 0 0 -0.0220345 -0.000163977 -0.000923378 -0.0237639 -7.98552e-05 -0.00305201 0 0 0.00734383 0 0 0.0268847 0 0.000529167 -0.000967147 0 -0.00820209 0 -0.00789024 0 0 -0.0116764 0.00109633 -0.00249247 0.011202 -0.00818485 0 0 0 -0.0336067 0.011626 0 0 -0.00723906 0 0 -0.00060116 0 -0.000855622 0 -0.00692516 -0.00123982 -0.00456997 0.00295743 0 -8.49179e-05 0 -0.0261544 -0.000376384 0 -0.00100598 0 0 0 0 -0.00227856 -0.00107246 -0.0100641 0 -0.0359444 0 0 -4.33673e-06 -0.00155726 -0.00392752 -0.000171362 0 0.000102821 0 0 -0.00133415 0 -0.00581417 -0.00229716 0 0 0 0 0 -0.000372524 0 -0.00189686 0 0.00585181 0.00908044 -0.00374692 0 0 0 -0.00964324 -0.00177067 0.00439011 -0.000100286 0.0119033 0 0.00043845 -2.92299e-05 -0.0223057 0 0 0 -0.00108517 0 0 0 -0.0108443 0 0 0 0 -0.00386916 -0.00845043 0.00474554 -0.00026169 -0.000618615 -0.0028514 0 0 0 -0.0129558 -0.00119673 0 0 0 0 -0.0413776 0 0 -0.00270364 0 -0.00247676 0 0 0 -0.000477456 0 0 0 0 -0.00142343 -0.01181 0 -0.00728564 0 0 -0.000864348 0 0 0 0 0 0 0 0 -0.000549005 -0.0150274 0 -0.004852 0 0 -0.00300899 0 0 0 0 0 0 0 0 0 0.00859903 -5.10094e-06 0.000634598 0 0 0 0 0 0 0 0 9.45058e-06 0 0 0 0 0 0 0 0 0 0 0 0 0 0 0
-0.0218619 -0.00989354 0 0 -0.0340468 0.00123045 0.0362841 0 -0.0209499 -0.0018854 0 -0.0160453 -0.0153925 0.0835775 0.75608 -0.00748156 0 0.00574431 0.00734034 0.00553796 0 -0.0294363 0.0232886 0.0018504 0 0.00658496 0 0.00523015 -0.0530438 0.0205401 -0.00737583 0 0.0087243 0.00419386 0.000968995 -0.00022911 0 0 0.00174481 -0.00852581 0.0104716 0 0.00257451 -0.00428507 -0.0106567 0 -0.00105671 0.00149555 0 0 0.00211101 0.00055792 -0.024397 0.00332931 0.0150236 0.000289733 0 0.0192968 0.00277683 -0.0138501 -0.0191646 -2.88634e-05 0 0.00183157 0 0.00301479 -0.0090495 0.000242278 -0.0334378 0.00105054 0 0 0 0 0.0202339 -0.00401894 0.00923295 -0.00287286 0.0132336 0 0 -0.00530708 -0.00354523 0 0.00693805 0 0 -0.00963138 0.00314307 -0.0308961 0 0 0.00131701 -0.00838319 0 4.97244e-05 -0.0118482 0.00130967 0.00620176 0.00282197 0.00399016 -0.0132367 0.00550847 0 -0.0155193 0 0 0.0203225 -0.00174091 -3.12033e-05 0.0262897 0 0 -0.00773302 -0.00508206 0 0 -0.0152285 0.0104299 0.00185677 0 0 0 0.00346496 0.0149449 0 0 0.00105602 0.0043351 0 -0.0162939 0.000526083 -0.0203186 0 0 0.0104217 0 0 0.00232578 0.0021322 0.0153559 0.00148407 0 0.00015052 0 0 0 0.00316817 0 0.0141641 0 0 0.0165669 -1.67196e-05 0 0 0 -0.0198652 0 0 0.00347493 0.0318608 -0.0128292 0 0.000450842 0.0114597 0.00129977 -2.00751e-05 0.00240998 0.00699474 0.00205721 4.42529e-05 -2.62814e-05 0.00518159 0 -0.0178484 0.000979334 0 -0.00897844 0.00621815 -0.00997207 0 0 -0.0152796 0 0 0.00097955 0 -0.00934081 0 0 -0.00200628 0.000711134 0.00427011 0 0.00330193 0.00101933 0 0.0045967 0 0 0 0 0.000833187 0 -0.000932201 -0.011214 0 0 0.00214256 0 0 -0.00357164 0 0 0
-0.0127533 -0.0240581 -0.00383457 0 -0.010175 -0.00227335 0.0111578 -0.00107229 -0.00957454 -0.0230501 -0.0246429 -0.0279596 -0.0285748 -0.007655 -0.00748156 0.811358 0 -0.0024076 -0.0117908 -0.0187122 -0.000353584 -0.0199462 -0.000495934 -0.00041262 -0.00329303 0.00645666 0 0 -0.0601451 0.0247271 0.00864656 0 -0.0068572 -0.00899294 -0.00136773 -0.0153548 0 -7.4508e-05 0 0 -0.00165949 0.00542742 -0.00265962 0 0 0 0 0 -0.00664266 -0.000298752 -0.00373917 0 -0.026279 -0.002981 -0.010688 -0.00693231 -0.000505094 0 0.00176332 -0.0188034 -0.0104355 -0.0623859 -0.00438948 0 -0.000723331 -0.007904 -0.0447993 -0.00673357 -0.0577678 -0.00124765 0.00801294 0 0 0 -0.0011738 -0.0136348 -0.00231691 -0.0132979 -0.00125632 0 0 0.00767113 -0.00123101 -0.00690741 -0.00645426 0 0.0070685 -0.00824768 -0.00531212 -0.0335309 -0.0041036 -0.00712405 -0.00121814 -0.016776 -0.000863425 -0.00508736 0 -0.00153033 -0.000733398 -0.0014308 -0.00457104 -0.0112955 0.00321371 0.00444082 -0.0323845 0 0 0 -3.90401e-05 -0.0315626 0.0214204 -0.0242294 0 0 0.00285571 -0.010776 -0.0320896 0.00176941 0.00132585 -0.00314205 -0.0254972 0.00443373 0.00182741 -0.0013149 -0.00177161 0 0 -0.00144895 0.00571177 -0.00254023 -0.0493945 0.00749548 -0.00162706 -0.0121917 -0.00107189 0.00457151 -0.00468974 0.00280204 -0.0155242 -0.00691204 0.00177594 0 0 -0.00216682 -0.0236992 -0.00196216 0.00417056 0 -0.00372273 -0.00177895 -0.00763468 0 0 -0.0104303 0 0 -0.00195857 0.00138954 -0.00301942 -0.0166422 0.00105577 0.0158068 -0.0206568 0 0.000523023 0.00853255 -0.00299623 -0.0155677 -0.00183662 0.00258247 -0.00323566 -0.000887323 -0.00179497 -0.00227751 0.000403466 -0.0118795 0 -0.00562646 -0.0160333 -0.003395 -0.00395275 0 0 -0.00647277 0 0.000114654 -0.00124073 0 -0.00193207 -0.000931503 0.0010411 0.00414487 -0.00137759 -0.00752295 0.0027911 -0.000847238 -0.000624328 0.00637935 -0.00411614 0 -0.025437 0 0.00256191 -0.00159361 0 0.00517275 0 0.00211812 0 -0.00552367 0.00296196 0 0 -0.0105797 0 0
0 0 -0.0185047 -0.0164007 -0.000713539 -0.00258857 0 -0.00542764 0.00134941 0 -9.7645e-05 0 0 0 0 0 0.938672 -0.00239355 0.00888145 0 0 0.000115797 0 -0.00775475 -0.000337537 -0.00883482 -0.0359382 -0.00193563 0.00277792 0 -0.00535111 -0.028992 0.00832806 0 0.00246729 -0.000319508 -0.0113598 -0.00349444 -0.0331351 -0.0204413 0 0.0232549 0 0.000163314 -0.00313064 -0.0292104 -0.0140106 -0.0294972 0 -0.00396481 0 0 0 0 0 0 -0.0236075 0 -0.00649902 -0.000124217 -0.000809661 0.000709675 0 0 -0.00632199 0.00306654 0 -0.00977252 0 -0.00440537 -0.0139591 -0.00247719 -0.0106111 -0.000614593 0 0 0 0.0145831 0 0 -0.0138673 -0.0213535 0 -0.0168105 0.0140377 0 -0.0133674 0.000360424 0.0118511 0 0 -0.00270621 -0.00675457 0 -0.00333185 0 0 0 0.00623955 0.000995501 0.00107323 -0.000282392 0 -0.00204583 0 -0.0114008 -0.00132551 -0.0116148 -0.0236014 0 0 0 0 -0.00592729 0 0.000368265 0 -0.00423816 0 0 0.00603585 0 -0.002467 0.00168932 0 -0.0187565 -0.0124921 0.000754464 0.00973796 -0.00423592 0 -0.000680129 -0.0138929 0 -0.00902686 0.0104 2.21399e-05 -0.00789513 0 0 0.00552893 -0.0169771 -0.00461958 0 0 0 0.0123818 0 0 0 0 0.00680608 0 0 0.00028375 0 0 -0.00439503 -0.00300236 0.000514234 0 -0.00328534 0 -0.00374674 0 0 0.00343678 0 0.00681139 0.000299353 0.00668875 0 -0.000517975 0 -0.0122729 0 -0.000342818 0 0 0 -0.00523504 -0.00232589 -0.00340453 -0.000100609 0.0130033 -0.010979 0 -0.000381223 -0.0189604 2.80895e-05 0.00247383 0 0.00100975 0.00596613 0.00203636 0 0 -0.000773549 0.000853972 -0.0027183 0.00216377 -0.00260025 -0.000941203 4.94553e-05 0 -0.00176123 0 -0.00569869 -0.00408986 0.00313757 0.0092642 -0.00356124 0 0.00346158 0 0
0.0115219 0 -0.0112634 -0.0298879 0.0003118 -0.0428145 0 -0.000952014 0 0 0 0.00798028 0.00875263 0 0.00574431 -0.0024076 -0.00239355 0.858704 -0.00924485 0 -0.00274632 0 0.00720664 -0.0290837 0.00490841 -0.0159012 -0.00097313 -0.0348853 0 0 0 -0.0172706 0.00683001 -0.0179023 -0.00113774 0 -0.0211425 -0.00570665 -0.0147986 -0.00719734 0 0.000784423 -0.0150167 0.000652353 -0.00287686 -0.0146582 -0.0100364 -0.012204 0 -0.0138855 -0.00476466 0 0 -0.0158039 -0.0130975 -0.00117078 -0.0284917 -0.00016486 -0.00924955 0 0 -0.000907525 0 -0.00131119 -0.0178404 -0.00764181 0 -0.029365 0 -0.0139372 -0.00108857 -0.000333895 -0.00557742 -0.00389186 -0.000330928 -0.020257 -0.00085732 -0.00344971 0 0 -0.005271 0.0141263 0.00185115 -0.00492489 -0.00623232 -0.0081383 -0.000458356 -0.00932167 -0.00263471 0 -0.00615949 0.00424039 -0.0207126 0 -0.0075247 -0.0190395 0.0013057 -0.00537367 -0.00284243 -0.0159807 -0.00598301 0.0010101 0 -0.00317136 0 -0.0186027 -0.00685478 -0.00797567 -0.00430056 -0.00384781 0.00109444 0 -0.0124982 -0.00315974 0.0107842 0 0 0.011484 -0.00923802 -0.0045546 -0.0045935 0.00208398 0 0 0 -0.00523271 -0.00425471 -0.000467779 -0.00345477 -0.00893347 0 0 -0.00168627 -0.000358431 -0.0053151 0.00722427 0 0 0 -0.0131638 -0.00546833 -0.0154135 0 -0.00429397 0 0.000577884 0.00493374 0 0 -0.0202412 0 -0.000330362 0.000992583 -0.000315985 0.00222511 0 -0.0109794 0.00648977 -0.0200805 0 0 -0.00226892 0 0 -0.00647349 -0.00252401 0.000812022 -0.00037665 -0.00307789 -0.00400104 0.00249785 -0.00214038 -0.00490598 0 0 0 -0.0066645 -0.0107614 0 -0.00768058 0.00386663 -0.000287468 0 0.00623875 0.00194636 0 -0.00346739 -0.0106043 0.00466251 0 0.00177439 0.0194706 -0.00280775 -0.00285475 0.00140648 -0.00568839 -0.00360068 0 -0.00393089 0 -4.66247e-05 0 0 -0.00346685 -0.000797433 0.0176463 0 0 0 -0.00199375 0.00700184 0 0 0 0 0
0.00517429 0.00632217 -0.00187392 -0.000624308 0.00774011 -0.00931507 0.0168453 -0.00438179 -0.00545629 0 0.011071 0.00309783 0 0 0.00734034 -0.0117908 0.00888145 -0.00924485 0.807613 0 -0.00870655 -0.000536066 0.00711301 0.00752661 0.00713433 0 0.0111457 -0.00357566 0.00265939 0.018695 0.00429217 0 -0.0217269 -0.0296928 -0.0106032 0 -0.00127296 0 0 -0.000216648 0 0.000507795 -0.0169966 0.000605752 -0.001241 0 0.0158671 0.00210197 -0.00311137 -0.0100105 -0.0132669 0.00434642 0 -0.0287775 -0.0151462 -0.00263582 -0.00105639 0 -0.00315827 0.0109607 0.0127891 -0.023628 0 -0.00452738 -0.00529657 -0.0186277 -0.00662616 -0.00604384 -0.00224788 -0.00062504 0.00406984 -0.000675482 0 -0.00133633 -0.00473845 -0.0156631 0.00318147 -0.0213334 -0.00126298 0 0 0.0242038 0.00301414 0.00716813 -0.0430473 -0.0101366 0 -0.0469907 -0.0323196 0 -0.0281885 -0.00423154 -0.00327636 -0.00264654 -0.00656196 -0.0296946 0.00677048 -0.0338692 -0.0118418 -0.0275088 -0.0288075 0.0182689 0 0 -0.00102221 -0.000224078 -0.00391928 -0.00302725 0.0132346 -0.00967881 0.00104048 -0.00613007 -0.00823301 0 0.0102886 -0.00312658 -0.005353 0.0163153 -0.00727931 -0.0200937 -0.0243403 0.00266008 0 -0.0111042 -0.00259568 0.00181817 -2.50855e-06 -0.0188033 -0.0263095 -0.00751647 -0.00213166 7.11176e-05 0 -0.010408 -0.0029851 -0.0147412 0 0.00152049 -0.00434825 -0.0172735 -0.0273732 -0.00203006 -0.00047072 -0.0100688 0 -0.00665966 -0.00280631 0.00287267 -0.00463547 -0.0175895 -0.00462209 -0.0109739 -0.000395855 -0.0141997 0.00109211 0 -0.00262828 0.0230297 -0.000805033 -0.00672135 0 0.00764109 0 -0.000454528 -0.00916355 -0.00860596 -0.0242239 -0.00600429 -0.0204938 -0.0119425 -0.0143601 -0.0341397 -0.0117937 -0.00462698 0.0266282 0 -0.00609145 -0.0253877 -0.00210011 -0.0402449 0.0185283 0 0 0.0234657 0.000837609 8.58597e-05 -0.00412515 -0.00493819 0.0337952 -0.00483068 0.0016836 0.0144887 -0.0161637 -0.0464748 0.000331905 -0.00789174 -0.00519682 0.000866416 -0.0216189 0.001307 -0.0105493 -5.47031e-05 0.000326933 -0.00993683 -0.0108113 0.016077 0 0.00321616 0.00221683 -0.0105532 -0.000229194 0.00179923 0.00384801 0.00465928 0 0
-0.0283576 -0.0365063 -0.00158728 0 -0.00437273 -0.00124887 -0.00419901 0 -0.000165958 -0.0345062 -0.0674933 -0.028612 -0.0271843 -0.0220345 0.00553796 -0.0187122 0 0 0 0.751446 0 -0.010563 -0.0168007 0 -0.000569962 0 0 0 -0.00459677 -0.000230754 0.007652 0 0.00191594 0 0 -0.0132739 0 -0.00237142 0 0 -0.0185541 0.00354791 0 0 -2.4664e-05 0 0 -0.00166683 -0.0111838 0 0 0 -0.00107296 -2.60045e-05 -0.00116625 0 -0.00119482 -0.011269 0 -0.00313699 -0.00897068 -0.0203443 0 0 0 0.000262798 -0.0158787 -0.000199595 -0.00127715 -0.00136441 0 0 -0.000980176 0 -0.000703032 -0.00129596 -0.0289074 0.00190799 -0.00266817 0 -4.24664e-05 0.000725361 -0.011695 -0.00286816 0 0 0 -0.00394233 0 -0.0206556 0 -0.0323124 -0.000752725 -0.0101483 0 -0.00243397 0 0 -0.00114085 0 -0.000586859 -0.00381434 8.66157e-05 0.0114563 -0.0272804 -8.67709e-05 0 -0.00776611 -0.000537981 -0.0109812 0.00499212 -0.0122797 0 0 0.00233703 0 -0.0189851 0 0.00827846 0 -0.0141526 0.000775184 0 0 -0.000988569 -0.000594395 -0.000388446 0 0 -0.000339737 -0.0094972 0.00541453 -0.00222994 -9.94441e-05 0 0.00793097 -0.000344871 0 0 -8.9575e-05 0.00294551 0 -0.00214708 0 -0.0293316 0 0.00728234 -0.0192471 -0.000296229 -0.000786169 -0.0157173 0 0 -0.000236143 0 0 -7.02603e-05 0 -0.000567892 -0.0160649 0 0 0 -0.000860588 0 1.42493e-05 1.02968e-06 -0.00120413 0 0 0 0 0 -0.0152062 0 -0.000631633 -0.000552722 -6.39168e-05 -0.00174756 0 0 0 0 0 0.000321728 0 0 0 0 0 0.000571433 0.00387661 0 -6.49965e-05 0.00138263 0 0 0 -0.00533481 0 -0.00307051 0 0 0 0 0 0 0 0 -0.0028142 0.00430914 0 0 -0.00194987 0 0
0 0 -0.00800791 -0.00263639 0 -0.0134159 0.0011129 -0.0245149 0 0 0 0 0 -0.000163977 0 -0.000353584 0 -0.00274632 -0.00870655 0 0.890188 0 -0.000361281 -0.00199726 -0.0231819 0 0 -0.000237908 -0.00229219 0 0 -0.00272949 -0.00565095 -0.00563368 -0.000413377 0 -0.00610191 -0.00707359 0 -0.00134966 0 0.00891824 -0.00549514 0.000672082 -0.0262307 0 -0.00946877 -0.00136689 0 -0.022108 -0.00451191 0 0 -0.00941208 -0.00467618 -0.000228002 -0.00232854 0 0 0 0.00032746 -0.000771267 0 0 -0.0109115 -0.0054793 -0.000437107 -0.00936069 0 -0.00281251 0.00457501 0 -0.00122302 -0.0085713 -0.000208495 -0.00604385 -0.000934712 -0.00362151 0 0 -0.0100297 0.00309418 0 -0.00340629 -0.0100317 -0.0276112 0 -0.00517762 -0.00326561 0 0 -0.00251547 -0.00249131 -0.000848797 -0.00620669 -0.00486871 0.00336142 -0.00769446 -0.00196774 -0.00248362 -0.00293492 0.00010029 0 0 -0.00124096 -0.00600407 -0.010159 0 -0.00431362 -0.00243571 0.00262712 -0.000402606 -0.0261983 -0.00624268 0.00115286 0 -0.000243982 0.00211912 -0.00109964 -0.00815554 -0.00152026 0 -0.00291383 0 0 -0.0019828 -0.00753332 -0.00170329 -0.00208913 -0.0124291 -0.0006624 0 -0.0199242 -0.000848069 -0.0201703 0.00549683 0 0 0 -0.00843689 -0.00465267 -0.000174926 0 -0.00743423 0 -0.0155228 0.00229418 -0.00151437 -0.00333487 -0.00289536 0 -0.000842802 0 -0.00084185 0 0 -0.0021457 0.00211048 -0.00276763 -0.00142029 0 0 0 0 -0.0142547 -0.00113715 -0.000971389 -0.0044431 -0.00245325 -0.00648962 -0.00184464 -0.0104951 -0.01925 -0.00102651 0 -0.00393082 -0.00756395 -0.00598732 -0.000440537 -0.0026188 0.00125 0 0 0.00215842 0.0025568 0 -0.000576818 -0.00525191 0.00542164 0 0.00120208 0.00291363 -0.00664549 -0.00147373 0.00210618 -0.00150829 -0.00118969 -5.70057e-05 -0.00817714 0 -0.000464036 0 0 -0.00161335 -0.010545 0.006124 0 0 0 -0.000224939 0.00317507 0.00816242 0 0 0 0
-0.00420801 -0.0226425 0 0.0163381 -0.0130684 0 0.0271029 0 -0.00352314 -0.00328166 -0.000319457 -0.0267217 -0.0164554 -0.000923378 -0.0294363 -0.0199462 0.000115797 0 -0.000536066 -0.010563 0 0.767585 0.00704535 0 -0.00682497 0.0336526 0.000283373 0.018096 -0.040799 0.0226266 0.00516877 0.00152892 -0.0085045 0 -0.00105977 -0.0126492 0 0.00708092 0.00283844 0 0 0 0 0 0 0.000605241 0 0.00545379 -0.000235942 0 -0.00471543 0 -0.0280151 0 0 0 0 0 0.0159182 -0.00770966 0 -0.0242801 -0.00311873 0.00287072 0 -0.00722095 -0.0221908 0 -0.0067893 0 0.00943073 0.00171148 1.34545e-05 0 0 -0.00886245 0 -0.00483662 0 0 0 0.00270282 -0.00116294 -0.000799457 -0.000336204 0 0.00130349 -0.00846328 -0.00331026 -0.0116133 0 -0.0011472 0 -0.000427437 0 0 0 0 -0.00221859 0 -0.000574765 -2.86629e-05 0.0101751 0.0107204 -0.00423227 0.00598063 0 0.012538 0 -0.0130086 0.00136888 -0.00310925 -0.000204764 0 0.0014521 -0.0102002 -0.00224652 0.00107514 0.00961112 0 -0.0103173 6.7738e-06 0 -0.000166148 0 0 0 -0.00053421 -0.00048863 0 -0.0332284 0.0041204 0 -0.0178687 -4.30583e-05 0 -0.0113819 0.00972528 0 0 -0.000439075 7.29885e-05 0.00541294 -0.000522295 -0.000872745 0 0 0 -0.0261512 0 -0.0223055 -0.00141443 0.00647687 -0.0177637 0 0 0 0 0 -0.0119205 0.00911963 0.0141386 -0.00115583 0.00158363 0 0.020967 -0.000588249 -0.0169068 -0.00182743 -4.60566e-05 -0.00469191 0 -0.000276344 -0.000738476 0 -0.00612004 0 -0.00423563 0 -0.0011654 0 0.00222804 0.00483833 0 0 0 0.00876985 0 0.000258283 -0.00230826 0 0.000966111 -0.000698765 -0.00543011 0 0 0 0.00102655 -0.00182835 0 -0.00753266 0.00208111 0.00294448 -0.000600843 2.42547e-06 0.00050013 0 0.0110022 0.00308126 -0.00402982 0 0 0 -0.00777886 0 0
0.0010802 0.0104445 -0.000542562 0 0.00432869 -0.00507777 -0.164298 -0.000884614 2.55836e-05 0 0 0.000515859 0 -0.0237639 0.0232886 -0.000495934 0 0.00720664 0.00711301 -0.0168007 -0.000361281 0.00704535 0.883012 -0.00388154 -0.00154243 0 0 0 0.00667709 -0.0882962 0.00134455 0 -0.0119957 -0.0118965 0.000974297 0 0 -0.00064976 -0.00072953 0 -0.0187078 0.00213872 -0.0102158 0 0 0 0 -0.00495052 0 0 -0.00884997 -0.0133869 0.00149747 -0.00822678 -0.0112261 0 0 -0.015794 -0.000940176 0.00341282 0.000531209 -0.00211257 0 -0.0122045 -0.000243138 -0.00637573 0 0.00136773 0 -0.00283651 0 0 -0.00258728 -0.000318246 -0.00401946 -0.00441661 -0.0199876 -0.00434502 -0.00099446 0 0 0.00424987 0 -0.00533646 0.00105161 0 0 -0.0060185 -0.00292949 0 0 -0.00721496 -0.0032105 0 -0.00039506 -0.0033606 0.00116511 -0.00295052 -0.0172792 0.00583718 -0.0046774 0.00425232 0 0 -0.00259743 0 -9.72614e-05 -0.00583771 -0.00249876 -0.00213905 0.000611758 0 0 0 0.00117678 0 -0.00450527 0.00350754 -0.000635901 -0.00199617 -0.0016066 0 -0.00499812 -0.00116622 -0.0111224 -0.00557901 -0.000255582 -0.00216797 -0.00916748 -0.00376239 -0.000291188 0 -0.000463868 -0.000396935 -0.0024523 0.00148122 0 0 0 -0.00858323 -0.0101008 -0.00171608 -0.011839 -0.0028128 0 -0.000652283 0.00198374 -0.040695 -2.61352e-05 -0.00195837 0 0 -0.0793044 0 0 0 0 0.00787797 0 -0.00402475 0 -0.0254983 0 -0.0020832 -0.00166253 -0.000913855 -0.00556738 0 -0.00303252 -0.0100568 0.000448555 0 -0.00144247 -0.0138435 0 0.00636774 -0.0033687 -0.00469506 0 -0.00433902 0.010706 0 0 0.00384438 0.000432879 0 0 -0.00125994 -0.000506888 0 0.000791815 0.00967095 0 -0.00238664 0.00028416 -0.0091871 -0.00833039 0 -0.0119098 0 -0.000780379 0 0 -0.00145191 0 0.00272548 0.000912739 0 0 -0.00165603 0.00262986 0 0 0 0 0
