0.734978 0.0474887 -0.0403571 0.0290844 0.0160124 0.03264 0.0452645 -0.00645747 0.07669 -0.071376 0.133749 -0.0147916 0.00284473 0.0257942 -0.0130859 0.0210615 -0.00376884 0.0172787 -0.0213816 -0.00444242 0.020997 0.00992404
0.0474887 1.00045 0.120928 0.0604299 0.0684301 0.054011 0.0587689 0.0887673 0.026092 0.0449392 0.113649 0.0814527 0.00243313 0.0354919 -0.0519508 0.0369332 0.0190111 0.0679659 0.0149111 0.0469788 0.0168424 0.124701
-0.0403571 0.120928 0.983056 0.135449 -0.0419945 0.0487193 -0.109554 -0.101028 -0.0683465 0.188912 -0.133452 0.0193233 0.174533 0.033651 0.0314204 0.0970914 0.00369632 -0.115225 0.108126 0.125301 0.0360389 0.0353254
0.0290844 0.0604299 0.135449 1.12922 -0.075527 0.213445 -0.290046 -0.11944 -0.00666381 0.155898 -0.134811 0.00803361 0.141409 0.0896468 0.110003 0.0796643 0.0659241 -0.294305 0.0627944 0.1881 0.082416 0.00018847
0.0160124 0.0684301 -0.0419945 -0.075527 1.02287 -0.0831428 0.128242 0.0194326 0.0544466 0.0604712 0.152074 0.0164467 0.0300762 -0.0625261 0.0185473 0.0247387 -0.0162564 0.203728 -0.0701182 -0.00926785 0.111247 6.88479e-05
0.03264 0.054011 0.0487193 0.213445 -0.0831428 1.1237 -0.0952837 0.110392 0.00968376 0.0634138 0.00205343 0.132733 0.120273 0.354975 0.0722686 0.075004 0.0395846 -0.172596 0.0936389 0.12485 -0.140123 0.0115184
0.0452645 0.0587689 -0.109554 -0.290046 0.128242 -0.0952837 1.09039 0.12876 0.0296609 -0.1354 0.212898 0.0233573 -0.0630716 -0.0856107 -0.0448707 -0.129659 -0.0420878 0.309386 -0.0241824 -0.109538 0.0965835 0.147209
-0.00645747 0.0887673 -0.101028 -0.11944 0.0194326 0.110392 0.12876 1.06362 0.121126 -0.162801 0.145449 0.200711 -0.0550073 0.261432 -0.0909352 0.0406859 0.00827288 0.0888428 -0.00496994 -0.152171 -0.017381 0.261847
0.07669 0.026092 -0.0683465 -0.00666381 0.0544466 0.00968376 0.0296609 0.121126 0.906014 -0.164074 0.0749764 0.0722644 -0.0172652 -0.0265365 0.0460486 0.00827184 -0.0100781 0.0341414 -0.0313947 -0.0634654 0.0719208 0.0676162
-0.071376 0.0449392 0.188912 0.155898 0.0604712 0.0634138 -0.1354 -0.162801 -0.164074 0.975098 -0.133321 -0.0446902 0.101923 -0.0524123 0.0231605 0.154782 0.0150112 -0.0984057 0.173314 0.155488 -0.0313025 -0.0807066
0.133749 0.113649 -0.133452 -0.134811 0.152074 0.00205343 0.212898 0.145449 0.0749764 -0.133321 1.05773 -0.023629 -0.00985531 -0.00846186 -0.00212043 -0.0470557 -0.0268363 0.222564 -0.0668039 -0.0285052 0.0354529 0.0719813
-0.0147916 0.0814527 0.0193233 0.00803361 0.0164467 0.132733 0.0233573 0.200711 0.0722644 -0.0446902 -0.023629 1.09513 0.0160633 0.171506 0.0368302 0.144238 -0.0239554 -0.00367889 0.0509511 -0.0422845 0.0049302 0.0685337
0.00284473 0.00243313 0.174533 0.141409 0.0300762 0.120273 -0.0630716 -0.0550073 -0.0172652 0.101923 -0.00985531 0.0160633 0.851781 0.0799917 -0.0479668 0.072598 0.0324876 -0.054609 0.1803 0.154974 -0.0355091 0.0142157
0.0257942 0.0354919 0.033651 0.0896468 -0.0625261 0.354975 -0.0856107 0.261432 -0.0265365 -0.0524123 -0.00846186 0.171506 0.0799917 1.03401 -0.0167236 0.212391 0.0447618 -0.0358163 0.0539612 -0.0138404 -0.10232 0.100925
-0.0130859 -0.0519508 0.0314204 0.110003 0.0185473 0.0722686 -0.0448707 -0.0909352 0.0460486 0.0231605 -0.00212043 0.0368302 -0.0479668 -0.0167236 1.09717 -0.0636615 -0.0141194 -0.053624 -0.0961365 0.0159179 0.0898538 -0.019454
0.0210615 0.0369332 0.0970914 0.0796643 0.0247387 0.075004 -0.129659 0.0406859 0.00827184 0.154782 -0.0470557 0.144238 0.072598 0.212391 -0.0636615 1.16115 -0.0313238 0.0582578 0.043975 -0.0147608 -0.0384659 0.0788957
-0.00376884 0.0190111 0.00369632 0.0659241 -0.0162564 0.0395846 -0.0420878 0.00827288 -0.0100781 0.0150112 -0.0268363 -0.0239554 0.0324876 0.0447618 -0.0141194 -0.0313238 0.41441 -0.0461465 0.0258617 0.00353098 0.0083163 0.0582468
0.0172787 0.0679659 -0.115225 -0.294305 0.203728 -0.172596 0.309386 0.0888428 0.0341414 -0.0984057 0.222564 -0.00367889 -0.054609 -0.0358163 -0.053624 0.0582578 -0.0461465 1.11947 -0.102329 -0.0801306 0.0676973 0.167874
-0.0213816 0.0149111 0.108126 0.0627944 -0.0701182 0.0936389 -0.0241824 -0.00496994 -0.0313947 0.173314 -0.0668039 0.0509511 0.1803 0.0539612 -0.0961365 0.043975 0.0258617 -0.102329 0.832657 0.287022 -0.0532843 -0.00039622
-0.00444242 0.0469788 0.125301 0.1881 -0.00926785 0.12485 -0.109538 -0.152171 -0.0634654 0.155488 -0.0285052 -0.0422845 0.154974 -0.0138404 0.0159179 -0.0147608 0.00353098 -0.0801306 0.287022 0.833095 -0.0314277 -0.0559595
0.020997 0.0168424 0.0360389 0.082416 0.111247 -0.140123 0.0965835 -0.017381 0.0719208 -0.0313025 0.0354529 0.0049302 -0.0355091 -0.10232 0.0898538 -0.0384659 0.0083163 0.0676973 -0.0532843 -0.0314277 0.936658 -0.0111613
0.00992404 0.124701 0.0353254 0.00018847 6.88479e-05 0.0115184 0.147209 0.261847 0.0676162 -0.0807066 0.0719813 0.0685337 0.0142157 0.100925 -0.019454 0.0788957 0.0582468 0.167874 -0.00039622 -0.0559595 -0.0111613 1.08043