0.904138 -0.066301 -0.00987502 -0.00169177 0.0123427 -0.0128272 -0.0451425 -0.0442485 0.0111688 -0.000827785 0.00351606 -0.00730268 -0.0151019 0 0 -0.0382319 -0.0419593 0 0 -0.0518606 0 0 0 -0.0332781 -0.0172078 -0.00855951 -1.84893e-05 0 -0.00109231 0 0 0 0 -0.0186385 0.00501573 -0.0030304 -0.000128901 0 0 -0.000366193 -0.00925909 -0.0330701 0 0 0 0 -0.000809284 -0.0224469 0 -0.0180292 -3.97547e-05 -0.00258101 0 -0.0126114 0 0 0.0235934 -0.028925 0.00766827 0 -0.0129719 0 0 0.00749386 0 0 -0.0218416 0 0 -0.0330636 0 0 0 0 -0.00346424 0 0 -0.00158912 0 0 -0.00281093 0 0.00596924 0 0 0 0 -0.00132981 0 -0.0210982 -0.0192585 0.000453 -0.00233333 -0.00149121 0 0 0.0149687 0 0 0 0 -0.0121323 0.00704581 0.00071668 0.00452404 0 -0.00906993 -0.010056 0 -0.0205857 0 0 0 -2.78268e-05 -0.0075848 -0.00133455 -0.000499337 -0.000340041 0 0 0 0 -0.00261299 0 -0.0027336 0 -0.0106083 2.90287e-05 0.0115183 -0.000619425 0 -0.000699876 -0.0209888 -0.0147834 -0.00533133 -0.0480673 2.60209e-06 0 -0.000759694 -0.000423289 0.0023936 0 -0.0191419 0.01351 -0.00334117 -0.00392862 -0.000965141 -0.0129646 0.00324779 0 -0.00248994 -0.0273022 0 -0.00470763 -0.0348816 0 0 -0.00222884 0.000439862 0 -7.58335e-05 0 0 0.0178403 0 -0.0126183 0 -0.0126309 -0.000229745 0 -0.00534484 0 0 0 -0.00336765 -0.00372513 0 -0.0317201 -0.00447193 0 0 -0.0198467 0 -0.00111785 -0.000215962 -5.50851e-07 -0.000935662 -0.00111242 0 0 -0.0293097 0.000209974 -0.0108423 0.00765442 -0.00380252 0 0.00199375 3.087e-05 0 0 0 0 0 0 0 0.00167601 -0.00033548 0 0 0.0074059 0 0 0 0 0 0
-0.066301 0.894296 -0.00544389 -0.0037748 0.0309283 -0.00110483 -0.0474958 -0.0140462 0.0267783 -0.000559988 0.0208707 -0.00693536 -0.037725 0 0.00054873 -0.037336 -0.0364123 0 0 -0.0627109 0.000166751 0 -0.000172732 -0.0292725 -0.0330641 -0.0221851 0 0 0 0.00246336 0 0 0 -0.0207867 0 -0.00368958 0 -0.000785381 0 -1.93145e-05 -0.0215137 -0.028389 0.00168763 0 0 -2.93922e-05 -0.000696818 -0.0128519 0 -0.00314598 0 0 -0.0119183 -0.0419081 0 0 0.0137311 -0.0169283 0.00836093 1.93221e-05 -0.00631157 0 0 0 0 0 -0.0435648 -0.00596779 0 -0.0295306 0 0.00164205 0.0174036 0 -0.00158906 0 0 -0.00126068 0 0 -0.0189442 0 0.00813188 0 0 0 0.00484237 -0.00550194 0 -0.0460231 0 0 -0.000652191 -0.00462617 -0.00609915 0 0.014062 0 0 0 0 -0.0209723 0 0.00270434 0 0 -0.00367385 -0.00489429 0 -0.0218126 0 0 0 -0.00903163 -0.0116182 -0.00099896 0 -0.000161591 0 0 0 0 -0.00300481 0 -0.00195349 0 -0.00682318 0 0.0182152 -0.00157537 0 -0.000999164 -0.0174016 -0.00370768 -0.000650607 -0.0144337 -1.65719e-06 0.00248795 0 -0.00306385 0.00128434 0 -0.00770131 0.00617554 -0.000689891 -0.000663522 -0.000214114 0 0.00413021 0 -0.0212115 -0.0178339 -0.00046009 -0.00826005 -0.0227749 0 0 -0.00196535 0.0112029 0 0 -0.00489852 0 0.0190622 0 -0.015624 -0.00016229 -0.00323609 0 0 -0.0103999 0 0 0 -0.00267439 0 0 -0.034522 -0.00483131 0 0 -0.0157012 0 -0.00018289 -0.000941775 0.00246363 0 1.94706e-05 0 0 -0.0329174 0 -0.0344851 0.0015973 -0.0131682 0 0.00167059 0 0 -0.000602771 0 0 0 0 0 0.00177385 -0.00586232 0 0 0.00893611 0 0 0 0 0 0
-0.00987502 -0.00544389 0.910391 -0.00884561 0.00368361 -0.0450549 -0.00294102 0 -0.00050217 -0.0220254 -0.00214926 0 0 3.7115e-05 -0.00534271 0 1.53651e-05 0 -0.00639129 0 0.00270959 0 -0.0221686 0 -0.00335396 -0.00155332 -0.00633481 -0.0050989 -0.0108211 -4.85119e-05 0.000848626 -0.00670066 -0.00143026 -0.0108976 -8.39735e-05 -0.00145893 -0.0139867 -0.00525453 -0.00669218 -0.0152467 0 -0.00260808 0 -0.0109091 0 -0.0017057 -0.00973698 -0.0119973 0 -0.0204765 -0.0315812 -0.021605 0 -0.00737277 -0.00614411 -0.00143497 -0.00020956 -0.00317629 0.0104922 -0.0113982 -0.0120007 -0.0124213 0 0 -0.0041314 -0.00818272 -0.00231202 0 -0.00385608 -0.0139258 -0.00147486 0.00205344 -0.00215326 0 -0.0136559 -0.00360939 -0.00249622 -0.0035712 -0.00105403 3.9259e-05 -0.00041981 -0.001463 -0.00147677 0 0 0 0 0 -0.00436528 -0.00141915 0 0.015398 -0.00750939 -0.00490303 -0.000113628 0 0.00482719 0 0 -0.00554245 -0.00031047 0 0.00995995 0.00409725 0.00441707 -0.00357153 0 -0.0240203 0.000448725 0 0 0 0 0.00175526 -0.0142859 -0.0172363 -0.00681241 -0.000613459 -0.00212449 -0.000580886 -0.0183537 0 -0.00567383 0.000289526 -0.00922148 0 -0.0158179 0.00120233 -0.00162038 -0.00663009 -0.00417107 -0.0107589 0 0 -0.0136885 -0.00407365 0 0 -0.010993 -0.00555138 0.00564936 -0.00250766 -0.000465224 0 -0.0245285 -0.00869196 -0.00663086 0.000860897 0.00774917 7.12365e-05 -0.000967132 0 -0.00113174 -0.0140868 0 -0.00261716 -0.0024743 -0.00859849 0 -0.000943945 -0.00399652 0 0.00109962 0 -0.000704715 -0.0145175 -0.00836388 -0.0220239 -0.00545475 0.00517214 -0.00391781 0.00164674 -0.00320245 -0.00348718 -0.0225201 0.00218719 -0.0037777 -0.00279282 0 -0.000522226 6.33072e-05 -0.000864471 -0.00057213 -0.0121121 -0.00619648 -0.000829183 -0.0117658 -0.018297 0 -0.00264525 0 0.00923208 0 0 -0.00461578 0 0.0112351 -0.00277539 -0.00350136 -0.00264722 0.00374521 -0.00646242 0 -0.00520375 -0.00375448 0.00991288 -0.00235807 0 0 0 -0.000892002 -0.00345851 0 0 0 0
-0.00169177 -0.0037748 -0.00884561 0.91183 -0.000622768 -0.0136766 -0.0040237 -0.00745138 -0.000716774 -0.0188937 -0.00102422 -0.0167042 0 0.0236983 -0.00609332 0 2.25418e-05 0 -0.0157423 0 0.00406853 -0.000268269 -0.0064588 -0.000530788 -0.00156158 -0.00181085 -0.0152838 -0.00879924 -0.0137211 -0.00718655 0 -0.00961257 -0.00198762 -0.00507837 0 -0.00474675 -0.0269625 0 -0.0105951 -0.00570466 0 1.62968e-05 0 -0.0240564 0 -0.00051647 -0.00406084 -0.0166045 -0.000201596 -0.0183767 -0.0119345 -0.0153859 0 0 -0.0166367 0 0 -0.00215621 0.0144073 -0.0176311 -0.0485498 -0.00569918 0.00753169 0.00292222 -0.00123646 -0.0163648 -0.000595939 0.000637455 -0.00949605 -0.000925052 0 0 -0.000513611 -0.00265096 -0.00822201 -0.00225456 0 -0.0167185 0 0.00276855 0 3.47775e-05 -0.00611498 -0.000311953 0.00507859 0 0 0 -0.000711244 0 0 0.0215058 -0.0277889 -0.0099767 0 0.0172021 0.00859062 0 0 -0.0111187 -0.00679988 0 0.0121108 0.00226653 0.00675023 -0.00217318 0.00509666 -0.00915127 0.000726153 0 -0.00471457 0 -0.00278306 0 -0.00983755 -0.0249655 -0.0139696 0 0 0 -0.0188194 0 -0.0286717 0 -0.00625084 0 -0.0221539 0 -0.00116719 -0.0025459 -0.0069929 -0.0101758 0 0 -0.00295008 0 -0.0064379 -0.000862894 -0.019208 -0.00757548 0.00377587 0 0 -0.00581185 -0.0229199 -0.0178603 -0.0125088 0 0.0148744 0 0 0 -0.000971838 -0.0104306 0 -0.00829443 -0.00140451 -0.0927799 0 -0.0114333 -0.0126981 0 0.00171409 0 0 -0.0108195 -0.0103738 -0.0248829 -0.00652652 0.00359981 0 0.00407111 -0.000391656 -0.00527036 -0.0148145 0.00016041 -0.00203945 0 0 -0.00854759 0 0 0 -0.0197417 -0.0046347 -0.00416798 -0.00852931 -0.0156142 0.0132466 0 0 0.0101542 0 0 -0.0125478 0 0.00512567 -0.000200936 0.000277522 -0.000934964 0.00107046 -0.00512577 0 -0.00396721 -0.00108971 0.00551107 -0.00100347 0.0091939 -0.00218888 0 -0.00605025 -0.00734892 0.00157129 -0.00205264 0 -0.000451927
0.0123427 0.0309283 0.00368361 -0.000622768 0.8268 -0.00479154 0.00547287 0.0114469 -0.1634 0 -0.17493 0 0.0106517 -0.00825247 -0.0632938 0.0019901 0 -0.00860395 0 0.00814939 -0.00192464 -0.0146959 -0.00137372 -0.0240126 0.0147113 0.0606777 0.0264576 0.00128252 -0.00532489 0.00728703 0.012557 -3.45928e-05 -0.0245218 -0.00519734 -0.0302959 6.59107e-05 0 0.0031698 0.0175511 -0.00315432 0.000856881 0.0180999 -0.0195053 -0.00217031 0 -0.00298289 -0.0153879 7.40544e-05 -0.0522266 -0.00472291 -0.0155532 -0.00417544 0.0342113 0.010245 -0.000574902 0.0215185 -0.025218 -0.0453166 0.00060473 -0.00575811 0 0 0.000812302 -0.00796577 -0.0153893 0 0 0 0 0.0308906 -0.00881481 0.0113838 -0.0267406 -0.049236 -0.00324057 -0.0125638 0.01829 -0.00113153 -0.0117055 -0.0211019 0 -0.0135813 -0.0108351 -0.0468696 0 0 0 -0.0016921 -0.00282777 0 0.00510575 0.00204564 -0.00501627 0.00171764 -0.00546919 -0.00538554 0.00123388 -0.00101361 0 -0.0034515 0.0030117 0.0186366 -0.0073308 0.00659098 -0.0190883 -0.0112092 0 0 0 0.000763218 -3.81481e-05 -0.00452188 0 0.0093672 0.00864377 6.8612e-05 0 -0.00322845 -0.0127191 2.62877e-05 -0.0024686 0 -0.00332833 -0.0118434 0.0173966 -0.00025246 -0.002094 -0.0104575 -0.141808 -0.00718132 -0.0239982 0.0202482 0.0129302 0.0203219 0 0 -4.85775e-05 0.00645688 -0.00367504 -0.00836887 0.00877908 -0.00185917 0 -0.0080921 0.0108636 -0.00577915 0 0.00300454 0.000350952 -0.00193917 -0.000796929 0.00398047 0 0.0348635 0.00980421 0.000504186 0.0157825 0 -3.26763e-05 0.000416183 -0.000940421 0.0128002 0.00561245 0 0.0120844 0.00131473 -9.9031e-05 0 -0.0222598 0.00903054 -0.00306084 0.000153014 0.0032899 -0.000549901 -0.0028208 0.0266261 -0.0102892 -0.00303096 0 0.00206141 0.00351518 -0.00407813 -0.00797351 -0.00306454 -0.00774898 -0.00698309 -0.00705664 0 0.00512241 -0.0130997 0.0135219 0.000345388 0.00260079 0.00104122 0.0272138 0.0161167 0.000952323 -0.0107031 -0.00947761 -0.00234071 0.00991118 -0.00395209 0 -0.00422102 -0.0133306 0 -0.00105772 0.00664628 0 0 -3.42047e-05 0.00068124 0.0112323 0.001819 0.000484311 0
-0.0128272 -0.00110483 -0.0450549 -0.0136766 -0.00479154 0.904423 0 -0.00154026 -0.00508068 -0.0167929 -0.00734028 -0.00132404 0.00118062 0 -0.00823618 0 0 0 -0.00238626 0 0.00173997 -0.00139869 -0.00101944 -0.00263967 -0.00764075 -0.00396462 -0.0369662 -0.000829675 -0.0198731 -0.00556253 -0.00553451 0 -0.00428271 -0.017241 -0.00297747 -0.00247463 -0.0135488 -0.00575 -0.00793273 -0.0110529 0 -0.000272939 -0.00181763 -0.00961583 0 -0.00447673 -0.0180069 -0.0120457 -0.00312368 -0.0294077 -0.037002 -0.0159474 0 -0.00177954 -0.0109264 -0.00413167 0.00948483 -0.0024371 0.00849723 -0.00700754 -0.0178549 -0.00197678 0 0.00133798 -0.00988144 -0.0141635 -0.00368569 0 0 -0.0131916 -0.00429565 0.0103259 -0.00650827 0 -0.0732321 -0.00677827 -0.0139091 -0.0089515 -0.00392115 0 -0.0020563 -0.00452639 0.000193625 -0.00369547 0 0 4.3451e-05 -0.0005703 -0.00800367 -0.00320949 0 0.00667225 -0.024815 -0.00762291 -0.00234371 -0.00117983 0.00230587 0 0 -0.00618168 -0.000421072 0 0 0.0125302 0.000352694 -0.00849723 0 -0.00857595 0 0 0 -0.00115758 0 0.00509285 -0.0133442 -0.0141077 -0.00564361 -0.00268002 -0.00804792 -0.000708083 -0.0104769 0 -0.00857075 -0.00746421 -0.00859034 0 -0.0215761 -0.00409775 -0.00612499 -0.0123371 -0.00164551 -0.0126906 0 0 -0.00986013 -0.00410263 0 0.00104793 -0.0225155 -0.0102173 0.0133838 -0.00555412 -0.000955025 0.000705166 -0.0108844 -0.0308192 -0.00192278 0.00697476 0.00848693 -0.00309776 -0.00222512 0.000551998 -0.00401551 -0.0114398 -0.000750062 0 -0.0122911 -0.00832114 0 0 -0.00588055 0 0.00353193 0.00087891 -0.00426629 -0.0138549 -0.00976929 -0.00693804 -0.0141041 0.0260526 -0.00169776 0.00108087 -0.0102228 -0.00309375 -0.0145356 0.00643512 -0.0077516 -0.00438664 0 0 -0.00584264 -0.00331198 -0.00540996 -0.00832336 -0.0101248 0 -0.0136536 -0.026624 -8.96018e-07 -0.00821613 0.00242097 0.00485746 0 0.00125728 -0.00100919 0 0.0099308 -0.00695267 -0.00760564 -0.0057944 0.00789448 -0.010215 0 -0.00650392 -0.00878363 0.00273933 -0.00468857 0.000304041 0 0.00103166 0 0 0 0 0 0
-0.0451425 -0.0474958 -0.00294102 -0.0040237 0.00547287 0 0.915242 -0.0157818 0.00542567 -0.0179869 0.00280315 -0.0211929 -0.0175467 0.000511516 0.000886903 -0.0557563 -0.0166056 0 -0.00137007 -0.0442519 0.00134409 0.000646999 -0.00086162 -0.0258121 0 0 0.00405544 -0.00308066 0 -0.00680515 0.00655264 -0.00175312 0.000562536 0 0.000345436 0 -0.00322904 0.0186777 -0.00104543 -0.00257103 -0.000678831 -0.0222751 0.00182423 -0.00102906 0 0.000946742 0.000865624 -0.0154071 0.00154197 -0.00599252 0.00037744 -0.0042656 0 -0.00512212 0 0.00270149 0.0110167 -0.0188705 0.00690464 0 -0.00616342 0 0 0.00393654 0.00368803 0 -0.000167287 0 0 -0.00462341 0.00209034 -0.00403959 0.00714595 -0.00766755 0 0.0208234 0.00249766 0 0.00162394 0.00125348 0 0.00244549 -0.000838165 0.00063022 0.000920322 0 0 0 0.0013843 -0.00932653 -0.00023082 0.00278586 0 0 0 0.00479676 0.00921617 5.11946e-05 0 0 0 0 0.00617154 -0.00200228 0.0172768 0.0172894 0 -0.0158037 0 -0.00497164 -0.00056396 0 -0.000675 -0.00549829 0 0 -0.0106329 0 0.00470371 0 -0.000174704 0 0 0.0104989 0 0 -0.00260203 0.00315402 0.00299909 0.00238328 0 0 0 -0.00180847 0 -0.0179546 -0.00111198 0 0 0.00181664 -0.00164263 0 0 -0.00103332 -0.00609371 0 -0.0270894 -0.017719 0.00683703 0.00329083 0 -0.00290408 0 0 -0.0163429 -0.000267863 0 -0.00215726 2.48407e-05 -0.00159273 0 0.00349302 0 0 0.000661045 0 0.000217903 -0.0312757 0 -0.00167022 0 2.9029e-05 0 0 -0.014786 -0.0133839 0.00150688 -0.00897872 0 -0.00148535 0.00288 0 0.00225485 0 0.000947823 -0.0013033 0.000230919 0 0.00638294 0.0037785 -0.0158979 0.00277492 -0.00740684 0 -0.00227965 0 0.00400625 0.00301496 0.0135352 0.00184347 -0.00366993 0 0 0 0.00219828 0.0014156 0 0.00301618 -0.00149132 0 -0.000335519 -0.00611844 0.000681629 -0.000926522 0 0
-0.0442485 -0.0140462 0 -0.00745138 0.0114469 -0.00154026 -0.0157818 0.693966 0 0 0 -0.105202 -0.00144224 0.0111752 -0.00036803 -0.0261993 -0.0132506 0 -0.00196158 -0.0309079 0 -0.0133617 0 -0.0586382 -0.0375781 -0.0246698 0 0 -0.000549759 0 0 0.0402498 -0.0288067 -0.00323739 0.00578187 -0.0100726 -0.002457 0 0 0 0 -0.000244703 -0.0109963 0 0 0 -0.00801089 -0.00648126 -0.025745 -0.0216161 0 -0.000705199 0.00488791 0 -0.000665675 0 0.010622 -0.00238509 0.000754142 0 -0.00436344 0 6.3131e-05 0.0130072 0 0 -0.0197176 0.0269383 2.19935e-06 0 0 0 -0.000237752 -0.0163548 -0.00146712 0.00802822 0 -0.00203163 -0.000989535 0 0 0 0.0121898 -0.0330787 0 0 0.0010415 0 0.0131482 -0.0169716 -0.0205351 0 -0.000588315 -0.00371556 0 2.45472e-05 0.00516927 0 0 0 -0.00154298 0 0.000936108 0 0.0108983 0 0 -0.00359767 0 -0.0441035 0.000705428 -0.0134942 0 -0.0398496 -0.00212169 -0.000400459 -0.00550683 0 0 0 -0.0115462 0 0 0 -0.0184078 0 -0.00444954 0 0.0036369 -0.00138706 0 -0.00413413 0 -0.167099 -0.000309632 -0.0139583 0 0 -0.000232835 -0.00037215 0 -0.000287909 0 0.01483 0 -0.00373545 -0.00193124 -2.62034e-05 0 2.70917e-05 0 -0.008296 0 0 -0.027102 0 0 -0.00351059 0.000164088 -0.00186406 0 0 0 0.0252875 0 -0.00119762 0.0132503 -0.00116498 -0.000440121 0 0 0 0 0.00342005 0 -0.0148171 0 -0.00464338 -0.00136707 0 0 -0.00655459 0 0 -0.00386842 0.00241944 0 -0.00106193 0.0175588 0 -0.00760133 0 0 0.00603872 -0.0223249 0 0 0.0192413 0.0126756 0 -0.020208 0 0 0 0 0 -0.00121084 0.00477871 0 0.00385594 0 0 0 0 0 0
0.0111688 0.0267783 -0.00050217 -0.000716774 -0.1634 -0.00508068 0.00542567 0 0.81055 0 -0.133056 0 0.0227562 -0.0029581 -0.0683865 0.00399796 0.00219483 -0.0100898 0 0.0107881 -0.00402137 -0.0205443 -0.00230349 -0.00573533 0.0292731 0.0410631 8.22056e-05 0.000966366 -0.00382708 0.005336 0.0153784 -3.4345e-05 -0.045349 -0.00154839 -0.0261771 0 0.00370309 0.00524833 0.0184467 -0.00141393 0.0100934 0.0283927 -0.0306005 -0.00104389 0 -0.00136626 -0.0112344 0.0361083 -0.0492083 -0.00268806 -0.00986592 -0.00317873 0.0265201 0.0382375 0 0.0170693 -0.01414 -0.0131962 0 -0.00741637 0 0 0.000900445 -0.00565789 -0.0107358 0 0.0163953 2.77576e-05 0 0.0367336 -0.00733916 -0.00462417 -0.0509148 -0.0348723 5.6665e-05 -0.00921674 0.0120548 0 -0.0180768 -0.0100145 6.88518e-05 -0.00973664 0 -0.0250814 4.8075e-05 0 0 -0.0015497 0.0201019 8.11056e-05 0.00308453 9.25955e-06 0.000858432 0.00414909 -0.000941262 0.00239739 0 -0.000244756 0 -0.00137791 0.00137002 0.0215848 -0.00546605 0.00181908 -0.0155002 -0.0076909 -0.000914743 0 0 0.00057024 -3.76755e-05 -0.00239532 0 0.00787335 0.000838187 5.73175e-05 0 0.00199898 -0.00999289 0 -0.00119667 0 -0.00112354 -0.0116797 0.0181288 0 -0.000782655 -0.00739863 -0.123349 -0.0126556 -0.0113261 0 0.0177554 0.00266645 0.022889 0.00208515 -4.75041e-05 0.00328459 -0.00177629 0.00494519 0.00797357 -0.00164365 0 -0.0038622 0.0160726 -0.0038641 0 0.00319654 0 -0.00407411 7.11751e-05 0.00325236 0 9.55778e-05 0.0195489 0 0 0 -3.14274e-05 0 -0.000320082 0.024982 0.00218881 0 0.0120967 0 0.00722284 0 -0.0138559 0.0165419 0.00092748 0 -0.00182779 0 -0.00098915 0.00576267 -0.00966511 0.00115604 0 0.00191828 0.0111362 -0.00202087 0.000418657 -0.00111973 -0.0028842 -0.00618161 -0.00962303 0 0.00684191 -0.00916806 0.012728 0 0.015912 0 0.00864161 0.000545081 0 -0.00789941 -0.0101158 0.00599228 0.00637104 0.00175311 0 -0.000494421 -0.0104443 0 0 0.000308182 0 0 0 0.000134145 0.0120704 0.000504518 0.000194125 0
-0.000827785 -0.000559988 -0.0220254 -0.0188937 0 -0.0167929 -0.0179869 0 0 0.860566 0 -0.00457094 -0.00301261 0.0125501 -0.00470074 0 1.80754e-05 0 -0.00766781 0 0.00579531 0 -0.00646168 0 0 -0.000886059 -0.00305926 -0.00375004 -0.00393984 -0.0021349 0 -0.00851588 -0.00170273 -0.0123703 0 0 -0.0156244 0 -0.0244587 -0.0321169 0.00538259 0 0 -0.00309568 0 -0.000891832 -0.00458421 -0.00507095 0 -0.0140075 -0.00595345 -0.0254964 0.00039424 0 -0.000889916 0 0 -0.0088404 0.0158877 -0.00314019 -0.0189138 -0.00157103 -0.00112316 0.00814083 -0.00112212 -0.000883083 0 0 -0.0234854 -0.00615292 -3.5419e-05 0 0 -0.00827639 -0.00906451 0 -8.23005e-05 -0.00185114 0 0.00519871 0 0 -0.00155406 0 0 0 0 0 -0.00138077 -0.00329506 0 0.0123752 -0.00897105 -0.00281564 -0.00151503 0 0.00770054 0 0 -0.00930041 -6.5773e-05 0 0.0128457 0 3.62228e-05 -0.000778009 0 -0.00590626 0.000123152 0 -0.00636149 0 -0.00280324 0 -0.00892792 -0.0110159 -0.0134338 0 -0.000626476 0 -0.00953322 0.000715281 -0.00809695 0 -0.00363512 0 -0.0081021 0 0 -0.00261416 0 -0.0171585 0 0 -0.00227073 -0.00112319 -0.00424568 0 -0.0119349 -0.001355 0.00382026 -0.000754912 0 -0.00542128 -0.0144934 -0.00932886 -0.00767455 0 0.00690106 0 -0.000208132 0 -0.00153832 -0.00272728 0 -0.00439144 -0.00167406 -0.00911702 0 -0.0073038 -0.00292863 0 0 0 0 -0.024407 -0.00230096 -0.0464079 -0.00289485 0.00748589 -0.000553049 0.00369994 -0.00143911 -0.00264108 -0.0355249 0 -0.00232032 -0.00116789 0 -0.00457339 0 -4.15151e-05 0 -0.00377204 -0.00297374 -0.00483083 -0.0100388 -0.00584579 0 0 0 0.00752033 0 0 -0.00212312 0 0.00714332 -0.000145965 0 -0.00261743 0 -0.00543001 0 -0.0192568 -0.00126287 0.00814478 0 0 -0.00180809 0 -0.00235218 -0.00467142 0 -0.00227369 0 0
0.00351606 0.0208707 -0.00214926 -0.00102422 -0.17493 -0.00734028 0.00280315 0 -0.133056 0 0.851268 -0.00217033 0.00830125 -0.00470886 -0.0330614 0 0 -0.0113634 0 0.00515493 -0.000299348 -0.0142174 -0.000838072 -0.00956388 0.00360479 0.0623316 0.0136457 0.000996334 -0.00484387 0.00574693 -0.00338748 -3.64929e-05 -0.0128143 -0.00444777 -0.0292144 0 0 0.000526091 0.00556584 -0.00285919 0.00114518 0.0136643 -0.0224785 -0.00104525 0 0.0122097 -0.0141178 0 -0.0318884 -0.00323851 -0.0127009 -0.00425326 0.0337469 0.00506964 0 0.0122148 -0.0144711 -0.041126 0.000306845 -0.00356914 0 0 0.00124912 -0.00642257 -0.0132811 0 7.34091e-05 0 0 0.0212972 -0.00754101 0.00720847 -0.0240863 -0.055038 -0.0024868 -0.00945315 0.00383455 -0.000438686 -0.01019 -0.0149785 0 -0.00970172 -0.00280748 -0.0292967 0 0 0 -0.00212754 -0.00477351 0 0.00353133 0 -0.0035753 0.00292672 -0.00379002 -0.00879098 0.00167269 -0.00021201 0 -0.00390405 0.00130121 0.0101178 -0.00598955 0.00234325 -0.0154128 -0.00793321 -0.000944945 -0.000286504 0 0.00111001 0 -0.00601141 -8.73853e-06 0.00732303 -0.00352217 -0.00214397 0 -0.00334238 -0.0130787 -0.000279108 -0.00273961 0 -0.00226795 -0.0087147 0.00628709 0 -0.00122868 -0.00982179 -0.0919137 0.00544985 -0.0198605 0.0105144 0.0130463 0.0140198 0 0 0 0.0044199 -0.0024474 0.00729176 0.00977039 -0.00261525 0 0.00121225 0.00748574 -0.0052131 0 0.00630895 0.00024926 -0.00415594 0.00136028 0.00386431 0.0127738 0.000106706 0.00358433 1.14182e-05 0.00241274 0 0 0.000788847 -0.000360972 0.0143415 0.00310384 0 0.00136971 0.00211863 3.60467e-05 0 -0.00822163 0.00584599 -0.00185298 0 0.00649497 -0.00108432 -0.00240472 0.00935205 -0.0093789 -0.00269496 0 0.00239088 -0.00204664 -0.0035732 -0.00937555 -0.00141398 -0.00403769 0.00114552 -0.00748547 0 0.00526484 -0.0094272 0.0115613 0 9.14626e-05 0.00131307 0.0182692 0.00298429 0.000504853 -0.00972254 -0.00802371 0.00684116 0.0080208 -0.00319949 0 -0.00352207 -0.0107863 0 -0.000316698 0.00244724 0 0 0 0 0.00810685 0.00100872 0 0
-0.00730268 -0.00693536 0 -0.0167042 0 -0.00132404 -0.0211929 -0.105202 0 -0.00457094 -0.00217033 0.73963 0.018668 0.0180852 -0.00172026 -0.01302 -0.0235139 -0.00100434 0 -0.0187757 0 -0.0397883 0 -0.0391933 -0.00652207 -0.025203 -0.000408546 0 -0.00126018 0 0 0.0141188 -0.0364867 0 0 -0.0110782 0 0 -0.00122768 0 0 0 -0.0161859 0 0 0.0237006 -0.00374198 0 -0.00841703 -0.00435665 0 -0.0016951 0 0 0 -0.000241342 5.31878e-05 -0.0016443 0.000857136 -0.00132052 -0.0202237 0 0.000623578 0 -0.000824946 0 -0.0179218 0.0176253 0.00143127 0 0 0 -0.0021028 -0.0177892 -0.000891687 0.0349115 -0.000806152 0 -0.00193253 0 -0.0176006 0 0.0107564 -0.00915999 0 0 0 0 5.57078e-05 -0.0204528 -0.0293311 0 -0.00102429 -0.00167822 -0.00514053 0 0.00340662 0 -0.00575215 -0.000125856 0 -0.0059327 0 0 0 0 -0.00196086 -0.0174302 0 -0.00941394 0 -0.00451315 0 -0.0367414 -0.00201393 -0.000650964 0 -0.000976939 -0.00220203 0 -0.012991 0 -0.000665119 -0.00180185 -0.00255583 0 -0.00369239 2.54685e-05 0 -0.00555111 0 -0.00528475 0 -0.0412497 0 0 0 0 -0.00138719 0 0.000959312 0 0 0.00516608 -0.000407857 -0.00563011 -0.00220845 0 0 -4.16805e-05 -3.68799e-05 0 -0.00132361 0 -0.021075 0 0 -0.00449007 0.0172924 0 0 0 0 0.0324443 0 -0.000740104 0 -0.000216898 0 0.00170626 0 0 0 0 -0.000839761 -5.51804e-05 -0.00185899 -0.00731368 -0.000278232 0.000444009 -5.29027e-05 -0.0273899 0 0 -0.00183468 0.00273743 0 0 0 -0.000129315 0 0 -0.00966151 0.022041 -0.00401354 0 0 0 0 0 0 0 0 0 -0.00101499 0.000120587 0 0 0.000918398 0.0161411 0 0 0 0 0 0
-0.0151019 -0.037725 0 0 0.0106517 0.00118062 -0.0175467 -0.00144224 0.0227562 -0.00301261 0.00830125 0.018668 0.790976 0 0.00234101 -0.0251946 -0.0183681 8.99593e-05 0 -0.0325281 7.40555e-05 0.0246262 0 0.0236383 -0.00653074 0 0.00391522 -0.000599362 0 -8.22859e-05 0.00779589 -0.00305807 0.0106347 -0.0187498 0.00124815 0 0 0.00383221 0 0 -0.00100018 -0.0204809 0.0194669 0 0 0 0.00162274 -0.0186734 0.0169544 0 0.0031864 0.000272909 -0.00800157 -0.033469 0 0 0.00732321 0 0 0.0126115 0 0 -0.00538163 0.00258293 0.00410673 0 -0.0141493 0 -0.0132373 -0.0171806 0.0110981 -0.00398849 0.0342814 0 0 0.00241956 0.00192685 0 0.0033111 0.00324271 0 0.00261509 -0.000868638 0.00996967 0 0 0 0 0.00238636 -0.0179183 -0.015156 0 0 0 0 0.002054 0.0217884 0 0 0 0 0 0.00293136 -0.00638296 0.0177314 0.00262506 0 0 0 -0.0305975 -0.00521111 0 0 -0.00334435 -5.94036e-05 0 0 0 0.00347265 0 0 0 0 0.00397798 0 0 -0.00920897 0.00261614 0.0107426 -0.000289024 0.0173662 -0.0154122 -0.00275629 -0.00112445 0.00181548 -0.00480192 -0.00190039 0 0 0.000388123 -0.00173793 0.00101181 -0.0064747 -0.00190549 0 0 0 -0.00293802 0.00764993 0.00189586 0 -0.0124585 0 0 -0.015908 2.60279e-05 0 0 2.39642e-05 -0.00830045 0 0 -0.0149502 0.0125627 0.000678567 0 0.00113662 -0.00652871 0.000808868 -0.00114049 0 0.000529991 0.000674225 0 0 -0.00961426 0.00255452 -0.0108256 0 -0.00638528 0.00185084 0 0.00155338 0 0.00227285 -0.00150596 0.00155036 0 0.003129 0.00393637 -0.00579638 0 -0.00773461 0 -0.0219106 0 0.00116373 0.00343607 0.00355029 0 -0.0160237 0.000310423 0 0.000580445 0.00341101 0 0 0.00172561 -0.0015299 0 0 0 0 0 0 0
0 0 3.7115e-05 0.0236983 -0.00825247 0 0.000511516 0.0111752 -0.0029581 0.0125501 -0.00470886 0.0180852 0 0.748408 -0.000952838 0 0 0 0.00825244 0.000767 0 0 0 -0.0101975 0 0.034842 -0.00087458 0.00904695 0 0.00833506 -0.00699315 0 0 -0.000613074 -0.015812 0 0.00215811 -0.0107908 0.00560348 0 0 -0.00293817 0 0 0 -0.00136372 -0.00480116 0 -0.00179998 3.00904e-05 0.00015984 0 0.0555954 0 0 -0.00236519 -0.0239321 -0.00556817 -0.0019382 0.00153583 0.0131804 0.00890522 0.000495204 -0.00310999 -0.00724463 0 0 -0.0160993 0.000654846 0 -0.00262006 0.00542036 0 -0.0186105 0 -0.00140914 -0.00215196 0 -0.0041262 -0.0333374 0 -0.00418722 -0.00377516 0 -0.0284172 0 0 0 -0.00199937 0 0.000269991 -0.00184732 0 0 -0.00106466 -0.0151972 0.01719 -5.7902e-06 -0.0134494 0 0.000618047 0 -0.004318 0.00236923 -0.00750544 -0.00350286 -0.00202021 0.00463185 0 0 0 -0.0014704 9.45621e-05 0.000895864 0.000707302 0 0.00334898 -0.0169697 -0.011678 -0.00086931 0.0162555 0 0 -0.00648203 -0.000919269 -0.000497839 0.00400309 -0.00356619 -0.00257854 -0.00521575 -0.00203805 0 0 0.0013615 0 0.000224181 0 0.00349398 0.00294757 -0.00265271 0.00271513 0 -0.00305694 0.000357108 0.0060595 0 0.000139132 0.00417403 0 -0.00355034 0 -2.80959e-05 -0.000270077 0 0 0.000831824 -0.000626941 0.0144697 0 0.00085829 0 -0.0011042 -3.33346e-05 0.0010726 -0.000881511 0 4.45255e-05 0.0190962 -0.00122372 0.00200545 -0.00330493 0 0 0 0.00866206 0.00193363 -0.0015683 0 -0.0203724 0.00171359 -0.0202378 0 -0.00295393 0 -0.00162498 0.00130236 6.15138e-05 0.00114159 -0.0104708 -0.0080766 0.00367325 -0.000106106 0 0.00120723 0.0074254 0 0 -0.00432297 -0.00580954 -0.00184782 0.00169352 -0.00105314 0 0 -0.00310641 0 0 -0.0142596 0 0.000607753 0.00115434 0.00328407 -0.00122897 0.00107719 0 0.000160595
0 0.00054873 -0.00534271 -0.00609332 -0.0632938 -0.00823618 0.000886903 -0.00036803 -0.0683865 -0.00470074 -0.0330614 -0.00172026 0.00234101 -0.000952838 0.803962 0 0 -0.000105413 -0.000447449 0.000148844 0 -0.00294975 -0.0518615 -0.00480501 0.0116173 -0.00221545 -0.0105039 0 -0.00514714 0.00287592 -0.00404482 -0.00795253 -0.012936 -0.000416516 -0.00363596 -0.00317068 -0.00372373 -0.00378842 0 0.00942054 0.0666692 0 -0.00518391 -0.00376271 0 -0.0014275 -0.0157177 -0.00540162 -0.00749915 -0.00648101 -0.010591 -0.00501488 0.0181104 0 -0.0024271 0.017844 -0.0236548 -0.00333052 0.00584314 -0.0108272 -0.00370923 -0.0359048 -0.00276506 -0.00329491 -0.0118553 0 0 0 -0.00280246 0.0223003 -0.0154566 0.00510995 -0.00967499 -0.00834248 -0.00558459 -0.00697953 -0.0082514 0.000322029 -0.0150394 -0.000960009 -0.000971391 -0.0280115 -5.7836e-05 -0.00617163 0 0 0 -2.09279e-05 0.0052727 -0.00884255 0 0.00818637 -0.00435709 -0.00797624 -0.00332635 -0.00873528 0.00117328 -0.000134026 0 -0.00763967 -0.00789701 0 -0.000112867 0.00217996 -0.0113661 -0.00734917 0 -0.0130693 0 -0.00689552 -0.0144422 -0.00166715 -0.0343516 0.00742004 -0.00836169 -0.00682125 -0.00398183 0 -0.0123753 0 -0.00440268 0.00018419 0.00211473 -0.0108089 -0.00551785 -0.00145901 -0.00355826 -0.00608615 -0.0285256 -0.0148083 -0.00272736 -0.00731214 0.019897 0 0 0 -0.0486925 0.00323611 -0.00553297 -0.0139723 0.00840384 0.00504978 0 -6.22599e-05 0 -0.0121623 -0.0249375 0.00338844 0.00664308 -0.00264505 -0.00095934 0.000927048 -0.00162798 0.00432596 0 -0.00327301 0.00296866 -0.0026523 0 -0.00986654 -0.00526146 0.0181571 -1.79761e-05 0 -0.00200307 -0.00284256 -0.00521303 -0.004442 -0.0273135 0.00868786 -0.00153495 0.00257913 -0.00611236 -0.0154521 -0.0040547 0.00510566 -0.0076523 -0.00358557 0 0 0.00409401 -0.00199259 -0.000415082 -0.00916479 -0.00722471 -5.28093e-05 -0.00482506 -0.00120247 -0.00435286 -0.00848801 0.0137245 0.00434386 0.00558757 0.000356924 0 0 0.00205349 -0.00688566 -0.00932346 -0.00999167 0.00471828 -0.00398552 0 -0.00267715 -0.00883376 0.00109107 -0.00216118 -0.00382896 -4.85101e-05 0 -0.00872203 -3.01447e-05 0.00779224 0 0 0
-0.0382319 -0.037336 0 0 0.0019901 0 -0.0557563 -0.0261993 0.00399796 0 0 -0.01302 -0.0251946 0 0 0.899965 -0.014348 0 0 -0.0178814 0 0 0 -0.0598826 -0.00820423 -0.000366752 0.00198878 0 0 0 0 0 0 0 0.000167949 0 0 0.00065627 0 0 -0.00292465 -0.0359352 0 0 0 0.00748119 0 -0.000821373 0 -0.00253674 0 0 0 -0.0267798 0 0.0111921 0 -0.0335489 0.000305125 0 -0.000660802 0 0 0 0 0 -0.00272235 0.000703054 0 -0.00011278 6.42932e-05 -0.000492561 0.00251942 -0.0114501 0 0.0246328 0 0 0 0 0 0.000397799 0 0 0 0 0 -0.00960339 7.30059e-05 -0.00472311 -0.00896011 0 0 0 0 0 0.0158064 0 0 0 0 -0.0199589 0.000228866 -1.30638e-05 0.000548751 0.00986688 -0.0313984 -0.0128914 0 -0.0199815 0 0 0 -0.000808706 0 0 0 0 0 0 0 0 0 0 0 0 0 0 0.00113727 0 0 0 0 -0.000825864 0 -0.0463296 0 0.0176826 0 0 0 0 0 0 0 -0.00268243 -0.000422529 -0.00814002 0 0 0 -0.00672094 0 0 -0.0158629 0 0 0 0.0122627 0 0 0 -0.0119223 0.0113822 0 0 0.0119039 -0.00199364 0 0 0 0 0 0 0 -0.0157126 0 -0.0145092 -0.0197882 0 0 -0.0226765 0 0 0 0 0.00555425 0 0 0 -0.0208347 0 -0.00562473 0.00058927 0 0 0 0 0.00426048 5.28554e-05 -0.00584891 0 0 0 0 0 0 0 0 0 0 0 0 0 0 0
-0.0419593 -0.0364123 1.53651e-05 2.25418e-05 0 0 -0.0166056 -0.0132506 0.00219483 1.80754e-05 0 -0.0235139 -0.0183681 0 0 -0.014348 0.887897 0 0 -0.048815 0 0 0 -0.0067485 -0.0144758 -0.0105357 3.79203e-05 0 0 0.00243497 0 0 0 -0.00280844 0 -0.000433906 0 -0.00581223 0 0 -0.0158671 -0.0359914 0 0.019228 0 0 -0.000953839 -0.00113035 0 -0.000295989 0 0 0 -0.0272421 0 -3.6419e-05 0 -0.0203211 0.00215964 0.00681223 0 0 0 0 0 0.00816034 -0.0378342 0 0 -0.00815442 0 0 0 0 0 0 0 2.53743e-05 -0.000498526 0 -0.0113587 0 0.00465431 0 0 0 0 -0.000394596 0 -0.038411 -0.0149555 0 0 -0.0012401 -0.00581917 -0.000617531 0.0238886 0 0 0 0 -0.000743384 0 0 0 0 -0.0205596 -0.00470409 0 -0.0504312 0 0 0 -0.0144615 -0.00240479 3.27482e-05 0 -0.0141837 -0.00109757 -0.00719085 0 0 0 -0.000923742 -0.000534711 0 -0.00241261 0 0 -0.0040509 0 0 -0.00986055 -0.00378095 0 -0.0171866 0 0 0 -7.03306e-05 0.00102598 0 -0.00277357 0.000899888 0 0 0 -0.0146809 0.000894724 0 -0.0154147 -0.0153561 0 -0.000226769 -0.0100952 0.00673541 0 0 0.00143739 0 0 -0.00048127 0 0.0137909 0 -0.000716227 0 -0.000856921 0 0 -0.0213607 0 0 0 0 -0.0107967 0 -0.0343964 -0.000529977 0 0 -0.0226459 0 0 -0.000222838 0.000767463 0 0 0 0 -0.0103777 0 -0.00182117 0.00225586 -0.0056108 0 0 0 -0.00106385 0 -4.13664e-05 0 0 0 0 0.000950994 0 0 0 0.00255643 8.60869e-05 0 0 0 0 0
0 0 0 0 -0.00860395 0 0 0 -0.0100898 0 -0.0113634 -0.00100434 8.99593e-05 0 -0.000105413 0 0 0.814114 0 0 0 -0.0822313 0 -0.0012597 0 0 3.35366e-05 0 0 0.0114094 -0.00104679 0 0 0 0 0.0226443 0 -0.000486819 0 -0.000195449 0 0 -0.00662163 0 0 0 -0.0031765 0 -0.0210581 0 -0.00518789 0 0.00469571 0 1.66666e-05 3.50762e-05 0 -0.0309128 0 0 -0.00132715 0 0 0 0 1.23184e-05 -0.00563172 0 0 0 0 0.00139981 -0.00148063 -0.012154 0 -0.000496088 0 0 0 -6.88402e-05 0 -0.000495104 0 -0.016351 0 0 0 -0.00798764 0 0 0.00348993 0 0 0 0 0 0 0 -0.0100523 0 0 0 0 0.000243018 -7.54275e-05 1.23729e-05 -0.0011095 -4.79145e-06 0 0 0 0 0 0 -0.000451225 0 0 -0.00242061 0 0 0 0 0 -0.00121719 0 0 0 0 -0.00276042 -0.000507595 -0.000460779 0 0 0 0 0 5.15583e-05 0 0 0 0.000975888 0 0 0 0 0 0 0.000577951 0 0 0 0 0 0 0 0 0 0 0 0 0 0 0 0 0 0 0 0 0 0 -0.00457983 0 -0.000450738 0 0 0.000608909 -0.00117499 0 0 0 -0.000410137 0 0 0 0 0 0 0 0 -0.00053239 0.000927079 0 0 0 0 0 0 -0.000379202 0 0 0.00355696 -0.000298333 0 0 -0.00142164 0 0 0 0 0 0 0 0 0 0 0
0 0 -0.00639129 -0.0157423 0 -0.00238626 -0.00137007 -0.00196158 0 -0.00766781 0 0 0 0.00825244 -0.000447449 0 0 0 0.952844 0 0.00304013 0 -0.0149608 0 0 0 -0.00420771 -0.043021 -0.0118343 -0.0114479 0.00722646 -0.00311758 0 -0.00020527 0 0 -0.0431635 0.00502506 -0.0172414 -0.0015833 0 0.00395662 0 -0.0237428 0 0 0 -0.00218931 0 -0.00477837 -0.00582149 -0.011097 0 0 -0.0198202 0.00140625 0.00221396 0 0.0106314 -0.0146055 -0.00799838 -0.00699378 -0.00311927 0.00453382 0.00247368 -0.00588863 0 0.000383595 -0.0120716 0 4.19157e-05 -0.0206542 0 -0.00161127 -0.00213356 0.000200546 0.00585447 -0.00716811 0.00199495 0.00374564 0.00234522 0.00048459 -0.00847445 0 0.00324847 0 0 0.00722253 0 0.000138477 0 0.0182107 -0.0210977 -0.000667111 0 0.0137083 0.00441031 2.62452e-05 0 -0.0178404 -0.00149858 0 0.00715168 -4.75889e-05 0.00957021 0.000254948 0.00912669 -0.0194328 0.00287602 0 -0.00385109 0 -0.00512388 0 0 -0.00854063 -0.0107073 0.000189074 0.0148492 0 -0.0173861 0 -0.00269243 0.00756762 0 0 -0.0108794 0.00518457 0 0.000973087 -0.00902857 -0.00177676 0.00262582 0 -0.000175649 0 -0.00295936 -0.00992816 -0.0335501 0 0 0 0 -0.00586047 -0.00652951 -0.00392668 -0.00349489 -0.00951588 0.0211291 0.00177719 0 0 0 0 0 -0.01489 0 -0.0180296 0 -0.00530919 -0.0188935 0.000161687 0 0 0.000306455 -0.00191067 -0.00271476 -0.00630455 0 -7.2694e-05 0 0.00107014 0 -0.00204338 -0.00944732 0 0 0.000252783 0.00208571 -0.00544273 0.00219991 0 0.00152752 -0.00698388 0 -0.00773177 -0.000615453 -0.00589104 0.00562464 0.00449575 -0.00132913 0.00988898 0 0 -0.00112743 0 0.00690974 0.000824819 0.00223796 0 0 -0.00171981 0 0 0 0.00422566 0 0.00908926 -0.00245554 -0.00281894 -0.0120298 -0.00445425 0.0011432 -0.00393357 0 -0.000398878
-0.0518606 -0.0627109 0 0 0.00814939 0 -0.0442519 -0.0309079 0.0107881 0 0.00515493 -0.0187757 -0.0325281 0.000767 0.000148844 -0.0178814 -0.048815 0 0 0.887014 0 0 0 -0.00445968 -0.0117662 -0.0114741 0 0 0 0.00656815 0.00613405 0.00192636 0 -0.00313689 0.00431907 -0.00144513 0 0 0 0 -0.00637205 -0.0309192 0 0.00675627 0 0 0 -0.000275726 0 -0.000144105 0 0 0 -0.00868951 0 0 0.02172 -0.0081536 0 0.00609282 0 0.00322464 0 0 0.0021984 0 -0.0616238 0 0 -0.0193784 0.00357004 0 0.00147148 0 0 0.00627689 0 0 0 0 -0.00336788 0.00869618 0.0255705 0 0 0 0 0 0 -0.0297782 -0.00318089 0 0 -0.000129085 -0.0010985 0 0.00381648 0 0 0 0.000274482 -0.00567288 0 0 0.00437749 0 -0.000420171 -0.00241143 0 -0.0179966 0.00174424 0 0.00262873 -0.0199511 -0.00156806 0 0 -0.000358196 0 0 0.00253759 0 0 0 0 0 -0.00237381 0.00267272 0.00718946 0 0.000465431 0 -0.0223247 -0.0154293 0 -0.0134185 0.00104288 0 0 0 0 0 -0.0131894 0.0132969 0 0 0 0 0 0 -0.00502439 -0.0139795 0 0 -0.0172244 0.000952675 0 0 0.000367236 0 0 -0.000169536 0 0.00745737 0 -0.00176665 0.00449176 -0.000846103 0 0 -0.00514692 0 0 0.00901587 0 -0.00499401 0 -0.0430513 -0.00297118 0 0 -0.00612656 0 0 0 0.00916614 0 0 0 0 -0.0152026 0 -0.00290982 0.0152726 -0.00501611 0 0 0.00560351 0 0 -0.00374256 0 0 0 0 0 -0.000599824 0 8.86569e-05 0.0141076 1.57125e-05 0 0 0 0 0
0 0.000166751 0.00270959 0.00406853 -0.00192464 0.00173997 0.00134409 0 -0.00402137 0.00579531 -0.000299348 0 7.40555e-05 0 0 0 0 0 0.00304013 0 0.948945 0 3.15038e-05 0 0 0 0.00155596 0.00275422 0.000283396 0.00280459 -0.0089143 0.00616535 0 0 0 0 0.00291229 0 0.00266717 0.00194469 0 0 0 0.00110955 0 0 0 0.00547221 0 0.00362845 0 0.00317806 0 0 0.00126649 0 -0.000527484 0 -0.0243465 0.0007855 0.0121521 0 0.00373984 -0.00703897 0 0.000303257 0 0 0.000932084 0.00113086 0 0.00104917 0 0 0.00226971 0 0 0.00237423 0 0 0 0 0.00725962 0 0 0 0 0 0 0 9.42609e-05 -0.0164495 0.00089396 0 0 -0.00121266 -0.000260172 0 0 0.00179926 5.79676e-06 0 -0.000579791 0 -0.00141498 0 0 0.00344752 0 0 0.00258679 0 0 0 0 0.000935725 0.000382845 0 0 0 0.00258055 0 0.000371476 -0.000436881 0 0 0.00721805 0 0 0 0 0.00048942 0 0 0 0 0.0022973 0.00567323 0.00259961 0 0 0 0 0.00370828 0.00184515 0.00204221 0.000296345 0.000630049 -0.0198769 0 0 0 0 0 0 0 0 0.0069514 0 0.00351841 0.000671382 0 0 0 0 0.00166634 0 0.00411134 0 0 0 -0.00123206 0 0 0.00273322 0.000254005 0 0 0 0.00533112 0 0 0 0.000300145 0 0.00488738 0 0.00489152 -0.000249367 0 0.00413155 -0.0120189 0 0 0.000176165 0 -0.0175196 0 0 0 0 0 0 4.59829e-05 0 -4.73638e-05 0 -0.000290276 0.000690698 0 0 0.000132649 0 0 0 0
0 0 0 -0.000268269 -0.0146959 -0.00139869 0.000646999 -0.0133617 -0.0205443 0 -0.0142174 -0.0397883 0.0246262 0 -0.00294975 0 0 -0.0822313 0 0 0 0.803182 0 -0.0271123 -0.000473794 0 -0.000678101 0 -0.000464946 0.0011234 -0.00312019 0 -0.0437896 0 -0.000652978 -0.00417941 0 -0.00446061 0 0 0.0108913 0 -0.0576732 0 0 0 -0.00502756 0 -0.0122342 0 -0.00191224 0 0.00116638 0.0365757 0 0 0.00167873 -0.000940111 0 0 0 0 0.00501181 -0.00101548 0.00670733 0 -0.0011257 0 0.000463788 0.00347398 -0.000903292 0.0040585 -0.00691468 -4.89144e-05 0 0.00168894 0 0 -0.00374212 -0.00459641 0 -0.00540304 0.00123164 -0.0339102 0 0 0 -0.00117049 -0.000956723 -0.00130036 0 0 0 -0.000747556 0 0.00859638 0 0 -0.00736829 0 0 0 -0.000517983 0.0020135 -0.00429403 0.000354428 -0.0211113 0 0 0 0 -0.00135998 0 0.00168384 -0.00195338 0 0.000152134 -0.000796832 -0.00465228 0 -0.000435227 0 0 -0.0036905 0 0 0 -0.0017503 -0.0149158 -0.00558501 -0.000684703 0 0.00889299 0 0 0 0.0009231 0.00201149 -0.000800616 0.0095697 0.00363061 0 0 0.00201322 0 -0.000797545 0.00469483 0.00348245 0 -0.00169174 0 0 0 0 0 0 0 0 0 0.000150035 0 0 0 0.00040146 0 0 0 0.000374949 -0.00138786 0.00267813 -0.000582289 0 -0.00172261 0 0 0.00186148 -0.00769558 -0.000343933 0 0.00141186 -0.00227235 -0.017889 -0.00069108 0 -0.00321726 1.54108e-05 -0.00228285 0 0.000644862 -0.00244324 0.00463224 0 0 0.00114197 0.00062115 0 0 -0.0024465 -0.0040929 0 0.00224867 -0.000490511 0 0 -0.00753586 0 0 -0.000226519 0.000442049 0.000585583 0 0.000300763 0 0 0 0
0 -0.000172732 -0.0221686 -0.0064588 -0.00137372 -0.00101944 -0.00086162 0 -0.00230349 -0.00646168 -0.000838072 0 0 0 -0.0518615 0 0 0 -0.0149608 0 3.15038e-05 0 0.8335 0 0 0 -0.0077607 -0.0107074 -0.00420526 -0.0107619 0 -0.0070456 0 0.0260264 0 -0.00228643 -0.00549036 0.00331706 -0.00263768 0 0.000378399 0.000916892 0 -0.0157688 0 0 -0.00013813 -0.00940633 0 0 -0.00135708 -0.00198743 0.000115544 -0.0031414 -0.00617727 0.0106719 -0.00253359 -0.0219818 0.0141248 -0.0102018 0.00502802 -0.0606507 -0.00449612 0 -0.00851805 0 0.0133804 0 -0.0950259 0.0119626 0 -0.00103665 0 -0.00127394 -0.00367078 0 0 0 0 0.00099188 0 0 -0.0104564 0 0.00217719 0.00173576 0 0 0 -0.000148972 0 0.00899673 -0.00188894 -0.0134409 0 0 0.000967869 0 0 -0.00512958 -0.032863 0 0.000729121 0 0.000616611 0 0 -0.0032961 0 -0.0105425 -0.00512956 0 -0.0551536 0.005637 0 -0.000597858 -0.0298628 0.0128588 0 0.00311681 -0.00640338 0.000107632 0 0 0 0 -0.000476983 0 -0.00114594 0 -0.0289501 -0.00808856 0.00148229 0 0 0 -0.0154727 0.0102469 -0.0112716 -0.00118011 0.00133412 0.0119911 0 -0.00549402 -0.000836139 -0.00215637 -0.0037807 0 0.0143235 0 0 0 0 0 0 -0.0235068 0.010789 -0.0062246 0 -0.00715021 -0.00156718 0.0113573 0 0 0 -8.17872e-06 -0.0010964 -0.0026169 -0.00549143 0 -0.00576889 0.00253066 0 -0.0292893 -0.000853634 0 0 0 0 -0.00857851 0.00556355 0 0 -0.017865 -0.000981098 -0.00811742 0 -0.000786282 0 0.00377299 0.0140303 0.00932595 0 0 -0.00972637 0 0.00326337 0 0 0 0 0 0 0 0 0.00144736 -0.00140254 0 -0.00497248 -0.000548581 -0.0198142 -0.0222486 0.00135763 -0.0128029 0 -0.000911253
-0.0332781 -0.0292725 0 -0.000530788 -0.0240126 -0.00263967 -0.0258121 -0.0586382 -0.00573533 0 -0.00956388 -0.0391933 0.0236383 -0.0101975 -0.00480501 -0.0598826 -0.0067485 -0.0012597 0 -0.00445968 0 -0.0271123 0 0.785113 -0.00574414 -0.00233269 0 0.000494017 -0.000104511 0.00261379 0.00423582 7.13723e-05 -0.0122231 0.0047426 -0.000674939 -0.03607 0 -0.00141936 0.0205943 0 -0.00925269 -0.0044875 -0.0198386 0 0 0 -0.00585938 -0.00049799 -0.0157957 -0.00201796 0 0 0.00686451 -0.000798454 0 0 -0.00384624 -0.0411941 0.00196887 0 0 0 0.000546526 -6.78794e-05 -0.0034295 0 -0.00566826 0 0.0125409 0.00706709 -0.00109345 -0.00184411 -0.00380698 -0.02234 -9.76826e-07 0 -0.00206486 -0.000314012 -0.0162029 -0.0110843 -0.000240665 -0.00331614 0.00180952 -0.0261798 -0.00107961 0 0 -0.0141637 0 -0.00669482 -4.08315e-05 0 -7.25236e-05 -0.000477787 -0.00240214 -0.00388931 0.00645181 0 0 0 0 -0.000279886 0 0.00240948 -0.00411819 0.00548823 -0.0480022 -0.0134813 0 -0.031219 0 -0.013939 0 0 -0.00355282 -0.00123292 0 -0.00454066 -0.00517566 -0.000453745 -0.000392102 0 0 -0.00405127 -0.00318563 0 -0.00105885 -0.00406288 -0.00461207 -0.0109694 -0.00466838 0 0.0296358 -0.0107872 0 -0.0154953 0 0.00498356 -0.00015745 -0.00220064 0.00347316 0 0 0.00204716 0 -0.00161624 -0.00029914 -0.00814805 -1.33988e-06 -0.000448623 -0.000658614 -0.0189014 -0.000529203 0 -0.0131623 0 0 0 0.000585631 0 0 0 0 0.0234904 6.3315e-05 -2.44168e-06 0 0 -0.00330736 -0.00266605 -0.0012137 0 0 0 0 0 -0.00224134 -0.0261899 -0.0323806 0.000196754 -0.00219831 -0.0315405 -0.00234943 -0.000318174 -0.00271722 0.000901804 0 0 0.00202526 -0.00266499 0 0 0 0.0204502 0 0 0 -0.00126906 -0.00276765 -4.62515e-05 -0.00023103 0 0 -0.000239785 -0.00419428 0.000158012 -0.000900882 -0.000941941 0 0.00221001 0 0 0 0 0 0
