0.951784 0.0860617 -0.0569111 0.0230152 -0.0211977 0.0260512 -1.82273e-06 0.0254964 0.161335 -0.052767 0.158652 -0.0211953 -0.125562 0.0258727 0.0128084 0.0617322 2.26822e-06 0.0441288 -0.00400327 0.00769233 0.033702 0.0249897
0.0860617 0.799361 0.0225472 -0.0407141 0.149783 -0.0717878 -1.97329e-06 -0.0106018 -0.00793543 0.105373 0.0214015 -0.0653374 -0.0236556 -0.0713273 -0.0805289 0.0437627 2.5734e-06 0.100523 0.0249842 0.0102509 0.0383206 0.0119931
-0.0569111 0.0225472 0.901104 0.0233582 -0.0457802 -0.0203888 8.62727e-07 -0.0151109 -0.101818 0.0739601 -0.0053679 -0.0280396 0.0893794 -0.0202536 0.0105828 0.0926806 1.88042e-06 -0.00892547 0.0266739 -0.0839671 -0.146623 0.0572396
0.0230152 -0.0407141 0.0233582 0.411273 0.0879713 0.0631131 6.17126e-07 0.0227479 0.14841 -0.0489183 0.0205271 0.0424791 -0.0155039 0.0627009 0.143862 -0.02501 -1.64076e-06 -0.0552754 0.00581651 -0.0112291 0.0900499 0.0157914
-0.0211977 0.149783 -0.0457802 0.0879713 0.674753 -0.115459 2.95702e-06 -0.0374276 0.035471 0.117469 0.000169442 -0.060907 -0.0500317 -0.114704 -0.0386448 0.0627071 -9.27408e-07 0.0520591 0.0612785 0.0889289 0.198422 -0.0223322
0.0260512 -0.0717878 -0.0203888 0.0631131 -0.115459 0.523195 1.75097e-06 0.168226 0.13172 -0.156939 0.0233053 0.120233 0.0968593 0.519772 0.128174 -0.049266 -6.46848e-07 -0.0222035 -0.0572725 -0.06226 -0.0676925 0.0835693
-1.82273e-06 -1.97329e-06 8.62727e-07 6.17126e-07 2.95702e-06 1.75097e-06 3.33152e-09 2.16362e-06 1.92831e-06 -2.49407e-06 -1.4402e-06 -2.05247e-08 3.98899e-07 1.73964e-06 -4.57676e-07 9.69424e-07 -1.99213e-10 -1.67671e-06 -1.35076e-07 6.23602e-07 -1.10888e-06 -5.93527e-07
0.0254964 -0.0106018 -0.0151109 0.0227479 -0.0374276 0.168226 2.16362e-06 0.332307 0.0746894 -0.0615447 0.0497191 0.186773 -0.0183223 0.167124 0.0791287 0.0721562 -3.17949e-06 -0.0238576 0.0192953 -0.0482911 -0.0684126 0.199704
0.161335 -0.00793543 -0.101818 0.14841 0.035471 0.13172 1.92831e-06 0.0746894 1.0658 -0.432132 0.106413 0.0584175 -0.0178956 0.130849 0.0926609 -0.110334 4.67492e-07 0.00262879 -0.0895419 -0.04843 0.328084 0.0565279
-0.052767 0.105373 0.0739601 -0.0489183 0.117469 -0.156939 -2.49407e-06 -0.0615447 -0.432132 1.0811 -0.0466744 0.0154268 0.0962569 -0.155914 0.036994 0.052559 -4.10463e-06 0.038264 0.105571 0.131221 -0.0137121 -0.0471844
0.158652 0.0214015 -0.0053679 0.0205271 0.000169442 0.0233053 -1.4402e-06 0.0497191 0.106413 -0.0466744 0.640225 0.0359752 0.00547769 0.0231488 0.0322074 0.0251389 6.53609e-08 0.0338883 0.0083703 -0.0474107 0.0903674 0.0389062
-0.0211953 -0.0653374 -0.0280396 0.0424791 -0.060907 0.120233 -2.05247e-08 0.186773 0.0584175 0.0154268 0.0359752 0.519217 0.0312819 0.119447 0.128495 0.0593558 -2.73014e-06 -0.0334368 0.0330585 -0.062395 -0.024355 0.0701315
-0.125562 -0.0236556 0.0893794 -0.0155039 -0.0500317 0.0968593 3.98899e-07 -0.0183223 -0.0178956 0.0962569 0.00547769 0.0312819 1.03515 0.0962289 -0.0121056 -0.00487973 -3.12452e-06 0.0224832 0.0775054 0.21263 -0.0377042 0.000821269
0.0258727 -0.0713273 -0.0202536 0.0627009 -0.114704 0.519772 1.73964e-06 0.167124 0.130849 -0.155914 0.0231488 0.119447 0.0962289 0.516372 0.127339 -0.0489457 -6.42413e-07 -0.0220574 -0.0568953 -0.0618459 -0.0672467 0.0830172
0.0128084 -0.0805289 0.0105828 0.143862 -0.0386448 0.128174 -4.57676e-07 0.0791287 0.0926609 0.036994 0.0322074 0.128495 -0.0121056 0.127339 0.625926 -0.0992785 1.33404e-07 -0.0411595 -0.0530476 -0.062883 0.19734 -0.0447081
0.0617322 0.0437627 0.0926806 -0.02501 0.0627071 -0.049266 9.69424e-07 0.0721562 -0.110334 0.052559 0.0251389 0.0593558 -0.00487973 -0.0489457 -0.0992785 0.550349 -2.31846e-06 0.0208915 0.0844405 -0.02398 -0.0816404 0.137302
2.26822e-06 2.5734e-06 1.88042e-06 -1.64076e-06 -9.27408e-07 -6.46848e-07 -1.99213e-10 -3.17949e-06 4.67492e-07 -4.10463e-06 6.53609e-08 -2.73014e-06 -3.12452e-06 -6.42413e-07 1.33404e-07 -2.31846e-06 3.3855e-09 1.18585e-06 -1.01261e-06 2.17445e-06 4.3402e-06 -1.32052e-06
0.0441288 0.100523 -0.00892547 -0.0552754 0.0520591 -0.0222035 -1.67671e-06 -0.0238576 0.00262879 0.038264 0.0338883 -0.0334368 0.0224832 -0.0220574 -0.0411595 0.0208915 1.18585e-06 0.201696 -0.0183953 0.0487744 0.0769472 -0.0491603
-0.00400327 0.0249842 0.0266739 0.00581651 0.0612785 -0.0572725 -1.35076e-07 0.0192953 -0.0895419 0.105571 0.0083703 0.0330585 0.0775054 -0.0568953 -0.0530476 0.0844405 -1.01261e-06 -0.0183953 0.732948 0.00682389 -0.0960137 0.000902917
0.00769233 0.0102509 -0.0839671 -0.0112291 0.0889289 -0.06226 6.23602e-07 -0.0482911 -0.04843 0.131221 -0.0474107 -0.062395 0.21263 -0.0618459 -0.062883 -0.02398 2.17445e-06 0.0487744 0.00682389 1.08677 -0.0420616 -0.0271569
0.033702 0.0383206 -0.146623 0.0900499 0.198422 -0.0676925 -1.10888e-06 -0.0684126 0.328084 -0.0137121 0.0903674 -0.024355 -0.0377042 -0.0672467 0.19734 -0.0816404 4.3402e-06 0.0769472 -0.0960137 -0.0420616 1.03937 -0.119654
0.0249897 0.0119931 0.0572396 0.0157914 -0.0223322 0.0835693 -5.93527e-07 0.199704 0.0565279 -0.0471844 0.0389062 0.0701315 0.000821269 0.0830172 -0.0447081 0.137302 -1.32052e-06 -0.0491603 0.000902917 -0.0271569 -0.119654 0.527019