0.915651 -0.0216352 0 0 -0.0408517 0 0.0186898 0 0 -0.0116873 -0.0632421 0.000662969 0 0 0.00246684 0 -0.0308327 -0.00698541 -0.000556665 -0.0257897 0.00820618 0 0.00991718 -0.00645576 -5.81961e-06 -0.008026 -0.0196487 0 -0.00105994 2.34268e-06 -0.00125798 -0.0116666 -1.21396e-05 0 0 -0.00171033 0.00642514 0 -0.00337511 0.000264441 0 -0.0161791 0.000544935 -0.0069904 0.00301653 -0.00140446 0 0 0.000782688 0 0.00260776 0.000977388 -0.00138485 0.00206923 0.00169154 0 -0.00323316 0 -0.00254937 0.00381825 -0.00179031 0 0 -0.00249982 0 0.00290342 0 0.00234484 0 -0.0136209 -0.00512954 0.00658202 0.00115746 0.0162156 0.00299867 0 0 0 0 0 -0.0044134 0 0 -0.00828429 0 0 0 0 0.00796686 0.00141389 -0.00469412 0 0.000319621 0.000921195 0.00302609 0 1.16792e-05 0.00216384 0 0 0.0216398 0 0 0 0.00829 -0.000858882 0 -0.00218463 0.00121899 0.00661896 2.72554e-05 -0.00145867 0.00290594 -0.00151997 0 0 -0.00859145 0.00823809 0.0207954 -0.00248154 0 0.00205223 0.00148655 0 0 0 -1.16263e-05 -0.000231433 0.0188267 -0.00374699 -9.46346e-05 -0.00130083 0 0 -0.00876909 0.000965155 -0.00102227 -4.78815e-05 -0.0237717 -0.0303943 -0.00239352 0 0.00317803 0 0 5.62798e-05 0 0 0 0 -0.00466887 0 0 0 0.0206037 0.000454087 0.0163082 -0.00984267 0 0 -0.000767261 -7.87119e-05 -0.005126 -0.000983992 -0.00158154 0 -0.000301364 0 0.000734466 0 0.00323932 0 0 0.00290724 -0.0127981 -0.00812392 -0.000762932 -0.00843972 0 0 -0.000210693 0 0.000418661 -1.07624e-05 0 0 0 3.82206e-05 0 0.00322267 -0.000151876 0 -0.00438313 0 0 -0.00335868 0 0 0.00339875 -0.00700901 0 0.000243506 0 -0.0113897 -0.000141249 0 0.00360972 -0.000291639 0 -0.000467329 0 0.00115995 0.00388147 0.00967036 0 0
-0.0216352 0.907939 0 0 -0.0337939 0 0.030436 0 -0.0111158 0.00178635 -0.000422122 0 -0.00401853 0 0 0 -0.0172692 0.00891487 -0.0205709 -0.0307968 0.0103465 0 0.0380406 -0.0107231 0 0 0 -0.0085522 0 0 -0.0393037 -0.0168869 -0.00754343 0 0 0 0.000291514 0 -0.00894116 0 0 0 0 0 0 0 -0.000512554 -5.13474e-06 0 0 0 0 -0.000771174 0.00555625 0 -0.00460274 0 0.0164877 0 0 -0.00778809 0 0 0 -0.021413 0 0 0 0 -0.0210036 -0.0102504 0 0 0.0241887 0 0 0 -3.91209e-06 -0.00100934 0 0 -0.010438 0 0 0 0 0.00408169 0 0 0 -1.75418e-05 0 0 0 0.00728582 -0.00674512 0 0.00358477 0 0 0.0252117 0 -0.00918181 0 0 0 0 -0.00434289 0 0 0 -0.00323908 2.98334e-05 0 0 0.000482505 0 0 0.0214988 -0.00442072 -0.0173388 0 0 0 0.000389962 -0.00117249 0 0.00253733 0.017375 0 0 0 0 0 -0.000394069 0 0 -0.0155921 -0.000930948 0 0 -0.0159635 0.00539588 0 0 0 0 0 0.000904609 0 -0.00448793 -0.00663704 0 0 0.012996 0 0.0106722 -0.00292323 0 0 0 0 0 0 0 0 0 0 0 0 0 0 0 0 0 -0.0128472 0 0 0 0 0.00218365 0 0 0 -0.0087475 0 0 0 0 0 0 0 0 0 0 0 0 0 0.000701442 0 0 0 0 0 0 0 0.00662638 0 0 0 0.000767949 0.00319067 0 0.0098234 0 0
0 0 0.91529 -0.0277728 0 -0.041454 0 -0.0362637 0 0 -0.00240575 0.000951209 -0.00196109 0 -0.00279245 -0.000703656 0 -0.0177485 0 0 0 -0.00629148 0 0 0 -0.00257448 -0.00918794 -0.000180639 -0.00548737 -0.00593901 0 -0.000110802 0 -0.00155814 0.004357 -0.00970074 0 0 0 -0.00446947 -0.00135768 -0.0026575 -0.00295214 0 -0.00167019 -0.0130848 0 -0.00511219 -0.000914267 0 0.0218897 -0.00211107 0 0 0 0 -0.0124907 -0.00287055 -0.00838866 -0.00131329 -0.0221809 0 0 0 0 -0.00115625 -0.00442182 -0.00199404 0 0 0 0.0165181 0.000904031 0 0 0 -0.00185821 -0.00382288 0 -0.00873892 -0.0164684 0.00351942 -0.0226426 0 -0.00645355 -0.000370636 -0.00681871 -0.000794132 0.00105408 0 -0.000453714 -0.00636907 -0.00272305 -0.000621663 -9.719e-05 0 0 0 -0.0160396 0 0 0 0 -0.00715027 -0.00318566 -0.00368163 -0.00148595 0 0.0132492 0 0 0 -0.000667531 -0.0202595 -0.00356464 -0.0252917 -0.00167689 0 0 0.000661658 0 -0.00137627 -0.000227664 -0.00103974 -0.00637864 1.90385e-05 -0.0127256 -0.00631995 0.00245819 -0.00979371 -0.00354148 -0.0227183 -0.00451545 -0.00552435 0 -0.000462883 0.00105866 0 -0.000536325 0 -0.00525785 0 0.00799005 -0.00198663 -0.00687819 -0.00322158 0 0 0 -0.00619054 -0.0014668 0.00100714 0 0 0 0 0 0 -0.0210425 -0.00193743 -0.00968388 -0.0127273 -0.0133686 -0.0103784 0 -0.00577716 -0.0196761 -0.0149811 0 -0.00146699 -0.00254062 0 -0.0166967 0.0112691 0 -0.00113336 -0.0107705 -0.0139257 0 -0.0101199 0 -0.00789377 -0.00159812 -0.00148893 0 0 -0.00757013 0.00457726 0 0 -0.00749035 0 -0.00232789 0 0 0 9.60146e-05 0 0 0 -0.00197811 0 0 0 -0.0122005 0 0 0 -0.000466365 0.00194456 0 0 0.011387 0 0 0
0 0 -0.0277728 0.903097 -0.00429172 -0.0238684 0 -0.00655382 0 0 0.00181921 0.000134254 9.87254e-06 0.0132657 -0.000364345 -0.00452734 0 -0.0170347 0.00563728 0.000973736 0 -0.0125353 -0.00115953 0 0 -0.00347021 -0.00974639 0 -0.0144283 -0.0164625 0.00304046 0 0 -0.00356056 0.00615509 -0.00755553 0 0 0 -0.00494246 -0.000882018 -0.00154056 0.00122634 0 -0.0157245 -0.0337755 0.00208141 -0.00367027 -0.00378529 0.00695715 0.0110043 -0.00101113 0 -0.0130726 0 0 -0.0118259 -0.00990497 -0.010459 -0.00097298 -0.011615 0.00267133 0 0 0.00172155 -0.00165101 -0.00786176 0 0 0.00458128 0.00646706 0.0154139 0.0120967 -0.00087517 0 0 -0.00070704 -0.0204714 0.00596162 -0.0193358 -0.0353031 0.00412677 -0.0431955 0 -0.00643712 0 -0.0135034 -0.0011254 0.00239282 0.0043738 0 -0.0223326 0 0 -0.00102659 4.97634e-05 -0.0064959 0 -0.033285 0 0 0.00144177 0 -0.0223286 -0.00546869 -0.00497773 -0.00399644 0.00195495 0.00873429 0.00577319 0.0101029 0 0 -0.0215699 1.35281e-05 -0.00663557 -0.000418143 0.00836501 -0.000230859 0.0311509 0.00601896 0 0.00949702 -0.000850016 -0.00679078 0.0181756 -0.0111905 -0.016834 0.00119236 -0.0123153 -0.0148551 -0.0173126 -0.0159443 -0.00200616 0.00266005 0 0.00124951 0.00302123 0 0 -0.0146891 0 0.00785929 -0.00342608 -0.0126679 -2.71257e-05 0.011797 0 -0.00563162 -0.00316586 0 0.0100454 -0.0046027 0 0 -0.000336362 0 0 -0.0170782 0 -0.019656 -0.0252472 -0.0129952 -0.0145568 -0.00445438 -0.0181931 -0.0137036 -0.0346983 -0.00136064 -0.0016418 -0.00134425 0 -0.0972527 0.0103607 0 0 -0.0148755 -0.0185512 0 -0.00593074 -0.00738329 -0.0179253 -0.000929254 -0.000271314 0.00840392 0 -0.00240585 0.0068893 0 0.0181472 -0.0108684 -0.00201039 -0.00280558 0 -0.000435264 -0.00629806 0 -0.00133745 -0.0025552 0 -0.000492713 0 0 0 -0.0151792 0 -0.00151328 0 -0.00178503 0.00523446 -0.00633895 -0.00136942 0.0061718 0 0 0
-0.0408517 -0.0337939 0 -0.00429172 0.915079 0 0.012479 0 0.000235773 -0.000104374 -0.0407307 0 0 0.00202878 0.00928647 -0.00884389 -0.0550312 -0.01074 0 -0.0210536 0.00297228 -0.00441065 0.00740697 -0.00213796 0 0 -0.0110746 0 -0.00149496 -0.00407581 -0.000802794 -0.00763696 0 0 0 -0.00434108 0.0027637 0 -0.0340733 0 0.00127116 -0.00430112 0.00311475 0 0 -0.00130631 0.00272028 0.00188752 0.00142062 0.00148734 0.00280153 0.00237592 0 0.000564025 0.00288323 0 -0.00101878 0 -0.00194797 0.00346851 -0.00367149 0 0 -0.00238869 0 0.00203657 -0.000151454 0.00501527 0.00016108 -0.00948666 0 0.00840658 0.0131678 0.00700983 0.00889074 0 0.000987968 -0.000292561 0.00155182 0 -0.000663968 0.000268256 -0.00564218 -0.0021073 0 0 0 0.000230069 0.00215332 0.00666031 0 0 0.00344567 0.00533978 0.00569765 0 0 0 0 0 0.0176002 0 0 0 0.00112346 0 0 0 0.00126302 0.0119763 0.00321347 0 0.00551463 -0.00634997 0.00239599 0 0 0.0283099 0.0198236 0 0 0.0121758 0.0145558 0 0 0.00675648 0 -0.000383702 0.00365913 -0.000542562 0 -0.00326044 0.00104093 0 -0.00267574 0.00332979 -0.00127244 0 -0.00588446 -0.000669122 -0.00182364 0 0.00238952 -0.00914701 0 0.00937462 0 0.000185065 -0.012192 0 0 0 -0.000605643 0 0.0186706 0 0.0116532 -2.89924e-05 0 0 0 -0.00213517 -0.016384 -0.00186687 -0.00531178 0 -0.00212698 0 0 0.000496469 0.00203233 0 -0.00294684 0.00469653 -0.00439021 0 0 -0.0079394 0 0 -0.00762769 0 0.00232197 0.00203439 0 0 0 0.000120533 0 0.0119989 -0.00181462 0 -0.00212366 0 0 -0.0101832 0 0 0 -0.00385001 0 0.00173878 0 -0.00935948 -0.000391475 0 0 -0.00131033 0 -0.00170365 -0.000543952 0 0.00116542 0.0081146 0 0
0 0 -0.041454 -0.0238684 0 0.906857 -0.00472697 -0.0318878 -0.00390982 0.0151732 -1.09604e-05 0 -0.00288224 0.00266425 -0.0109036 0 0 -0.0285502 1.23173e-05 0 -0.00338978 -0.0204587 -0.0099617 0 0 -0.00280258 -0.00459413 -0.00241074 -0.00707514 -0.00792461 0.00058295 -0.0015037 0 -0.00316371 0.00307103 0 -0.000527709 0 0.00257045 -0.0118078 -0.00239427 0 -0.00557791 5.7518e-06 -0.022155 -0.00646606 0 -0.0224784 -0.00627397 0 0.00636395 -0.00803058 0 -0.00717388 -0.0028338 0 -0.00230127 -0.00240573 -0.00607374 -0.0141541 -0.018965 0 -0.000301423 0.000426281 0 -0.00726677 -0.00158598 -0.0148359 -0.00100185 0.00320109 0 0.00906211 0.00318645 -0.00427717 0.00116808 0 -0.00510508 -0.0182238 0 -0.0165853 -0.0250799 0 -0.00700495 0.00554732 -0.00687251 0 -0.00981236 -0.00280867 0 0 -0.00263224 -0.0147074 -0.00689692 -0.00526034 -0.00347961 0 -0.00571368 -0.000593062 -0.00857267 0 0 0 -0.000831558 -0.0258717 -0.0113242 -0.00712188 -0.00506835 0 0.00273908 -0.000330763 0.00293028 0 -0.00866878 -0.0193926 -0.0136501 -0.0708367 -0.00361839 -0.00424078 -0.0033444 0.0230967 0 -0.00747463 -0.00238985 -0.00149753 -0.00834083 0.00699721 -0.0119715 -0.00632459 0.00120337 -0.00444381 -0.0124209 -0.0153925 -0.020038 -0.00429811 0.00169876 -0.00501388 0.0095928 0 0.00198137 0 -0.00335184 2.92478e-05 0.0109673 -0.00364686 -0.0067518 -0.00823693 0 0 -0.00158538 -0.00821573 -0.00182305 0.00518976 0 0 -0.00187761 -0.00214462 0 -0.000374495 -0.0134269 -0.000710201 -0.00659044 -0.00747637 -0.00909411 -0.00985341 0.004893 -0.00824392 -0.00657679 -0.0269896 -0.00166677 -0.00576042 -0.00829285 0 -0.0146111 0.00914189 0.00452526 -0.00123753 -0.0189821 -0.00773885 0 -0.0103045 0 -0.00997309 -0.00664026 -0.0135633 0 -0.00209291 -0.0079536 0.00125394 -4.25694e-05 -0.00462236 -0.00390217 0 0 0 -0.000952842 0.00531199 0 -0.00102168 0 0.00426933 -0.00610233 -0.00206976 0 0.00574212 -0.00228719 0 0 0.00473025 -0.00996328 0.0209013 0 0 0.00353383 0 0 0
0.0186898 0.030436 0 0 0.012479 -0.00472697 0.83569 0 0 0.0100912 0.0220655 0 -0.00397219 -0.0196322 0.000608525 0.00296299 0.00125787 -0.00666912 0.00437262 0.0110864 -0.191676 0.0210773 -0.139241 0.00133177 0 -0.00723169 -0.00164895 4.3264e-05 0 0 0.0212383 0.0241529 -0.0144086 0.00275809 0 0.00128156 -0.00615695 -0.011927 0.0200556 -0.00309215 0 0.018828 -0.00359747 0.0299954 -0.000320993 0.000797817 0.0299241 -0.00782122 -0.00792265 -0.0212573 0 -0.00559769 0 -0.0396942 -0.0069454 0 0.00614756 -0.0148806 0.00216523 -0.00913374 0.0226404 0 0 0.00726696 0.00780587 -0.0229338 0 -0.00667484 0 0.0436589 0 -0.00547606 0.0244957 -0.148592 -0.00479948 0.00973478 -0.00334158 -0.000580713 0.0154278 -0.000841398 -0.00788693 3.64181e-05 0 0.0175809 -0.00191449 0.0139902 -0.00831753 0 -0.00909703 -0.0231185 0 0 -0.000423629 -0.00108048 -0.0230432 0.0205477 0 0 -0.0140055 0 -0.000862332 0 4.38905e-05 -0.00226181 -0.00534231 0 -0.000301256 0.0121103 0 -0.0184321 0.00237763 0.0174451 -0.0126757 0 -0.00460624 -0.0100411 -0.000996267 -0.00526837 -0.0373005 0.0329768 4.51435e-05 -0.0138153 -0.0157053 -0.00245665 0 0.00339799 -0.00372733 0 -0.00383243 -5.56395e-05 0 0.00728584 -0.00427875 -0.000446257 0.0148608 -0.00751559 0.0133971 0.00874693 0.0136026 0.00146827 0.0265049 0.0224851 -0.000875924 0 0 -0.0129829 0 -0.0135101 -0.00449536 -0.00438276 0.0210939 0 0 -9.46916e-05 -0.00207748 -0.000499676 0 0.00711001 -0.00170111 0.00644296 -0.00093552 0 -0.00131207 -0.00151743 0.00750033 -0.00536705 -0.00046925 -0.000788496 0 -0.00320678 -0.00446319 0 0 -0.00131413 0.00865731 0.0051411 -0.000953167 -0.0019314 0.00519071 -0.00286175 -0.0011944 -0.000747557 -0.0107843 -0.00957433 0.00533896 -0.00112746 0.00291903 -0.000199419 0 -0.000413142 -7.81831e-05 0 0.00448186 0.00373318 0 0.00872254 0 0 0 0.00893638 0 -0.0040212 0 0.0111836 0 0 0 0.00507448 -0.00184542 0.00584688 0 0 0 -0.000530069 0 0
0 0 -0.0362637 -0.00655382 0 -0.0318878 0 0.860595 -0.00129179 0.0270509 0.00876265 0.00197885 -0.0132297 -5.5013e-05 -0.00279991 0.0118315 0 -0.00394958 0 -0.00268355 0 0 0 0 0 0 -0.0115153 -0.000941 -0.00232466 -0.00274062 0 -7.116e-05 0 -0.00436845 0.00570457 -0.00298768 0 0 0 -0.00496241 -0.00142484 0.0186564 -0.00342179 0.0189517 -0.00671436 0 0 -0.00862567 -0.0128659 -0.00212683 0.0241007 -0.00462688 -0.00107287 -0.000485374 0 -0.00988199 -0.000168142 0.0312607 0 -0.00161814 -0.00475157 0 -0.0003563 0 -0.018816 -0.000416722 0 -0.00208913 0 -0.0146931 0 0.00978196 -0.00216898 0 0 0 -0.00116232 -0.00911467 -0.000816569 -0.00268991 -0.0259931 0 -0.02158 0 -0.00692585 -2.39875e-05 -0.00239607 0 0 0 -0.00167689 -0.00155417 -0.00171531 -0.00441553 0 0 0 -0.000170203 -0.00686686 0 0 0 -0.00267764 -0.0231802 -0.00243911 0 -0.000403178 -0.0108468 0.00484179 0 -0.00293364 0 -0.000460439 -0.0161198 -0.00229002 -0.00126159 -0.00239207 0 0.0057744 0 -0.00138051 -0.000408134 -0.000547761 -0.00261332 -0.00186729 0 -0.0049659 -0.00124233 0.0153842 -0.00308333 -0.000792518 -0.00431748 -0.00378384 -0.00147542 6.59994e-05 -0.000351022 0.00190363 0 0 0 0 0 0.0110825 0 -0.00171055 -0.00276226 0 0 0 -0.00542587 -0.00618834 0 0 -0.00816876 0 -0.00132891 0 0 -0.018012 -0.00114764 -0.00330553 -0.00103351 -0.00244507 -0.00929433 0.000150251 0 -0.0108507 -0.00930097 -0.000461429 -0.000358014 -0.00273756 0 -0.00942044 0.0107251 0.000640106 -0.00879723 -0.00397412 -0.0126699 0 -0.00114429 0 -0.00125852 -0.00172421 -0.00105653 0 0 -0.0161285 0.0016941 0 0 -7.45011e-05 0 -0.00423212 0 -0.00244436 0.000561637 0 -0.00122072 -0.000232487 5.32765e-05 0 -0.000957705 0 0.00031836 -0.00103493 0 0 0.000414405 0 0.00571087 0 0 0.00234662 0 0 0
0 -0.0111158 0 0 0.000235773 -0.00390982 0 -0.00129179 0.71947 0.0948706 0.0143859 0 -0.0169616 0 -0.00545202 -0.0237728 -0.00999673 -0.00463943 -0.00402613 -0.00282933 0.00100057 -0.00489141 0.0225749 0 0.0174668 -0.0265476 -0.00149879 -0.00723436 -0.000812113 0 0 -0.0246143 -0.00633598 -0.0149384 0.0211928 0 -0.000878178 0 -0.0376051 -0.00245833 -0.0022604 0.0141977 -0.059667 0.00498716 -0.0159601 0.000580139 -0.00278282 -0.00778115 -0.00386035 3.88513e-05 0.000371915 -0.0436351 -0.00746669 0 -0.00329841 -0.000149574 -0.000380837 0.0360943 0 -0.00622598 -0.00123262 0 -0.00079238 -0.0452154 0 -6.5265e-05 0 -0.0120789 0 -0.022435 -0.000270201 0.00836962 -0.0174599 0 -0.00810355 0 -0.00103326 -0.000253574 -0.00644876 0 -0.00281211 -0.00288689 0 1.39866e-05 -0.00402315 -0.00233886 0 -0.000982032 0 0 -0.0227832 -0.00113787 -0.00716133 -0.00751248 0 0 0.000235569 -0.0160634 0 0 0.000391939 -0.00310826 -0.0137475 -0.00220838 -0.00579702 -0.00369261 -0.00402275 -0.0202457 0.000284664 0 -0.0279605 -0.00427902 -0.00330753 -0.000132355 -0.017553 0 -0.0102894 -0.0155916 0.0157996 0 -0.00256624 -0.00683167 -0.00675468 0 -0.000901975 0 0.00742934 0.0157972 0.00155647 0 -0.00353299 0 -0.0122139 0 0 -0.00774894 0.00754782 -0.0155919 -0.000339133 0 0.0214089 0 0.00238025 -0.000528441 0 -0.0128044 0 0 0.00210612 -0.0188067 -0.011791 -0.000808379 0 0 0 -0.00117876 0.00133425 -0.0160416 0 -0.00225496 -0.00200356 0 0 0.0121035 0.00483055 0 0 0.0200984 -0.00463364 0 -0.0117685 0 0.00794298 0.00435114 -0.0112427 -0.00436712 -0.0026654 0.00249996 -0.0236602 0 0.00344816 0 -0.00979573 -0.00715135 -0.00125643 1.99376e-05 -0.0196524 0.000376349 0 -0.00844382 0 0 -0.0231276 -0.00205242 -0.0101257 0.00649486 0 -0.00851442 0 0.00444898 -0.0106608 -0.00254966 0 -0.001142 0 -0.00233878 0 0.00338007 -0.00219555 0.000436188 0.000240733 0 0 0 0 0
-0.0116873 0.00178635 0 0 -0.000104374 0.0151732 0.0100912 0.0270509 0.0948706 0.782901 -0.0317698 0 0.0369489 0.00241225 0.0046723 -0.0187769 0 -0.0325519 0.0088511 0.00438466 0.00148531 -0.00847739 0 0 -0.013053 -0.0432222 0 0.00192693 -0.00186023 0 0 0.00416174 0.0011283 0.00710129 0 0 0.00448349 0 0.00904377 0.00866294 0.000319583 -0.0413677 0.00349258 -0.000893309 0.02049 -0.000164266 0 0.00643892 0.0120495 0.00529491 0 0.00837312 0.00220591 0 0 0 0 -0.0842201 0 0 0 0.0166786 0 0 0.00835398 8.93197e-05 0 0.00128345 0 0.00427812 0.0128682 0 -0.00325355 0.000134766 0 0 0 0.00971058 0 0.00234479 0.0271819 0.00153731 9.0092e-06 0 0.0127832 0 0 -0.00951299 0 0.00140069 0.00603827 0 0 0.00226233 0 0 0.00897944 0.00341741 0 0 0 0 0.00348814 0.0219299 0 -0.0107041 0 0.00268185 0 0 0.0031083 0 0.00096397 0 0 0 0.000316063 0 0 -0.0135835 0.00204153 0.000676571 0.000565247 0 0 0 -2.15773e-05 -0.00592386 0 -0.00288534 0 0 0.0149232 0 -0.0290058 0.000260633 0 0 -0.0117382 0 -0.0121928 -0.00100066 0 -0.00424197 -0.00215773 0.00195997 0 0.00373589 -0.000761418 0.00557907 0.000645767 0 0 0 0.00118673 0 0 -2.17291e-05 0.0210078 -0.0219923 0 -0.00286402 -0.010563 -0.000374573 -0.0024941 0 0 0 0.00213394 0.00055745 0.00907459 0 0 0 -0.0027537 0.00692862 0 -0.000363819 0.00243413 0 -0.00483077 0 0.0157884 0 0.000107912 0 0.0176804 0 0 0 -0.00192745 0.00187476 0 0 0.0110771 -0.00825807 0 0.0120526 0.00166979 -0.0238662 0 0.000724088 0 -0.000698299 0 0 0.00143758 0 0 -0.000766587 0 0.000922734 0 0 0 0
-0.0632421 -0.000422122 -0.00240575 0.00181921 -0.0407307 -1.09604e-05 0.0220655 0.00876265 0.0143859 -0.0317698 0.854334 0.00343552 0.000977537 0.00410327 0.00742653 -0.0136183 -0.03458 -0.0328754 0.000354764 0 0.00856419 -0.00438137 0.0165807 -0.00325044 0 -0.0335918 -0.0288297 5.21451e-05 -0.0114414 -0.00868567 0 0 0 0.0119843 0 -0.00759924 0.0064989 0 -0.00271103 0.0229664 0.00155914 -0.0556297 0.00447561 -0.0512413 0.0337208 -0.0118459 -2.84724e-05 0.00362995 0.0173638 0.00309099 0.00716101 0.0127353 0 0.0029665 0.0106724 0 -0.00769587 -0.03614 -0.0144215 0.00461996 -0.0061528 0.000412437 0 -0.0036449 0 0.0102586 -0.00251483 0.00887458 0 -0.000969908 0 0.0167505 0.0126751 0.0129756 0.00510609 0 0.00216111 0 0.00206554 0 0 0.00196502 -0.00796947 -0.0153899 0.00175876 0 -0.00107227 -0.00985513 0.0117955 0.00412009 0 -0.00385178 0.00999902 0.0142239 0.00555368 9.89448e-06 0 0.0158255 -0.00483731 0 0.0269867 0.00150976 0 0.00226719 0.00825109 -0.0298611 0 0 0.00427883 0.0122256 0.00755804 0 0.0152076 -0.0121307 0.00303462 0 0 0.0211821 0.0203445 -0.00876604 0.00440339 0.00549712 0.00486061 0 -0.00584095 0.00266454 -0.0154442 -0.00921121 0.0270219 -0.0141311 -0.00458572 -0.00927255 0.0113293 0 -0.0296957 0.00376147 -0.00346627 0 -0.0378309 -0.0221426 -0.0286135 -0.0231822 0.00678415 -0.006926 -0.00457587 0.00406279 0.00127327 0 -0.0029002 0.00163154 0 0 -0.000428033 0 0.041687 -8.21775e-07 0.00832698 -0.00626667 0 -0.00509538 -0.0030066 -0.00800347 -0.0259744 -0.00900322 -0.00894436 -0.00150606 -0.00626543 -0.00833954 0.0129708 0 0.0105891 8.15445e-05 -0.0049473 0.0100927 -0.010487 0 -0.00459992 -0.0173103 0 0 -0.0144031 -0.0020969 0.00381984 0.00188942 0.00124137 0 0.000127799 0.00102292 0 0.0123497 -0.0148408 0 -0.00297461 0 0.00536906 -0.0402521 0.00143124 0.0178124 0.00703164 -0.0102638 0 0.00317279 0 -0.0295526 -0.0116251 0.00375071 0.012404 -0.0032399 0 -0.00258854 -0.000852917 0.00370414 0.0110209 0.0139531 0 0
0.000662969 0 0.000951209 0.000134254 0 0 0 0.00197885 0 0 0.00343552 0.93764 0 -0.00012472 -0.00365295 0.00544859 0 0 0 0 0 0 0 0 0 0 0 0 0 0.00751199 0 0 0 0 0 0.00193616 0 0 5.8993e-05 0 0 0 0 0 0 0.00168682 0 0 0 0 -0.0312764 -0.000736291 0 0 -0.0116549 0 0.00552779 0 0.000489282 0 0.00160732 0 0 0 0 0 0.00104649 -0.00219306 0 0.000685013 0 -0.0135393 -0.00206936 0 -0.000462741 0 0 0 0 0.00103365 0.000179591 -0.0059958 0.00481797 0.0142698 0 0 0.000805417 0 0 0 0 0.00084089 -0.000340008 0 0 0 0.000105593 0.000862175 5.35872e-05 0 0 0 0 0 0 0 0.000345791 0 -0.00173445 0 0 0 -0.000228304 0.00664639 -0.000208962 0 9.39594e-06 -0.00765475 0 0 -0.000299912 -0.00148959 -0.00849421 0 0.0116426 0 0 0.00207632 0 0.000377066 4.65392e-05 0.00235526 0 0 0.000221957 -0.00594783 0.000587008 0 0.00608069 0 0 0 -0.00918515 0.000478326 0 -0.000771868 0 0 0 0 0 -0.000527323 0.000868387 0 0 0 0 0 0 0 0.00589706 0.000635943 0.0018552 0.00108835 0.00449371 0.0011027 0.0027465 0 0.000539036 0 0 0 0.00217816 -0.00804168 0.00205582 0 0 0.00156329 0 0 2.79074e-05 0.00211395 -0.000457403 -0.000169125 0 0 0 -0.00180177 0 -0.00359527 0.00069919 0 0.00555917 0.000688903 0.000261534 0.00281197 0 0.000372838 0.000521468 0.00174267 0 0 0 0.00812799 0 0.000211915 7.77681e-05 0.000372681 0 0.000133269 0 0 -0.0047171 0 0 0
0 -0.00401853 -0.00196109 9.87254e-06 0 -0.00288224 -0.00397219 -0.0132297 -0.0169616 0.0369489 0.000977537 0 0.754031 -0.0526794 0.00685498 0.0208222 -0.0161727 -0.00393658 -0.00533712 -0.00333924 -0.00272378 -0.000893701 0 0 0 -0.00345573 -0.0285933 -0.00461482 -0.0059601 0 0 -0.0168281 -0.06193 -0.0344248 0.0154921 -0.0151593 0 -0.0591004 0.000480384 -0.00117232 0.00302725 0.0350894 -0.0223376 0 -0.0434524 0.00193481 0 -0.0135674 -0.00102297 -0.0510929 0.00395975 -0.0248165 -0.00546504 0 -0.00272268 -0.0103739 0 0.0116663 0.00376235 -0.00184315 0 -0.000444166 0 -0.0260137 0 0 0 -0.00735283 -0.00758993 -0.0497391 -0.000310196 0.0242454 -0.00905385 -0.000554988 0.00465843 0 -0.0159008 -0.00409612 -0.00869686 0 -0.0229661 0 -0.0028126 -0.00965562 -0.00326829 -0.000346024 0 0 0 -0.0381267 -0.0250022 -0.000838292 0.0120894 -0.00544325 0 0 -3.2402e-05 -0.00348676 0.00209631 0 0.01402 0 -0.0209685 -0.00423338 -0.00205133 0 -0.0022499 -0.0305222 0.0101269 -0.000254556 -0.046453 -0.00864609 0 -0.00143173 -0.00767815 0 -0.0323425 0.00532548 0 -0.0103009 -0.00358473 0.0143492 0.00701041 0.0120479 -0.00200212 -0.000243428 -0.00355087 0.0197208 0.00360205 -0.000152619 0 0.00288493 -0.0142511 0 0 0.00133672 -0.00705086 -0.013131 0 0 0.0262586 0.00839708 0.00971718 0 0.0272454 -0.0119633 0 -0.000262595 0.00818109 -0.0157664 -0.00442686 -0.0096194 0.00131185 0 0.00147137 -0.00115203 0.00178502 -0.0120491 0 -0.000222496 -0.00156581 0.00468955 -0.00191958 0.0165337 0.0111341 -0.00344889 0 0.00485268 -0.00331679 -0.00131252 -0.00673927 0 0 0.0187601 0.00318291 -0.0194805 -0.00492 0 -0.0157663 -0.000494844 0.0132055 0 -0.00847745 -0.00491701 -0.0081272 0 -0.00870486 0.0103753 -0.000192312 0.00973204 -0.000221362 0 -0.0175088 0 -0.00603516 0.00837322 0 -2.21873e-05 0 0.00126637 0 0 0.00123264 0 -0.00902401 0 8.3555e-05 0.00211492 -0.00255714 -0.00421557 0.00174939 0 0.000372067 0.00327099 0.00430806 0.00178289
0 0 0 0.0132657 0.00202878 0.00266425 -0.0196322 -5.5013e-05 0 0.00241225 0.00410327 -0.00012472 -0.0526794 0.848244 0.0215519 0.0309425 0 0.00400158 -0.00380027 -0.00911552 -0.0173917 0.0257543 -0.0153599 0 -0.0125558 -0.00144949 0 -0.00120279 0 0.00574623 0 0 -0.0307764 -0.0152025 0 0 -0.000862925 -0.00291657 0.0418263 0.0256261 -0.000389473 0.00606694 -0.00423108 0 0.026677 0.0331669 -0.00484308 0.00434175 0 -0.0794702 0 -0.00431249 2.27479e-05 0 -0.0047545 -0.0184675 0.00289912 0 0.0284868 -0.00145917 0.0160933 -0.00169588 0 0.000359579 -0.00337013 0 0.00113779 -0.013026 -0.00128578 -0.0122526 -0.0191627 0.0120466 -0.00719686 -0.0030363 -0.0030815 0 -0.00172838 0.00258417 -0.0214916 0.0140026 0.00160136 -0.00485763 0.00508711 0.000125675 0 -0.00213044 0.00547385 0 -0.000321663 -0.0752528 -0.00318633 0.011893 -0.00319513 -0.00246658 -0.00245572 0 0.0236208 0.00258122 0.00745 0 0.00076671 0 -0.00504107 0 0 0 0 -0.00547749 0 -0.0317942 -0.0301162 0 -0.00254436 0.00861479 -0.00251074 0 -0.000979835 -0.00487627 -0.00128635 -0.0429951 -0.0244414 -0.00535545 -0.00830829 0 0.00124434 -0.0394756 0 0.00750261 0.00107429 0.011098 0.00337981 0.0239806 0 0 0 -0.00677875 -5.06187e-05 -0.00498406 0.000636718 0 0.00414387 0.00332041 0 0.00356547 0.010526 -0.0100935 0 0 0.01368 -0.000648318 -0.000902977 -0.0379116 0.00565049 0 0 0 0 0 0.00205519 0 0.00600213 0.00987301 0.00116011 0.00982243 0.0123096 0.00466849 0.0072886 0.0155925 0.00245013 0 0 0 0.0117811 0.00280403 0.00592366 -0.00845086 0.00437401 0.00775021 0 0 0.00719738 0.0116801 -0.00332253 -0.0018662 -0.0301164 0 8.66524e-06 0 0 -0.00134838 0.00424152 0.00407403 0 0.00193817 0.00012239 0.00496843 0 0.00314876 0.00496998 -0.00267155 0.0058859 -0.00378887 0.00141912 -0.00138855 0 0.00337757 0.00440989 0.00140209 0 0 0.0152997 0.0027519 0 0.000616537 0.00264911 0.00259474
0.00246684 0 -0.00279245 -0.000364345 0.00928647 -0.0109036 0.000608525 -0.00279991 -0.00545202 0.0046723 0.00742653 -0.00365295 0.00685498 0.0215519 0.813312 0.0160898 0 -0.0153737 0 0.00238981 -0.00511632 -0.00548629 0.000692 0 -0.000790451 -0.0166254 0.00693326 -0.00844471 0.000709567 0.00622863 0 -0.00372309 0.012177 0 0.000500274 0.00521489 -0.00448505 -0.00159395 0.00529254 -0.00858955 -0.000667712 0 -0.0179134 0 -0.000420161 0 -0.00746833 -0.0221911 -0.0612046 0.0108665 -0.0215141 -0.0156727 0 -0.00556863 -0.021656 -0.010275 0 -0.0109509 -0.00103203 -0.024694 -0.00196781 -0.00411406 -0.0179749 0.0147564 0 -0.013868 0.000763668 -0.0262473 -0.0112029 0.0120741 -0.0017381 -0.00960892 -0.0195276 -0.00532216 -0.0142852 0 -0.0131647 -0.00110393 -0.0188895 -0.00126227 0.00105692 -0.0205685 0 0.0159852 -0.00831721 -0.0125583 -0.00273802 -0.0112298 -0.00216658 -0.00341886 -0.0030985 -0.00244446 -0.0196335 -0.0250294 -0.00744332 -0.0163525 0.00539207 0.00116471 -0.00120157 0 0 -0.0174814 -0.00691561 -0.00830355 -0.0136803 -0.0132668 0 0 0 -0.00559373 0.011533 0.00439981 -0.0277823 -0.00259032 -0.0180198 -0.00523805 -0.00468713 -0.019173 -0.00447119 0.00766763 -0.0242062 -0.0429615 -0.0218008 -0.00724345 0.00677105 0 -0.0323235 0 0 0.000211163 -0.00261202 0.0005814 -0.0141439 -0.0236954 0.0107511 -0.0476926 0.0257978 0 0.0270373 0 -0.00580697 0.000408983 -0.0197835 0 -0.0178573 -0.030611 0 -0.000901593 0 -0.0104401 -0.00723596 0.00326988 0.00566435 -0.00149715 -0.00570055 -0.00345298 0 0.0137852 -0.00159336 -0.00133252 -0.00300958 0 -0.00258645 -0.00349942 0.0170038 0 0 -0.0155372 0 -0.032538 -0.0134364 0 0 0 0.02006 -0.00423909 -0.00858771 0 0.0209189 -0.00631545 0.00356695 2.06015e-06 -0.0359751 -0.0142928 -0.00446857 -0.0235349 -0.0111577 0 -0.00834747 -0.0300566 -0.000223219 -0.00656464 0.0126484 0.00745219 0.00199367 0.0398951 0 0.000992374 0.0070421 0.0166148 -0.00173429 -0.0162775 0.00338472 0.0349802 -3.04681e-05 0.00476406 0.00381103 0.0162311 -0.00438888 0.0292246 0.00272986 0.00454519 -0.00927295 0 0.000116555 0.000293762
0 0 -0.000703656 -0.00452734 -0.00884389 0 0.00296299 0.0118315 -0.0237728 -0.0187769 -0.0136183 0.00544859 0.0208222 0.0309425 0.0160898 0.748122 0 -0.0351093 0.0347507 0.00970832 0.00347778 -0.0200493 0 0.00863169 0.00184411 -0.0131837 -0.00364878 0.00744397 -0.010552 -0.00962541 0.000713856 0.0135127 0.0391329 0.00317308 0 -0.0015188 0 0.013487 -0.00168995 0.0103339 0.00413477 -0.0208776 0.0100888 0.00555527 -0.005501 -0.00829438 0.00437251 0.0199623 -0.00317146 0.0568533 -0.00767853 0.0106826 0.100957 0.0195502 0.0117759 0.00438343 -0.0095941 -0.0299421 -0.00507202 -0.00585402 -0.0214039 0.0270983 0.00158932 -0.00461453 0.00371474 0.00296485 -0.00611396 0.0120259 0.0221546 0.0331202 0.0137598 0.0106935 0.014921 0.00118878 0.0129069 0.00273722 0.00462198 0 0.0112092 -0.00370573 0 0.00532894 -0.011629 0 0.000889817 0.00181267 -0.00186416 -0.0245458 0 0.0516922 0.00968598 -0.00638519 0.00638508 0.00525897 0 0.00755095 -0.00282137 0 0.000853713 0 0 0.00233999 0.00680549 0.00988879 0 -0.0370161 -0.0137298 0.00735661 0.00137932 0.0241483 0.0290405 0.0122928 0.00634736 -0.00751737 0.00708147 0 0.0158683 0.0142722 0.000367654 0.00972772 0.0149089 0.00853775 0.0132398 0 0 0.0149764 0.000350526 -0.0172498 -0.000423667 -0.00944367 -0.00762136 -0.0220125 0.00433028 -2.92202e-05 -0.00145922 0.00825765 -0.00297905 0.00520806 -0.00430149 0 -0.0101452 0 0 -0.0429896 -0.0337809 0.0120403 0.0138857 0.0193731 -0.0400814 0.00424667 0.0187562 0.0370523 -0.0107315 0 0 -0.0187244 0 0.00785307 1.12111e-06 -0.00552397 -0.00151022 -0.0208327 -0.0121254 -0.0120978 -0.0127307 0 -0.00547066 -0.00751244 0 0.00123141 0.0139794 0 -0.00574493 0.00927835 -0.0106302 0.0240372 0 -0.0132118 0 -0.00758813 -0.0320101 -0.0019671 0.00783008 0.00212737 0.0163107 0 0.0035977 0 0.00734072 0.00826861 -0.00431126 0 0 0 0 -0.0209207 0 0 -0.000996348 -0.0172062 0 0.0046624 -0.000688157 -0.00697318 -0.000825613 -0.000266377 -0.00114428 -0.00353496 -0.0265028 -0.0037807 -0.0138813 -0.000358786 0.00121108 0 -0.0024325 -0.000857275
-0.0308327 -0.0172692 0 0 -0.0550312 0 0.00125787 0 -0.00999673 0 -0.03458 0 -0.0161727 0 0 0 0.886262 -0.00434061 -0.00661907 -0.00832059 0 -0.00176438 0.00457793 -0.0267743 0 -0.0243774 -9.65257e-05 -0.0219057 0 -4.98252e-05 0 -0.00186048 -0.0333715 -5.17271e-05 0 0 0.0130322 0 -0.00312632 0 0.0141601 0 -0.00281909 -0.0021032 -0.00593541 0 0 0 0.00432135 0 0.000270493 -0.00785544 -0.0114395 0.00165393 0 0 -0.000164356 0 0 0.00835757 0 0 0 -0.0284183 0.00883941 0.0100217 0 0 0 -0.0142769 0 0.007691 -0.00132133 0.00368674 0 0 -0.00383774 -0.00160633 0 0 -0.00176726 0 0 -0.0163602 0 0 0 0 0.00638132 0 -0.0186286 0 0 0 0.0056557 0 0 -0.000810181 0.0146176 0 0.0163184 0 -0.00822726 0 0 0 -9.72488e-05 -0.0040801 0.000584938 0 -0.00732517 -0.0280627 0.00299892 0 -0.000966742 0 -0.0443365 0 0.0135872 0 0 0 0 0.00251771 -0.0027049 0.0230084 -0.000419116 0.00372938 0.0239234 0 -0.00437407 0 0 0 -0.0226311 0 0 -0.00210443 -0.0151266 -0.00134219 0 0 0.00137958 -0.000315246 0.00515707 -0.00242891 0 0 0 -0.000335802 -0.00228643 0 0 0.00765363 0.00784981 0 0.00213875 -0.031638 0 0 -0.000549611 0 -0.00150009 0 -0.00273567 -0.00171434 0 0 -0.000859196 0 0 0 0 0.00411802 -0.0213546 -0.00644012 0 0 0 0 0 0 -0.00032762 0 -0.00185155 0 0 0.00338484 0 0 -0.00105598 0 -0.00205541 -0.00466804 -0.00429239 0 0 0 0 -0.00923315 0 0 0 -0.00659634 0 0 0 0 0 0 0 0 0.00114454 0.00475257 0 0.000111337
-0.00698541 0.00891487 -0.0177485 -0.0170347 -0.01074 -0.0285502 -0.00666912 -0.00394958 -0.00463943 -0.0325519 -0.0328754 0 -0.00393658 0.00400158 -0.0153737 -0.0351093 -0.00434061 0.839688 0.00830876 0.00696318 -0.00583909 -0.0238158 -0.0141246 0 -0.0004293 -0.0389678 -0.0253709 -0.00550551 -0.0184586 -0.00551566 0.00572197 -0.00440344 0 0.00569082 0.0205732 -0.00134378 -0.000756811 -0.00240445 0.0107993 -0.00454997 -0.00376233 -0.0498198 -0.00797239 -0.00254091 -0.00190636 -0.024076 -0.00088172 -0.0177483 -0.00533141 0.00398526 0.0072233 -0.0184441 0 -0.00978982 -0.00562265 0 -0.012727 -0.0555915 -0.0104514 -0.0109031 -0.0131154 0 -0.00145088 0.00155869 0.00891649 -0.012576 -0.00498098 -0.031715 -0.000184463 0.0190932 0.0115739 0.000777497 -0.00492573 -0.0127972 -0.00508953 0.000970238 -0.00951875 -0.00683085 0 -0.0140426 -0.0213716 0 -0.0151231 0.00830011 -0.0110607 -0.0160587 -0.0195136 -0.021657 0 0 -0.00352855 -0.0171974 -0.010842 -0.00835279 -0.0101983 0.00090047 5.52631e-05 1.06532e-05 -0.0110087 0 0.00102301 0 -0.00322864 -0.0111974 -0.0130591 -0.030138 -0.00438604 0 0.0106574 0 0.0196323 0 -0.00494336 -0.0219771 -0.0114494 -0.00954906 -0.0108278 0.00807604 -0.00330565 0.00922809 0 -0.0138542 -0.0122205 -0.0051686 -0.0179671 0.0166635 -0.0543838 -0.0170204 0.00784477 -0.0222399 -0.0172664 -0.0183054 -0.0113963 -0.0125569 0.000535791 -0.0105133 0.0115566 0 0 -0.00283304 -0.0463397 0.000144242 0.013337 -0.0179932 -0.0161626 -0.0133208 0.000752267 0 -0.0176961 -0.00949782 -0.00414172 0.0115074 -0.00432006 0 0.000506849 -0.00362624 0.00179648 -0.00445429 -0.0132379 -0.00591671 -0.0245673 -0.027609 -0.0403142 -0.043018 0.00356889 -0.010839 -0.0224908 -0.0218747 0 -0.00691424 -0.0087271 0 -0.016474 0.0181246 0.00597006 -0.00138405 -0.0193665 -0.0343933 0 -0.018278 -0.0265103 -0.0110938 -0.0120155 -0.0168237 0 -0.00807487 -0.00939904 0.00256701 0 -0.0226004 -0.0283967 0 -0.000250996 0.00256652 0 -0.00735654 0 0.00253496 0.00481037 0.00553061 -0.0028505 -0.00375838 0 0.00532663 -0.00632342 0.000592342 0.00631919 0.0081399 -0.0120305 0.0153912 -0.00358682 0.00195296 0.00942237 0.000621957 0 0
-0.000556665 -0.0205709 0 0.00563728 0 1.23173e-05 0.00437262 0 -0.00402613 0.0088511 0.000354764 0 -0.00533712 -0.00380027 0 0.0347507 -0.00661907 0.00830876 0.891355 -0.030074 0 0.010884 0.00588919 0 0 0.0157004 0 -0.0289942 0.00326993 0.00335937 -0.0166107 -0.0202684 -0.0144675 -0.000469557 0 0 0.00780154 0 -0.0090753 0 0 0.0040111 -0.00169649 0 0 0.00578069 -0.00385012 -0.000266573 0 -0.00387215 0 -0.00418804 -0.001191 0.000784383 0 0 0.00421932 0.00628932 0 0 0.00284259 -0.00278384 0 0 -0.0333947 0 0.00483183 -0.000282408 -0.00124776 -0.0105208 -0.00651934 0 -0.00821418 0.00189786 0 0 0 0 -0.00446015 0.00442921 0.000164282 0 0.0173106 0 0 0 0.00491742 0 0 -0.000712099 -0.00441654 0.00709733 0 0 0.000305865 -0.00729694 8.29319e-05 0 0.00128363 0 0.00792447 -0.00127929 -0.0207712 0.00010201 0 0.011773 0 -0.0336122 0 0 -0.0123008 -0.0123717 0 0.0126112 -0.00115134 2.93161e-05 -0.00479521 0 0.00955684 -0.00736588 -0.0118887 -5.95053e-05 -0.000179337 0 0.000414617 -0.00429704 0 0.00436634 0.000194173 0.00749515 0 0.00148333 0 0 0 0 0 -0.0252397 0 0 0.0212841 0 1.28045e-05 0.00904773 0.00074732 -0.0016824 0 0 0.00355853 0 -0.0011498 -0.00872615 0.0079811 0 0.00257406 0.0011211 0.0133396 -0.00172189 0 0 0.00315888 0.00369374 0.00450653 0.00147818 0.000522072 0.00111871 0.000892284 0.00673185 0 0 0 0 0.00596838 0 0 -0.0212729 0.00745733 0.00591312 0 0.00114735 0.0129348 0.0010475 0 0 -0.0226004 0 0 0 0 -0.00036102 0.00950697 0 0 0 0 0.00158188 0 0 0.00182179 0 0 0 0 0 0 0 0.000634582 0 0.000785757 0 0.0056714 0.000292294 0 0.00459813 0 0
-0.0257897 -0.0307968 0 0.000973736 -0.0210536 0 0.0110864 -0.00268355 -0.00282933 0.00438466 0 0 -0.00333924 -0.00911552 0.00238981 0.00970832 -0.00832059 0.00696318 -0.030074 0.911358 0.0040584 0.0088619 0.0110605 0 0 0.0143769 0 -0.0270485 0 0 -0.0108835 -0.0175222 -0.00385181 0 0 0 0.0077486 0 -0.011415 0 0 0.00215029 0 0 0 0.00068779 0 0 0.00105914 -0.00519583 0 0 0 0.0043062 0 0 0 0.0184811 0 0.00301105 0 0 0 0 -0.00876399 0.00191142 0 -1.4578e-06 0 -0.00630335 -0.0244723 0 0 0.0076504 0 0 0.00516334 0 -0.00839681 0.0060331 0 0 0.000636171 -0.00461866 0 0 0.00161366 0.00224703 0 0 -7.48381e-05 0.00163237 0 0 0.0100028 0 0 0 0.00460769 0 0.0100299 0 -0.0183263 0 0.000484403 0.0123123 0.0030591 -0.0203444 0 0 -0.00286243 -0.0160456 0.00328077 0.000273182 0 0.00120831 -0.00281981 0 0.00359701 -0.00690659 -0.0051796 0.000386745 0.00285857 0 0.000153735 -0.00239395 0.000288195 0.0108767 0.0148296 0.00118082 0.00117118 0 0 0 -0.00126542 0 -0.00572647 -0.020702 -0.000158846 0 0.00317802 0 0 0.00612027 0.00184883 0 0 0 0.00511532 0 0 -0.0188753 0.00188511 0 0.00222276 0.0158081 0.00805376 -0.00341415 0 1.13674e-05 0.0015065 0.00454257 0 0.00250154 0 0.00193352 0 0.00153112 0 0.00769049 0 0 0.00348249 0 -0.0024231 -0.022008 0 0.000254736 0 0.000419253 0.00811427 0.000519083 0 0.000255449 -0.0210499 0 0 0 0 0 0.000975137 0 0 0 0 0 0 0 0.000724264 -9.41857e-05 0 0 0 -0.00018693 0 0 0.00467875 0 0.000429794 0 0.00232057 0.00247776 0 0.00461079 0 0
0.00820618 0.0103465 0 0 0.00297228 -0.00338978 -0.191676 0 0.00100057 0.00148531 0.00856419 0 -0.00272378 -0.0173917 -0.00511632 0.00347778 0 -0.00583909 0 0.0040584 0.884221 0 -0.118866 0 -0.00061933 -0.00621266 -0.000120416 0 0 0 0.0240883 0.00286579 -0.00753237 0.00620221 0 0.00174074 -0.00858351 -0.0193136 0.0139785 -0.00361441 -0.00132627 0.0145747 -0.000507285 0.0131736 0 0 0.0147476 -0.00711023 -0.0144471 -0.024753 0 -0.00333022 0 -0.0128993 -0.00639185 0 0.00417851 -0.00753694 0.00146621 -0.011184 0.0136427 0 0 0.00882664 0.00461309 -0.0216402 0 -0.00478086 -0.00131949 0.0192994 0 -0.00398817 0.0170048 -0.0983415 -0.00476917 0 -0.00355295 0 0.0134103 -0.000102781 -0.00136601 0 0 0.0191656 -0.00112853 0 -0.00202763 0.00175287 -0.00221349 -0.0310339 0 0 0.00239979 -0.00331891 -0.00977396 0.0133985 0 0.000999742 -0.00568835 0 0 0 0 -0.00134003 -0.00466786 0.00839579 0 0.00834081 0 -0.0129074 -0.00127746 0.00361112 -0.0060125 0 -0.00534731 -0.0128753 -0.000282567 0.00181945 -0.0282096 0.0135307 0 -0.0110538 -0.0150203 -0.0014894 0 0.000816018 -0.00998092 0 0 0 0 0.000445222 -0.00386889 -0.00034279 0.012455 -0.00643089 0.00845747 0.0123468 0.0083079 0.000162133 0.0221025 0.0101346 0 0 0 -0.00783693 0 -0.000672018 -0.00111381 -0.00354383 0.0152749 0 0 0 0 0 0 0 -0.000689691 0 -0.000428425 0 -0.00112522 -0.000561059 0.00707348 -0.000914061 -9.77615e-05 -0.000777814 0 -0.00255134 -0.00343135 0 0 -0.00118246 0.00713236 0 -0.000613567 -0.00130557 0.00644093 -0.00157825 -0.0122655 0 -0.00929737 -0.0132875 3.27096e-05 -7.70267e-05 -0.000393732 0 0 0.00164971 0 0 0.00644543 0.00778212 0.000357671 0.00668033 0 0.000131167 0.000296629 0.0121985 0 -0.0096225 0 0.00975561 0 0.000197681 0 0.00399659 -0.000214487 0.00499256 0 0 0 0 0 0
0 0 -0.00629148 -0.0125353 -0.00441065 -0.0204587 0.0210773 0 -0.00489141 -0.00847739 -0.00438137 0 -0.000893701 0.0257543 -0.00548629 -0.0200493 -0.00176438 -0.0238158 0.010884 0.0088619 0 0.866858 0 0 0 -0.0270029 -0.00368884 -0.000787008 -0.00856887 -0.0106033 0.000643076 -0.000244731 0 -0.0121836 0 -0.00456159 0 0 0 -0.00565648 -0.000755558 -0.0083574 -0.00838713 -0.00709355 -0.0194264 -0.0181908 0.00428973 -0.00912578 -0.00189321 0.0140425 0.00604556 -0.00835615 -0.00249534 9.74361e-06 -0.000659144 0 -0.00858584 -0.00877016 -0.0284039 -0.00368468 -0.0267766 0.000912587 0 0 0.00890029 -0.00141933 -0.00679194 -0.00641597 0 0 0.00162809 0.0183945 -0.0045244 0 0 0 -0.00662836 -0.00194192 0 -0.0159247 -0.00349774 0 -0.00848512 0 -0.00301457 0 -0.00931275 -0.00444366 0.000497364 0.0117477 -0.00358341 -0.044678 -0.00535343 -0.00647727 -0.000306349 0 -0.00123311 -0.00552793 -0.00322113 0 0 0 -8.68919e-05 -0.0102789 -0.025815 -0.0157651 -0.0105206 0 0.00404066 0 -0.00307802 0 -0.0015925 -0.0106305 -0.0127171 -0.00715263 -0.0031251 -0.00144424 0 0.00143627 0.00586814 -0.00332502 0.0167971 0 -0.00676101 0.0145745 -0.0111275 -0.00375006 0.000643978 -0.00548739 -0.0145303 -0.00878911 -0.0217887 -0.00599684 0 -0.00253363 0.00491515 0.00113316 0 0 -0.0100484 -0.00219744 0.00918812 -0.0240059 -0.0113876 -0.00757311 0 0 -0.000690532 -0.00547923 -0.00184117 0.0058092 -0.0108836 0 0 -0.00892179 0.000359656 -0.00311693 -0.00157214 -0.00814052 -0.0140968 -0.0201472 -0.0232176 -0.00363152 0.000282993 -0.018509 -0.00951468 -0.00536995 -0.0103185 -0.00196032 -0.0188957 0 -0.0158966 0.00965149 0.00155994 0 -0.011083 -0.00245521 0 -0.00985337 -0.00348738 -0.0231686 -0.0048277 -0.00416531 0.00124867 0 -0.00481974 0.00477882 0 -0.00248432 -0.0100078 0 -0.000786801 0 -0.0033742 0 0 -0.00131072 -0.00136616 0.000428195 -0.00822268 0 0 0.000865057 -0.00290765 -3.73455e-05 0 0.00830537 -0.0075112 0.00382025 -0.00856576 0 0.00342795 0 0 0
0.00991718 0.0380406 0 -0.00115953 0.00740697 -0.0099617 -0.139241 0 0.0225749 0 0.0165807 0 0 -0.0153599 0.000692 0 0.00457793 -0.0141246 0.00588919 0.0110605 -0.118866 0 0.877153 0 0 -0.00519338 0 0.031011 0 0 0.0290581 0.0166893 0 0.0140576 0 0.00375135 -0.0162698 -0.0043325 0.0301582 -0.000601155 0 0.00408793 0.00925124 0.0135484 0 0 0.0307236 -0.00438837 -0.00613138 -0.0311356 0 0 0.0243685 -0.0519331 -0.00468629 1.33966e-05 0.00479837 -0.042365 0.0161531 -0.0103903 0.0154618 0 0 0.0161029 0.0120062 -0.0434596 0 -0.00366659 0 0.0478757 0 -0.00302848 0 -0.128771 -0.00736914 0.00910331 0.00290054 0 0.0208854 -0.000183769 -0.000304242 0 -0.000232297 0.0253288 0 0.0114604 -0.001887 0 -0.00332759 -0.0249134 0.0260207 0 -0.00123136 0.0094253 -0.0460644 0.0119088 0 0.000817689 -0.00637907 0 -0.00523153 0 0.0201661 -0.000143776 -0.00382852 0 0 0.0221913 0 -0.010038 0 0.0295934 -0.00603453 0 -0.00242602 -0.0125918 0 -0.00563774 -0.0489435 0.0175152 0 -0.0089286 -0.00509665 -0.000420349 0 0.00384046 -0.0025996 0 -0.00305278 0 0 0.00416111 -0.001163 3.47916e-06 0.0205484 -0.0107354 0.00587954 0.00848843 0.00947623 0 0 0.00588011 -0.00774326 0 0 0.00257462 0 -9.54966e-05 -0.0234064 -0.00069848 0.043709 0.00334296 0 0 -0.00244009 -4.00711e-05 0 0.0185044 -4.93564e-05 0.0070736 -0.000498243 0 -0.0010993 -0.0014852 0.006872 -0.00073264 0 -0.00195183 0 -0.00240382 -0.00138454 0 -0.000568833 -0.00116598 0.00743545 0.0182903 0 -0.00161197 0.0144412 -0.00679828 -0.00659724 -4.77573e-05 -0.00289054 -0.00434093 0.0143967 -0.0010242 0 -0.000140945 0 0.00114378 -4.19515e-06 0 0.00915067 0.00418744 0.00102085 0.00523215 0 0 0 0.00592271 0 -0.00201181 0 0.00943816 0 0 0 0.00354941 -0.000377568 0.00596405 0 0 0 -0.00124647 0 0
