1.06027 0.0920779 0.0841703 0.0915043 -0.0113513 0.0733429 -0.0878177 -0.0759399 0.0462947 0.0553019 0.0659431 0.00937761 0.0452941 0.0196374 0.00184848 0.115238 -5.78584e-08 -0.0173485 0.0364233 0.0224797 0.0553399 0.0728257
0.0920779 1.0395 0.0495882 0.0215978 0.0852196 -0.0290282 0.00270819 -0.0451546 0.0105578 0.0353877 0.0378614 0.00864154 0.0312774 -0.013741 -0.026244 0.00725281 -1.57461e-07 0.0194727 0.0158242 0.0559007 0.0524303 -0.00333808
0.0841703 0.0495882 1.15986 0.16827 0.00984522 0.0632462 -0.026344 -0.0657722 0.0477964 0.110808 0.0538669 -0.00121154 0.0813864 0.0349709 0.016914 0.118025 -5.21595e-07 0.0349962 0.0778337 0.0868424 0.0194463 0.0865167
0.0915043 0.0215978 0.16827 1.50103 0.0330582 0.107626 -0.0673217 -0.107274 0.0854546 0.0932984 0.0149227 -0.00271386 0.0536377 0.0333939 0.113037 0.082682 4.33716e-07 -0.0966036 -0.0377206 0.036937 0.0492652 0.0650283
-0.0113513 0.0852196 0.00984522 0.0330582 1.18078 -0.0376575 0.00250953 -0.0055184 0.0186589 0.0297405 0.0619398 -0.0400142 -0.00254861 -0.0469014 0.000471745 -0.0197909 7.16602e-08 0.134718 0.00901636 0.0434242 0.0691974 -0.0269906
0.0733429 -0.0290282 0.0632462 0.107626 -0.0376575 1.4105 -0.00359639 0.0493042 -0.0138712 0.0180057 0.0385811 -0.0104765 0.0286243 0.203015 0.0379287 0.0991054 -1.2903e-06 -0.0406788 0.0564181 0.0599104 -0.0347055 0.0941859
-0.0878177 0.00270819 -0.026344 -0.0673217 0.00250953 -0.00359639 1.40035 0.140596 -0.060948 -0.043981 0.0486119 0.0238308 0.0289438 0.0848792 -0.00152485 0.00735174 -3.65307e-07 0.0560397 0.0582679 0.0241589 -0.1007 0.00665719
-0.0759399 -0.0451546 -0.0657722 -0.107274 -0.0055184 0.0493042 0.140596 1.29786 -0.0591748 -0.093375 0.046038 0.0735309 -0.0445357 0.146561 -0.0497283 -0.0542669 7.99671e-07 0.0983484 -0.002186 -0.045519 -0.0225536 0.0560105
0.0462947 0.0105578 0.0477964 0.0854546 0.0186589 -0.0138712 -0.060948 -0.0591748 1.05735 -0.0149604 0.0359582 0.00138334 -0.00957927 -0.0222897 0.0478748 0.0100167 -1.23672e-07 -0.0677527 -0.02234 -0.0470248 0.0677346 0.0923746
0.0553019 0.0353877 0.110808 0.0932984 0.0297405 0.0180057 -0.043981 -0.093375 -0.0149604 0.986649 0.00930677 -0.00261409 0.0809713 -0.00112572 0.0334624 0.0601787 3.10459e-07 0.0354277 0.054604 0.0779093 0.0402042 0.0751925
0.0659431 0.0378614 0.0538669 0.0149227 0.0619398 0.0385811 0.0486119 0.046038 0.0359582 0.00930677 1.20452 -0.0261048 0.0101483 0.0594676 -0.00486287 0.0534191 -6.33298e-07 0.0198865 0.0101901 0.0247881 0.00225367 0.0493515
0.00937761 0.00864154 -0.00121154 -0.00271386 -0.0400142 -0.0104765 0.0238308 0.0735309 0.00138334 -0.00261409 -0.0261048 1.34526 0.00158856 0.0392956 -0.00624845 -0.0406621 -1.49709e-06 0.0301962 0.00880257 -0.00235757 -0.0277113 0.00489546
0.0452941 0.0312774 0.0813864 0.0536377 -0.00254861 0.0286243 0.0289438 -0.0445357 -0.00957927 0.0809713 0.0101483 0.00158856 0.955749 0.0404686 -0.00542088 0.0553249 -1.18667e-06 0.0470809 0.103743 0.181487 -0.0330853 0.0226907
0.0196374 -0.013741 0.0349709 0.0333939 -0.0469014 0.203015 0.0848792 0.146561 -0.0222897 -0.00112572 0.0594676 0.0392956 0.0404686 1.34009 0.0119813 0.0264645 9.99256e-07 -0.0328298 0.0313725 0.0277614 -0.0618915 0.05532
0.00184848 -0.026244 0.016914 0.113037 0.000471745 0.0379287 -0.00152485 -0.0497283 0.0478748 0.0334624 -0.00486287 -0.00624845 -0.00542088 0.0119813 1.32798 0.00818418 1.83457e-06 -0.100594 -0.047692 0.00589928 0.0419067 -0.00484018
0.115238 0.00725281 0.118025 0.082682 -0.0197909 0.0991054 0.00735174 -0.0542669 0.0100167 0.0601787 0.0534191 -0.0406621 0.0553249 0.0264645 0.00818418 1.54554 -1.01696e-06 0.0318564 0.0344339 0.0578019 0.0398651 0.128141
-5.78584e-08 -1.57461e-07 -5.21595e-07 4.33716e-07 7.16602e-08 -1.2903e-06 -3.65307e-07 7.99671e-07 -1.23672e-07 3.10459e-07 -6.33298e-07 -1.49709e-06 -1.18667e-06 9.99256e-07 1.83457e-06 -1.01696e-06 3.26079e-09 -8.73235e-07 4.80084e-07 -3.20264e-07 -9.37907e-07 -1.68184e-06
-0.0173485 0.0194727 0.0349962 -0.0966036 0.134718 -0.0406788 0.0560397 0.0983484 -0.0677527 0.0354277 0.0198865 0.0301962 0.0470809 -0.0328298 -0.100594 0.0318564 -8.73235e-07 1.42866 0.0751589 0.00491174 0.0370949 -0.018559
0.0364233 0.0158242 0.0778337 -0.0377206 0.00901636 0.0564181 0.0582679 -0.002186 -0.02234 0.054604 0.0101901 0.00880257 0.103743 0.0313725 -0.047692 0.0344339 4.80084e-07 0.0751589 0.875621 0.168656 -0.0342145 0.0076385
0.0224797 0.0559007 0.0868424 0.036937 0.0434242 0.0599104 0.0241589 -0.045519 -0.0470248 0.0779093 0.0247881 -0.00235757 0.181487 0.0277614 0.00589928 0.0578019 -3.20264e-07 0.00491174 0.168656 0.941012 -0.00364155 0.0203161
0.0553399 0.0524303 0.0194463 0.0492652 0.0691974 -0.0347055 -0.1007 -0.0225536 0.0677346 0.0402042 0.00225367 -0.0277113 -0.0330853 -0.0618915 0.0419067 0.0398651 -9.37907e-07 0.0370949 -0.0342145 -0.00364155 1.13008 0.0481374
0.0728257 -0.00333808 0.0865167 0.0650283 -0.0269906 0.0941859 0.00665719 0.0560105 0.0923746 0.0751925 0.0493515 0.00489546 0.0226907 0.05532 -0.00484018 0.128141 -1.68184e-06 -0.018559 0.0076385 0.0203161 0.0481374 1.31229