0.834866 -0.0940286 -0.00250715 -0.000578924 -0.0856124 -0.000980438 0.0124276 -0.0100868 0.0041286 -0.0678655 -0.0319017 -0.0764255 -0.0290064 -0.0143828 -0.0134391 -0.0109229 -2.52472e-06 0.0134801 0.0103817 -0.00218167 -0.000700374 -0.0192752 0.0039264 0 -0.00260735 0 0 0 -0.0213615 0.0130146 -2.02927e-07 -2.70129e-06 0.00439406 -0.00499235 0 -0.00108688 0 -0.00383406 -2.44479e-06 0 0 2.27085e-06 0 0 -0.000499046 -2.35265e-06 -0.00638508 -2.45724e-06 -0.00614958 -0.0178676 0 0.00338326 -0.0245912 0 0.000385246 0 0 0 0.00698239 -0.0381608 -0.0111289 -0.0140527 0 0 -2.64781e-06 0 -0.0165117 -2.58489e-06 -0.00934417 0 0 -1.63575e-06 -2.41395e-06 -0.000775522 0 -0.000529625 0 0 0 0 -0.0143401 -0.00385371 -0.0982845 -0.00244674 0.0149652 0 0 -1.21144e-06 0 -0.0194109 0 -0.00546711 -2.71678e-06 -0.0063055 -0.00838814 0 -0.00818788 0 0.000884212 0.00276494 0.00107226 -0.0206172 -1.01063e-06 0 -0.00160468 -0.000787818 0 0 -0.0129227 -0.00166401 0.00827772 -0.00107441 -0.000313908 -0.00286617 0 0 -0.00162084 -0.0284347 0.00391053 0 0 0 -0.00887017 0 0 0.00229302 -0.00114802 0 0.00146181 -0.000506614 -0.0290399 -7.7855e-07 -0.0154323 0 -0.00824395 0.000163507 0 0.00047171 0 0 0.00206451 0.00673861 0 0 -0.00706488 0 1.94561e-06 -0.00118323 0 0 0.00127901 0 0.00672756 0 0 0 -0.000554143 -0.0172515 -0.000798912 -0.00167454 -1.16141e-06 0.0073937 -0.000859639 0 0 0.00297416 0 0 0.00370954 0 0 0 -0.00103188 0 0 -0.00546444 0 0 -0.00158812 0 -0.0204194 -1.77952e-06 0 -0.00851853 0 0 0 0 -0.00665462 0 0 0 0 0 0 0 0 0 0 0 0 0 0 0 0 0 0 -1.86145e-06 0 0 2.02136e-06 0 0 0 0 0
-0.0940286 0.736247 -0.00256263 0.000452452 -0.0669324 -0.000799873 0.0251256 0.00160329 0.0057119 -0.0364446 -0.016164 -0.0970395 -0.0314691 -0.0270989 -0.0188419 -0.0245142 -1.93876e-06 -0.00390315 0 -0.036069 -0.00122824 -0.0405599 0.0132099 0.00704669 -0.00351555 -0.000393193 0 0 -0.0418207 0.0160583 2.37669e-08 -2.13408e-06 0.000105637 -0.000417372 -0.000253102 -0.000162507 0 0.00346558 0 -4.4572e-05 0 1.86509e-06 0 0 -1.78067e-06 0 -0.000975615 -1.96982e-06 -0.0110204 0 0 0 -0.030574 0 -0.00370423 0 0 0 0.0062602 -0.0106178 -0.00813329 -0.0412656 0 0 -2.22344e-06 0.00216366 -0.0233639 -0.00111716 -0.0146319 0 0.00110927 -1.30009e-06 -1.92001e-06 0.000312765 0 -0.00286813 0 0.00579377 -0.00035176 0 -0.00197061 0.00244185 -0.0263618 -0.00259053 0 -0.000303512 0 0.00448073 0 -0.0183103 0 -0.00200358 -0.00104317 -0.0149021 -0.00216441 0 -0.0106118 0 0 0 0 -0.0211109 0 0.00341916 -0.00720325 0 -0.000177836 0 0.00654916 -0.0218756 0.0007338 -0.00138771 -0.00653197 -0.0013698 0.0101963 0.00459047 -0.000835046 -0.0143058 0.00158023 0 -0.00510595 0 0 0 0 0 0 0 0 -0.000209647 -0.0202396 0.00085226 -0.00208026 0 -0.00153214 0 -0.00465163 0.000431806 -0.00618955 0 0 -1.99351e-06 0 -0.000844056 -0.00228054 0 -0.00642063 0 0 0 -0.00015009 0 0.010312 -0.00393601 0 0 -0.00477455 -0.00724443 -0.00127404 -0.00795196 0 0.00626239 -0.0204558 -1.53331e-06 0 0 0 -0.000123983 0 0 0 0 -0.000338282 0 0 -0.054891 0 0 -0.0080061 -1.01026e-06 -0.012426 -1.43301e-06 -1.40442e-06 0.00773562 0 0 0 0 -0.00498282 0 0 0 0 0 0 0 0 0 0 0 -0.00419915 0 0 0 0 0 -0.000316449 -1.44487e-06 0.00380401 0 -0.00212416 0 0 -0.000541956 0 0
-0.00250715 -0.00256263 0.800647 -0.0277225 -0.0116112 -0.100549 -0.000754585 -0.0454084 -4.47478e-07 -0.000688157 -0.00344364 -0.00305719 -0.000887824 -0.000680207 -1.61358e-06 -0.00552505 -0.0172721 -0.0149718 0.00643145 -0.00212011 -0.0116627 0 -0.00188951 -0.0101202 -0.015987 -0.0103522 -0.00870951 -0.00680791 -0.00053119 -0.00143028 -0.00657802 -0.0366806 0.0221028 -0.0105854 -0.00265241 -0.00146732 -0.0166145 -0.0179939 -0.0226606 -0.00940138 -0.000762959 0.0101096 -0.0126365 0 -0.00914347 -0.0101925 -0.0140621 -0.013394 0 0.00304189 -0.00427018 -0.000566008 -0.00653197 0.00412844 -0.000665959 -0.00172823 -0.0144373 -0.000614017 -0.00574338 -0.000540849 -2.54668e-06 -0.00457758 0 -0.00192886 -0.0145356 0.00654019 0 -0.0566509 -0.00119443 -0.0122878 -0.00306524 -0.00248733 -0.00835425 -0.00949953 -0.000159867 -0.00958986 -0.0014291 0.00623581 0 0 -0.0200423 0.0192206 -0.00386496 -0.0146827 0.0139354 -0.00755235 0.00572924 -0.000999348 0 -0.000904992 -0.00168844 -0.00273262 -0.0118069 0 -0.00913652 -0.00609347 0.000577377 0.00341951 0.00468795 -0.002637 0.00622255 -0.00842035 -0.00126508 0.0213571 -0.00136592 -0.0167795 -0.00675855 -0.00479776 -0.0106593 -0.00015164 0.000309923 -0.00033561 -0.00878587 -0.00599979 0.00749792 0 -0.000314274 -0.00290584 -0.00275903 -0.00324805 0 0.000141003 -0.00788789 0 -4.10305e-05 -0.00912855 -0.0215617 0 0.00595399 -0.00995711 -0.00326465 -0.000851596 -0.0250466 -0.000171944 -0.0207901 0.00481251 0 -0.00188946 0 -0.00813401 0.0149609 -0.0082302 -0.0022947 -0.00355831 -0.0019177 -0.0033975 0.00346798 -0.00192736 0 -0.00437893 0 -0.000336819 -0.000798925 -0.00059665 0 0 -0.00545878 0.0103373 -0.00947853 0.00768826 -0.00114067 -0.0010085 0 -0.00302838 -0.0048246 -0.00123973 -1.00225e-06 -0.0022164 0 0.000290685 0 -0.0020298 -0.0073835 0 0.000635594 -0.000421352 -0.00349175 -0.0038664 0 0.00255466 0 -0.00150415 -0.00149081 0 0.00115026 -0.0031363 -0.000705233 -0.00388172 -1.25571e-06 0 0 0.00952974 -0.000953093 0 -0.00119438 -0.00133546 -0.00264363 -0.00121097 0.00612331 -0.0012878 0 -0.00104889 -0.000824486 -0.00119591 -0.00167536 0.00324904 0 -0.000965502 -0.000709 0 0.00268095 -0.00412277 0 0 0 0
-0.000578924 0.000452452 -0.0277225 0.798992 -0.00611295 -0.0162275 0.0111237 -0.0136769 0.0150331 0.0113442 -0.00242723 -1.37101e-06 0 0 -1.4422e-06 0 -0.0228146 -0.0271201 0.0156689 0 -0.00885849 0.00918536 0.0136215 -0.0109462 0.0103711 -0.0540757 -0.0103893 -0.0316258 -1.82074e-06 0.00210411 -0.0213751 -0.0417444 0.00989125 0.00251557 0 0 -0.00962915 -0.0572517 -0.0204423 -0.0167432 -0.000322443 0.0141669 -0.0065149 0.00933064 -0.0324462 -0.00948534 -0.0822869 -0.0184846 0 -0.0170318 -0.00358497 -0.000346967 -0.00159721 -0.00313703 0 -0.00354437 -0.0106714 -0.000352953 -0.0089119 0 0.005387 0 -4.44441e-07 -0.00689688 -0.0160296 0.03516 0.0138907 -0.0172878 -1.61783e-06 -0.0100106 -0.0178047 -0.00320079 -0.00976962 -0.0423558 0 0.00477541 -0.00111147 0.0280847 0 0 -0.0176979 -1.29129e-06 0.000192547 -0.0134692 0 -0.00816359 0.00511588 0.00677182 0 -1.94771e-06 0 -0.0022373 -0.0123555 0 -0.00573651 -0.0111735 0.00850343 -0.00326998 0 0.00611969 0.00705622 -2.45383e-06 -0.00154589 -0.0108327 0 -0.17414 -0.00743207 -0.00757548 -0.0221537 0.00410699 0.000428311 0 -0.0102892 -0.0135087 0.004351 0 0 -1.48521e-06 0.00108914 0.00184211 0 8.78542e-05 -0.0263423 0 0 -0.00964933 -0.023176 0 0 -0.0138224 0 -0.00161365 -0.0275031 0 -0.0115866 0.0137377 0 -0.00176425 0 -0.00544059 0 -0.0103188 -0.00162926 0.0111947 -0.000648819 -0.00146356 0.0055634 -0.000784135 0 0.00887742 0.00876348 0 -9.24116e-06 0 0 0 -0.00462965 0.00423962 -0.0186899 0 -0.00303468 -0.000221112 0 -0.00288072 -0.00399407 0.00108396 0 0 0 0 0 -0.00230848 -0.00808967 -8.52923e-07 -1.48156e-06 0 -0.0047328 -0.00264762 0 0.001686 -0.00794936 -0.000752926 0.0155784 0.0003511 -0.00199339 -0.0142176 0 -0.00543175 0 0.00694122 0.00210345 0.0175367 -0.000185081 0 -0.0041796 -0.000490021 -0.00229293 -0.00668966 0 -0.00260562 0 -0.000364537 -0.00331575 0 -0.000329241 0.00134714 0 -0.00213374 0.000516334 0 -0.00915849 -0.0045048 0 0.00663949 0 0
-0.0856124 -0.0669324 -0.0116112 -0.00611295 0.810431 0 0.0164741 -0.00671053 0.00562757 -0.107866 -0.021309 -0.0497019 -0.0469578 -0.0266246 -0.058766 -0.00889845 -0.0100105 0 0.00331503 -0.0125247 0 -0.0159249 0.00396918 0 -0.0042763 -0.00846598 -0.00267206 0.00185007 -0.0173457 0.00559642 -0.0214621 -0.00124485 0.0230319 0.0065055 0 -0.0101601 -0.000537715 -0.00904656 -9.58735e-05 -0.00309934 0 8.34785e-05 6.806e-05 0 -0.00165577 0 -0.0238747 0 -1.18212e-06 0 0.00419963 0.000537207 -0.0151885 0.00195534 0.00256365 0 0 0 0 -0.0435323 0.0113065 0.00378234 0 0 -2.23728e-05 0.020962 -0.00509948 0 -0.00847875 0.000588988 -0.00273514 -1.64475e-06 -2.42009e-06 0 0.00323088 0 0.00485335 0.00803556 0 0 -0.00894653 -0.00931016 -0.0189474 -0.00473606 0.00937299 0 0 0.00496166 0.00842712 -0.0129539 0 0 0.00795769 -0.00508776 -0.0012176 0 0.0155935 0.00184143 0.0118691 0.00527998 0.00293859 -0.0109811 0 0 -1.45547e-06 -0.00575466 0 0.0107084 -0.00996537 -1.64413e-06 0 0 0 -0.000544438 0 0 -1.3506e-06 -0.0258725 0 0.00295379 0 0 -0.02423 0.00175829 0 -2.7316e-06 -0.00555173 0.000588369 0.00168679 0 -0.012092 0 -0.0227969 0 -0.0187089 -0.0117546 0 -1.98233e-06 0 0.00212028 0.00568089 -2.47998e-06 0 0.00334987 -0.00428679 0 -0.00607037 0 0 0.00153516 0 0 0.00507405 0 0 0 0 -0.00209022 -0.00026472 0 0 0.00389955 0 -1.94029e-06 0 2.92484e-05 0.00640112 0 0.0126059 0.00141081 0.00662885 0 0 0.000136405 -5.33385e-05 -0.0064529 0 0 -0.00295787 0.00628421 -0.0196752 -1.78994e-06 0 -0.00467664 0 0 7.67538e-05 0 -0.0148334 0.00478986 0 0.000210963 0 0.0153913 0 0 0 0 0.0063228 0 0 0 0 0.000317579 0 -0.00123072 0 0 0 0.00436119 -0.00249407 0 0 0.00616458 0 0
-0.000980438 -0.000799873 -0.100549 -0.0162275 0 0.769292 0.00173637 -0.0565456 -4.76841e-07 -3.99678e-05 0.010819 -0.00724481 0 -0.00194767 0.00181263 0.00783236 0.00406883 -0.0491223 -0.00513599 0.00309709 -0.0167193 0.00257959 0.00333603 -0.0173479 -0.0124826 -0.00241374 -0.00522556 0.00224796 0.00496184 -0.0021906 -1.16594e-06 -0.005925 0.0134967 -0.0365446 -0.00419957 0 -0.0226637 -0.0201466 -0.0109357 -0.00811635 -0.00327364 0.00318389 -0.0418352 0.00443467 -0.0229648 -0.00738034 -0.00595727 -0.0198968 -0.00106653 -0.012347 -0.00313561 0.0037308 -0.00275627 0.000474097 0.0149033 -0.00344765 -0.014126 -0.00230383 -0.00829186 0 0.00432055 -0.00427885 -4.64027e-07 -0.00288907 -0.0381714 -0.00660832 0.00335721 -0.0281455 -4.57808e-05 -0.14301 0.00601702 -0.0013288 -0.000275576 -0.0104232 -0.00126862 -0.0142213 -0.00281404 0.00788775 -0.00160737 0 -0.0125394 0.00797085 -0.000317299 -0.0130006 -0.00854633 -0.0112189 -0.00138626 -0.00644733 0.00760357 -1.95831e-06 -0.0023137 -0.00433959 -0.0137892 -1.34615e-06 -0.00107378 -0.0108907 0.00689561 -0.00616568 -0.000240627 -0.00654414 -0.00571144 0.00131215 -0.00642527 -0.00109579 -0.00284997 -0.0138121 -0.00855873 0.0109995 -0.00129688 0.000560427 0.000822324 -0.0018878 -0.0121006 -0.00588859 0.00157525 -7.93563e-05 0.000523474 0.00636318 -0.00623053 0.00450251 -0.00133834 0.000174695 -0.00511223 0.00152466 -0.000739717 -0.0104053 -0.0347737 -0.00234527 -0.00373211 -0.0248241 -0.0027118 -0.000663182 -0.0116252 -0.0014202 -0.013962 0.0040659 0 0.00215541 -0.00120335 -0.0178562 -0.00527392 -0.0108536 -0.00233766 0.0188545 -0.0006934 -0.00513875 -0.00942847 -0.00272193 -0.000612964 -0.0100923 0 -0.00161146 -0.00284369 -0.0011374 0 0 -0.00684273 0.0124289 -0.00904631 0.00419197 -0.00176709 -0.00351122 0 -0.00280313 -0.00906903 -0.00538864 0.00399731 -0.00213846 0.00397129 -0.00615018 0.000672892 -0.0049839 -0.00983362 -0.000901138 0.00103673 0 -0.00781259 -0.0064312 0 -0.0054428 0.00311976 -0.00155909 0.00122132 0.00378208 0.000179236 -0.00243394 -0.0024411 -0.00655376 0.0245268 0 0 0.0256386 -0.00385752 0.00642598 0.000859898 -0.00481794 -0.00424241 -0.00157113 0.00373493 -0.00123876 -0.000899518 0.00776014 -0.000854323 -0.00355239 -0.004005 0.0263912 0 -0.000452065 -2.52111e-06 0.00771488 -0.00690544 -0.00127119 0 0.00255771 0 -0.000197785
0.0124276 0.0251256 -0.000754585 0.0111237 0.0164741 0.00173637 0.604959 0.0140232 -6.77042e-09 0.00101542 2.54164e-07 -0.00467379 -0.00655976 -0.000977674 0.00360726 1.85187e-07 -0.000271821 0.0250207 0.0289404 -0.0094312 0.00174072 0.0279774 -0.25538 0.0010214 -0.00776271 0.000258036 0 -3.39583e-08 0.0253273 -0.187143 0 0.0172353 -0.0114308 -0.0116797 0.0012015 0.00356544 1.15977e-07 -1.04165e-05 -0.00271615 0 -0.0163355 0.00312651 -0.0108496 0 -0.00136578 0.000360862 0 -0.00692924 0 0 -0.00890097 -0.021879 0.0187137 -0.00790575 -0.0061628 -0.000863304 0.00547415 -0.0133707 -0.0044596 0.00255636 0.00458397 0.000133718 0 -0.0325948 0.00985755 0.000201684 0 0.00338142 0.0120065 -0.00543706 0 -0.000405437 -0.00568077 -0.00306324 -0.00985197 0.00630672 -0.00779452 0.00225817 -0.00589215 0 0.0334443 -0.00729657 0 -0.00506778 -0.0084943 0 0 -0.00750876 -0.00245825 2.58413e-07 0 -0.00649518 -0.00495174 0 0.0039609 -0.00548337 0.00167042 -0.00511741 -0.0327913 0.0116667 -0.00602556 0.0094785 0 0.00270532 -0.00101956 0.0050481 0.00883584 -0.0312964 -0.00273392 -0.00182979 0.000157808 -0.00102339 0.0578393 0 0 0 0.000927136 -0.0174464 0.00941737 -0.000903776 0 0 -0.0130553 -0.00266503 -0.0111352 -0.00723115 -0.00152127 -0.00309027 -0.00502608 -0.00290792 -0.00904997 0 -0.00223638 0 -0.00156629 0.000171758 0 0 0 -0.00154927 -0.0183077 -0.00548342 -0.00168932 0.00335164 0 0 0.000200836 -0.052096 0 -0.00356719 0 2.11454e-08 -0.178556 0 0 0 -0.000698825 -0.0202708 0.00632084 -0.00259161 0 -0.0557523 0 -6.01759e-05 0.00666713 -0.00127319 -0.0024234 0 -0.00262961 -0.00723888 0.000293997 3.02146e-08 -0.000898071 -0.0107333 0 0.00608068 -0.00322396 0.00895545 0 -0.00550897 -0.00405388 0 0 0.00141747 0 -0.000525157 0 -0.00325677 -0.00672615 0 0 0.00281944 0 -0.00284829 0 -0.00459169 -0.00288852 -0.00282661 -0.00466682 0 0 0 0 -0.00145441 0.020144 -0.0017628 0 0 0 -0.00119987 0 0 0 0 0 0
-0.0100868 0.00160329 -0.0454084 -0.0136769 -0.00671053 -0.0565456 0.0140232 0.632415 0 -0.00106272 -0.000774014 0 0 -0.00125285 -0.0136783 -0.00342592 -0.00535786 0.0150684 -0.0163892 -0.00069214 -0.0244067 0 -0.000554406 -0.0109368 -0.012439 -0.0080022 -0.00578208 0.0015297 0.00330894 -0.000707707 -0.00577273 -0.0104094 0.00579338 -0.01101 -0.000929081 0 -0.0122485 -0.0127447 -0.0060959 -0.00713861 -0.00185126 0.0110189 -0.0247998 0.000214178 -0.0152419 -0.00526852 -0.01356 0.00715303 -0.000143467 -0.011745 0.0148361 -8.97792e-07 -0.00654932 -0.00743856 0.0152089 -0.00184183 -0.00402638 -0.0062121 -0.00998487 -0.000181211 0.00399936 0.0113073 0 -0.000899731 -0.0136471 0.00314329 0 -0.0132624 -1.78136e-06 -0.0104275 -0.0191904 -0.000252158 0.0130537 -0.00980961 -0.000499685 -0.0190793 -0.000890246 0.00943185 0 0 -0.0456239 -0.00310649 -0.00324516 -0.0115634 0.00962105 -0.0150124 -0.00326359 -0.00142561 0 0.00504351 0 -0.00303878 -0.00220046 -1.31843e-06 -0.0096421 0.00176616 0.00073939 -0.00421167 0 -0.00438454 -0.00566674 -2.36239e-06 -1.58537e-06 -0.00494596 -1.50097e-06 -0.0210178 -0.00708778 0.0267449 -0.0333163 0.00624913 0.00123692 -0.000629859 -0.0101704 -0.00828921 0 0 -0.00135044 0 -0.00476358 -0.00182375 -0.00188836 0.000671576 -0.0107008 0 -0.000206484 -0.00792961 -0.0111685 -0.000958464 0.00157112 -0.0115121 -0.00165399 -0.000274473 -0.0243916 0 -0.0319571 0.00902771 0 0.0031334 0 -0.0067502 0.0029434 -0.00358804 -0.00264031 -0.00450256 -0.000170341 -0.00989271 -0.00313978 -0.00150303 -3.00966e-05 -0.00427521 0.010569 -0.00020574 0.000983963 -0.000648084 0 0 -0.00491175 0.00190187 -0.0124047 0 -0.000768071 0 0 -0.0108272 -0.00655271 -0.00385896 0 -0.000768142 -0.0011628 0.00902361 0.00659744 -0.00410215 -0.00842833 0 0.000291384 -0.000165649 -0.00442039 -0.00488854 0 0.00450463 0 0.00445129 -0.00227949 0.000545228 0.0014906 -0.00328827 -0.00111829 -0.00572717 0.000889207 0 0.000152741 0.00279606 -0.00206951 0 0.00140525 -0.00119164 -0.00318351 -0.00521191 0.0108816 -0.00157953 -0.00057203 -0.000747734 0.00221038 -0.00188498 -0.0040349 0.0181704 0 -0.00122183 0.00236115 0 0.00107229 -0.00470079 -0.00175099 0.00501218 0 0
0.0041286 0.0057119 -4.47478e-07 0.0150331 0.00562757 -4.76841e-07 -6.77042e-09 0 0.276769 0 0.00558728 0.00908629 -0.00243431 -0.000152428 -0.00901728 -0.00543159 0 -0.00412095 -0.0075287 0.0164669 -0.00132109 -0.0189472 0 0.00380374 -0.00292271 -0.019722 0 -0.00181394 -0.0113647 0.0234683 -0.0149734 0 0.0190122 0.00908003 -0.00131557 0 0 0.0160818 0 0 -0.000278091 0 0.0206787 0.111666 0 0 0.00768987 0 0 -0.00170263 -0.00528833 -0.00106912 -0.00230474 -0.00433218 -0.021654 -0.0113572 0 0 -0.00252755 0 0.0112403 -0.0209951 0.0943528 0 -5.14337e-07 -0.0206112 -0.00712515 -0.00108279 -0.0116675 -4.11073e-07 0.00508896 0 0 0 0 0.00680226 -0.00122661 -0.0413179 0 0 0 0.00280655 0 0 -0.00655559 0.00243164 0 -0.00959042 -0.0119546 -0.00430221 -0.00151193 -0.000182007 0 -0.0080052 -0.00248034 -0.011411 -0.0246117 -0.00173837 -0.00326454 -0.00217941 -0.00327268 -1.57876e-07 0 -0.00308439 -0.0103701 0.0100196 -0.0028627 0 0 0.00721118 0.000753436 -0.018365 -0.00439371 -0.000359718 0 -0.0022995 -0.00520158 -0.000214545 0 -0.000925159 -0.00151814 0 0 -0.00554839 0 0 0 0 -0.00218137 -5.04223e-07 0.00282269 0 -4.39555e-07 -0.00211325 -4.64415e-07 0.000992004 -0.00508436 0.00538522 0 0.0203403 -0.00654296 0 0 -0.0299552 0 -0.000460041 0 0 -0.00863804 0.00100724 -0.00749735 -0.0151079 0 -0.000629041 0 0 -0.00549486 -0.0211505 0 -0.00487563 0 0 -5.64683e-05 0 0 0 -0.00432788 -0.0023948 -0.00370069 -0.00372749 -0.00326022 0 4.77598e-05 -0.00180378 0 0 0 -0.00252262 -0.00669004 -0.00508166 0.0015945 0 0 0 0 0 -0.00152263 -0.00935818 -0.00550348 -0.00721279 0 0.000135875 -0.00234696 -0.0116136 0 -0.00159184 -0.000931411 0 -0.00346589 0 0.00362544 0 0 -0.000764388 0 0 -0.000108166 0 0 -0.00339644 0 0 -4.26512e-05 -0.0145874 0 0
-0.0678655 -0.0364446 -0.000688157 0.0113442 -0.107866 -3.99678e-05 0.00101542 -0.00106272 0 0.693323 -0.0268936 -0.017882 -0.0526926 -0.03363 -0.0161872 -0.0156423 0 0 -4.04041e-07 -0.0410587 0 -0.0118431 0 0 0.0190563 -0.00104347 0 0 -0.0213702 0.0051003 8.72805e-09 -1.88368e-06 0 0 0.00250848 -0.0174238 0 0 0 0 0 1.64928e-06 0 0 0 0 -0.000206789 0 -0.00251129 0 0.00138898 0 -0.0167006 0 -0.000307669 0.00852654 0 0 0 -0.0248096 -0.027667 0.00209368 0 0 0 0 -0.0149823 0 -0.00376785 0 -3.82886e-07 0 0 0 0 -0.00035491 0 0 0 0 0 -0.00580436 -0.0225825 0.0137102 0 0 0 0 0 -0.0226704 0 -0.0016392 0 -0.0225266 -0.000541939 0 -0.010058 0 0 0 0 -0.0143353 0 -2.46748e-07 -0.0044589 0.00826188 0 0 0.00088046 -0.00456609 0.0027848 -0.00697198 0 0 0 0 -0.00175731 -0.0170232 -2.96855e-07 0 -0.000857222 0 -0.00423856 0 0 0 0 0 0 -0.000270906 -0.0206424 0 -0.00377496 0 -0.000528472 0 -5.07286e-07 -1.30956e-06 -8.25975e-05 0 0 -1.72249e-06 0 0 -0.00563914 0 0 -0.00301762 0 0 -0.00144241 0 0 0 0 0 -0.000272338 -0.010469 0 -0.0103959 0 0.00303409 -0.00106296 0 0 0 0 0 0 0 0 0 0 0 0 -0.00212644 0 0 -0.00799342 0 -0.00923161 0 0 -5.06592e-07 0 0 0 0 -0.00231893 0 0 0 0 0 0 0 0 0 0 0 -0.00096695 0 0 0 0 0 0 0 0 0 0 0 0 0 0 0
-0.0319017 -0.016164 -0.00344364 -0.00242723 -0.021309 0.010819 2.54164e-07 -0.000774014 0.00558728 -0.0268936 0.499847 -0.0124655 -0.046781 -0.169642 0.000469093 0.00818809 -0.000470448 0.00322937 -1.2981e-07 -0.0637213 0.0278884 0.0449921 8.10389e-08 -0.00139185 -0.0010181 -0.00832732 -0.000674269 0.000105134 0.00958962 0 0.00607981 -1.02119e-06 0.00452787 0.00125354 0.00853752 -0.00623199 0.000584938 -0.00377523 -0.000603747 0.00792201 -0.0104341 0.00178669 -0.00381137 0.00857388 -0.000298625 -3.45852e-05 -0.00308132 0.00238492 -0.011029 0.00156844 0.010573 0 0.010346 0 0 0 0.00778942 -0.000430454 -1.87243e-07 -0.035255 0.000286484 -0.0378433 0 0 -9.79757e-05 0 0.00668108 -0.00485752 0.0140023 -0.0020114 0 -0.000644881 -9.07801e-07 0.00124293 -0.00809424 -0.00158296 0 0 -0.0194023 0 0 -4.261e-07 -0.0131468 -0.0174906 -1.67565e-07 0.00282445 0 0 0 -0.00866238 0 -0.00654782 -0.00349276 0.00989448 -0.00153133 0.00719243 0.00941589 0 0 0 -2.26102e-07 -0.00440844 0 0.00275907 -0.00421876 -0.00121011 0.00202314 -0.00812683 -0.0124077 -0.00281882 0.00135949 -4.32558e-05 0.0242216 0 0 0 -0.0253955 -0.00736864 0 0 -0.0110625 0 0 0 -0.0105708 -0.000794401 -0.00152484 0 0 -0.0035936 -0.0151076 -2.65968e-07 -0.00240007 -0.000149552 -0.003698 0.000424773 0.0110664 -7.43453e-07 0 0 0 -0.000767647 -0.00123991 0.0276876 -0.248637 0 7.87189e-07 -0.00756224 0.00220843 -0.00907393 0 0 0 -0.00241674 0 0 0.00935962 0.00563276 -0.00208615 -0.00468695 0 0 0 -0.000708147 0 0 0 0 0 0.00575789 0.00503728 -4.46639e-05 0 0 -3.51245e-05 -0.000693912 -0.000682175 -0.000840864 -0.000458176 0 -0.0114274 -0.00253445 0 -4.22959e-07 0 0 0 0 -0.00963976 0 0 0 0 0.00408271 0 -0.000321597 -0.000620395 0 0.00219275 0 -0.00342112 -2.76041e-05 0 0 0 0 0.0202372 0 0 0.00613993 0 0 0 0.00569001 0 0
-0.0764255 -0.0970395 -0.00305719 -1.37101e-06 -0.0497019 -0.00724481 -0.00467379 0 0.00908629 -0.017882 -0.0124655 0.667457 -0.0395257 -0.02502 -0.0197238 -0.0245778 0 -0.00320997 0 -0.0226011 -0.00275342 -0.0426107 -0.000327593 0.00447629 0.00277639 0.00917218 0 0.00745302 -0.0397028 0.00607432 1.60316e-07 -1.57926e-06 0 0.0163883 0 -0.00176229 0 -1.63366e-06 -1.38909e-06 0 0 -0.0129505 0.00706807 0 0.00416704 0 -1.73123e-06 0.00292702 -0.00796557 0 0 0 -0.007073 0.000679759 -8.53026e-07 0 0 0 0.0145889 -0.0232555 -0.0157173 -0.0222284 0 0 -1.69991e-06 -7.18615e-07 -0.0541624 0 -0.02007 0.00263618 0.000271692 0.00229973 0.00321554 0 0 -1.52622e-06 0 0.000974634 0 0 -3.86714e-05 -0.00179627 -0.0228061 -9.80919e-05 0.0121495 0 0 -1.00858e-06 0 -0.0110093 0 -7.84949e-05 -1.72116e-06 -0.0132337 -1.96674e-06 0.00211416 0.0151695 0 0.0104854 0 0.00379162 -0.00843575 0 0.002553 0.00484411 0 0 0.00212462 -0.000915716 -0.00131562 0 0 0 0.000320103 0 0 -0.000567251 -0.0201047 0.00757837 0 0 0 0 0 0 -1.6882e-06 0 0 0 0 -0.0224721 0 -0.00115366 0 -0.00540383 1.28e-06 0 -1.10697e-06 -0.00131308 -1.24847e-06 0 -1.48788e-06 0 -1.12977e-06 -0.0112474 0 -0.00160176 0 0 0 -0.00674324 0 0.00173 -0.00237952 0 0 0 -0.00902669 0 -0.00274832 0 0.00365275 -0.00531878 -1.16056e-06 0 0.00708428 0 0 0.00368541 0.0024352 0.00786856 0 0 0 0 -0.0162664 0 0 -0.00885609 0 -0.0109255 -1.07144e-06 -1.05622e-06 -0.0125441 0 0 0 0 -0.00363163 0 0 0 0 -6.35626e-07 0 0 0 0 0 0 0 0 0 0 0 -0.00134102 0 -1.07956e-06 -1.07461e-06 0 1.22859e-06 0 0 0 0 0
-0.0290064 -0.0314691 -0.000887824 0 -0.0469578 0 -0.00655976 0 -0.00243431 -0.0526926 -0.046781 -0.0395257 0.692959 -0.0130818 -0.019238 -0.0400763 0 0.00755683 0 -0.022805 0.00936866 -0.0660068 0 0 0.00136529 -0.0143003 -1.37923e-06 0 -0.0302417 2.75351e-07 0.0123477 -1.56535e-06 0.00176802 0.000356849 -0.00717961 -0.0273153 0 0 0 0 -0.000573646 -0.0029377 0 0 0 0 0.0117012 0 -0.00945811 0.00493006 -0.00053109 0 -0.0181197 0 -0.00232283 0 0 0 0.00442617 -0.0165402 -0.00236425 -0.0273602 -0.00576917 0 -1.7418e-06 -0.00220909 -0.0291501 0.0151434 -0.0158085 0 -5.92578e-08 0 0 -0.000991976 -0.00380706 0.00160546 -0.00266278 0.00614713 -0.000562967 0 0 0.00253821 -0.00291602 -0.00226884 0.0046787 0.00616856 0 0.00664638 0 -0.0355354 -0.000333933 -0.0140666 0 -0.0189944 -0.000462691 0.00207378 -0.00642898 0 0 0.000625514 -0.000170268 -0.0277284 0 0.0144637 -0.00907315 0 0 -0.000443996 -0.00151097 -0.0123646 0.00128194 -0.012164 0.0135578 0 0 -0.00653782 -0.0105837 -0.0028199 0.00952178 0 -0.000991245 0 0 0 -0.000938195 0 0 0 0 0.000489162 -0.0447713 0.00313593 -0.000456649 -0.00237665 -0.00128664 0 -0.000658013 -1.05377e-06 -0.00403871 -0.00144601 -0.000359071 0.00270806 0 0.00400874 0.000481438 -6.24139e-05 0 -0.00737774 -0.000532142 0 -0.0153664 -0.0040795 0 -0.0070603 0 0 -0.00149151 -6.32553e-07 -0.000351371 -0.0225684 0 0 -0.00507431 0 0.0103882 0.00616381 0 -0.00715301 -6.73449e-05 -0.000376223 0 0 -0.000116738 -0.00154799 0 -0.0083769 0 -0.00118103 -0.00293137 -0.0010641 -0.00588334 0 0 0 0 0 0 0.00440189 -0.00458158 -0.00343285 0 0 0 -0.000662256 0 0 0 0 -0.000630099 0 -0.00633454 0 0 0 0 0 0 -1.04045e-06 0 -0.00439763 0 0 0 -0.000757942 0 0
-0.0143828 -0.0270989 -0.000680207 0 -0.0266246 -0.00194767 -0.000977674 -0.00125285 -0.000152428 -0.03363 -0.169642 -0.02502 -0.0130818 0.471543 0.151298 0.00565947 0 0 0.0126523 -0.0272466 0.0030394 -0.00685622 -0.0116042 -0.0014609 -0.00364688 -0.00325069 0 -1.92141e-07 -0.000585622 2.53875e-07 0.00884455 0 -0.00103713 0.0141773 0.011253 0.00185373 0 -0.00224378 0 0.0189219 -0.00926273 0 -0.0023464 0 -0.00231643 0 -0.00128264 -0.000861636 -0.0217643 0 0 0 0.000700084 -0.000307217 -0.00209251 -0.000775924 0 -0.000800233 0 -0.0134222 -0.00143118 -0.0195711 0 0 -0.0022531 0.00600893 -0.0247506 -0.00149488 -0.000572826 -0.00178003 0 0 0 -0.000807928 -0.0119163 -0.00268784 -0.00147112 0.00859101 -0.0176926 0 0 0 -0.0140183 -0.00615241 -0.00213954 -0.000180437 0 0.0224515 -0.00037728 -0.00126203 0 -0.00418828 -0.00211339 -0.0010059 -0.000577254 0.0124398 0 -0.00048027 -0.0013032 0 -0.000843057 -0.00425983 0 0.00470997 0.000820537 0 -0.000212855 -0.00193244 -0.013387 -0.00833058 0.000497842 -0.000859421 0.0120407 0 0 -0.000524 -0.0136783 -5.99396e-07 2.44946e-08 0 -0.00556569 0 0 0 -0.0181919 -4.49762e-05 -0.000571458 0 0 -0.00314621 -0.019877 0 -0.00109255 0 -0.00227446 -0.00801851 0 0 -0.00853706 -4.60925e-05 -0.000301926 0 -0.00042984 0.0177442 -0.0234642 -0.000600878 -0.0042295 -0.00501603 0 -0.00223168 -7.54339e-05 0 0 -0.00161334 0 0 0 0 -0.00198172 -0.0103335 0 -0.0132022 0 0 -0.00179628 0 0 -8.18016e-05 0 -0.000302156 0 -0.000824788 -0.00178478 -0.00031645 -0.00524212 -0.000870783 -0.0100213 -0.00156654 -0.000727861 -8.33367e-05 -6.08209e-07 0 0 0 0 0 0 0 0 0 0 0 0 0.0124777 0 -0.000959275 -0.00105281 0 0 0 -0.00131467 0 0 -0.000114449 0 0 0 0 0 0 -0.00608378 0 0 0 0 0
-0.0134391 -0.0188419 -1.61358e-06 -1.4422e-06 -0.058766 0.00181263 0.00360726 -0.0136783 -0.00901728 -0.0161872 0.000469093 -0.0197238 -0.019238 0.151298 0.447348 0.00334066 -0.000679012 0.00478795 -0.00439839 0.0411547 0 -0.0321718 0.0090721 0.00247118 -1.20822e-06 0 -0.00314708 0.000924783 -0.0407707 0.00740172 -0.0250384 -7.89811e-05 0.00439875 0.006754 -1.83104e-07 -0.00158486 -0.00638035 -0.005563 -1.49755e-06 -0.0188538 0.00182834 -0.00807453 0.00434781 -0.00105207 0.00461951 0.00364971 -0.00608313 0.000876631 0 -0.005733 0.00175866 0 -0.0296373 0.00317163 0.000479058 0 -1.48373e-06 0 0.000444496 -0.0177542 -0.0182021 0 -0.00789587 0 -0.00408182 -0.00978845 -0.00510928 -1.42978e-06 -0.0383747 0.00151143 -0.0107156 0 -0.00191464 -1.28774e-06 0.0117789 0.00160823 0.00196986 0 0.00385386 0 -1.52827e-06 -0.0344409 -0.0046697 -1.61374e-06 0.00918724 -0.00760051 -9.12482e-07 -0.0113972 -0.000238461 -0.0256551 0 0 0.000426671 0 -0.00534846 0.00115253 -0.0203978 0.00232541 0.00782168 0.00158623 0.00256292 -0.0260365 -6.01956e-07 -0.00269258 0 0.0154316 0 0.00265395 -1.61778e-06 0 0 0 -9.94231e-07 -0.0157516 -0.0201239 0 0 -0.0234205 0.000197736 0.00295577 0 0 -0.00334514 0.000950636 0.012261 -1.60069e-06 -1.43528e-06 0.000582727 0.00199121 -1.27913e-06 -0.0162501 0 -0.0173449 0 -1.56965e-06 1.11551e-06 0 -1.1107e-06 0 0.00685398 0.00408487 0.00254992 0 0.000248003 0.011056 0 -0.00315641 0 0 0.00310918 0 0 0.00641501 0 0 0 0 -0.0202995 -1.3046e-06 0.000387442 0.000273283 0.0137003 -0.000908892 0 0.000850714 0.000864344 0 0 0.0017385 0.00302829 0.000371752 0 0 0.0014752 0.00286123 -0.00222282 0.0016989 -0.00168309 -0.00215796 0.00369148 -0.00814827 0 0 -0.00523478 0 0 0.000138017 0 -0.00557857 0 0 -0.0133569 6.42951e-05 0.000863734 0 0.00163294 0.000469477 0 0.00664788 0 0 0 0 0.000301564 0 -0.00138084 -0.00722428 0 0 0.00163521 1.1406e-06 0 -0.00510876 0 0 0
-0.0109229 -0.0245142 -0.00552505 0 -0.00889845 0.00783236 1.85187e-07 -0.00342592 -0.00543159 -0.0156423 0.00818809 -0.0245778 -0.0400763 0.00565947 0.00334066 0.603842 0 -0.0119791 -0.00720117 -0.0520842 0.0155036 -0.0310106 0.00160542 -0.000386803 -0.00899368 0.0204769 0 -0.00338548 -0.0747737 0 0.00605202 0 0.000879738 -0.00872023 0.0290987 -0.0154513 -0.00249757 -0.00161827 0 -0.00155108 -0.00416549 -0.00230695 -0.00045559 0 0.00191037 0 0.0164005 0.0184741 -0.00986899 0.00563375 0.0030484 -5.71242e-07 -0.0181492 0.00300404 -0.0111572 -0.0184909 -0.00293345 -0.000785651 -0.00559392 -0.0112 -0.0097322 -0.0802964 -0.00306361 0 -0.00125908 -0.00902895 -0.0316977 -0.00411721 -0.0643939 0.00031962 -0.00691096 -0.00215077 -0.00205219 -0.000922831 -0.00277815 -0.00596715 0.00251784 -0.00840833 -0.00301694 0 0.00247714 0.0111635 -0.00415034 -0.0067331 0.00109534 0.00687991 0.00705271 -0.0349508 -0.00530694 -0.0170795 -0.00206797 -0.00537285 -0.00100195 -0.000141742 0.00678292 -0.00653459 -7.55687e-07 0.00349485 -0.00377636 -0.00240557 -0.00282305 -0.00868284 0 0.0123762 -0.0144478 0.0187626 -0.00320868 -0.00980104 -0.0022053 -0.0284408 0.00547781 -0.0315683 0.00329484 -0.000668503 0.00109577 -0.0115733 -0.0110233 0.00345345 -0.0118201 -0.00225397 -0.0149818 0 0 -0.00179383 0.00758181 0.00181441 0.00610355 -0.000986547 -0.00239297 -0.00573998 -0.065483 0 -0.00104996 -0.00488217 0.0231285 0.00156976 -0.00345281 -9.32463e-07 -0.0127564 -0.0310952 -0.00130893 0 -0.000444864 -0.00196611 -0.0144822 -0.00287457 0 -0.00215489 -0.0025315 -0.0034904 -0.00241664 0.033698 0 -0.00776717 0 0 -0.00433996 0.0174113 -0.00564109 -0.00916531 0 0 -0.0122239 -0.000722578 0.0038418 0 -0.00382715 -0.00518416 -0.00227343 -0.00234923 -0.0010177 -0.00157637 -0.0047567 0.000490211 0 -0.0136835 -0.00212231 -0.00591092 -0.00442342 -0.0055172 -0.00026462 -0.00305792 0 0 0 0 -0.00105932 -0.000794106 0.000392774 -0.00136136 0 0.00459892 -0.00315525 -0.00550405 0 -0.00265612 -0.00183394 0 -0.00061487 0 -0.0141034 -0.000748448 0 -0.00256466 -0.000871575 0.000834024 0 0 0 -0.00397148 0 0 0 -0.00437584 0 0
-2.52472e-06 -1.93876e-06 -0.0172721 -0.0228146 -0.0100105 0.00406883 -0.000271821 -0.00535786 0 0 -0.000470448 0 0 0 -0.000679012 0 0.85925 -0.00945046 0.0170667 0 -0.00280219 0 0 -0.00402992 -0.00206327 -0.0317578 -0.05536 -0.00124197 -1.72664e-06 0 -0.0114835 -0.0627325 0.00581709 0 0 -3.26573e-07 -0.0130171 -0.0024598 -0.0609182 -0.0307398 0 0.0319358 -2.16483e-06 0 0.00622714 -0.0583978 -0.0165025 -0.0181883 0 -0.0035522 0 0 -1.87137e-06 0 0.00713712 0 -0.0158638 0 -0.00635908 -0.00055316 0.0041924 0.00426573 0 0 -0.00642097 0.0118613 0 -0.0109673 0 0.00541435 -0.0159322 -0.00231703 -0.0135704 -0.00338706 0 -2.33713e-06 0 0.0133085 0 0 -0.0172736 -0.0470853 -0.0015612 -0.00843088 0.017582 -2.63072e-06 -0.0416714 0.00862032 0.0124455 0 0 -0.0011996 -0.0185766 0 -0.00353746 0 -0.00839098 0 0.00884928 0 0 -0.00151271 -1.73621e-06 -0.00293588 0 -0.0283274 -0.00262947 -0.00736508 -0.0168197 0.00300732 0 0 -0.000327136 -0.00387035 -0.00204252 0 0 -0.0325639 0.00383079 0 0 0 -0.00335608 0 0 -0.0258231 -0.0130496 0 0.00414493 -0.00258037 0 -0.00049296 -0.027164 0 -0.00591566 0.0168256 0 -0.0119986 0 0 0.00966292 -0.0230861 -0.00156903 0 0 0 0.00472013 0 0 0 0 0 0 0 0 0 -0.000844599 -0.025271 -0.00388908 0.00978294 -2.00674e-06 0 0 0.00212534 0 0 0.00780033 0 0.00845389 0 0.00522234 0 -0.0010179 0 -0.0250962 0 0 0 0 0 -0.0241738 -0.00133572 -0.00352572 -0.00557833 0.0065632 -0.0108378 0 -0.000295354 -0.0336792 0 0.0026284 -0.00930091 0 0.0105593 0.000903509 0 0 -0.00159063 0.0031339 -0.00613324 0 -0.000470511 -0.000995893 0.00283904 0 -0.0176138 0 -0.00985906 -0.00350724 0.00696949 0.00614101 -0.00103455 0 0.00389541 0 0
0.0134801 -0.00390315 -0.0149718 -0.0271201 0 -0.0491223 0.0250207 0.0150684 -0.00412095 0 0.00322937 -0.00320997 0.00755683 0 0.00478795 -0.0119791 -0.00945046 0.571268 -0.00550775 0.00381638 0.0199519 0 0.0137837 -0.0395727 0.0181542 -0.0288769 -0.00532638 -0.0405965 -0.00352763 -2.4737e-07 -0.00930329 -0.0132904 0.010119 -0.0159807 -0.00366422 0 -0.0140256 -0.00187044 -0.0304095 -0.0112213 0 0.00588065 -0.0120999 0 0.014912 -0.0122227 0.00215977 -0.0133089 0 -0.010916 0.00816598 -0.00257106 -1.4905e-06 -0.00713299 -0.00940467 -0.00296096 -0.0327169 -0.000954392 -0.00923287 0 0 0.00266685 0 -0.00171771 -0.0120737 -0.0110781 0.0121757 -0.04629 -0.00195242 -0.0106235 -0.00328025 0.00204328 -0.00866841 -0.00696683 0 -0.00870732 -0.000838962 -0.00465851 0 0 -0.00807936 0.0363839 0 -0.0103768 -0.00640397 0.00602794 -0.00359896 -0.00524424 -0.00321075 0 -0.00369604 0.0219018 -0.0177149 -0.00013781 -0.00612121 -0.0197377 -0.00475635 -0.00487059 -0.00190315 -0.00655786 -0.00709325 -0.00620981 -0.00143151 -0.00718489 -0.000416972 -0.0260733 -0.00504121 -0.00854933 -0.0035851 -0.00594907 6.24982e-05 -0.000884497 -0.0213687 -0.00406182 0.00843545 0 0.00747804 0.00542744 -0.00552249 -0.00472529 -0.00146657 0 0.0198969 -0.00117413 -4.8447e-07 -0.00839248 -0.00873161 -0.000362909 -0.0024962 -0.0105679 -0.000487565 -0.00025627 0.0270907 -0.000987769 0.0139084 -0.0137874 0 0.0150433 0 -0.0114984 0.00137107 -0.0145586 -2.05492e-06 -0.006981 -8.9982e-05 -1.79892e-06 0.00361723 -9.93753e-07 -0.000946747 -0.00745043 0 -0.00143665 0 0 0 0 -0.0290193 0.00421942 -0.0174949 0 -0.00303905 -0.000858611 0 0.0230473 0.0330682 -0.00413476 0.00110497 -0.000747714 0.00515531 -0.00412972 0.00297361 -0.00204517 -0.00715592 0 0.0107629 0 -0.00238057 -0.000624879 0 -0.0121446 0.00265862 -0.00238343 -0.000143328 0.00411349 0 -0.00261197 -0.00188569 -0.00704012 0.00366704 0 0 0.00694576 -0.00289403 -0.00139362 0 -0.00446921 -0.0029845 -1.88046e-06 -0.000355905 -0.000984386 -0.000590325 -4.91208e-05 -0.000399958 -0.00265641 -0.000498043 0.00458334 0 0 -2.19114e-06 -0.00237877 0.0023986 -0.000177611 0 0 0 0
0.0103817 0 0.00643145 0.0156689 0.00331503 -0.00513599 0.0289404 -0.0163892 -0.0075287 -4.04041e-07 -1.2981e-07 0 0 0.0126523 -0.00439839 -0.00720117 0.0170667 -0.00550775 0.592963 0.0264092 -0.0109089 0.0031958 0.0133762 0.000829673 0.0200202 -0.000966714 0.0220225 -0.00597275 0.00392417 0.0489702 -0.00842596 0.00764625 -0.0288252 -0.0342274 0.00104678 0.00175582 -0.00478665 0.0221514 0.00436559 0.00771998 -0.00238806 -0.00475946 -0.0325217 0 0.00297055 0.0118937 0.0128597 0.00472143 -0.00117673 -0.00823572 -0.00848146 0.0132203 -0.000277453 -0.0462419 -0.0163901 -0.00506507 0.00657577 -0.000136548 -0.00609565 0.00574358 0.014318 -0.00999662 0 -0.00216374 -0.0110445 -0.0222382 -0.00916897 -0.0166104 -0.0029581 0.00758981 -0.00470237 -0.001353 0.00584689 -0.000547436 -0.003873 -0.0180908 -0.00301054 -0.0198743 -0.00279723 -0.00751276 0.0100391 0.0130452 0 0.00419054 -0.0279831 -0.0126306 0 -0.0197209 -0.0131282 0 -0.00961904 -0.00270869 0.00296997 -0.00254511 -0.00173765 -0.0133874 0.00477579 -0.0255154 -0.0095258 -0.0377498 -0.0181489 0.014461 -0.00102518 -0.0286155 0.00181516 0.00405659 -0.00598065 -0.0015744 0.00722407 -0.0199858 0 -0.00324768 -0.0126468 0.00233441 0.00683536 -0.0069686 -0.00165342 0.0126172 -0.0244757 -0.0432591 -0.0062092 0 -0.0117049 -0.00700216 0.00669592 0.00516123 0.00978071 -0.026855 -0.030289 -0.0105445 -0.00305158 0 0.00672328 -0.00556876 -0.00429963 0 0.0302676 0 -0.00430178 -0.0457256 -0.027176 -0.00191557 -0.000475522 -0.00484421 0 -0.00729071 0 -0.00228993 -0.00307722 -0.0326979 -0.00260161 -0.0210521 0.0141892 -0.00656973 0 3.14711e-08 -0.00424644 0.0257319 0.00530084 0.00246561 -0.00217022 0.0017813 -0.000141644 -0.00081776 -0.010027 -0.0217953 -0.00922235 -0.00432062 -0.0118062 -0.0129047 -0.0109732 -0.0430429 -0.00814763 -0.0036991 0.00148208 -0.000936949 -0.00884235 -0.0416237 -0.000880099 -0.0269135 0.0172949 -8.89695e-05 0 0.0115737 0 0 -0.00530251 -0.00712405 0.0139441 -3.46057e-07 0 0.00691435 -0.0147348 -0.0131486 0 -0.00804929 -0.00580778 -0.0019967 -0.0118898 0 -0.00404126 0 0 -0.0102071 -0.00705242 0.00406406 0 0 0 -0.00223596 0 0 0 0.0144264 0 -0.00222349
-0.00218167 -0.036069 -0.00212011 0 -0.0125247 0.00309709 -0.0094312 -0.00069214 0.0164669 -0.0410587 -0.0637213 -0.0226011 -0.022805 -0.0272466 0.0411547 -0.0520842 0 0.00381638 0.0264092 0.433397 0 -0.0102504 -0.0286334 -0.000261483 0.0135606 -0.0117326 0 0 -0.0091792 -0.0169631 0.00852862 -1.02426e-06 0.0111156 0.0174393 0.0155162 -0.00347739 -0.000494086 -0.00061012 -0.000563662 0.00137851 -0.0122354 0.000729412 0.00366543 -1.25456e-07 0.00355085 0 -1.16021e-06 -0.00380752 -0.0136622 0.0202164 -0.00245943 -0.000109021 -0.00245323 0.0129918 -0.00544055 -3.49998e-05 -0.000639533 -0.00654435 -0.00641534 -0.01683 -0.00957557 -0.0162839 0 -0.000279301 0.00504368 0.000672543 -0.0158848 0.00516996 0.00922133 -0.00219354 -0.00679361 -0.00350008 -0.00164835 -9.06755e-05 -0.0112523 0.0194155 -0.0120371 -0.00259589 -0.0099734 0 0 0.000259842 -0.00949513 -0.00316507 0.000236406 0.00449314 0 -0.000367532 -0.000351007 -0.0223575 0 -0.0337367 -0.00195729 -0.00742168 0.00774587 -0.00185461 -0.00627653 0 -0.00244156 0 -0.000679959 -0.000800258 0 0.00490972 -0.0223525 0 -0.00110462 -0.028451 -0.000468476 -0.0145282 0.000946355 -0.0114379 0.0112436 0 0 -0.000267522 -0.0153301 -6.61563e-07 -5.10367e-08 -0.000360143 -0.00812723 0 0 0 -0.0166117 -0.00656487 0 0 0 0.00249703 -0.0263556 0.00148033 0.00445856 -0.000272281 0.00977403 0 0 -6.96794e-07 -0.000985873 -0.00122122 -0.000464747 -0.00033767 -0.000956834 0.00423594 -0.0129685 0 0 -0.0357191 0 -0.0016338 -0.0205937 0 -0.000929295 -0.00143259 0 0 -0.00218331 -5.10691e-07 -0.00106452 -0.0277718 0 -0.000323985 0.016674 -0.00417805 0 -2.05074e-07 0 -0.00136078 0 -0.00112222 0 0 -0.000303212 -0.0304401 0 -0.000444026 -0.000894009 -0.000580233 -0.00390855 0 -7.01746e-07 0 0 0 0 0 0 0 0 0 0 0.00694488 0 -0.00107576 0 -0.000855956 0 0 -0.00242968 0 -0.00788218 -0.000138736 0 0 0 0 0 0 0 -0.00368822 0 0 0 -0.000814202 0 0
-0.000700374 -0.00122824 -0.0116627 -0.00885849 0 -0.0167193 0.00174072 -0.0244067 -0.00132109 0 0.0278884 -0.00275342 0.00936866 0.0030394 0 0.0155036 -0.00280219 0.0199519 -0.0109089 0 0.606596 -0.00170552 -0.00216822 -0.00832352 -0.0314481 0.0294221 -0.00768996 0.00152721 -0.00165536 -0.00115692 0 -0.00822559 -0.00859217 0.00144154 -0.00524983 -0.0103057 -0.0230944 -0.00471223 0.0345984 -0.00796424 0 0.00297578 -0.00682762 0 -0.057714 0.00226473 -0.00875218 -0.00746092 -0.000113927 -0.0205026 -0.00761942 -0.00162722 -0.00302444 -0.00988309 0.00679841 -0.00294824 -0.00825752 0 0.00260893 0 0.0028754 -0.0019662 0 -0.00113973 -0.0377825 -0.00599642 -0.00225971 -0.00962161 -0.00115314 -0.00800137 0 0.0164273 -0.00571314 -0.00905382 0.00577895 -0.0112999 -0.0015602 0.00327513 -0.000728243 0 -0.0292345 0.00412873 -0.00254956 -0.00693737 0.00623146 -0.0302934 -0.00160647 -0.0065536 -0.00269616 0.00163177 -0.0012406 -0.00287547 -0.00649919 -0.00184619 -0.00923812 -0.00743931 0.00199226 -0.00436647 0.00102861 -0.0053942 0.00710841 -1.73265e-06 0 0.000362866 -0.0035039 -0.00831221 -0.0350653 0.0144049 -0.0054837 -0.00267771 0 -0.00133518 -0.0109671 -0.00530149 0 -0.000752961 -0.0020442 0.0010396 -0.00252189 -0.0102738 -0.00139428 0 -0.00467087 -0.000451893 0 -0.0074238 -0.00691148 -0.00206099 0.000206404 -0.011084 -0.00461117 0 -0.0269498 -0.00229384 -0.0112044 0.00208278 -0.000742277 -2.12905e-06 -0.000230151 -0.00849486 -0.00438953 0.0163332 0 -0.00873616 0 -0.0108231 -0.00490191 -0.00228857 -0.00256225 -0.00698685 -0.000926746 -0.00137874 -0.000526071 -0.00166525 0 0 -0.00599615 0.00332969 -0.00591022 -0.00306027 -0.000275997 -0.000176987 0 -2.19409e-06 -0.0120733 -0.0029974 0.0012861 -0.00372514 -0.00142249 -0.00324118 -0.00336473 -0.00556111 -0.0182387 -0.000525974 0 -0.000708781 -0.00455798 -0.00537768 -0.000517905 -0.00332281 0.000866703 0 -2.06295e-06 -0.000521718 0 -0.00172021 -0.00267392 -0.0039478 0.00257735 -0.00215177 0 0.00161355 -0.00712982 0.00265949 0 -0.0023619 -0.00283546 -0.00525795 -0.00243384 -0.000157872 -0.000991048 0 0 -0.00256311 -0.0170249 0.00354129 -0.0154042 0 -2.11145e-06 0.00248713 2.21894e-06 0.0202374 0 0 0 0
