0 0.0538833 0.00325052 0.00669638 0.0505811 0.00480472 -0.00899159 0.00519417 0 0.0354396 0.0292115 0.0417894 0.0299023 0.0280071 0.0118181 0.0236351 0.00431583 0.000726243 0 0.0216413 0.00292251 0.0160373 -0.00171629 0 0.0149791 0 0.00132189 0 0.0293115 -0.00965232 0.00513362 0.00314473 -0.00513723 0.00124552 0 0.0108235 0 0.0207537 7.98282e-05 0 0 -0.00978092 0 0.0115102 0.00363098 0 0.0155942 0.000371751 0.00995966 0.00776861 0 0.00105053 0.0414453 0 0 0 0.00010443 0 0 0.0487002 0.0118823 0.0260555 0.000390762 -0.00430668 0.00157129 0 0.0129204 0.00582219 0.0298189 0 0.000672585 0 0.00142615 0.00067887 0 0.00627013 0 0 0 0 0.00312391 0.00822994 0.0457059 0.00351709 -0.000506579 0 0 0 -0.00145062 0.0204353 0 0.0404105 0 0.00301554 0.0146704 0 0.00307855 -0.00898662 -0.00195981 -0.0148632 -0.00910638 0.0186244 -0.00753481 0 0 0.0028821 0 0 0.0117913 0.00901448 -0.0242982 0 0.000485218 0.00971659 0.000505393 0.00532164 0 0.0210986 0 -0.010428 0.000162018 -0.000276859 0.00091411 -0.00588822 0 7.44274e-05 0.00139709 -0.000856686 -0.00591995 0.00081787 0.0335512 -0.00868282 0.0189183 7.36404e-06 0.00400759 -0.00745732 0 0 0 0 -0.00110661 0 0.000139129 0 0.0172219 0.00556339 -0.0039661 0.00334026 0.00217784 -1.12512e-05 0 0 -0.00447586 0.00242656 0 -0.00167749 9.86064e-05 0.00744077 0 0.00602974 -0.00104935 -0.00273833 0.00528593 0 0 0 -0.000878762 0.00412548 -0.00294887 0 -0.00130252 0.00314933 0.00379643 -0.00223975 0 0.000470878 0 0.000365194 0.000616503 -0.00277505 0.01965 0 0 0.00108175 -0.00152783 0 0 0.00398893 0.0127522 0 -0.00415367 0.00211756 0 -0.000865743 -0.00408924 0 0 0.000122382 -0.000295618 0 0 0 0 -0.002172 0 0 0 0 0 -0.00611023 -0.00408399 0 0 0 0 0
0.0538833 0 0.00262144 0.000525873 0.0419149 0.00185486 -0.0330887 0.00362444 0 0.0243737 0.0108076 0.0520764 0.0200484 0.0268668 0.0147829 0.0318107 0.000914004 0.0119577 0.001164 0.0242282 0.00354483 0.0352779 -0.00660446 0 0.00457159 0 0 0.004536 0.0170498 -0.0220255 0 0.000315887 0 0.00349657 0.000503736 0.00873006 0.000906582 0.00303309 0 0 0 -0.00749762 0 0.00440153 0.00116035 0 0.00143889 0 0.0287474 0.00354646 0 0 0.0281361 0.000685906 0.000417374 0 0 0 0 0.0213876 0.00153279 0.0255735 0 -0.0015514 0.00263464 0.00512468 0.0236682 0.0172858 0.0357617 0 0 -0.00619438 0 0.000327305 0 0.00614046 0 0 0 0 0.00194948 0 0.0159266 0.00444626 0 0 0 0.000459525 0 0.0108453 0 0.0051758 0 0.010808 0.00433767 0.00204593 0.00641836 0 0 0 0 0.0178927 -0.0200678 0 0.00886133 0.00069557 0 0 0.00817618 0.0158299 -0.0134241 0 0.0045268 0.00426065 0 0.00880324 0.000354314 0.00188277 0 0 0.00266772 -0.000384626 0 0 0 0 0 0 0 0.00268332 0.0334718 -0.00783348 0.00189854 0 0.0023136 -0.000744172 0 -0.00313576 0.00730847 0 0 0 -1.21027e-05 0 0.00217424 0.00195114 -0.00327975 0 0.00137024 0 0 0.00509301 -0.0109363 0.00241482 0 0 0.0027218 0.000408488 0.00134855 0.00436906 -0.0129534 -0.0048619 0.000471084 -0.000818023 0 0 0 0.00170328 0 0 0 0.00655885 0.00172436 0 0 0.0235984 0 0.000990091 0.0112058 0 0.00715176 -5.40597e-06 -0.00514437 0 0 0 0.000206238 0.00559967 0 0 -0.000818768 0 0 0 -0.00176079 0 0 0 0 0 0.00308534 0 -0.000980956 0 0 0 0 -4.68409e-06 -0.00351798 0 -0.000798033 0.00305195 0 0 0 0
0.00325052 0.00262144 0 0.0263953 0.00491849 0.0575185 0 0.0434666 0 0 0.000941704 0.000707021 0 0.000804558 0 0.00466499 0.0112236 0.018816 -0.00110857 0.000121112 0.0127566 0 0 0.00940048 0.010505 0.00774243 0.00885895 0.00605733 0.00341634 0 0.00288245 0.0124207 0 0.00609943 0 0 0.0157849 0.0130526 0.0117062 0.015613 0.000361241 -0.0132194 0.0190156 0 0.0100692 0.00691819 0.035004 0.0213102 0 0.00938851 0.00181198 0.00110273 0.00487491 0.00528193 0 0 0.0107529 0 0.00100923 0.00131251 0 0.000990662 0 0 0.0108042 0.00228493 0 0.0233225 -5.8998e-06 0.0190406 0.00580962 0.00540117 0.00881836 0.0121542 0 0.00722551 0.000524471 0 0 -0.000201009 0.0255512 0 0.000273565 0.0153422 0 0.00531285 0.000625158 0.00416377 0 0.00076903 0 0.00738616 0.0166749 0 0.0112482 0.00396664 0 0 0 0 0.000301834 0 0 0.00438922 0 0.0276011 0.00308113 0.00656232 0.030416 0.000253943 -0.001082 0 0.00930522 0.00835701 0 0.000348159 0 0 0.00349432 0.00183966 0 -0.000339494 0.00445025 0 0 0.0169921 0.0186867 0 0 0.00962872 0.00253178 0 0.0250011 0 0.0256671 -0.0126105 0 0.00213922 0 0.00532577 0 0.0132536 0.00757921 0.0053298 4.77623e-05 0.00621714 -0.00639281 0.00262243 8.67427e-05 0.000956828 0 0 0 0.000199847 1.37317e-06 -0.000891098 0.00206016 0 0.0117834 0.000525951 0 0 0 0.00352379 0.00277472 0.00197511 0 0.0024875 0 0 0 0.00185742 0.0121518 0 0 0 0.00373598 0.00198756 0 0 0 0.000664129 0 0 -0.00246602 0.000450741 0 0.00731125 0 0 -0.00481226 -0.000176535 0 0 -0.0101214 0 0.00116161 0 0 0 0 0.00227854 0 0 0.00144674 0 0 0.000785509 0.000110076 -0.00562373 -0.00658524 0.00265411 0 0 0 0
0.00669638 0.000525873 0.0263953 0 0.00807234 0.0211338 -0.0114531 0.0245493 -0.0151057 0 0.0019099 0 0 0.00350078 0 0.00119847 0.0137833 0.0116976 0 0 0.013741 0.000180776 -0.00521899 0.00430518 0.00753565 0.0264381 0.00878832 0.0268898 0 -0.00142344 0.0147835 0.0266506 -0.00739653 0.00533594 0 0 0.0157446 0.0235345 0.0130568 0.021015 0.000660718 -0.0157129 0.0118935 8.09592e-05 0.0287994 0.00527373 0.0350566 0.0189112 0 0.0232276 0.000864522 0.00053634 0.00374294 0.00926412 0.000309724 0 0.0174037 0 0.00619816 0.00189856 0.000120023 0.00115238 0 0 0.0265675 0.00020568 0 0.0142271 0 0.00459836 0.0109438 0.00879518 0.0154708 0.0232932 -0.00020139 0.00888065 0 -0.0193201 0 -0.000850707 0.0251446 0.00166815 0.000881504 0.0252503 0 0.00843188 0.00586386 0 -0.0100264 0 0 0.0127284 0.0133816 0 0.0106257 0.0134252 0 0 -0.00458868 0 0 0.000155987 0 0.0108095 0 0.10451 0.00450156 0.0086297 0.0293866 0 -0.000551659 0 0.0101565 0.026151 0 0.000629496 0 0 0.00816178 0 0 -0.00234533 0.00905906 -0.00368182 0 0.0148108 0.0315887 0 0 0.0130522 0.000614687 0 0.0301998 0 0.0332526 -0.0133096 0 0.00754555 0 0.00554368 -0.00374516 0.00729138 0.00642325 0.000733796 0.000312189 0.00670123 -0.0125392 0.000683966 0 0 -0.00449509 0 0 0 -0.000603763 -0.00460638 0.00251398 0 0.0331759 0 0.00101331 0 0 0.00359969 0.00511969 0.00311798 -0.00957056 9.73411e-06 -0.00900197 0 -0.0120197 0.00599575 0.0184379 -0.00131352 0.00705973 0 0.00340626 0.000911823 0 0 0.00416608 0.00320267 0.00217893 0 -0.00887813 0.0135534 0.000548134 0.010697 0.00182959 0 -0.00781599 0 0 -0.0112808 -0.00799255 0 0.00208756 0.00518005 -0.00297162 0.000188067 0 0.00411327 0.000725808 0 0.00224544 0 0 0.0039313 0.00560019 -0.0104762 -0.00799913 0.0149092 0 -0.00362346 0 0
0.0505811 0.0419149 0.00491849 0.00807234 0 0.00134738 -0.010301 0.0128326 -0.00338313 0.0522567 0.00162427 0.0546462 0.0182745 0.0284412 0.0485356 0.0221983 0.00839894 0 -0.00272904 0 0.000880598 0.0258826 -0.00864286 0 0.00196155 0.000336065 0.00526209 0 0.0238858 -0.00863458 0.0239963 0.00998644 -0.0179362 -0.000436493 0 0.00813547 0.0017375 0.0137345 0.00262964 0.000710428 0 -0.0100218 -0.000596847 0.00701035 0.0139701 0 0.00923549 0 0 0.0123077 -0.00114906 0 0.0294976 -5.74649e-05 1.82821e-05 -0.000207763 0.00068291 -0.000151429 0 0.0224552 0.00629328 0.0125702 0 -0.00404793 0.00523913 -0.00110863 0.00885559 0.00487261 0.0201783 0 0.00407397 0 0 0.00104901 -0.00122603 0 -0.00166487 -0.0123021 -0.0075843 -0.000214696 0.00507898 0.0177051 0.0184278 0.00535001 -0.00836183 0 0.00151561 -0.00295596 -0.0129494 0.00684239 -0.000935908 0.00588967 0 0.00681818 0.00994177 0 0.00169207 -0.00795915 -0.0108862 -0.00456571 -0.00485234 0.0146691 -1.08711e-05 0.0020345 0 0.00747351 0 0 0.013131 0 -0.00362363 0 9.09875e-05 0.0161514 0.00285668 0.0020761 -4.41318e-05 0.0155413 0 -0.0102932 0 0 0.012607 -0.0104051 -0.00124389 0.000358525 0.00114186 -0.00640961 -0.00386804 0 0.0198684 0 0.0152302 0 0.0015071 -0.00169579 0 0.000252519 0 0 -0.00806425 0 0 -0.00110713 0.00514134 0.00884188 -0.00214495 0 0 -0.000896691 0 0 -0.00630617 0 0 -0.000312326 0 0.00540931 0 0 0 -0.0088222 0 0 0 0 -0.00933076 0 -0.00790829 -0.0032379 -0.00782976 0.00209328 0.00199732 -0.00941291 0.00262893 0.00468436 -0.000879694 0 0.0123268 -0.0125892 0.01685 0 0 0.0019579 -0.000442527 0.00076335 0 0.000513701 0.00637405 -0.000799125 -0.00113742 0.00479987 -0.000775814 -0.0146947 -0.00250721 -0.00124163 0 0.00335752 -0.00354116 0 0 0.000196464 0 -0.00197491 0 0.00324161 0 0 0 -0.0173128 -0.00130763 0 0 0 0 0
0.00480472 0.00185486 0.0575185 0.0211338 0.00134738 0 0.00159264 0.0281024 0 0 0 0 0 0.0034168 0 0.00923573 0.00165896 0.0463196 0.012908 0.000175496 0.0087677 0 0.00252414 0.0175332 0.0151855 0.00617789 0.00128158 0.00339041 0.00012408 0.000775176 0.00298479 0.00897074 0.00108583 0.0316869 0.000408378 0 0.0138111 0.0275742 0.00938701 0.00428708 0.00232916 -0.00658706 0.041776 0 0.0119281 0.00371503 0.00843864 0.0120768 0 0.0265372 0.010982 0.00277954 0.00176061 0.0156665 0.00251709 0 0.0166886 0.00139132 0.00413862 0 -0.000960889 0.00252654 0 0.000322955 0.0226184 0.00934603 0 0.0274355 0.000659947 0.0714299 0 0 0.00945239 0.0143434 0 0.0106219 0.00146135 -0.00406335 0.000428213 0 0.010734 -0.00448063 0 0.0135031 0.00714691 0.0208902 0 0.00390395 -0.00629252 0 0.00183608 0.00811043 0.0117283 0 0.00575537 0.00902463 -0.00298089 0.00283268 0.00105873 0.00485794 0.00883939 -1.73304e-05 0 0.00265084 0 0.0143037 0.00711275 0.00821916 0.013186 0.0023022 -0.000291218 0 0.00606512 0.00515043 -0.00155948 0.00223722 0.000780728 -0.0043016 0.00627131 0.00416421 0 -0.000244049 0.00693872 0.000287381 0 0.0112501 0.0118388 0.00122081 0.00239685 0.0253951 0.00527188 0 0.0215874 0 0.0155089 -0.00631638 0 0 0 0.0218316 0.00421769 0.00748661 0.00156694 0.00577138 0 0.0117659 -0.00148377 0.000392014 0.00269481 0.0185052 0 0 0.000477139 9.36595e-05 0 0 0.00256463 -0.00408621 0.0100848 0.00117952 0 8.09945e-05 0 0 0.00940036 0.00877335 0.00157495 0.00162234 0.00233438 0.00613731 0.00209279 0.0146394 0.010438 0.00260305 0 0 0.0142869 0.00306364 0 0.00846461 -0.00144486 0 0 -0.000874404 -0.000583199 0.000697522 0.00183438 0.0174862 -0.00257847 0 -0.000645004 -0.0082983 0.00167824 -0.000189639 -0.00180376 0.00287666 0.00257283 0.00134373 0.00254054 0 0.000296048 0 0 0.000739469 0.00597588 -0.011475 0 0 0 0 -0.000926731 0.00163453 0 -0.00537332 0 0
-0.00899159 -0.0330887 0 -0.0114531 -0.010301 0.00159264 0 0 -0.011991 -8.07546e-05 -0.000318358 -0.00609349 0 -0.00161501 -0.0180359 0 0 -0.0273605 -0.0391463 0.0278774 0 -0.0462436 0.238507 0.00845211 0.00237319 0 -0.000722069 -0.0244202 -0.0270165 0.167274 -0.00428864 -0.00119085 0.0256059 0.0073823 0 -0.0276937 -0.00660199 0 0 0 0.0363032 0 0.00926892 -0.0211864 0 0 -0.00500341 0.01025 0 -0.0176947 0.0365681 0.00247933 -0.012401 0.00694579 -0.00626458 0 0 0.0117227 0.00705052 -0.0147048 -0.00736116 0 -0.00924904 0.0412732 0 -0.000190356 0 0 -0.0134588 0.00334281 -0.00575207 2.21737e-05 0.00283184 0 0.0297078 0.00360041 0.0154074 -0.0270146 0.0243771 0.000655995 -0.00143304 -0.0135793 -0.0113594 0 0.0150403 -0.00199702 0 0.00507642 -0.00226724 -0.00302168 0.00217669 0 0.00290625 -0.0188331 0 0.00337731 -0.0116953 0.0123865 0.0390456 0.00770255 0.0241823 -0.00883217 0.0104959 0 0.00132288 -0.00448445 4.66009e-05 0.0174208 0 -0.00234462 0.0140023 0.00414252 -0.0269698 -0.00450859 -0.00746439 -0.03377 0.00204239 -0.0132413 0 0.0163711 0.00180786 0 0 0.00835515 0.0144452 0 0 0.0121819 0.0186589 0.000750347 0 0 0 -0.0227484 0.00236487 0 0 3.36719e-05 0 0.00129145 0.0131171 0.00142329 0.0161637 0.00172583 -0.0132736 0 0 0.0382712 -0.0357317 0.00476208 0 0 0.15179 -0.0146374 0 0.00126626 0 -0.00757352 0 0.00484522 0.0103308 0.0365183 0 0.0148107 0.00264438 0.00184314 0.00746565 0 0.0101842 0.0164359 -0.00598173 -0.0652085 0 0.0577906 -0.000163014 -0.00622777 0.00460065 -0.00753915 -0.012933 0.013216 -0.0169462 0 0.0144194 -0.00236199 0 0 0 0.000825698 -0.00148919 0 0 -0.00744585 -0.00825249 0.00268365 0 0.00381247 0.00644711 0 0.00895074 0 0.00409469 0 0 0.00465136 0 -0.00620377 -0.00119832 0 0 0.00429347 0 -0.00870217 0 -1.17925e-05 0 0
0.00519417 0.00362444 0.0434666 0.0245493 0.0128326 0.0281024 0 0 0 0.00131324 0.00033498 0.00320787 0.000551662 0.00594558 0.015152 0.00578384 0.00555773 0.0180526 0.00286524 0 0.0278577 0.00273906 0 0.0183167 0.0127253 0.00808753 0.00747907 0.0026413 0.00207967 0 0.00502173 0.0117378 0 0.0101623 0 0 0.0333862 0.0131972 0.00461519 0.00498272 0.00209229 -0.0167279 0.0100049 0 0.0295433 0.00684556 0.0362429 0.00970102 0 0.010277 0.00321682 0.0025106 0.00786891 0.0127483 0 0 0.0229731 0 0.00319153 0.0026194 0 0.00277042 0 0 0.0282565 0.00609637 0 0.0355188 0.00625731 0.0131132 0.00795477 0.000265569 0.00800133 0.00753633 0 0.0269184 6.06988e-05 0 0 -0.00121034 0.0231384 0 0 0.0170391 0 0.0144426 0.00393973 0.00209496 0 0 0.000169924 0.0146413 0.00654376 0 0.0222186 0.00352331 0 0 0 0.00328644 0.0021466 0.00120828 0 0.0104711 0 0.0186099 0.0152987 0.000989168 0.0155805 0.000175694 -0.00378703 0 0.018715 0.0188703 0 0.00373213 0 0 0.0163037 1.6442e-05 -1.75879e-05 0 0.0140714 0 0 0.0058575 0.0188274 0 0 0.0188664 0.00320098 0 0.0343448 0 0.0119986 -0.0138946 0 0 0 0.0170611 1.77597e-05 0.00662448 0.00508107 0.00705064 0 0.00748084 -0.00818433 0.000511195 0.00449957 0.00102124 0 0 0 0.00193243 0 -0.00142418 0.0021349 0 0.0135541 0.00237026 0 0 0 0 0.014017 0.00807067 0 0.00288312 0 0 0 0.00797073 0.0163313 0 0 0 0.00119926 0.00793359 0 0 0 0 0 0 -0.00387621 0.00911916 0.00115916 0.0127458 0 0 -0.00267675 0 0 0 -0.00795247 0 0.00358925 0.00270844 0 0.000991072 0 0 0 0 0.00709185 -0.00064665 0 0 0 -0.0220481 -0.00472502 0.00138409 0 -0.00436347 0 0
0 0 0 -0.0151057 -0.00338313 0 -0.011991 0 0 0 0 0 0 -0.00650488 0 0.000265873 -0.00595264 0 0.00744583 0 0 0.00102356 0.00448428 0.00161772 0.000163585 -0.00023382 -0.00272603 0.000516655 0.0218319 -0.00347222 -0.00505246 -0.00413367 0.0332201 -0.0108224 0.00261767 0 -0.00110756 -0.0096323 -0.0097878 0 0 0.00282388 0.00192013 -0.0751958 -0.00339416 0 -0.0105321 -0.00920539 0 0 0.00361468 0 0.00945658 -0.0122828 0.00195871 0.0125896 0 0.00240077 0 0 -0.00416163 0.000573137 -0.0416838 0 0 0.0071066 0.00327462 0 0 0 -0.00554744 -0.0155095 0 0 0 -0.00299644 0.00138175 0.0196783 0.00389588 0.000294805 0 -0.0101842 0 -0.000490434 0.0111194 0.00174624 -0.00861353 0.0182961 0.017837 2.41548e-06 0.00438754 -0.0197575 0 0.0114757 0 0.00106455 0 0.00425077 0.0181604 0.00400082 0.00643167 0 -0.000123994 -0.0153419 0.0271776 -0.0110721 0 0 -0.00161355 0.00412771 0 0 0 -0.00738386 -0.000734726 0.002986 0.0203832 -0.00353888 -0.00431781 0.01077 0.00479264 0 -0.0161868 0.00861254 0 -0.00462084 -0.00276911 0.00694538 0.0127226 0 0 0 -0.00908826 0.00161191 0 0 0.00787975 -0.00456762 0.00102236 0 0.0177977 0 -0.00127841 0.00893433 0 0 0 0 0.000606072 0 0.00612023 0.00641788 0 0.00194989 0.00969051 0 0 -0.0022469 0 0.00245272 -0.000603622 0 0 -0.00377425 0 0 0.0176272 0.0191598 0.00954365 0.0046964 0.0221884 0 0 0.00438643 -0.00281361 0 0 0.00189689 0 0.00455094 -0.00503894 -0.00445775 -0.00622109 -0.0010659 0.000140762 -0.00258404 0.00095394 -0.0133562 -0.0131734 0.0113251 0 -0.00235343 0.00472857 0.043686 0 0.00262446 0.00080231 -0.0063403 0.0200261 0 0.00115873 -0.00518771 -0.00244404 0.00445856 0 -0.00248572 0 -0.00803207 -0.00576177 0.0352612 0 0 0 0.00304738 0 0
0.0354396 0.0243737 0 0 0.0522567 0 -8.07546e-05 0.00131324 0 0 0.0315186 0.0125161 0.0251145 0.0209825 0.0080385 0.0218496 0 0 0 0.0194266 0 0.0103648 0 0 0.000376158 0 0 0 0.0254496 -0.00184683 0 0 0 0 0 0.00197812 0 0.00381578 0 0 0 -0.00934159 0 0.0121759 0 0 0.000838468 0 0.0192782 0.00140044 0 0 0.00963799 0 0.000384292 -0.00416304 0 0 0 0.0266754 0.0202372 0.00759454 0.000767966 0 0 0 0.0198614 0.000238469 0.00732426 0 9.04047e-05 0 0 0.000193164 0 0.000203846 0 0 0 0 0.000167141 0.000521154 0.014097 0 0 0 0 0 0 0.0132761 0 0.0225957 0 0.00430998 0.00188812 0 0.0130244 -0.00448868 0 -0.00246142 0 0.0176918 -0.000816773 0 0 0 0 0 0.00250226 0.0134924 -0.0148784 0 0 0.0011578 0.000249095 0 0 0.0126171 0 -0.000983964 0.0007997 0 0 0 0 0 0 0 -3.85873e-05 0 0.0173695 0 0.00249328 0 0 -0.0047862 0 0 0 0 -0.000195162 0 0.0002368 0 0.0120719 0.00239306 -0.00332303 0.0109099 0 0 0 0 0 0 0 -0.00124783 0 0.00829565 0 0.00646747 0 -0.00100629 1.84368e-05 0 0 0 0 0.00212065 -0.000646639 0 0 0 0.000213171 0 0 0.00135809 -0.00141297 0 0 -0.00153538 0.00502707 0 0 0 0 0 0 0 0.000198411 0 -0.00393511 0.000415891 0 0 -0.00187255 0 0 0 0 0 0.000519623 0 0 0 0 0 0 0 0 0 -0.000814216 0 0 0 0 0
0.0292115 0.0108076 0.000941704 0.0019099 0.00162427 0 -0.000318358 0.00033498 0 0.0315186 0 0.0170749 0.0285282 0.0903071 -0.0221902 0.00615996 0.000685604 0 -0.010866 0.0700355 0 -1.25501e-05 0 0 0.00132454 0.00136864 0.000750012 0 0.000605738 0 -0.0232615 0.00166236 -0.00114875 0 -7.08275e-06 0.0071752 0 0.0063293 0.000656342 0 0.00714762 -0.0158646 0.0102712 0 0.00363422 0 0.00891251 0.00157667 0.00680938 0.00559803 0 0.00621257 0.0106112 -0.0285884 0 0 0 0 0 0.0227958 0 0.00829445 0 0 0.00188644 0 0.0177537 0.000435112 0 0.000844924 0.00328799 0.00116902 0.00271809 0.0025686 0.00794942 0 0 0 0.0196804 0 0 0.000164553 0.0435892 0.00408348 0 0 0 0 -0.00606926 0 0 0.03979 0.0032909 0 0.00841384 0 0 -0.00279569 0 -0.00429109 0 0.00509345 0 0 0.00558915 0.00304736 0 0.00318166 0.00587262 0.0136847 -0.0224691 0 0 0.00456163 0.000752222 0 0 0.0022805 0 -0.00661619 0.0164836 -0.000699903 0 -0.0237853 0.0182786 0 0 0 -0.000473644 0.000616536 0.00829958 0 0.00265624 0.000585287 0.00380517 -0.00740112 0 0.000156495 0 0 0 0.0187022 0.0145279 0 0.207535 0 -0.00526443 0.0494662 0 0 0 0 0 0 -0.00277215 -0.00117259 0 0 0 0.0260539 0 0 0.0122544 0.000391167 0 0 -0.00217697 0.0243049 -0.0165828 0 -0.0127273 -0.0114977 0.00250761 0 0.00294039 0 0 0.00263901 0 -0.00868521 0.00238915 0 0 6.12596e-05 -0.000475655 0 -0.0100955 0.00443635 0.00617474 0 -0.00366713 0 0 -0.00236097 -0.00569797 0 0 0 -0.00889179 0 0.000891979 0.00165577 0 -0.00246534 0 9.98576e-06 0 0 0 -0.00325438 -0.00316702 0 0 0 0 0
0.0417894 0.0520764 0.000707021 0 0.0546462 0 -0.00609349 0.00320787 0 0.0125161 0.0170749 0 0.0293355 0.0541358 0.0265024 0.0204774 0.00103791 0 0 0.0237178 0.00127929 0.0456942 -0.00139961 -4.84672e-05 0.0047505 0 0.000789986 0 0.0235944 -0.00391011 0 0.00371102 0 0 0.000492291 0.0146702 0.000844195 0.00907213 0 0 0 -0.0023027 0 0.0156973 0.000663859 0 0.00507821 0 0.02268 0.0042054 0 0 0.0248759 0 0.000310217 0 0 0 -0.00546211 0.0311383 0.000740806 0.0320391 0 -0.0100392 9.20624e-05 -5.21193e-06 0.0360428 0.00330463 0.0247418 0 0 -1.10936e-05 0 0.000386243 -4.31587e-05 0.00095051 0 0 0 0 0 0.00187644 0.00924594 0.000617318 -4.31344e-05 -0.00534056 0 0 -0.00119516 0.0124349 0 0.0106337 0 0.00304256 0.00308421 0 0.00169061 -0.0136733 -0.00404752 -0.00565371 -0.00149326 0.0157055 -0.00597614 0 0 0 0.00116487 0 0.00108036 0.00390738 -0.00399409 0 3.83616e-06 0.0066562 0.000489369 0.0146799 0 0.0129533 0 -0.000116438 0 0 0.00174199 -0.00103534 0 0 0 0 -0.000509093 0 0.0351637 -2.52792e-05 0.00295988 0 0 -0.00113367 0.00162536 0 0.00140074 0 0 0 0 0 0.0161512 0.00381505 -0.000257908 0 0.0110743 0 0 0 -0.00302792 0 0 0 0 0.00723536 0 0.0129089 -0.000547212 -0.001924 0.00540128 0 0 0 -0.00148302 0.00275865 -0.00420079 0 -0.000911374 0.0047075 0.00144562 -0.000149442 0.00273781 0.000790793 0 0.000166948 0.00399578 -0.000565529 0.00624973 0 -0.00262151 0 0 0 0.000850627 0.00304074 0.00391784 0 0 0.00196022 0 -0.00150466 -0.000846291 0 0 0 0 0 0.000386774 0 0 0 0 0 0 0 -7.461e-06 -0.00181178 0 0 0 0 0 0
0.0299023 0.0200484 0 0 0.0182745 0 0 0.000551662 0 0.0251145 0.0285282 0.0293355 0 0.0218139 0.00209158 0.0230917 0 0 0 0.020026 0 0.0226568 0 0 0.00167409 0 0 0 0.033719 0 0 0 0.000150416 0.000967155 0.00881284 0.00584894 0 0.00395172 0 0 0.000269642 -0.00350605 0 0.00931709 0 0 0 0 0.00630857 0.000116171 0 0.00181162 0.0110626 0 0.00300513 0 0 0 -8.31431e-06 0.0132719 0.0119176 0.0316932 0 0 4.28241e-06 0.00481142 0.0301482 0 0.0221881 0 0 0 0 0.00167547 0 0.00477705 2.19921e-05 6.07561e-05 0 0 0 0 0.0219013 0.00369642 -2.76984e-06 -1.61479e-05 0 0.00235628 0 0.0312638 0 0.012829 0 0 0.000716231 0 0 0 0 0 0 0.0131921 -0.00286422 -0.00917603 0.0015873 0 0 0 0.00456988 0.0184778 -0.00446103 0 0 0.00275114 0 0.00785057 0 0.00140927 -0.00641836 0 0.00167571 0 0 0 0 0 0 0 0 0 0.0305684 0 0.000269942 0.00446663 3.51391e-05 -0.00282173 0 0 0.00108548 0 0 0 0 0 0.013775 0.000956406 -0.00280088 0.00142081 0 -1.14956e-05 0.0146954 0 0 0.00774182 0 0 0 0.00153575 0 0.0203839 0 0 0.00115429 0 0 0 0 0.00438553 0 0 0 0.000408589 0.00143058 0 0 0 0 0 0 0 0.00714728 0 0 0 0 0 0.000328527 0 0 0 -1.49398e-06 0 0 0 -0.000407103 0 0 0 0 0 0.00295953 0 0 0 0 0 0 0 0 0 -0.00104763 0 0 0 0 0
0.0280071 0.0268668 0.000804558 0.00350078 0.0284412 0.0034168 -0.00161501 0.00594558 -0.00650488 0.0209825 0.0903071 0.0541358 0.0218139 0 -0.0822145 0.0476345 0.000737284 0.00246984 0.00576641 0.00487242 0.00143237 0.0126572 0 -0.0197301 0.00229507 0.00372705 0 0.00207663 0.00720485 0 0 0.00473068 0 0.0157348 0.0148799 0.0280288 0.00356044 0.0182862 0 0 0.000191162 0.00389706 0.00235267 0.0212017 0.0107242 0 0.00554642 0.00157444 0.0416858 0.00879481 0 0.0276558 0.0127406 0.00324024 0.0405511 -0.00595687 0 0.00483819 0 0.0219604 0.00852621 0.0432722 0 -0.0298334 0.0072088 0.0206977 0.0273206 0.0079126 0.004729 0 0.00612374 0 0.0028987 0.000519184 0 0.00969765 0 0 0.00716594 0 0.00136775 0.0198452 0.0341083 0.00598699 0 0 0 0 -0.0226614 0.000859742 -0.00831903 0.0570755 0 0.000637758 0.0128516 0.000611717 0.0035143 -0.0137474 0 -0.0180856 -0.0141848 0.00516082 -0.0082387 0.00697682 0 0.00231556 0.00266492 0.000971887 0.00940776 0.0038942 -0.0181513 0.00677191 0 0.0093922 0.0284638 0.0120192 0 0.0167422 0.00152598 0 0.00236295 -0.00181242 0.00463685 -0.00744024 0 0.000472663 0.000994601 0 -0.0136595 0.00168651 0.0262646 -0.000877133 0.00951406 0 0 -0.00264128 0 0 0.0033284 0.00258113 0 0 0.000479644 0 0.0660518 0.0151138 -0.00275904 0.0304376 0.0138939 0 0 0 0 0 0 -0.000287123 0 0.000645072 0 0.0139014 -0.00221877 0 0.00136346 0 0 0.00573457 0 0.00681752 0 0 -0.00423395 0.00851032 0.00273016 0 0.00190888 0 0 0.000480929 0.00854674 0 0.00151183 0 0 0 0 0 0.0158708 0.0183412 0.00259463 0 -0.00340904 0.0122656 0 0 -0.00336372 0 -1.52747e-05 0.00511037 0 0 0.00598082 0 0 0 0 0 0 0 0 0 -0.000595885 0 0 0 0 0
0.0118181 0.0147829 0 0 0.0485356 0 -0.0180359 0.015152 0 0.0080385 -0.0221902 0.0265024 0.00209158 -0.0822145 0 0 0.00377249 0 -0.00581023 -0.00372036 0 0.0220568 -0.0136205 -0.00655202 0 0 0.00267501 0 0.0292596 -0.0087817 0.00539316 0.00696032 -0.0121777 -0.00491545 0 0.000460238 0 0.00329161 0 0 -0.000228058 -0.000830427 -0.0083946 0.0198108 0.00492493 0 0.00092923 -0.000185314 0 0 -0.00544885 -0.00137424 0.0400066 -0.00603135 -0.00357099 -0.00161942 0 -0.0182844 -0.00133906 0.0149679 0.028178 0 0.00141084 -0.0027775 0 -0.00426561 0.00939261 0 0.0358849 -0.00118224 0.000752321 0 0 0 -0.0157893 -0.000671677 -0.00285439 -0.00402042 -0.0314401 -0.00124117 0 0.023587 0 0 -0.00991181 -0.000597223 0 -0.00502153 -0.00340104 0.0105172 -7.47022e-07 0 0 0.0128973 0 -0.00270284 0.00680183 -0.00897567 -0.00980053 -0.00793671 -0.00611719 0.00706791 -0.00234452 0 -0.0017593 0 0 -0.0010272 0 -0.00175796 -0.00639054 -7.77201e-05 0 0.00604259 0.00362189 0.0176528 -3.25094e-05 0.020917 0 -0.00729326 -6.80253e-05 0 0 -0.00777985 -0.0191989 0 0 -0.00775959 -0.0134131 0 0.00694139 0 0.00866996 0 0 -3.73091e-06 0 -1.95572e-05 -0.000807873 -0.00245975 -0.0143401 0 0 -0.00106388 0 0 0 -0.00236579 0 -0.004367 0 0 -0.00780752 0 0 -0.00127822 0 0.0173449 0 0 -0.00636408 -0.0118449 0 0 -0.000151472 -0.00263011 -0.00404274 0 -0.00962687 -0.00555782 -0.00373771 0 0 -0.0243628 0 0.00999024 -0.00515578 -0.000772176 8.75474e-06 -0.00541998 0.013726 0 0 0.00419262 0 0 0 0 0.00768674 0 0 0.017882 -0.00351996 -0.00760717 0 -0.00601122 0 0 -0.00393919 0 0 0 0 -0.00218946 0 0.00321117 0.0148199 0 0 -0.00687786 0 0 0 0 0 0
0.0236351 0.0318107 0.00466499 0.00119847 0.0221983 0.00923573 0 0.00578384 0.000265873 0.0218496 0.00615996 0.0204774 0.0230917 0.0476345 0 0 0.000917589 0.018143 0.0131745 0.0131061 0.0101133 0.0352419 0 0 0.00598755 0.000185488 0 0.0233691 0.058548 -0.0103104 0 0.00012996 0.0027344 0.0129935 0.0126455 0.0310335 0.00236062 0.00549352 0 0 0.00386444 -0.00675221 0.0088403 0.0232207 0.00621337 0 0.00112481 0.000325386 0.0184521 0.0107569 0 0.00514186 0.0292708 0.0119841 0.0190587 0 0.00065593 0.000859513 0 0.0332345 0 0.0782378 0.0023081 0 0.00537913 0.0162925 0.0264208 0.0125903 0.0369378 0.00174949 0 0 0.000582079 0.00292513 0 0.016511 0.000379678 0.00843706 0.00375851 0 0 -0.000793769 0.0267434 0.00922735 0.00416215 0.000824797 0 0.00835426 0.00296589 0.0094571 0.00280195 0.0182965 0 0 0.00471059 0.00589003 0.0125777 0 0.000231897 -3.10856e-05 0.000288301 0.00907296 -0.000129875 0 0.00459313 0.00233867 0.000751631 0.000623227 0.00614593 0.033436 -0.00796 0.00926766 0.0049947 0.00325556 0 0.0215477 0.000685872 0 0 -0.000192778 0.00424374 -0.000868954 0 0 0 0 0.000284159 0 0 0.00327283 0.048701 0 0.00092646 0.00877402 0.000678814 -0.00460364 0.0126224 6.94387e-06 0.000719308 0.0050943 0.000138488 0 0 0.000488661 0.0199223 0.0120957 -0.00465548 0.00171317 0.00480635 0.000945415 0.00136321 0 0 0.0137604 0 -0.0022425 0.020234 0 0.000751086 0.0186496 0 0 0.00136432 0 0 0.000199548 0.00140404 0.00620552 0.000311278 0.00275853 -2.22256e-05 0.00727323 0.0067025 2.2019e-05 0 1.89141e-05 0 0.00945401 0 0 0 0 0 0 0 0 0.00544613 0.00790375 0 0 -0.00322039 0 0 0.00239062 -0.00265953 0.000181047 0 0 0.00119724 0 0.00263061 0 0 0 0 -0.000768221 0 0 -0.000903968 0 -0.0015803 0 0 0 0 0
0.00431583 0.000914004 0.0112236 0.0137833 0.00839894 0.00165896 0 0.00555773 -0.00595264 0 0.000685604 0.00103791 0 0.000737284 0.00377249 0.000917589 0 0.0025885 -0.00217316 0 0.00252268 0 0 0 0.00457165 0.00473682 0.0395125 0 0 0 0.00939739 0.0327284 -0.00915521 0 0 0 0.0118141 0.00524491 0.0292489 0.0196089 0 -0.0296921 0 0.000541389 0.00692727 0.0305489 0.0254035 0.0233872 0 0.00808554 0 0 0.000595596 0 0 0 0.0190014 0 0.00047989 0.00232436 0.00363377 0 0 -3.98258e-05 0.00618423 -0.000482169 0 0.0138935 0.00022456 3.09608e-05 0.017026 0.00725831 0.0207407 0.00307695 0 0 0 -0.0108915 -0.00055406 -0.00406229 0.0195375 0.00892051 0.000136162 0.00487541 -0.00733268 0 0.0158646 -0.00162571 -0.00693296 0 0 0.0106758 0.0115206 0 0.00536971 0 4.83212e-06 -0.00514593 -0.00346091 -0.00200885 -0.00141676 0.00471304 0 0.00597437 -0.000501844 0.013308 0.00190511 0.0100238 0.0209655 -9.43511e-05 -0.00207249 0 0.0027917 0.0172302 0.000701515 0 -0.00176686 0.0081696 0.000796693 -0.00265353 -0.000485702 -6.12928e-05 0.00466923 -0.0137506 0 0.0230195 0.0121471 -0.000670339 -0.00207502 0.00251447 0 0 0.015071 0 0.00631007 -0.00833154 0 0.0124953 0 0 -0.0113606 0.0222624 0.00378724 0 0.00018539 0.00259116 -0.0175966 0.00117945 0 0 -1.7665e-05 -0.00288738 0 0 -0.000484339 -0.00667486 0.000853573 0.00509892 0.00281427 0 0 -0.000838432 0 0.00192038 0 0 -0.00419149 0 -0.00640002 -0.00137326 -0.00771889 0 0.00373292 -0.00172117 0.0137399 0 0 0 0 -0.00555758 0.0102185 0.00572118 0.00332136 0.000635363 -0.00956603 0.00889086 0 0.00405132 0.0205849 0 -0.00495043 0.00528876 -0.000558583 -0.00754543 -0.0143102 0 0 0.00202663 -0.00375901 0.000511871 0 0.00585214 0.00143594 -0.000673282 0 0.00539456 0 0.00540252 0.00622429 -0.012001 -0.00702086 0.00140785 0.000171919 -0.000650492 0 0
0.000726243 0.0119577 0.018816 0.0116976 0 0.0463196 -0.0273605 0.0180526 0 0 0 0 0 0.00246984 0 0.018143 0.0025885 0 0.0147886 0 0.00928254 0.000133569 0 0.0280247 0.00241102 0.0380036 0.00428107 0.0356186 0.00565677 -0.0136859 0.00736842 0.0148525 0.00180393 0.0166657 0.00426302 0 0.0126733 0.00526411 0.0221242 0.00598238 0 -0.0116946 0.015107 0 0.00995439 0.0118903 0.00334229 0.0159703 0 0.0334739 0.00153511 0.00771794 0.00394569 0.0203368 0.00989491 0 0.0132148 0 0.0176511 0 0 0.0032167 0 0 0.020642 0.0129382 0 0.0410654 0.00862277 0.0194118 0.0108234 0.0164842 0.00662181 0.00679959 -0.00751565 0.00578461 0 0.00136747 0 0 0.00459259 -0.00675322 0 0.00501323 0.00346266 0.00732912 0.00129261 0.00252173 0.00125606 0 0.0103465 0.00922906 0.00433558 0 0.00641778 0.0227462 0 0.0016958 0.000812275 0.0012842 0.00490052 0 0 0.0309684 0 0.0110537 0.00371486 0.0155763 0.00392914 0.00532938 -0.0011384 0 0.00708764 0.00327928 -0.00032844 0.00653078 1.84518e-05 -0.000394961 0.0231553 0.000913718 0 0 0.000635533 0 0 0.0087779 0.00981118 0 0.000876457 0.0131839 0.00246053 0 0.00201371 0 0.00417248 -0.00593634 0 0 0 0.0209015 -0.000481644 0.0114593 0.00283849 0.00279656 0.000686067 0.00249459 -0.00429593 -2.60756e-05 0.00403043 0.0137601 0 0 -2.48672e-05 0 0 0 0.00774357 -0.000973384 0.0057656 0 0 0 0 0.000460511 0.00179696 0.0130744 0 0.000598758 0 0.0025438 0.00189095 0.00592078 0.0110824 0 -0.00548103 0 0.00653906 0.003402 0 0.00250792 -0.00071231 0.00198086 0 -0.00232015 -0.000794781 0.00117799 0.00176364 0.0179499 -0.00219341 0 -0.00126812 -0.00380141 0.00105786 0.00141879 -0.00288671 0.00189097 0.00471877 0.000177305 0.000572428 0 0 0.00291712 0 0 4.94732e-05 -0.00261402 0 0 0 0 -0.00279862 0.000191028 0 0 0 0
0 0.001164 -0.00110857 0 -0.00272904 0.012908 -0.0391463 0.00286524 0.00744583 0 -0.010866 0 0 0.00576641 -0.00581023 0.0131745 -0.00217316 0.0147886 0 0 0.0150345 0.0346484 -0.0169443 -0.00553078 0.00404465 0 -0.00135438 0.0179887 0.0023062 -0.0238303 -0.00417503 0 0.0373688 0.0233324 0.0294928 0 0.00390352 0 -1.43764e-05 0 0.0015323 0 0.028155 0 0.000551601 0 -0.012589 0.000244475 0 0.00409755 0.0214978 0.00975179 0 0.0345259 0.0313161 0 0 0.0133724 0.00346686 -3.64608e-05 -0.0111793 0.0191815 0 -0.00267265 0.00732683 0.0632554 0.00188228 0.00537613 0.000100144 0.00212623 -0.00206474 -0.00523872 0.000791583 0.00244597 0.00592143 0.0236727 0.0218767 0.0300788 0.00604638 0.00234926 0 -0.0151052 0 1.96712e-05 0.0308963 0.0124092 -0.000107202 0.0381754 0.0383254 0 0.00904278 0.00436711 -0.00264575 0 -0.00152542 0.0263828 -0.00399604 0.0153335 0.00653808 0.021703 0.0335868 -0.0166631 -0.00133684 0.000369966 0.00617071 0 0.0157465 0 0 0.0267234 0 0.00827333 0.00375236 0 -0.00485628 0.0373472 0.00578424 -0.0147888 0.0113262 0.0239019 0.00983125 -0.00248849 0.000117007 0.0131064 0.00248058 0 0 0.016385 0.0203614 0.00685413 0.0116602 -0.00109244 0 0.0120454 0.00173732 0 0 -0.0178098 0.00663311 0.0214643 0.0253913 0 -0.00434789 0.00788361 -0.000992388 0.0169859 0.00388299 0 0.0261273 0.013161 0.00114568 0.01122 -0.00717855 0.0064891 0 0 0.000477087 -0.0236874 0.00163776 0.00670302 -0.00272783 0.00606265 0 -0.00301589 0.00745008 0.024479 0.0267682 0.00943518 0.0193309 0.0175407 0.0368736 0.0504607 0.00318697 0.0103976 -0.00207175 0 0.00900804 0.0159969 0 0.0156007 -0.0247012 -0.00818548 -0.0132403 -0.0260252 0 0 0.0314771 0.00950055 -0.025194 9.84784e-06 0 -0.00856445 0.0315835 0.020877 0 0.0172164 0.00254978 0 0.0190299 0 0.00529032 -0.00555992 -0.00467224 0.0175929 0.0161195 -0.0324857 -0.00498098 -0.0113243 -0.0173023 0.0106668 0 0 -0.00614331 0 0 0
0.0216413 0.0242282 0.000121112 0 0 0.000175496 0.0278774 0 0 0.0194266 0.0700355 0.0237178 0.020026 0.00487242 -0.00372036 0.0131061 0 0 0 0 0 0 0.0322749 0 0.00138516 0 0 0 -1.78131e-06 0.00727494 -0.00219697 0 0.00443352 0.00166959 0 0 0 0.00781852 0 0 0.0234229 -0.006252 0.00386471 0 0 0 0 0 0.0361621 0 0.00119077 0.00124079 0.00121429 0 0.00190185 0.00874532 0 0.00333697 0 0.00972431 0 0.0256101 0 0 0 0.000582143 0.0192168 0 0.000226421 0.00147137 0 0 0 2.75609e-05 0.0176027 0.000754435 0.00899304 0.000410607 0.0187602 0 0 0 0.0185021 0.000774973 0.00215751 0 0 0.00507649 0 0 0 0.011669 0.000138915 0 0 6.40896e-05 0 0 0.00585092 0 0.000413829 0.0114975 -0.000380947 0 0.00376306 0 0 0.000336625 1.98706e-05 0.010636 -0.0174591 0.00899535 0 0 0 0 0.00151829 0 0 0.000345329 0.0201361 -0.0016257 0 0 0.0185046 0 0 0 0.000650414 0 0.0178534 -0.00958544 0 0 0.00102432 -0.00519064 0 0 0.000155193 0.000263965 0.00285743 8.95094e-05 0.00431912 0 0.0241376 0 -0.00174474 0.0300381 -2.32511e-05 0.00127148 0.0151638 0 0.00328576 0 0 0 0 0 0.000503735 0.0154725 0 0.000114859 -0.0193212 0.000516124 0.000668164 0 0.000377799 0.0150126 0.000191676 0 0 -2.72452e-05 0.00180114 0.0201886 0 0 0 0.000173667 0 0 0 0 0 0 0 0 0 0 0 0 -0.000806222 -0.000182286 0 0.000184121 -0.00171811 0.000258178 0.00212222 0 0.000989592 0 0.0063792 0 0 0 0 0 0 0 0 0 -0.000200876 0 0 0 0 0
0.00292251 0.00354483 0.0127566 0.013741 0.000880598 0.0087677 0 0.0278577 0 0 0 0.00127929 0 0.00143237 0 0.0101133 0.00252268 0.00928254 0.0150345 0 0 0.00962916 0.00101963 0.00202636 0.0124054 0 0.00337006 0.00775788 0.00584855 0 0 0.0120166 0.00159937 0.00853275 0.00866085 0 0.0138118 0.0149132 0.00374383 0.00823422 0.00163829 -0.00966929 0.0142828 0.000332829 0.0191968 0.00263105 0.0176067 0.00223753 0 0.0139223 0.00393951 0.0115972 0.00471159 0.0389933 0.00368944 0 0.0134246 0.00146665 0.0040012 0.00334392 0 0.00727501 0 0 0.0312342 0.0201237 0 0.0211019 0.0106874 0.00417369 0 0 0.00896574 0.00695038 0 0.0158283 0.00179977 0.00194945 0 0 0.0115807 -0.00113713 0.000178576 0.0115413 0.00294408 0.0294874 0.00540849 0.00959136 0.00251258 0 9.93856e-05 0.0116435 0.00367557 0 0.0103492 0.00546571 0 0.00241505 0.000300671 0.00288302 0.00445869 0 0 0.00117471 0 0.0110285 0.0207774 0.0039065 0.0149338 0.0028821 -0.00208549 0 0.0221875 0.0129511 0 0.00294295 0 3.85007e-05 0.00225025 0.00642731 0.000682284 -0.00102247 0.0162465 0 0 0.00695313 0.00589318 0.00114962 0.000874463 0.0182038 0.00765822 0 0.0146609 -8.50316e-06 0.0160458 -0.00805251 0 0 0 0.0090542 0.00324548 0.00119865 0.000890693 0.006691 0 0.0246935 -0.00488429 0 0.00950729 0.00212397 0 0 0 0.000306419 0 0 0.0138847 -0.000814362 0.00887351 0.00192285 0 0 0 0 0.00518254 0.00533472 0.000883766 0.00484146 0.00169457 0.00599008 0.00154443 0.0145821 0.0214911 0 0 0 0.00152788 0.00592005 0 0.00205078 -0.000264932 0 0 -0.000132592 -0.000674508 0.00228015 0.00728881 0.0128429 -0.00133833 0 -0.00238369 -0.000552777 0.00163309 0.00166756 -0.00321712 0.00164575 0.00516067 0.00137657 0.00140671 0 0.000207652 0 0 0.000654602 0.0191655 -0.00178358 0 0 0 0 -0.00341124 0 0 0 0 0
0.0160373 0.0352779 0 0.000180776 0.0258826 0 -0.0462436 0.00273906 0.00102356 0.0103648 -1.25501e-05 0.0456942 0.0226568 0.0126572 0.0220568 0.0352419 0 0.000133569 0.0346484 0 0.00962916 0 -0.0391336 -0.0167915 0.0191283 -0.0158005 0 0.02083 0.0434956 -0.0283555 0 0 0.00847725 0.00917819 0.0227377 0.0394034 8.77313e-05 0.00229771 0 0.00229283 0 -0.000666293 0 0.0441156 0 0 0.000393031 0 0 0.00590264 0 0 0.0149809 0.00549777 0.0127076 0 0 0 -0.0202437 0.0087815 0.0166862 0.03836 0.000304615 -0.0122901 0.00142729 0.0137438 0.0405405 0.00291343 0.0150397 0 -0.0011068 -0.00484708 0 1.52618e-06 0 0.0195434 0 0.00646835 0 0 0.000735063 0 0.00298376 0.00413162 0.000203216 0.000703729 0 0.0159926 0.00158291 0.0196612 0.0069415 0.00259152 0 0 0.00605106 0.00129251 0.0048289 0 0 0 0 0.0228276 -0.0146798 0 0 0.000386883 0.00377551 -1.80745e-05 0.00235832 0.019742 -0.00964628 0 0.00898606 0.0045722 0 0.0449922 0 0.000334239 -1.64662e-05 0 0.00778662 0 0 0 -0.00082941 0 0 0 0 0 0.0203582 -0.00239284 0 0.00247966 0 -0.00203318 0.00576327 -0.00749646 0.00201544 0.000566153 0.00167139 0 0 0.00715985 0 0.0144867 -0.00182072 0 0.0281679 0 0.014364 0.0107004 -0.0243241 0.0100746 0 0 0.00891322 0.00606552 0.000131961 0.00965231 -0.00876509 -0.00164752 0.0249716 -0.00709763 0 0 0.00041326 0.00593611 0.000776905 0.00177473 0.00318452 0.0240393 0.000891784 0 0 0 0 0.00431661 0 0 0.00880035 -0.000869276 -0.012281 0 0 0 0.0245004 0.0056586 0 0 0 0 0.000101741 0.00489652 -0.00257333 0 0 0 0.00444923 0 0.00191544 0 -0.00198885 0 0.00574227 0 0 -0.00127666 -0.00478784 0.00117843 -0.000234447 0 0 0.000431484 0 0
-0.00171629 -0.00660446 0 -0.00521899 -0.00864286 0.00252414 0.238507 0 0.00448428 0 0 -0.00139961 0 0 -0.0136205 0 0 0 -0.0169443 0.0322749 0.00101963 -0.0391336 0 0.00597568 0.00521647 0 0 -0.0221335 -0.0128899 0.135808 -0.00526188 0 0.0101876 0.00840763 0 -0.00815302 0 0 0 0 0.0345975 1.93958e-06 0.0167509 -0.0127732 0 0 -0.000437444 0.00289453 0 -0.00655691 0.0216562 0.00628322 -0.00430239 0.0105418 0.00608514 0.00163417 0 0.0100024 0.00208187 -0.00568499 -0.0140868 0 -0.00849158 0.0279135 0.000992941 -0.0111362 0 0 -0.00431799 0.00194243 -0.0057928 0 0.00179669 0.0038921 0.0170279 0.00515975 0.0202524 -0.0258991 0.0240588 0 0 -0.0105898 -0.00190507 0 0.0122367 0.00229009 0 0.00924186 0.00803732 -0.00103309 0.00532865 0.00322881 0.00512595 -0.0158696 0.00042693 0.00381827 -0.0123233 0.0104455 0.0309947 0.00983562 0.032033 -0.0037818 0 0 0.0024223 0 0.00166919 0.00418033 -7.82513e-06 0.00226831 0 0.00272987 0 -0.000578957 -0.00916253 0 0.00805524 -0.0231066 0 0.0107685 0.00279901 0 0 0.00799115 0.00745271 0 0 0.0104872 0.00976264 0.00253738 8.8044e-09 0 0 -1.69116e-05 0.00499277 0 0 0 0 0.00222948 0.022349 0.00222373 0.00747178 0.00503572 -0.00111323 0 0 0.0582068 -4.06168e-05 0.0095442 0 0 0.139339 0 0 0 0 -0.00605455 0 0.00394038 1.61338e-05 0.012543 0 0 0.00352074 0.00149411 0.00949735 0.000687883 0.00728051 0.00808814 -2.20404e-05 -0.0364145 0.00153614 0.0244777 0 -0.000217922 0.00466596 0.00303751 -0.0108022 0.00965843 -0.00919447 0 0 -0.00252728 0 0 0 0.00176886 -0.00252488 0 0 -0.0113258 0.00426672 -0.00602916 0 0.00433675 0.00950012 0 0.0157637 0 0.00516153 0 0 0.00563784 0 -0.00450181 -0.00207816 0 0 0.00355314 0 -0.00196725 0 -0.0106948 0 0
0 0 0.00940048 0.00430518 0 0.0175332 0.00845211 0.0183167 0.00161772 0 0 -4.84672e-05 0 -0.0197301 -0.00655202 0 0 0.0280247 -0.00553078 0 0.00202636 -0.0167915 0.00597568 0 0 0.0151921 0.00142055 0 -0.0161261 0.00256544 -0.00103626 0.00876388 0.00486125 0.013696 -0.046805 -0.00145044 0.0186651 0.00147801 0.0119773 0.00713334 0.000725424 -0.000335196 0.0423341 -0.0253181 0.00213612 0.0165985 0.00332093 0.0124089 0 0.00804399 0.00385662 0 0 0.00731418 0 0.00280898 0.0145564 0.000524112 0.0131522 -0.000618549 0 0 -0.0123391 0.00430729 0.00961315 -0.00375224 0 0.0093296 0 0.0301399 0 0 0.020631 0.0034352 0 0.00273723 0 0 0 0 0.0104765 -0.0138948 0 0.00792757 0.00324735 0.0116502 0.00340269 0.000802051 0.00147874 0 0.00365467 -0.0227255 0.0355662 0 0.00107164 0.00311747 -0.000173197 0.00846331 0.00204227 0.00504798 0.0213103 -0.00129803 0.00703328 0 0.00193754 0.00415057 0.000784918 0.0371591 0.00674159 0.000961636 0 0 0.00318571 0.000193788 -0.0118536 -0.0304351 0.000949246 -0.00335793 0.00310434 0.011193 0 0 0 0.00043842 0 0.0132351 0.0175677 0.00183793 0.00229049 0.0104783 0 0.00278711 0.000740527 0 0.0182767 -0.000539418 0 0 0 0.0144316 0.00483685 0.0250121 0 0.00339066 0 0 -0.000731802 0 -3.31381e-05 0.0400931 0 0.00221892 0.00107144 0 0 0 0.0143654 -0.00677967 0.0170421 0 0.00358138 0.000426094 0 0 0.0161242 0.00388614 0.00119529 0 0.000363679 0.00270818 0.000720619 0 0.00613983 0.000216046 0 0 0.0219345 0.00187132 0 0.00693489 -0.00389228 0 0 -0.00136249 0 0.00435016 0 0.000869271 -0.0021311 0 0 -0.0283127 0.00159726 0.00135968 0 0.0220909 0.00643104 0 0.00161661 0.00310387 0 0 0 0.00124419 0.000458285 -0.00306052 0 0 0 0 -0.000270503 0.00201513 0 0 0 0
