0.916602 0.00235046 0.0217198 -0.040627 -0.0554624 0.0357387 -0.0094692 -0.00964387 0.0904296 -0.0746531 0.145013 -0.0497167 -0.038202 0.0216349 0.000222171 0.0711026 -1.27533e-08 0.0386682 -0.00309633 1.44926e-07 0.0234932 -0.0101986
0.00235046 0.927821 0.0368681 -0.0310624 0.195073 -0.0145831 0.0968494 0.0320895 0.0671629 0.0464318 0.0514582 0.0262992 0.0511572 -0.0219518 -0.0877316 0.0427906 -1.24483e-06 0.0926939 0.0700493 3.49147e-07 0.123929 0.100425
0.0217198 0.0368681 0.728288 -0.0315132 -0.000283573 0.0354985 0.0389858 -0.0012346 -0.0267999 0.074299 0.0515148 -0.0305183 0.109933 0.0200914 -0.06026 0.0418888 -3.19937e-07 0.0437506 0.0927813 5.61987e-07 -0.0520398 0.0774028
-0.040627 -0.0310624 -0.0315132 0.457993 0.00706597 0.0400122 -0.0515156 -0.00660877 0.0738863 0.0135178 -0.0347903 0.051569 -0.0872396 0.0269891 0.176889 -0.0474196 5.38655e-07 -0.0759887 -0.0498595 3.86969e-07 0.095747 -0.0318902
-0.0554624 0.195073 -0.000283573 0.00706597 0.695537 -0.0651562 0.0847732 -0.0284017 0.103497 0.0749733 0.0789607 -0.00612224 0.0247616 -0.0542777 -0.0553372 0.0694591 -2.43304e-07 0.153053 0.0572297 3.25525e-07 0.195874 0.0137203
0.0357387 -0.0145831 0.0354985 0.0400122 -0.0651562 0.393136 0.00446187 0.132381 0.0034293 -0.0593003 -0.0247651 0.062405 -0.00938705 0.250969 0.112236 -0.0333577 -4.18392e-07 -0.0198125 0.0081142 -4.35476e-07 -0.0958324 0.089834
-0.0094692 0.0968494 0.0389858 -0.0515156 0.0847732 0.00446187 0.237299 0.0434294 0.000215938 0.0210534 0.0877907 -0.0194875 0.0444345 0.00392654 -0.109121 0.0306254 2.78546e-07 0.117285 0.0385858 -3.4895e-08 0.00897149 0.0619552
-0.00964387 0.0320895 -0.0012346 -0.00660877 -0.0284017 0.132381 0.0434294 0.340151 -0.0143823 -0.0117621 0.0161938 0.130866 0.0225836 0.137414 0.0161291 0.0181103 1.32802e-07 0.0346326 0.0322175 8.71693e-08 -0.0647722 0.170957
0.0904296 0.0671629 -0.0267999 0.0738863 0.103497 0.0034293 0.000215938 -0.0143823 0.764868 -0.194402 0.0428561 -0.0217898 -0.0484785 0.00265863 0.0461538 0.0134186 -1.22244e-06 0.0132791 -0.0382916 8.11509e-07 0.158324 0.0446793
-0.0746531 0.0464318 0.074299 0.0135178 0.0749733 -0.0593003 0.0210534 -0.0117621 -0.194402 0.858579 0.0523813 0.0253817 0.108355 -0.0595115 -0.0185433 0.0323463 1.30703e-06 0.0347911 0.0485148 1.41818e-06 0.0680168 0.0326056
0.145013 0.0514582 0.0515148 -0.0347903 0.0789607 -0.0247651 0.0877907 0.0161938 0.0428561 0.0523813 0.652997 0.0176541 0.0359074 -0.00950985 -0.0590467 0.0548209 1.77301e-06 0.107546 0.0229543 -1.38471e-06 0.0678003 0.0740865
-0.0497167 0.0262992 -0.0305183 0.051569 -0.00612224 0.062405 -0.0194875 0.130866 -0.0217898 0.0253817 0.0176541 0.431956 0.00538979 0.059999 0.0830764 0.00815728 2.04419e-06 -0.0248057 -1.97312e-05 -1.13807e-06 0.00847642 0.0609467
-0.038202 0.0511572 0.109933 -0.0872396 0.0247616 -0.00938705 0.0444345 0.0225836 -0.0484785 0.108355 0.0359074 0.00538979 0.875456 0.00763933 -0.104171 0.056589 -5.3099e-07 0.0738038 0.225804 -3.53482e-06 -0.0640646 0.0539658
0.0216349 -0.0219518 0.0200914 0.0269891 -0.0542777 0.250969 0.00392654 0.137414 0.00265863 -0.0595115 -0.00950985 0.059999 0.00763933 0.371723 0.0639385 -0.0203406 -4.6996e-07 -0.00504551 0.00667509 -1.76687e-06 -0.0898014 0.0597271
0.000222171 -0.0877316 -0.06026 0.176889 -0.0553372 0.112236 -0.109121 0.0161291 0.0461538 -0.0185433 -0.0590467 0.0830764 -0.104171 0.0639385 0.717683 -0.0895661 1.63962e-06 -0.107132 -0.0888737 7.13099e-07 0.0667659 -0.048807
0.0711026 0.0427906 0.0418888 -0.0474196 0.0694591 -0.0333577 0.0306254 0.0181103 0.0134186 0.0323463 0.0548209 0.00815728 0.056589 -0.0203406 -0.0895661 0.521446 -2.09348e-06 0.077561 0.0916095 -5.26782e-07 -0.00562301 0.0391126
-1.27533e-08 -1.24483e-06 -3.19937e-07 5.38655e-07 -2.43304e-07 -4.18392e-07 2.78546e-07 1.32802e-07 -1.22244e-06 1.30703e-06 1.77301e-06 2.04419e-06 -5.3099e-07 -4.6996e-07 1.63962e-06 -2.09348e-06 3.40427e-09 5.78792e-07 6.55631e-07 1.18404e-10 -3.42137e-07 -3.73223e-07
0.0386682 0.0926939 0.0437506 -0.0759887 0.153053 -0.0198125 0.117285 0.0346326 0.0132791 0.0347911 0.107546 -0.0248057 0.0738038 -0.00504551 -0.107132 0.077561 5.78792e-07 0.304697 0.0769605 -1.62077e-08 0.0446602 0.0532276
-0.00309633 0.0700493 0.0927813 -0.0498595 0.0572297 0.0081142 0.0385858 0.0322175 -0.0382916 0.0485148 0.0229543 -1.97312e-05 0.225804 0.00667509 -0.0888737 0.0916095 6.55631e-07 0.0769605 0.8559 -3.60707e-06 -0.0744807 0.0535477
1.44926e-07 3.49147e-07 5.61987e-07 3.86969e-07 3.25525e-07 -4.35476e-07 -3.4895e-08 8.71693e-08 8.11509e-07 1.41818e-06 -1.38471e-06 -1.13807e-06 -3.53482e-06 -1.76687e-06 7.13099e-07 -5.26782e-07 1.18404e-10 -1.62077e-08 -3.60707e-06 3.25213e-09 8.11206e-07 9.8412e-07
0.0234932 0.123929 -0.0520398 0.095747 0.195874 -0.0958324 0.00897149 -0.0647722 0.158324 0.0680168 0.0678003 0.00847642 -0.0640646 -0.0898014 0.0667659 -0.00562301 -3.42137e-07 0.0446602 -0.0744807 8.11206e-07 0.800647 -0.0441039
-0.0101986 0.100425 0.0774028 -0.0318902 0.0137203 0.089834 0.0619552 0.170957 0.0446793 0.0326056 0.0740865 0.0609467 0.0539658 0.0597271 -0.048807 0.0391126 -3.73223e-07 0.0532276 0.0535477 9.8412e-07 -0.0441039 0.634726