0 0.0591659 0.00512801 0.00485017 0.0495869 0.00216682 -0.0220317 0.00721055 -0 0.044599 0.0406584 0.053207 0.033081 0.020806 0.0211375 0.0261799 0.00150211 0.000415657 -0 0.0342258 0.00386102 0.0246419 -0.00542842 -0 0.00370591 -0 0.00219902 -0 0.0262064 -0.0216687 -0 0.00670076 -0.00200137 0.00112803 -0 0.0214714 0.00537794 0.00858707 0.000545444 0.00220971 -0 -0.00410046 9.38908e-05 0.00155613 0.00308155 0.000414454 0.0067818 0.00102889 0.0164398 0.00553632 -0 -0.00873463 0.0324544 -0 -0 -0 0.00340155 -0 -0 0.0511371 0.0206564 0.0144013 -0 -0.0033884 0.00310723 -0 0.016109 0.00698004 0.0124891 1.68183e-05 -0 -0 -0 -0 -0 0.000979182 -0.00023274 -0 0.000487039 -0 0.00701666 0.00347939 0.0562999 0.00660124 -0.00393583 0.00218769 -0 -0 -0 0.0301411 -0 0.0119626 0.0012907 0.0105039 0.00346582 -0 0.0106942 -0 -0.0171154 -1.33733e-05 -0 0.014993 -0 -0 0.00145682 0.00421219 0.00289629 -0 0.00632693 0.00715134 -0.00579232 0.016872 0.00525542 0.00387631 0.00101901 0.000768145 0.00638534 0.0249534 -0 -0.00300482 0.00479511 -0 -0 -0.00273408 -0 0.00152251 0.00182345 -0 -0 0.00439123 0.018737 -0 0.00981576 0.000174431 0.0041183 -0.00294994 -0 -0 0.00373527 0.000239157 -0.000431918 0.000236648 0.00103305 -0 0.0140658 -0 -0.000273109 -0 -0 -0 0.00118049 -0 -0.00691753 0.00529967 -0 -0 0.00275555 0.00460733 0.00413213 0.00413837 -0 -0.0118619 0.00200041 -0 0.000206408 -1.34103e-05 -0 0.00108127 -0.00321289 -0 -0.00637212 -0 0.000939188 -5.37252e-05 0.000534153 0.00614253 -0 0.000145045 0.00441476 -0 0.0152333 -0 -0 0.0011433 -0 -0 -0 -0 0.0123952 -0 -0 -0 -0 -0 -0 -0 -0 -0 -0 -0 0.00164673 -0 -0 -0 -0 -0 -0 -0 -0 -0 -0 -0 0.000469743 -0 -0 -0
0.0591659 0 0.00368973 0.00204691 0.0457719 0.000327303 -0.0318933 0.0041967 0.0114425 0.041661 0.025426 0.0431511 0.0298816 0.012269 0.00769833 0.0290921 0.000503108 0.00263634 -0 0.0291797 0.00238402 0.0446178 -0.0173351 -0 0.000829439 -0 5.20035e-05 -0 0.0239292 -0.031121 4.34388e-05 0.000624568 -0 0.000620343 0.000245897 0.0269186 0.000492164 0.000302777 0.00115359 0.00176572 -0 -0.000927899 -0 0.00172145 0.00190646 0.000899073 0.000432283 0.000467957 0.00454833 0.00295401 -0 -0 0.00740715 -0 0.000429899 0.000147411 0.00202033 -0 -0 0.0264521 0.0109013 0.0188875 -0 -0.00354124 0.000837451 0.000252303 0.0168341 0.00813153 0.0271357 -0 -0 -0 -0 -0 -0 6.99292e-06 -6.24677e-05 -0 0.0034218 -0 0.00844044 -0 0.0318076 0.00318928 -0 0.003719 -0 -0 -0 0.0228856 -0 0.00218712 0.00100804 0.0118259 0.00158832 0.000488373 0.016967 -0 -0 -0 -0 0.0166763 -0.00139416 -0 0.0125323 0.00229805 -0 -0 0.00490051 0.0242948 -0 0.00684003 0.011929 0.000334411 -0 -0 0.0149225 0.0109876 -0 -0 0.00753002 -0 -0 -0 -0 0.000589737 3.32264e-05 -0 -0 0.00162378 0.0198923 -0 1.48974e-05 -0 0.000956688 -0 0.000406454 -0 0.00215099 0.00048334 -0 -0 -0 0.000409441 0.00722233 -0 -0 -0 0.00262528 -0 0.00753188 0.00303815 -0.0133998 0.00147342 -0 -0 0.00703674 0.00971811 0.00255757 0.0074745 -0 -0.0111131 0.00439262 -0 0.000263142 -0 -0 0.000168376 -0 -0 -0 -0 0.000130808 -0 -0 0.0215005 -0 7.01245e-05 0.00770907 -0 0.00964454 -0 -0 -0 -0 -0 -0 -0 0.0022786 -0 -0 -0 -0 -0 -0 -0 -0 -0 -0 -0 0.00447641 -0 -0 -0 -0 -0 -0 -0 -0 -0 -0 0.000500629 -0 -0 -0 -0
0.00512801 0.00368973 0 0.0183547 0.00695683 0.0531814 0.000105494 0.0437868 -0 0.0024534 0.00460369 -0 -0 0.00238288 -0 0.00315306 0.0113895 0.0176833 0.00101218 0.00016863 0.015209 0.000284582 0.000757629 0.00734348 0.0149328 0.00582179 0.0147045 0.00372188 0.000793038 -0 0.000574755 0.0180783 0.00127005 0.00656599 0.00128434 0.000659143 0.0159731 0.0118575 0.01302 0.0147432 0.000266685 -0.0138538 0.0197875 -0.00558597 0.0114353 0.00877381 0.0136635 0.0146203 -0 0.0183677 0.00471114 -0 0.00605823 0.00409895 -0 0.000211211 0.0141772 0.0015347 0.00449095 8.10197e-05 0.00186613 0.00375775 -0 -0 0.0183172 0.0018444 -0 0.0247043 -0 0.0225324 0.00343103 0.00235639 0.00733668 0.0119256 -0 0.00842336 -0 -4.77373e-05 -0 -0 0.0267348 -0 0.00207342 0.0216366 -0.00456324 0.00843433 0.00505141 0.00311903 -0 0.00316101 0.000178257 0.00643699 0.0149264 0.000109789 0.00996002 0.00803748 -0 0.00156635 -0 0.00160312 -0.00401671 0.0109861 0.000998337 0.00312749 -0 0.0266474 0.00531177 0.00342136 0.026074 0.000548228 -0 -0 0.00985503 0.015149 -0 -0 -0 -0 0.00198913 0.00138333 -0 -0.000576059 0.00977137 -3.63694e-05 9.53137e-05 0.0144893 0.0248702 2.02381e-05 -0 0.0160247 0.00213877 0.00562311 0.0328288 0.000513027 0.0263555 -0.0094616 -0 0.00328482 0.000373384 0.00556802 -0.00595266 0.00709561 0.00225058 0.00951336 5.78364e-05 0.00162653 -0.0060749 0.000324863 0.000236219 0.00317406 -0 -0 -0 0.000515975 -0.000436425 -0 0.00525482 -0 0.00779637 0.000406285 0.00187981 -0 -0 0.00255703 0.00538814 0.00182202 -0 6.87719e-05 -0 0.000761292 -0 0.00489548 0.00571446 -0 0.000260741 -0 0.00650581 0.00501684 -0 0.000127113 -0 0.00140672 0.000981357 -0 -0.0063199 0.00740413 5.17714e-05 0.00618626 -0 -0 -0.000545382 -0.000161839 0.000488426 -0 -0.00454387 0.00162635 0.00237518 0.00713855 -0 0.00275081 -0 0.000330972 0.00792482 0.0023234 0.00192823 -0 0.00375718 0.00233734 0.00159706 -0 -0.00318876 0.00203137 0.00105304 -0 -0 -0
0.00485017 0.00204691 0.0183547 0 0.00697176 0.0276676 -0.00749574 0.0254988 -0.016289 -0 0.00560176 -0 -0 0.00394434 -0 0.000990806 0.0188455 0.0103113 -0.00199394 0.000343484 0.0139502 -0 -0 0.0084471 0.00251778 0.0312231 0.0172151 0.0200865 -0 -0 0.0171738 0.0249781 -4.46992e-05 0.00413343 -0 0.000376975 0.0130386 0.040493 0.0167081 0.0125402 -0 -0.0160194 0.0160917 -0.00131354 0.0287788 0.0118041 0.0624814 0.0167054 -0 0.0210921 0.000430888 -0 0.00424827 0.00938814 -0 0.00280417 0.0143632 0.00134852 0.0227267 0.00223359 0.00167534 -0 -0 0.000968705 0.022053 -0 -0.00331784 0.0230651 -0 0.0176361 0.0243811 0.00470096 0.0161486 0.0244358 -0 0.00925052 -0 -0.0200812 -0 -0.000890049 0.0205237 0.0209598 0.00686616 0.0170536 -0 0.0079921 0.0204642 -0 -0.00323393 -0 -0 0.00488128 0.0155011 -0 0.010596 0.00875145 -0 0.000325642 -0 -0 0.000323474 0.00220534 0.00185187 0.0131968 -0 0.113068 0.0152552 0.0093773 0.0272607 -0 -0 -0 0.0143833 0.0334273 -0 -0.00789628 -0 0.00131167 0.0112799 -0 -0 -0.00166671 0.017208 -0.0179131 -0 0.0182186 0.0204287 -0 -0 0.0265994 0.000603296 0.00674163 0.0182991 -0 0.0174657 -0.00886057 -0 0.00993623 -0 0.00291827 -0 0.0155757 0.00165957 1.63906e-05 0.00293211 0.00130142 -0.00704451 -0 -0 0.00471449 -0 -0 -0 -0 -0 -0.000535636 0.00221365 -0 0.0254806 -0 0.00299812 -0 -0 0.00315697 0.0085083 0.00961391 -0.00819419 -0 -0.017718 -0 -0.0194356 0.00962894 0.0141515 -0.00901033 0.00174886 -0 0.00895006 0.00195666 -0 -0 0.00357885 0.00173963 0.00473024 -0 -0.00293613 0.0146624 -0 0.00911458 0.00439888 -0.0102346 -0.00208015 -0 -0 -0.00711106 -0.00321623 0.000223542 0.00498654 0.0154111 -0.0142322 0.00865823 -0 0.00374869 0.00722829 -0 0.00114292 -0 -0 0.00560521 0.00464865 -0.00543973 -0.00381822 0.0145257 0.000334525 -0.00338581 -0 -0
0.0495869 0.0457719 0.00695683 0.00697176 0 -0 -0.0103964 0.0116337 -0 0.0520299 0.015894 0.0443417 0.0315212 0.0338369 0.0324506 0.0132489 0.00520806 -0 -0.00478569 0.0160553 0.0011088 0.0197341 -0.0075115 -0 0.000374771 -0 0.00291904 -0 0.0197873 -0.00543307 0.00157293 0.00821484 -0.0129695 -0 -3.18871e-05 0.0212041 0.00225002 0.00688452 0.00687192 0.00432298 -0 -0.0023278 -0 -0 0.00274139 0.00158098 0.00665566 0.00123735 2.51498e-05 0.00361379 -0.00042398 -0.000872623 0.0243776 -0.00293303 -0.000569748 -0 0.00302869 -0 -0 0.027967 0.0153888 0.00893716 -0 -0.000281115 0.00208944 -0.00194156 0.00856717 0.00996797 0.00849325 -0 0.00111628 -0 -0 -0 -0 -0 -0.00156331 -0.00801465 -0 -0 0.0187268 0.00477031 0.0304345 0.0196478 -0.0150644 0.00355311 0.00230035 -0.00103122 -0.00704776 0.019236 -0 -0 0.00101198 0.00897877 0.0017498 -0 0.00288887 -0.000403583 -0.0104129 -0.00305407 -0.000936354 0.0121831 -0 -0 -0 0.00471702 -0 -0 0.0127809 0.00264345 -0 0.00251342 0.000241819 0.00543216 -0 -0 -0 0.0100634 -0 -0.000740291 -0 -0 0.0015327 -0.00374907 -0 0.00202093 0.00769152 -0.00342991 -0.00136688 -0 0.014746 -0 0.00924001 -0 0.00813564 -0 -0 -0 -0 -0 -0.0102525 0.000542758 -0 -0 0.00482397 -0 -0 -0 -0 -0 -0 -0 -0.00330529 -0 -0 -0 0.00100017 0.00449689 0.00392578 -0 -0 -0.00774441 -0 -0 -0 -0 -0.00985256 -0 -0.015576 -0.00254075 -0.0181977 -0 -0 -0.00386786 0.00129736 0.0059555 -0 -0 0.0106335 -0.00399974 0.0151744 -0 -0 0.00182308 -0 0.00123208 -0 -0 0.0123701 -0 -0 -0 -0 -0.00758949 -0 -0 -0 0.000554997 -0.00476877 -0 -0 -0 -0 -0 -0 0.000789057 -0 -0 -0 -0.00727571 -0 9.018e-05 -0 -0 -0 -0
0.00216682 0.000327303 0.0531814 0.0276676 -0 0 0.00202426 0.0297348 -0 -0 -0 -1.37478e-06 -0 0.00450773 -0.00041845 0.00322539 0.00286095 0.0448088 0.0116251 0.00033938 0.0155309 -0 0.00214669 0.022281 0.0156856 0.0062337 0.00621673 0.00895819 -0 0.0035081 -0 0.0134577 0.00367736 0.0261921 -0.000371475 -0 0.014928 0.0241617 0.00718997 0.00907028 0.00028592 -0.00782995 0.0439108 -0 0.0189533 0.00516563 0.0109288 0.0111149 0.000192662 0.0170219 0.00442692 -0 0.000941349 0.00943967 0.00420795 0.0023574 0.0126522 0.00166136 0.00771932 -0 -0 0.00237062 -0 0.00113903 0.0202748 0.00686008 -0 0.0229658 -0 0.0865971 -0 0.00149196 0.0133153 0.0133078 0.000467786 0.0113268 0.00114394 -0.00213687 -0 -0 0.0133842 -0.00166103 0.00116214 0.0194746 0.00638254 0.0103229 0.00207334 0.00696635 -0.00364446 -0 0.000400237 0.00538294 0.0128937 0.000473812 0.00854606 0.0132847 -0.00131549 0.00492342 0.00377932 0.0112658 0.00546192 -0 -0 0.00931698 -0 0.0194646 0.0139702 0.00333937 0.0138608 0.00442511 -0 0.000173101 0.00770812 0.00681972 -0.000406227 -0 0.000282903 -0.00109113 0.00761065 0.00145212 0.000711499 -0 0.00774338 0.000387256 0.0032079 0.014771 0.0249108 0.00279984 0.00293082 0.028974 0.0036669 0.00103597 0.0240402 0.00092583 0.0305848 -0.00389509 -0.00328161 0.00146312 0.000626711 0.0263453 0.00453755 0.0120795 0.00125583 0.00398673 -0 0.00315741 -0.00215168 0.00121927 0.00121482 0.0221926 -0 0.000691389 0.000273084 0.00073174 -0 -0 0.00512194 -0.00371357 0.0101415 0.00110178 0.00146565 0.000949883 -0 0.00205237 0.0135839 0.0127662 -0.00840675 -0 0.00291514 0.0045823 0.00115302 0.0116946 0.00669579 -0 -0 -0 0.020344 0.00481704 -0 0.00518449 -0.00141254 0.00127665 0.000367203 -0.000648599 -0.00160056 0.00265401 0.00315679 0.0147051 -0.00166095 -0.00818327 -0.000229526 -0.00878901 0.00250647 0.00177112 -0.00144293 0.00857283 0.00570007 0.00292312 0.00324514 0.00137943 0.000599724 3.05835e-05 0.00151398 0.00318982 0.0064436 -0.00808979 6.25064e-05 0.00148136 0.000199859 -0.0059591 -0.00293358 0.00110445 -0 -0 -0 -0
-0.0220317 -0.0318933 0.000105494 -0.00749574 -0.0103964 0.00202426 0 -0.0164057 -0 -0.00317759 -0 -0.00743746 -0.00156429 0.00392194 -0.0355942 -0 -0 -0.0242463 -0.0285097 0.0196541 0.000309781 -0.0403524 0.23895 -6.91904e-06 0.0128164 -0 -0.00394386 -0.0244931 -0.0344734 0.212963 -0.0223217 -0.00896334 0.0204901 0.015738 -0.00431602 -0.0174705 -0.0123549 0.00369261 -0 -0.0119252 0.0325161 -0.00138876 0.0058953 -0.0283356 -0 -0 -0 0.0056362 0.000743082 -0.0205248 0.0533252 0.0129545 -0.00753493 0.00727583 -0.00209145 0.000243073 -0 0.0204089 -0 -0.0161871 -0.0155591 -0 -0 0.0700628 0.000754388 -0.000866599 -0 -0 -0.0199992 0.00419553 -0.000982126 0.00232717 0.00215326 0.0106718 0.0515699 0.00976103 0.0446194 -0.0204644 0.0255348 0.0010904 -0.0173492 -0.0140065 -0.00248439 0.00419723 0.0185486 -0.0212809 -0.000601617 0.00948724 -0.00927797 -0.00983049 -0 0.0099385 0.00047165 -0 0.000748589 0.00443794 -0.0139486 0.00839367 0.0222485 -0.0105496 0.00568989 -0.00880386 -0 -0 -0 -0.00698721 -0 0.0182686 0.00608216 -3.63961e-05 -0.00219165 -0 -0.0391416 -0 -0.0161869 -0 -0 -0.0131274 -0 0.0152832 -0 -0 0.0150765 0.00683143 0.0410903 0.00151894 -0 0.013805 0.00509613 0.00202826 0.00011559 -0 0.0113519 -2.04e-05 0.00652583 -0 -0 -0 -0 0.00227035 0.0174458 0.0184801 0.00918777 -0.000975829 -0.00096567 0.000903586 -0.000373043 0.0630617 -0.0168548 0.00300996 -0 -0.0187691 0.165005 -0.0159734 -0 -0 -1.77987e-05 -0.0127947 -0 0.0101572 -0 0.0502797 -0 0.00184729 0.00316418 0.00685618 0.00903996 -1.97474e-05 0.0106612 0.0176786 -0.00077228 -0.0315283 0.000443716 0.0375242 -0 -0.0038611 0.0108703 -0.000627321 -0.00688535 0.0174237 -0.00555255 -0 -0 -0.00364844 -0.000663523 -0 0.00938903 0.00253269 -0.0035067 -0 -0 -0.00533861 -0 -0.00859324 -0 0.00377807 0.00849772 -0 0.00562565 -0 0.000185073 -0 -0 0.00184944 -0.0234249 -0.00470646 -0.0127889 -0 -0 -0.00916491 -0 -0.0154957 -0 -0.0152978 -0 -0
0.00721055 0.0041967 0.0437868 0.0254988 0.0116337 0.0297348 -0.0164057 0 -0 0.00128384 0.000303609 0.00215578 -0 0.00293442 -0 0.0028998 0.00806924 0.00766332 0.00601104 2.59089e-05 0.0191143 0.00280002 -0 0.00782271 0.0173058 0.00650169 0.010077 0.00448166 0.00448115 -0.0118072 0.0115264 0.0140378 -0.00338464 0.00957785 -0 0.000251215 0.0148642 0.0127696 0.00790043 0.00479326 0.000257711 -0.0172555 0.0230513 -0 0.0133151 0.00366546 0.0306395 0.00871147 0.000364411 0.0202779 0.00117569 -0 0.0171387 0.010148 -0.00446838 -0 0.00826197 0.000244752 0.00191145 0.00188017 0.000949586 0.00281032 -0 -0 0.0109261 0.00230678 -0 0.0287343 0.000157005 0.00720575 0.0167325 -0 0.00507063 0.0111105 -0 0.00985284 -0 -0 -0 -9.74853e-05 0.036174 -0 0.00481446 0.0228065 -0.00313598 0.0194249 0.00761092 0.00325659 -0 0.000529539 -0 0.00848487 0.00979593 0.000316837 0.0114312 0.00779286 -0 0.00181718 -0 0.00214483 0.00248891 0.0123023 -0 0.00649694 -0 0.0244262 0.0070517 0.001674 0.0122011 0.000680962 -0.000210678 -0 0.0137999 0.0135607 -0 -0 -0 -0 0.006187 0.000835967 -0 -0.00117505 0.00810928 -0 -0 0.00397246 0.0160943 -0 -0 0.0259789 0.00575938 -0 0.0264158 0.000303965 0.0235339 -0.00835437 -0 0.000574977 0.00285325 0.00430041 0.000867365 0.00852504 1.6653e-05 0.00843389 -0 0.00817804 -0.0053532 0.00153458 0.00838512 0.00850345 -0 0.00224488 -0 0.0022969 -0 -0 0.00321087 -0 0.0111233 0.000412077 -0 -0 -0 0.00238671 0.0165581 0.00545328 -0 0.000562037 -0 -0 -0 0.00907763 0.0126286 -0 -0 -0 0.00656212 0.0133245 -0 -0.00181584 -0 -0 1.76012e-05 -0 -0.00279937 0.00300203 0.000200419 0.00819546 -0 -0 -0.00164069 -0 0.0018315 -0 -0.00488282 0.00199482 0.00292386 0.0144451 -0 0.000642182 -0 -0 0.000291308 0.00247525 0.00672336 -0.000197504 0.00218026 0.000185143 -0 -0 -0.00280416 0.00743696 -0 -0 -0 -0
-0 0.0114425 -0 -0.016289 -0 -0 -0 -0 0 0.00694346 -0.00736329 -0 0.00140231 -0 -0 0.00598231 -0 0.00370198 0.0103143 -0 -0 0.0126508 0.000109884 -0 0.0027253 -0 -0 0.00155877 0.0301191 -0 -0 -0 0.0204383 0.00445715 0.00968258 -0 -0 -0.0187969 -0 -0 -0 0.00183787 -0.00669378 -0.0874058 -0.0246589 0.00134879 -0.00486647 -0 0.00149692 0.000556556 0.00563178 0.0177558 -0 0.00581945 0.0102792 0.00650427 -0 -0 -0 -0 -0 0.00661032 -0.0282719 -1.23811e-05 -0 0.0124929 0.00158181 0.000865067 0.0180983 -0 -0.000628409 -0 -0 -0 0.000663493 0.00400911 0.000277841 0.0187146 -0 -0 -0 -0.0017142 -0 -0 0.00766199 0.000947712 -0 0.0116836 0.013895 0.0159136 0.027381 -0 -0 0.0108401 0.000321185 0.00379731 0.0256641 0.00391636 0.00704588 0.00681118 0.00694758 -0 -0 -0 0.00968445 -0.0119042 0.00387756 -0 -0 0.0117267 -0 -0 0.00175976 -0 -0 0.00139175 0.0143695 -0 2.39036e-05 0.00654579 0.000316297 -0 -0.014269 0.0125798 -0 -0 -0 0.00190139 0.010395 -3.70035e-05 0.00175357 -0 -2.50029e-05 0.00301097 -0 -0.00122588 -0 -0.000597994 0.00103669 0.00175618 0.0099072 -0 -0 0.0243428 -0 -0 -0 -0 0.00180589 0.0024239 0.00754528 0.00625428 -0 0.000408146 -0 -0 0.00421666 -0 -0 0.00342093 -0 -0 0.00134144 -0 -0 0.00259738 0.00748792 0.00624528 0.02196 0.00730513 0.0214219 0.000867468 -0 0.00449021 -0 -0 -0.000414824 0.00780567 0.00125454 0.00703333 0.00118267 -0 -0 -0 -0 -0 0.00140055 -0 -0.000646647 0.0271193 -0 -0 0.00488423 0.0172937 -0 0.00067791 0.00112169 -0 0.0133866 -0 0.000421341 -0 -0 0.0027237 -0 -0 -0 -0 -0 0.00836128 -0 -0 -0 0.00287484 -0 -0
0.044599 0.041661 0.0024534 -0 0.0520299 -0 -0.00317759 0.00128384 0.00694346 0 0.0585713 0.0296088 0.0284621 0.0117169 0.0102043 0.0392139 -0 0.000429626 -0 0.0396006 0.00101377 0.0189331 -0.000252979 -0 -0 0.00110278 -0 -0 0.025273 -0.00662349 5.82637e-05 0.00126018 -0 0.000693906 -0 0.0114644 0.000131926 0.000983434 -0 0.000813991 0.00116019 -0 -0 -0 -0 -0 -0 -0 0.0151998 0.00261439 -0 -0 0.00625345 -0 -0 -0 5.28618e-06 -0 -0 0.029113 0.0277488 0.0314728 -0 -0 0.000274701 0.000725113 0.0249053 0.00277559 0.0145629 -0 -0 -0 -0 -0 -0 0.000120421 -0 0.0020073 -0 -0 0.00200129 0.00107224 0.0221919 0.00172221 -0 0.000496348 -0 0.00014099 -0 0.0307195 -0 0.00730211 0.00111349 0.0273873 0.00131017 0.000288254 0.018684 -0 -0 -0 -0 0.0181593 -0.00512543 -0 0.00513367 -0 0.000891081 0.00181782 0.000303413 0.010151 -0.00168497 0.00303896 0.000401128 0.000146825 0.000188223 -0 0.0149979 0.0197526 -0 -0 0.0107117 -0 -0 -0 -0 -0 -0 -0 -0 0.00159695 0.0217345 -1.70414e-06 -0 0.000182181 0.000104188 -0 -0 -7.62708e-06 0.00179571 0.000305218 -0 -0 -0 -0 0.00981189 -0 -0 -0 -0 -0 0.00955122 0.00163624 -0.00268362 -0 -0 -0 0.00398368 0.0117357 0.00254843 0.0195202 -0 -0.00592642 0.000911578 -0 -0 -0 -0 0.00213225 -0 -0 -0 -0 0.000155998 -0 -0 4.85082e-05 -0 -0 0.0154696 -0 0.00211053 -0 -0 -0 -0 -0 -0 -0 -0 -0 -0 -0 -0 -0 -0 -0 -0 -0 -0 -0 0.00923339 -0 -0 -0 -0 -0 -0 -0 -0 -0 -0 -0 -0 -0 -0 -0
0.0406584 0.025426 0.00460369 0.00560176 0.015894 -0 -0 0.000303609 -0.00736329 0.0585713 0 0.0098918 0.0386898 0.111643 -0 0.0325434 0.00146813 -0 -0.0195699 0.0632994 0.00204822 -0 -0 -0 -0 0.0191604 0.0028389 0.00149083 0.00408482 -0 -0 0.0104513 -0.0129146 -0 -0.00338472 0.0181966 0.00382589 0.00611141 0.0040083 0.000506676 0.0436769 -0.00840569 -0 -0 0.0150337 0.000964446 0.00503217 0.00395027 0.034417 0.00500155 -0 -0.00267624 0.00330553 -2.33486e-05 -0 -0 0.0024388 0.000768789 0.000546921 0.0384761 0.0203402 0.0187478 -0 -0 0.00275839 -0.00848323 0.00830052 0.00333083 0.00104687 0.00115912 0.0196969 -0 0.00220127 0.000876417 0.0219087 1.53851e-05 -0 -0 0.0470866 -0 0.000816499 0.00462522 0.0414442 0.00659806 -0.00562581 0.00603674 0.000736497 -0.00587766 -0 0.00462549 -0 0.0431305 0.00300242 0.000233645 0.00294974 -0 0.00255249 -1.88666e-05 -0 -1.80199e-05 -0 0.0138911 -5.90084e-06 -0 -0 0.00377288 -0 0.0201404 0.00658895 0.0112625 -0.0215895 0.00349229 -0 0.00261198 0.00549133 -0 0.00479767 0.0137075 -0 -1.73278e-05 0.000381965 -0.000584938 0.00340868 -0.00622159 0.0390663 0.00278358 0.000808939 -1.32454e-05 -0 0.00412408 0.0154301 -0 0.0032461 -0 0.00274534 -0.00259342 -0 -0 -0 -0 -0.00219392 0.0031275 0.00380064 -1.96327e-05 0.179603 -0 -0.00104612 0.0283728 -0.00776889 -0.0171685 0.00185592 -0 -0 -0 -0 -7.37936e-05 0.00202551 0.00279505 0.0040155 0.0105499 -0 -0.00901857 -0 -0 -0 -0 -0.000305486 0.00349286 -0.0203827 -1.95945e-05 -0.0282923 -0.0129507 0.000410915 -0 0.000699684 -0 -0 -0 -0 -0.00629859 0.00606855 -0 -0 0.00110783 -2.44655e-05 2.36265e-05 -0.00161617 8.46283e-05 0.014333 -0 -0.00111706 -0 -0.0104466 -0.000261683 -6.98148e-05 -0 -0 0.000247997 -1.83382e-05 -0 -0 -0 -0 -0.0045834 -0 0.00185533 -0 -0 -0 -0 -0.000119242 -0 -0 -0 -0 -0
0.053207 0.0431511 -0 -0 0.0443417 -1.37478e-06 -0.00743746 0.00215578 -0 0.0296088 0.0098918 0 0.0352469 0.0183422 0.0257776 0.0308927 0.000369204 0.000813226 -0 0.029782 0.000858395 0.0368363 -0.00469589 -0 0.00140382 -0 0.000233364 -0 0.0196296 -0.00906372 -0 0.000324184 -0 0.00152192 -0 0.0485352 0.00753207 0.000319401 -0 0.0028981 -0 -0 -0 0.00316754 0.000757539 -0 0.000128934 -0 0.0116724 0.0025294 -0 -0.000132575 0.0123019 -1.56588e-05 -0 -0 0.00378295 -0 -0 0.0295868 0.0169552 0.0145356 -0 -0.00292696 -0 -0 0.0404882 0.00381081 0.00884318 -0 -0 -0 -0 -0 -0 0.000263475 -0 -0 0.000102357 -0 0.00113118 -0 0.0168824 0.00132297 -0.00689553 0.00227314 0.000535202 -0 -0 0.0152774 -0 0.00218317 -0 0.0136894 0.000120292 -0 0.00809386 -0 -0.0103697 -0 -0 0.00966354 -0 -0 -0 -0 -0 -0 0.00141094 0.00606738 -0 0.00681436 0.00230064 0.00026143 0.00145224 0.00317863 0.00112503 0.0105817 -9.97282e-06 -0 0.00201085 -0 -0 -0 -0 0.000100138 9.82781e-05 -0 -0 4.60019e-05 0.0317741 -0 -0 -0 0.00174083 -0 -0 -0 0.0128766 0.0014186 -0 -0 -0 -0 0.0122402 -0 -0 -0 5.93244e-05 -0 0.0103632 -0 -0.00333945 0.00104934 -0 -0 0.00629594 0.00183668 0.000309429 0.00703328 -0 -0.00340267 0.00681051 -0 -0 -0.00872901 -0 0.00131483 -0.00337662 -0 -0.00140483 -0 -0 -0 3.32341e-05 0.00531109 -0 -0 0.0124281 -0 0.00129166 -0 -0 0.00144178 -0 -0 -0 -0 2.34113e-05 -0 -0 -0 -0 -0 -0 -0 -0 -0 -0 -0 0.0010244 -0 -0 -0 -0 -0 -0 -0 -0 -0 -0 -0 -0 -0 -0 -0
0.033081 0.0298816 -0 -0 0.0315212 -0 -0.00156429 -0 0.00140231 0.0284621 0.0386898 0.0352469 0 0.0249443 0.0121071 0.0327248 -0 -0 -0 0.024714 -0 0.0414206 -4.18543e-05 -0 0.000138228 -0 -0 -0 0.0229371 -0.00202027 -0 -0 -0 -0 0.000554516 0.0104953 -0 -0 -0 -0 -0 -0 -0 -0 -0 -0 -0 -0 0.0116846 -0 -0 -0 0.0227626 -2.25133e-05 0.000536004 -0 -0 -0 -0 0.0264677 0.0201579 0.0286288 -0 -0.000142597 -0 -0 0.0325136 -0 0.0143536 -0 -0 -0 -0 -0 3.46273e-05 6.08999e-05 -0 0.000647388 0.00335188 -0 -0 0.00172463 0.0217171 0.00167646 -0 -0 -0 0.000328416 -0 0.0405131 -0 0.00969977 0.00014432 0.00606673 -0 -0 0.0161759 -0 -0 -0 -0 0.0247114 -0 -1.06675e-05 0.00357741 -0 -0 0.000117996 0.00158205 0.0116264 -0.000391692 0.0124276 -0 -0 0.000810883 0.0117909 0.0127731 0.0222872 -0 -0 0.00291369 -0 -6.84295e-06 -0 -0 -0 -0 -0 -0 -0 0.0322437 -0 -0 0.000169638 -0 -0 9.31801e-07 -0 0.00350862 5.79664e-05 -0 -0 -0 -0 0.0218023 -0 -0 -0 -0 -0 0.0179841 0.00398843 -0 0.00160528 -0 -0 0.000625433 0.00643647 0.000963732 0.034852 -0 -2.83616e-05 0.00482552 -0 -0 -0 -0 0.00815085 -0 -0 -0 -0 -0 -0 -0 0.00657264 -0 -0 0.00856361 -0 0.0157219 -0 -0 0.00501275 -0 -0 -6.40282e-06 -0 0.00806598 0.000109391 -0 -0 -0 0.000704705 -0 -0 -0 -0 0.00131491 -0 0.00277799 -0 -0 -0 -0 -0 -0 -0 -0 0.00110073 -0 -0 -0 0.00115747 -0 -0
0.020806 0.012269 0.00238288 0.00394434 0.0338369 0.00450773 0.00392194 0.00293442 -0 0.0117169 0.111643 0.0183422 0.0249443 0 -0.0850184 0.0541118 0.000621995 0.000742473 0.00431929 0.0380522 0.00248812 0.0153825 0.00880882 -0 0.0028064 -0 -0 -3.02866e-05 0.00376199 -0 -0.00097742 0.00347082 -0.00652358 0.0103261 0.00314968 0.0400572 0.00138477 0.00523067 0.00160476 0.00459734 0.0179674 -0.00403524 0.00327326 8.97167e-05 0.00287085 0.000585907 0.00312526 0.0057938 0.0375077 0.00407035 0.000687299 -0 0.0051459 -0 0.00292086 -0 0.00316299 0.0204468 0.00312958 0.0377124 0.0262526 0.0485062 -0 -0 0.00389851 -0.0148701 0.0171939 0.00313994 0.00447922 0.00053871 -0 -0 0.00349415 0.00163462 0.021173 0.00762164 -0 0.000717087 0.0446706 -0 4.02048e-05 -0 0.0144172 0.0066512 -0.00221838 0.00541606 -0 0.00270194 0.00183615 0.00129682 0.00153634 0.0410324 0.00587533 0.00221514 0.00416101 0.00326789 0.00070567 0.00126678 0.00263498 -0.00118142 0.00271026 0.00237922 -0 -0 0.00871703 0.00371548 0.000408343 0.0129975 0.00825748 0.0178829 -0.00370979 0.0226572 0.00327401 0.00139694 0.0072085 0.0154399 0.0019312 -0 -0 -0 0.0169875 -0 0.000436761 -0 0.0219139 0.00583656 0.000241921 -0 -0.000331719 0.0100105 0.0332067 -0 0.00500281 0.00204012 0.00644763 -0.00233192 -0 -0 0.00399084 0.00205282 0.00324724 0.0038232 0.00457881 -0 0.0709466 0.00414479 -0 0.0229087 -0 -0 0.00567049 -0 -0 -0 -0 -0 0.00412942 -0 0.00254947 0.0190753 -0 -0 0.00156486 8.34747e-05 0.00187485 -0 0.00335861 0.0117409 -0 -0.00376365 -4.10537e-05 -0 -0 0.00150022 -0 -0 0.00093299 0.000963138 0.00188353 -0.00294314 -0 -0 -0 -0 -0 -0 -0.011222 0.000428692 -0 -0 -0 -0.000113428 -0 0.00184894 -0 -0 -0 -0 0.00271894 -0 0.00344347 -0 -0 -0 0.00289604 -0 -0 -0 -0 0.000538911 -0 -0 -0 -0 -0 -0
0.0211375 0.00769833 -0 -0 0.0324506 -0.00041845 -0.0355942 -0 -0 0.0102043 -0 0.0257776 0.0121071 -0.0850184 0 -0 -0 -0 -0.00512239 -0.0150759 -0 0.0201637 -0.018406 -0 -0 -0 0.00209796 -0 0.0546693 -0.0245408 0.0270914 0.00175349 -0.00387979 -0.00223762 -0.00378021 0.0221727 0.00147117 0.0107532 -0 0.000878174 -0.00915592 -0 -0.00369117 0.0286357 -0 -0 0.000590597 -0 -0.0143295 -0 -0.00826589 -0.00109695 0.0304606 -0.00303504 -0.0034578 -0 -0 -0.0204838 -0 0.0047959 0.0427357 -0 4.10995e-06 -0.0129264 -0 -0.0017769 -0 -0 0.0295577 -0.00248164 0.00388382 -0 0.00727477 -0.00287386 -0.0396566 -0.00104744 -0.00249497 0.00478584 -0.0125682 -0 0.004746 0.03748 0.00557553 -0 -0.0134682 -0 0.00021292 -0.000411769 -0.00172322 0.027387 -0.0066803 -7.216e-05 -0 -0 -0 -0.00333421 0.0315683 -0.00133507 -0.00604029 -0.0093471 -0.00565889 0.0173158 -0 -0 -0 -0 1.67564e-05 -0 -0 -0 -0 0.00556829 -0 0.00626505 0.0307071 -0.000738593 1.43862e-05 0.0234654 -0 -0.00379469 -0 -0 -0 -0.00567776 -0.0195018 -0 -0 -0.0053388 -0.00188124 -0.000242049 2.14274e-05 -0 -0 -0 -0 -0 -0 -0 -0 -0.000909631 -0.0102703 -0 -0 -0.000874152 -0 -0 -0 -0.00145728 -0 -0.000804193 -0.000155294 -0 -0.0142071 0.00741189 -0 -0 -0 0.0146034 -0 -4.83347e-05 -0 -0.0174714 0.00155302 0.00489248 -8.55581e-06 -0 -0.00409419 -0 -0.00598995 -0.00232152 -0.00332177 -0 -0 -0.0106896 0.000146165 0.00258062 -0.00454512 -0.000618946 -0 -0.0102912 0.010699 0.00169078 0.00717327 0.0014645 -0 -0 -0 -0 0.00533776 -0.000477408 -0 0.0126772 -0.0015384 -0.00161079 -0 -0.00132336 -0.00192595 -0 -0.00199746 -0 -0 -0 -0 -0.00106692 -0 0.00452269 -0 -0 -0 -0.00144306 -0 -0 0.00503663 -0 -0 -0
0.0261799 0.0290921 0.00315306 0.000990806 0.0132489 0.00322539 -0 0.0028998 0.00598231 0.0392139 0.0325434 0.0308927 0.0327248 0.0541118 -0 0 -0 0.00769611 0.0238906 0.0330339 0.0042048 0.0174929 -0 0.00373656 0.00452838 -0 -0 0.00230021 0.0533821 -0.0307924 -0 0.00191913 0.00311401 0.0109745 0.0131903 0.0263275 0.003736 0.000753164 -0 0.00303503 0.00327293 -0.00302515 0.00518488 0.000630697 0.000690783 0.000240607 -0 0.00397313 0.0134636 0.00749506 0.00371743 -0 0.0108376 0.00783295 0.00781109 0.00102412 0.00292247 0.00273815 0.00136885 0.0162084 0.0152417 0.0610138 0.000178801 -0.0200505 0.00347233 0.0137037 0.0331334 0.0119024 0.040305 0.0013239 -0 0.00158051 0.00114288 0.00147627 0.000298751 0.00677071 -0 0.0189344 0.00492525 -0 0.000619778 -0.0011281 0.0152659 0.00537023 0.013774 0.00759243 -0 0.00946677 0.00699193 0.0308215 0.00379773 0.0138129 0.00364338 0.012674 0.00280343 0.0109277 0.00738419 -0.0027918 0.00302987 0.00282774 0.00723683 0.00741564 -0 -0 0.0208762 0.00104052 0.0009078 0.00540776 0.00201961 0.0298668 -0.00502669 0.0266937 0.00636899 -0 0.000394036 0.00619698 0.00982444 -0 -0 0.00185966 0.0206142 -0.00140911 -0 0.00132002 -0 0.00153681 0.000535821 -0.00197024 0.00347458 0.00744537 0.037911 -0 8.56936e-05 0.00570159 0.00491428 -0.00298728 0.000183176 -0 0.0134807 0.013134 0.00160003 0.00213293 0.00196335 0.00193259 0.0322615 0.000886085 -0.000467439 0.00102591 0.00409655 0.00272556 0.0165055 -0.0373929 -0.00894271 0.00826211 -0 -0 0.0154965 -5.49943e-05 0.00804655 0.0243138 -0 -0 0.0057913 0.000464526 0.00177812 -0 0.00435826 0.0104453 -0.00199422 0.00141735 -0.00727447 0.00110872 0.00296061 -0 -0 0.00622461 0.00109126 0.00290994 0.0151524 0.00448881 -0 -0 -0 -0 -0 -0 -0 0.000858137 -0 0.00502837 -0 -0.004933 0.000358056 0.0121595 -0.000291788 0.000599793 -0 -0 0.00498883 -0 0.0114794 -0 -0 0.00077963 0.000779622 -0 -0 -0 -0 0.00298791 -0.000107081 -0 -0 0.0039558 -0 -0
0.00150211 0.000503108 0.0113895 0.0188455 0.00520806 0.00286095 -0 0.00806924 -0 -0 0.00146813 0.000369204 -0 0.000621995 -0 -0 0 0.0089724 -0.00264978 -0 0.00340593 -0 -0 0.005711 0.00491119 0.00908216 0.0376287 0.00320526 -0 -0 0.00386688 0.0371082 -0.0112245 -0 -0.00112491 0.0166944 0.02204 0.0073434 0.0343068 0.0230027 -0 -0.023587 0.00103479 -0.00643241 0.00468439 0.027211 0.0204524 0.0167416 -0 0.00633961 -0 -0 0.00259691 -0 -0.00849773 -0 0.0203182 -0 0.0116078 0.00187244 0.00399209 -0 -0 -0 0.0135164 -0.00489525 -0 0.0159786 -0 0.00300895 0.0133767 0.00353258 0.0189857 0.00297558 -0 -0 -0 -0.0188246 -0 -0.00295688 0.0207644 0.0130318 -0 0.0171559 -0.0124762 9.42751e-05 0.0229079 -0.00303612 -0.0110447 0.00086537 -0 -0 0.00612193 -0 0.00468862 -0 -0 -1.10442e-05 -0.00589237 -1.01598e-05 -0.000195965 0.00405256 0.00036474 0.00215531 -0 0.021024 0.00211074 0.0102855 0.019449 -0 -0 -0 0.00186075 0.0112879 -0 -0.00072289 -0 0.0058054 0.00135349 -0 -1.41217e-05 -0.000509235 0.00852796 -0.00272419 -0 0.016993 0.0182612 -0.000143517 -0.00113404 0.00625545 -0 0.00210869 0.00562094 -0 0.0127163 -0.0110806 -0 0.0148158 -0 -0 -0.0100984 0.0261788 0.0010036 -0 -0 -0 -0.0068749 -0 -0 -0 -0 -0 -0 -0 -0 -0.000197377 0.00451 0.0129701 0.00560271 -0 0.000625528 -0 -0 0.00170867 0.00235401 6.47153e-05 -0.0138671 -0 -0.00353323 -0.000550391 -0.00523424 -0 0.00305148 -0.000171154 0.0171082 -0 -0 -0 -0 -0.000415131 0.0163689 0.00200378 0.00232517 0.00708166 -0.00181363 0.0187479 -0 0.00116432 0.0174202 -0 -0.00112051 0.000591345 -0 -0.00611135 -0.0029535 -0 -0 0.00563894 -0.00654054 0.00334184 -0 0.00232815 0.00507145 -0 -0 0.00977229 -0 0.00835731 0.00463831 -0.00239964 -0.00609427 0.00331909 0.000428861 -0.000328971 -0 -0
0.000415657 0.00263634 0.0176833 0.0103113 -0 0.0448088 -0.0242463 0.00766332 0.00370198 0.000429626 -0 0.000813226 -0 0.000742473 -0 0.00769611 0.0089724 0 0.0169486 0.000171748 0.00644099 0.00124842 -0 0.0217563 -0.003299 0.0362471 0.00463364 0.0483444 0.010627 -0.0218744 0.00491721 0.0206025 0.00604134 0.0125925 0.0033635 0.000501847 0.0128929 0.00509627 0.0114026 0.0125877 0.0001503 -0.00647691 0.0265781 0.000672396 0.0101954 0.0164412 0.00386985 0.00938552 0.000252592 0.0323802 0.0020056 0.00124231 0.00205421 0.0147282 0.00987024 0.00376658 0.0102403 0.00076448 0.029122 -0 -0 0.00783004 0.000220159 -0 0.0144036 0.00850062 -2.04002e-05 0.0212206 0.00273784 0.0179807 0.00141477 0.00358456 0.00895545 0.0033734 -0.0181861 0.0100524 -0 0.00579027 -0 -0 0.00929697 -0.0011688 0.0020086 0.00664388 0.00692523 0.0124358 0.00355425 0.00655839 0.00470754 -0 0.00253284 0.00205741 0.024649 -0 0.00239473 0.0265488 -0 0.0106463 0.0120868 0.00730438 0.0109085 -0 -0 0.0231375 0.000955839 0.0112529 0.00244468 0.00972246 0.00493536 0.0141058 0.0117388 0.00792668 0.0222204 0.00489981 -0 0.000148239 -0 -0.00114896 0.0157342 0.000209063 0.000729072 -0 0.00195018 0.00114956 -0 0.00552889 0.0170011 0.000846427 0.0026653 0.0116463 0.00299028 -0 0.00283675 0.000724765 0.00562998 -0.00661805 -0 0.000889618 -0 0.0144623 -0.00233277 0.0153842 0.000417675 0.0039775 0.000371526 -0 -0.00280875 -0 0.000394777 0.0114365 -0 0.00152889 -2.93428e-05 0.00169052 -0 -0 0.0170851 -0.0014655 0.0229903 -0 6.1831e-05 -0 -0 0.00212311 0.00775037 0.0114492 0.0103487 0.000102091 -0.00309133 0.00368488 0.00201313 0.0079344 0.0045662 -0 -0 -0 0.00356226 0.0043603 -0 0.00776984 -0.0033033 0.00268959 0.0022642 -0.000495129 -0.000141906 0.00265959 0.00248921 0.00918433 -0.00130326 -0 -0 -0.00170754 0.00113443 0.0120921 -0.000526045 0.00686804 0.0022486 0.000156966 0.00390048 0.00119702 0.00050555 0.00167444 0.000292099 0.00450556 0.000860762 -0.00158288 -0 0.00140344 0.00023596 0.00306132 -0.00281673 0.0087189 -0 -0 -0 -0
-0 -0 0.00101218 -0.00199394 -0.00478569 0.0116251 -0.0285097 0.00601104 0.0103143 -0 -0.0195699 -0 -0 0.00431929 -0.00512239 0.0238906 -0.00264978 0.0169486 0 -0.0161356 0.00580763 0.00590733 -0.0164297 0.00416276 0.0011078 -0 -0.00100067 0.00989841 0.00617054 -4.35633e-05 -0 -0 0.058907 0.0317012 0.00457295 -0.00499372 0.000571539 -0 -0 0.00146465 0.0012041 0.0151339 0.0434377 0.00164987 0.00340605 -0 -0.0173658 -0.00116995 0.0023504 0.0133652 0.0174207 0.0176204 -0 0.0499354 0.0187873 0.00745248 0.000849983 0.00793217 0.00428917 -0.000467445 -0.00655558 0.0100641 0.00260892 -0 0.0147238 0.0528603 0.00750524 0.00801858 0.0021584 -0.000324945 -0.00773465 0.00144177 -0.00785732 0.000126533 -0.00217534 0.0151745 0.00222518 0.0206098 0.000188168 0.00180812 -0 -0.0120602 -0 -0.000972768 0.0415256 0.0101253 -0.00172833 0.043892 0.034914 -0.000660339 0.0201859 0.00659624 0.00591099 0.00736034 -0.00603475 0.0143609 -0.00442494 0.023363 -0.00156786 0.04833 0.0387579 -0.0170945 -0 0.00240762 0.0069356 0.000346189 0.0177591 0.000549728 -0 0.025026 -0 0.00488403 0.013363 0.000560046 -0.000242787 0.0134388 0.00924518 -0.019241 0.00597904 0.0377019 0.0106141 -0 -0 0.0210589 -0.0125601 0.00021538 -0 0.0109347 0.0240233 0.00812016 0.00765416 -0 0.00106831 0.0265019 0.00503249 0.0018646 -0 -0.0117303 0.00418876 0.0204353 0.0563635 -0.00196015 -0.00188457 0.0203972 -0 0.0179306 0.0176378 0.00435001 0.00828269 0.027815 0.00227929 0.0199305 -0 0.0112896 -0 0.00746895 0.00617029 -0.0221156 0.00561394 0.0110142 -0 0.00377913 0.0041085 0.0011231 0.0184253 0.0204666 0.0640769 0.00869677 0.0365771 0.0159314 0.020642 0.0386139 0.00391545 0.0107865 -0.00176606 -0 0.0133036 0.0304107 0.00385187 0.0282192 -0.0248113 7.72328e-05 -1.64646e-05 -0.0129525 -0 -0.000436094 0.00827459 0.00866842 -0.0165356 0.00075756 1.31221e-05 -0.0114579 0.0218852 0.0299325 -0 0.0077076 0.0189414 -0 0.0227399 -0 0.00771699 -0 -0 0.0195185 0.0179218 -0.00860422 -0 -0 -0.00405643 0.0196967 -0 -0 -0 -0.00241803 -0 -0
0.0342258 0.0291797 0.00016863 0.000343484 0.0160553 0.00033938 0.0196541 2.59089e-05 -0 0.0396006 0.0632994 0.029782 0.024714 0.0380522 -0.0150759 0.0330339 -0 0.000171748 -0.0161356 0 0.00149992 0.00555828 0.0131709 -0 0.000577234 0.00048004 -0 -0 0.00184507 0.0042776 -0.0165364 -0 -0.00258924 0.00915 0.00464899 0.0165026 -0 0.00316298 -0 -0 0.0229467 -0.000961341 0.000728669 -0 0.00402588 -0 -0 0.00163205 0.0608932 0.000632995 0.000276732 -0 -0 -0 0.00161713 0.013032 -0 0.014295 -0 0.0203738 0.0119852 0.0342301 -0 0.00176572 0.00022284 0.00168962 0.0143801 0.00308587 0.00522215 0.0014045 -0 -0 0.000131392 0.000851364 0.0282169 0.00365038 0.00114989 0.0019093 0.0335753 -0 -0 -0 0.0230788 0.00214091 -0.00304939 0.00150081 -0 0.00273649 0.000944066 0.00701592 -0 0.0337445 0.00184798 0.0104448 -0 0.00226411 0.00639461 0.00143281 0.00152216 -0 0.000810689 0.0122931 -0.00206184 -0 0.00279699 -0 -0 0.0138445 0.00310011 0.0122084 -0.0029773 0.0124928 0.0011291 -0 0.000479725 0.00601662 0.00356633 0.00714294 -0 -0 0.00603993 -1.50497e-05 -0 -0 0.0214788 0.000303889 -0 -0 0.000432195 0.000859304 0.0134274 -0.00808526 0.000103025 -0 -0 -0 -0 -0 0.0155935 0.0031153 0.00169196 0.0023781 0.00161494 -0 0.031027 -0 -0 0.0191316 -0 -0 0.0174731 -0 0.00110386 -0 -0 -0 0.00199046 -0 0.00291373 0.0156043 -0 0.000513958 -0.00860967 -0 0.000115439 -0 0.00155168 -0 -0 0.000920503 -0 -0 0.000137673 0.0207506 -0 -0 -0 -0 0.00213164 0.00083302 0.00672513 -0 -0 -0 -0 -0 -0 0.000121362 -0 -0 -0 -0.000239196 -0 0.00300579 -0 -0 -0 -0 0.00146887 -0 0.00806272 -0 -0 -0 -0 -0 -0 -0 -0 0.0024913 -0 -0 -0 -0 -0 -0
0.00386102 0.00238402 0.015209 0.0139502 0.0011088 0.0155309 0.000309781 0.0191143 -0 0.00101377 0.00204822 0.000858395 -0 0.00248812 -0 0.0042048 0.00340593 0.00644099 0.00580763 0.00149992 0 0.00099145 0.000727288 0.00446272 0.0170426 0.000501086 0.00697136 0.00335284 0.000776387 -0 -0 0.00564387 0.0017899 0.0184396 0.00489308 0.00174271 0.0169657 0.00996763 0.00667926 0.00991414 0.000408269 -0.00777145 0.0133566 -0 0.0266648 0.0035303 0.0185306 0.00482287 -0 0.0272245 0.00796977 -0 0.00941838 0.0124132 0.00293251 0.000585914 0.0109179 0.00019431 0.00625032 0.000970963 0.000506066 0.00588118 -0 -0 0.0259767 0.0038495 0.00122984 0.0151522 0.00270911 0.00879035 -0 0.000217048 0.0103912 0.00987922 -0 0.0066192 -0 0.00290059 0.000917195 -0 0.0116955 -0.000365199 0.00453937 0.00746045 0.00358558 0.031097 0.00533902 0.010027 0.00169734 -0 -0 0.00305082 0.0173806 0.000587039 0.00981379 0.00487969 -0 0.00440713 0.00265959 0.00733644 0.00345528 -0 -0 0.00486502 -0 0.012978 0.00724504 0.00134564 0.00886676 0.0020836 -0 0.0025524 0.0207041 0.0137227 -0 -0 -0 -0 0.00593044 0.00515177 0.00143982 -0 0.00367221 -0 -0 0.0092342 0.00765146 0.00109303 0.00187091 0.0184405 0.00755742 -0 0.0178195 0.00361852 0.0131219 -0.00428264 -0 -0 -0 0.0120274 0.0107619 0.00535551 0.000662343 0.0157709 0.0019263 0.0103132 -0.00158428 0.000375519 0.00337463 0.00661266 -0 0.00069421 -0 0.00192593 -0 -0 0.0026361 -0.00032292 0.00939196 0.00114861 -0 -0 -0 0.000667948 0.0232436 0.00751834 0.00137076 0.000210828 -0.00307789 0.00640826 -0.0014184 0.00936232 0.0208685 -0 0.00292463 -0 0.00435798 0.00789617 0.000342337 0.00197217 -0 -0 -0 -0 -0 0.00128472 0.000416046 0.00763965 -0 -0 -0 -0.000340355 0.000938456 0.00165716 -0.00182649 0.00459471 0.00190563 0.000982969 0.00154012 -0 0.000180427 -0 -0 0.00184615 0.00310666 -0.000365444 -0 -0 -0 -0.00115983 -0.000711113 -0.00991877 -0 -0 -0 -0
0.0246419 0.0446178 0.000284582 -0 0.0197341 -0 -0.0403524 0.00280002 0.0126508 0.0189331 -0 0.0368363 0.0414206 0.0153825 0.0201637 0.0174929 -0 0.00124842 0.00590733 0.00555828 0.00099145 0 -0.0227866 -0 0.00512181 -0.0239016 -0 0.00335556 0.0324426 -0.0308526 -0.00404893 -0 0.00456922 0.00502509 0.0288747 0.0517135 -0 -0 -0 0.0101478 -0 -0 -0.00265 0.0220434 -0 -0 -0 -0 -0 -0 -0 -0 0.00883434 -3.55657e-05 0.00462611 0.0014599 0.00235983 -0 -0.0137444 0.00840059 0.00377036 0.037143 -0 -0.0204612 0.000412351 0.0109743 0.0367564 0.00502599 0.0140454 -0 -0.0154208 -0 -0 -0 -0 0.00859267 -0 0.00458427 0.000440541 -0 0.00119552 -5.46724e-05 0.0130832 -0 0.00234511 0.00208794 -0 0.00583948 0.00626763 0.018419 0.0110892 0.00131089 -0 0.0011506 0.00387188 0.00198384 0.00490536 0.00104222 -0 0.00197272 0.00509189 0.00885868 -0 -0.00829314 0.0235154 -0 5.97879e-05 -0 -0 0.0184788 -0 0.00633409 0.00997107 -0 -0 0.00891551 0.0279814 -0 -0.00780606 0.00273137 0.00918652 -0 -0.00892531 0.00335031 -0 -0 -0 -0 0.00172248 0.000701073 0.028883 -0 -0 0.0194695 0.000469078 -0 0.0182465 -7.83773e-06 0.00418456 0.00274803 0.00503369 -0 -0 0.0120769 0.00157401 0.00172289 -0 -0 0.0118902 0.000792388 0.0166118 0.0131606 -0.0153107 0.0248244 -0 -0 0.00487668 -0 0.000488096 0.0293651 -0 -0.00317064 0.0221239 -0 0.00511495 -0.0122816 0.00247542 0.0258217 0.00577193 0.00147247 0.00291804 0.00316405 0.000225348 -0 -0 -0 -0 0.00418247 0.00456887 0.000444703 -0 -0 -0 -0 6.92435e-06 -0 -0 -0 -0 0.0134373 -0 -0 0.00258181 0.00705067 -0 2.77699e-06 -0 -0 0.0104771 -0 0.0100386 -0 -0 0.00267528 0.00331137 -0 0.00460211 -0 -0 0.00566236 -0 -0 -0 0.0132103 -0 -0
-0.00542842 -0.0173351 0.000757629 -0 -0.0075115 0.00214669 0.23895 -0 0.000109884 -0.000252979 -0 -0.00469589 -4.18543e-05 0.00880882 -0.018406 -0 -0 -0 -0.0164297 0.0131709 0.000727288 -0.0227866 0 0.000412156 0.0109877 -0 -0 -0 -0.0209727 0.172187 -0.0119516 -0 0.00838265 0.00807757 -0.00367396 -0.00991865 -0 0.000547459 -0 -0 0.016367 -0.0183014 0.00589053 -0.0101815 7.55837e-05 -0 -0 0.0049038 0.000369141 -0 0.0408835 0.00498216 -0.0052525 0.00815972 -0.00276578 0.000356855 -0 0.0109093 -0 -0.00537012 -0.0153529 0.000495423 -0 0.0239365 0.0033525 0.00323164 -0 0.000197699 -0.00319866 0.00184241 -0.000390104 0.00768092 0.0032821 0.0137069 0.0259823 0.018667 0.014902 -0.0135451 0.00915239 -0 -0.0120102 -0.00766023 -0 0.00120129 0.0100125 -0.0230914 -0.00029691 0.00628659 -0.0101221 -0.00730259 -0 0.00718521 0.00114877 0.00014077 0.00126941 0.00754247 -0.0150057 0.0153384 0.0276855 -0.00370162 0.00840938 -0.00795276 -0 -0 -0 -0 -0 0.0125786 0.00124846 -0 -0.00147135 -0 -0.020128 -0 -0.010012 -0 -0 -0.0137222 -0 0.00706617 0.000274429 -0 0.00962207 0.00816097 0.0138617 0.000752709 -0 0.00961873 0.0051091 0.00392393 0.000616419 -0.000488487 0.0048032 -0 0.00430093 -0.000447549 -0 9.82127e-05 -0 0.00276891 0.0109492 0.00776242 0.0211759 0.00286415 -0 0.000772634 -0.000441921 0.0446787 -0.0164972 0.00214158 -0 -0 0.120549 -0.0015677 -0 -0 -0 -0.012224 -0 0.0042187 -0 0.0299326 -0 0.00596738 0.00213182 0.00378229 0.00559315 -0 0.0159055 0.00972379 -0.00146555 -0.0267908 0.00233268 0.0117772 -0 -0.00433554 0.00828925 0.00494052 -0 0.00994333 -0.00527535 0.00160765 -0 -0.00333839 -0.00120265 -0 0.00530888 0.0046694 -0.0053827 -0 -0 -0.00381148 -0 -0.00316144 -0.00107162 0.00415208 0.00483269 -0 0.00504486 -0 0.00120744 0.000142511 -0 0.00155437 -0.0156991 -0.00174512 -0.00978942 0.000516396 -0 -0.00826414 -0 -0.0120306 -0 -0.00669013 -0 -0
