0.922136 -0.0540819 -0.0047697 -0.00445753 -0.0458665 -0.00199437 0.0182924 -0.00657704 0 -0.040634 -0.0336289 -0.0487393 -0.030138 -0.0171555 -0.0179512 -0.0231889 -0.00141484 -0.000378825 0 -0.0295458 -0.00353397 -0.0210236 0.0047009 0 -0.0033738 0 -0.00206616 0 -0.0234561 0.0191799 0 -0.00625728 0.00181403 -0.00102069 0 -0.0178408 -0.00494114 -0.00782912 -0.000510007 -0.00207592 0 0.00362111 -8.41963e-05 -0.00134646 -0.00276227 -0.000392858 -0.00618119 -0.000961185 -0.0139 -0.00491771 0 0.00732406 -0.0283081 0 0 0 -0.00318202 0 0 -0.0467194 -0.0185949 -0.0132019 0 0.00297485 -0.00289749 0 -0.0140553 -0.00640023 -0.011153 -1.49072e-05 0 0 0 0 0 -0.000902351 0.000212935 0 -0.000429894 0 -0.0064945 -0.00319279 -0.0504336 -0.00613363 0.00353928 -0.00196099 0 0 0 -0.02758 0 -0.0105474 -0.00120683 -0.00944124 -0.00318999 0 -0.0098532 0 0.014992 1.19465e-05 0 -0.0138345 0 0 -0.00128477 -0.00393396 -0.00259905 0 -0.00584889 -0.00654249 0.00521299 -0.0147499 -0.00481075 -0.00353027 -0.000935658 -0.000697887 -0.00558548 -0.0232322 0 0.00266454 -0.00424042 0 0 0.00245992 0 -0.00144224 -0.0016905 0 0 -0.00403382 -0.0174034 0 -0.00911997 -0.000158124 -0.00384966 0.0026966 0 0 -0.00336707 -0.000221903 0.000390472 -0.000219114 -0.00094533 0 -0.0128779 0 0.000249063 0 0 0 -0.00108473 0 0.00641754 -0.00486304 0 0 -0.00253726 -0.00432439 -0.00380863 -0.00377942 0 0.0107208 -0.00183709 0 -0.000189333 1.22398e-05 0 -0.000993571 0.00291327 0 0.00586337 0 -0.000860135 4.84523e-05 -0.000490908 -0.00577807 0 -0.000132119 -0.0040907 0 -0.0141476 0 0 -0.00106699 0 0 0 0 -0.0117091 0 0 0 0 0 0 0 0 0 0 0 -0.00151316 0 0 0 0 0 0 0 0 0 0 0 -0.000441462 0 0 0
-0.0540819 0.906077 -0.00340191 -0.00186476 -0.0419675 -0.000298619 0.0262486 -0.0037945 -0.00908515 -0.0376253 -0.0208462 -0.0391821 -0.0269852 -0.0100279 -0.0064807 -0.025543 -0.000469731 -0.00238173 0 -0.0249695 -0.002163 -0.0377335 0.0148806 0 -0.000748505 0 -4.84341e-05 0 -0.0212306 0.0273057 -3.43083e-05 -0.000578132 0 -0.000556406 -0.000208894 -0.0221714 -0.000448236 -0.000273637 -0.00106921 -0.0016443 0 0.000812259 0 -0.00147647 -0.00169399 -0.000844772 -0.000390554 -0.000433341 -0.00381204 -0.00260099 0 0 -0.00640432 0 -0.000380264 -0.000123218 -0.00187342 0 0 -0.0239555 -0.00972758 -0.017163 0 0.00308184 -0.000774093 -0.000228023 -0.0145594 -0.00739086 -0.0240209 0 0 0 0 0 0 -6.38787e-06 5.66522e-05 0 -0.0029939 0 -0.007744 0 -0.0282442 -0.00293745 0 -0.00330445 0 0 0 -0.0207579 0 -0.00191152 -0.000934295 -0.0105365 -0.00144913 -0.000436888 -0.0154959 0 0 0 0 -0.0152531 0.00126073 0 -0.0109556 -0.00212749 0 0 -0.00449063 -0.0220321 0 -0.00592743 -0.0108241 -0.000301894 0 0 -0.0129391 -0.0101402 0 0 -0.00660073 0 0 0 0 -0.00055376 -3.05343e-05 0 0 -0.00147857 -0.0183149 0 -1.37203e-05 0 -0.000886463 0 -0.000370217 0 -0.001922 -0.000444548 0 0 0 -0.000372171 -0.00655458 0 0 0 -0.00237096 0 -0.00686043 -0.0026734 0.0123226 -0.00134021 0 0 -0.00642263 -0.00904153 -0.00233672 -0.00676648 0 0.0099562 -0.00399872 0 -0.000239263 0 0 -0.000153366 0 0 0 0 -0.00011875 0 0 -0.020048 0 -6.33165e-05 -0.00708072 0 -0.00887884 0 0 0 0 0 0 0 -0.00213364 0 0 0 0 0 0 0 0 0 0 0 -0.00407734 0 0 0 0 0 0 0 0 0 0 -0.000458686 0 0 0 0
-0.0047697 -0.00340191 0.938191 -0.0170151 -0.00649066 -0.0493729 -8.83482e-05 -0.0402859 0 -0.00225466 -0.00384076 0 0 -0.00198183 0 -0.00281703 -0.0108207 -0.0162561 -0.000890846 -0.000146834 -0.0140414 -0.0002449 -0.000661778 -0.00678688 -0.0137124 -0.00512489 -0.0139358 -0.00322022 -0.000715964 0 -0.000461921 -0.0170281 -0.00116114 -0.0059927 -0.00111023 -0.000552436 -0.014803 -0.0109046 -0.0122796 -0.0139706 -0.000230649 0.0123403 -0.0178982 0.0048752 -0.0103394 -0.00838872 -0.0125614 -0.0137766 0 -0.0164568 -0.00409977 0 -0.00533004 -0.00358575 0 -0.000179649 -0.0133772 -0.00137572 -0.00415625 -7.4662e-05 -0.00169446 -0.00347463 0 0 -0.0172289 -0.00169619 0 -0.0228485 0 -0.0201451 -0.0030549 -0.00216043 -0.00682979 -0.0110031 0 -0.00782971 0 4.34878e-05 0 0 -0.0249597 0 -0.00187348 -0.0202782 0.00413904 -0.00762583 -0.00469165 -0.00289665 0 -0.00291749 -0.000156526 -0.00572468 -0.0140774 -9.95368e-05 -0.00924681 -0.00731646 0 -0.00137794 0 -0.0014445 0.00360089 -0.0102251 -0.000918648 -0.00287674 0 -0.025103 -0.00480795 -0.00316865 -0.0243129 -0.0005059 0 0 -0.00909937 -0.0139163 0 0 0 0 -0.00182701 -0.00123731 0 0.000539201 -0.00902135 3.3006e-05 -8.63215e-05 -0.0138443 -0.0232567 -1.85235e-05 0 -0.014848 -0.00200375 -0.00521114 -0.0307661 -0.000469096 -0.0248499 0.00872401 0 -0.00305781 -0.000339496 -0.0052111 0.0054281 -0.00662683 -0.00207733 -0.00879931 -5.34111e-05 -0.00150013 0.00558805 -0.000296556 -0.000217084 -0.00293328 0 0 0 -0.00047757 0.000420732 0 -0.00488048 0 -0.00724827 -0.000374261 -0.0017436 0 0 -0.00237276 -0.00498525 -0.00167741 0 -6.37416e-05 0 -0.000710174 0 -0.00451661 -0.00527883 0 -0.000241709 0 -0.0059981 -0.00460936 0 -0.000117314 0 -0.00132411 -0.000925689 0 0.00596963 -0.00697556 -4.73716e-05 -0.00569408 0 0 0.000515934 0.000154008 -0.000452017 0 0.00428213 -0.00150585 -0.00219964 -0.00670063 0 -0.00260079 0 -0.00031429 -0.00750859 -0.00214226 -0.00180082 0 -0.00353416 -0.002224 -0.00151757 0 0.00299897 -0.00189388 -0.000998216 0 0 0
-0.00445753 -0.00186476 -0.0170151 0.915969 -0.00642709 -0.0253802 0.00620267 -0.0231806 0.0130036 0 -0.00461775 0 0 -0.0032414 0 -0.000874668 -0.0176911 -0.00936611 0.00173402 -0.000295524 -0.0127258 0 0 -0.00771384 -0.00228447 -0.0271581 -0.0161208 -0.017172 0 0 -0.0136378 -0.0232469 4.03794e-05 -0.00372759 0 -0.000312183 -0.0119395 -0.0367951 -0.0155703 -0.0117415 0 0.0140993 -0.0143818 0.00113275 -0.0257107 -0.0111515 -0.0567572 -0.0155539 0 -0.0186726 -0.000370504 0 -0.00369311 -0.00811487 0 -0.00235671 -0.0133912 -0.00119443 -0.0207824 -0.00203379 -0.0015031 0 0 -0.000847626 -0.0204956 0 0.00288514 -0.0210783 0 -0.0155798 -0.0214497 -0.00425867 -0.0148538 -0.0222771 0 -0.00849614 0 0.0180757 0 0.00081922 -0.0189327 -0.0191689 -0.00613013 -0.0157925 0 -0.0071399 -0.0187804 0 0.00288485 0 0 -0.0042894 -0.0144453 0 -0.00972005 -0.00787147 0 -0.000283058 0 0 -0.000286533 -0.00202812 -0.00168375 -0.0119941 0 -0.105246 -0.0136437 -0.00858122 -0.0251166 0 0 0 -0.0131222 -0.0303413 0 0.00715003 0 -0.0012171 -0.0102371 0 0 0.00154148 -0.0156979 0.0160629 0 -0.0172003 -0.0188758 0 0 -0.0243526 -0.000558478 -0.00617327 -0.0169451 0 -0.0162717 0.0080725 0 -0.00913935 0 -0.00269867 0 -0.0143734 -0.00151357 -1.49797e-05 -0.00267551 -0.00118599 0.00640275 0 0 -0.00430494 0 0 0 0 0 0.000500446 -0.00203147 0 -0.023407 0 -0.00274774 0 0 -0.00289457 -0.00777831 -0.00874538 0.00748118 0 0.0160118 0 0.017824 -0.00877791 -0.012917 0.00809878 -0.00160189 0 -0.00815329 -0.00177632 0 0 -0.00331266 -0.00161796 -0.00440876 0 0.00274036 -0.0136492 0 -0.00828948 -0.00414146 0.00936985 0.00194438 0 0 0.00655869 0.00299485 -0.000204513 -0.00456299 -0.0142934 0.0132175 -0.00808852 0 -0.00351734 -0.00676705 0 -0.00105468 0 0 -0.00526986 -0.00436463 0.00506509 0.00354819 -0.0133812 -0.000313331 0.00321464 0 0
-0.0458665 -0.0419675 -0.00649066 -0.00642709 0.92782 0 0.0086584 -0.0106442 0 -0.0475501 -0.0131865 -0.0407435 -0.0288054 -0.0279859 -0.0276437 -0.0117713 -0.00492054 0 0.00418868 -0.0139026 -0.001018 -0.0168882 0.00652482 0 -0.000342236 0 -0.00275111 0 -0.0177652 0.00482385 -0.00125713 -0.00769476 0.0117917 0 2.74117e-05 -0.0176729 -0.00207363 -0.00629616 -0.00644524 -0.00407374 0 0.00206199 0 0 -0.00246492 -0.00150321 -0.00608489 -0.00115949 -2.13299e-05 -0.00321987 0.000366914 0.000733953 -0.0213286 0.00255158 0.000509977 0 -0.00284194 0 0 -0.0256296 -0.0138957 -0.00821801 0 0.000247564 -0.0019544 0.00177565 -0.00749792 -0.00916809 -0.007608 0 -0.000988401 0 0 0 0 0 0.00143468 0.00726074 0 0 -0.0173866 -0.00439083 -0.0273472 -0.0183122 0.0135883 -0.00319471 -0.00212468 0.000952383 0.00632754 -0.0176557 0 0 -0.000949138 -0.00809524 -0.0016155 0 -0.00266987 0.000353069 0.00914914 0.00273663 0.00083477 -0.0112763 0 0 0 -0.00441901 0 0 -0.0118516 -0.00242583 0 -0.00220405 -0.00022204 -0.00496245 0 0 0 -0.00939815 0 0.000658478 0 0 -0.00140721 0.00338351 0 -0.00192027 -0.00715265 0.00312193 0.00122598 0 -0.0137386 0 -0.00861145 0 -0.00762835 0 0 0 0 0 0.00929717 -0.000504091 0 0 -0.00443018 0 0 0 0 0 0 0 0.00307582 0 0 0 -0.000923773 -0.00423371 -0.00362956 0 0 0.00702096 0 0 0 0 0.00905325 0 0.0141669 0.00235701 0.0167963 0 0 0.00349898 -0.00119599 -0.00561937 0 0 -0.00988329 0.00367096 -0.0141363 0 0 -0.00170664 0 -0.00115433 0 0 -0.0117213 0 0 0 0 0.0070451 0 0 0 -0.000518064 0.00445733 0 0 0 0 0 0 -0.000756807 0 0 0 0.0068183 0 -8.36102e-05 0 0 0 0
-0.00199437 -0.000298619 -0.0493729 -0.0253802 0 0.918687 -0.00167754 -0.0270715 0 0 0 1.25698e-06 0 -0.00370987 0.000354706 -0.00285155 -0.00268967 -0.0407619 -0.0101247 -0.000292426 -0.0141887 0 -0.0018555 -0.0203771 -0.0142532 -0.00543015 -0.00583019 -0.00766975 0 -0.00309937 0 -0.0125435 -0.0033269 -0.0236554 0.000317763 0 -0.0136899 -0.0219877 -0.00671026 -0.00850515 -0.000244701 0.00690166 -0.0393032 0 -0.0169577 -0.0048873 -0.00994229 -0.0103641 -0.000162593 -0.0150916 -0.00381218 0 -0.000819547 -0.0081715 -0.00374792 -0.00198417 -0.0118135 -0.0014737 -0.00706938 0 0 -0.0021691 0 -0.00099814 -0.0188708 -0.00624292 0 -0.0210187 0 -0.0766134 0 -0.00135359 -0.0122658 -0.0121501 -0.000405959 -0.0104185 -0.00104464 0.00192631 0 0 -0.012365 0.00152135 -0.0010391 -0.0180613 -0.00572873 -0.00923584 -0.00190556 -0.00640205 0.00325588 0 -0.000347772 -0.00473725 -0.0120333 -0.00042508 -0.00785119 -0.0119666 0.00120976 -0.00428593 -0.00330425 -0.0100451 -0.00484533 0 0 -0.00848043 0 -0.0181449 -0.012513 -0.00306041 -0.0127896 -0.00404079 0 -0.000151046 -0.00704272 -0.00619929 0.000372299 0 -0.000247002 0.00101397 -0.00691732 -0.00128527 -0.000628017 0 -0.00707432 -0.000347772 -0.0028749 -0.0139661 -0.0230513 -0.00253586 -0.00261575 -0.026566 -0.00339953 -0.000950042 -0.0222943 -0.000837704 -0.0285362 0.00355392 0.00300977 -0.00134778 -0.000563876 -0.0243989 -0.00409446 -0.0111635 -0.00114705 -0.00364897 0 -0.00288161 0.00195856 -0.0011014 -0.00110475 -0.0202947 0 -0.000612601 -0.000252871 -0.000670198 0 0 -0.00470736 0.00347899 -0.00933007 -0.00100433 -0.00134524 -0.0008569 0 -0.00188457 -0.0124368 -0.0116301 0.00768662 0 -0.00263834 -0.00422995 -0.00105898 -0.0106768 -0.00612072 0 0 0 -0.0185604 -0.00437954 0 -0.00473484 0.00130941 -0.00118912 -0.000342754 0.000604178 0.00149605 -0.00247427 -0.00285833 -0.0133937 0.00156607 0.00750298 0.000214864 0.00827636 -0.00229539 -0.00163596 0.0013456 -0.0078547 -0.00522364 -0.00271513 -0.00301825 -0.00129057 -0.000550047 -2.87386e-05 -0.00141948 -0.0029104 -0.00595494 0.00772087 -5.81818e-05 -0.0013948 -0.000187927 0.00555691 0.00273015 -0.00101894 0 0 0 0
0.0182924 0.0262486 -8.83482e-05 0.00620267 0.0086584 -0.00167754 0.747564 0.0134736 0 0.00260669 0 0.00613426 0.00128316 -0.00291168 0.0272174 0 0 0.0198965 0.0223984 -0.0152765 -0.000255295 0.0309977 -0.186312 5.70812e-06 -0.0105055 0 0.00333643 0.0189167 0.0277817 -0.169725 0.0160137 0.0075363 -0.016722 -0.0128218 0.00333041 0.0130703 0.0102207 -0.00303129 0 0.0100871 -0.0251032 0.00110424 -0.00475995 0.0220752 0 0 0 -0.0047408 -0.000565697 0.0164152 -0.0414233 -0.00978037 0.00591756 -0.00568157 0.00168038 -0.000184554 0 -0.0163307 0 0.0133155 0.0126111 0 0 -0.055384 -0.000633388 0.000711405 0 0 0.0160806 -0.00334834 0.000780583 -0.00190459 -0.0017893 -0.00878932 -0.0403712 -0.00809906 -0.0367559 0.0166413 -0.0202935 -0.000906685 0.0144584 0.0115724 0.00200382 -0.00351141 -0.0150181 0.0171753 0.000498783 -0.00786492 0.00747703 0.00809911 0 -0.00788983 -0.000397071 0 -0.000620374 -0.00360613 0.0115714 -0.00659129 -0.0175468 0.00848531 -0.00455327 0.00731433 0 0 0 0.00587562 0 -0.0151029 -0.0050625 2.99804e-05 0.00177596 0 0.0322605 0 0.0133822 0 0 0.0110044 0 -0.0122024 0 0 -0.012425 -0.00553411 -0.0332186 -0.00129552 0 -0.011279 -0.00410287 -0.00167757 -9.66672e-05 0 -0.00949654 1.66506e-05 -0.00549247 0 0 0 0 -0.00189671 -0.0142006 -0.0154063 -0.00757007 0.000805689 0.000796046 -0.000743901 0.000306308 -0.0513868 0.0138266 -0.002483 0 0.0150017 -0.137829 0.0131972 0 0 1.47561e-05 0.0108127 0 -0.00835212 0 -0.040916 0 -0.00153014 -0.00261329 -0.00563436 -0.00745614 1.6338e-05 -0.00870395 -0.0147211 0.000639831 0.0259655 -0.000365886 -0.0304702 0 0.0032702 -0.0089461 0.000514492 0.00574438 -0.0143543 0.00464311 0 0 0.00306575 0.000559463 0 -0.00766879 -0.00208092 0.00298259 0 0 0.00453491 0 0.00716018 0 -0.0031226 -0.00702484 0 -0.00471991 0 -0.00015312 0 0 -0.00152219 0.0195284 0.00405195 0.0107383 0 0 0.00770942 0 0.0128959 0 0.0131215 0 0
-0.00657704 -0.0037945 -0.0402859 -0.0231806 -0.0106442 -0.0270715 0.0134736 0.902254 0 -0.00115702 -0.000248396 -0.00195336 0 -0.00239334 0 -0.00254067 -0.00751801 -0.00690857 -0.00518819 -2.21238e-05 -0.0173056 -0.00236299 0 -0.00708997 -0.0155841 -0.00561272 -0.00936553 -0.0038026 -0.0039674 0.0103378 -0.00908443 -0.0129667 0.00303457 -0.00857253 0 -0.000206475 -0.0135089 -0.0115163 -0.00730708 -0.00445423 -0.000218577 0.0150731 -0.0204471 0 -0.0118062 -0.00343681 -0.0276233 -0.00805003 -0.000304775 -0.0178169 -0.00100333 0 -0.014787 -0.00870573 0.00394413 0 -0.00764499 -0.000215155 -0.00173479 -0.00169912 -0.000845556 -0.00254833 0 0 -0.0100782 -0.0020804 0 -0.0260618 -0.000138689 -0.00631774 -0.0146101 0 -0.00462901 -0.0100528 0 -0.00898133 0 0 0 8.90533e-05 -0.0331191 0 -0.00426606 -0.0209613 0.00278945 -0.0172232 -0.00693217 -0.00296591 0 -0.000479292 0 -0.00740002 -0.00906013 -0.000281696 -0.0104074 -0.00695659 0 -0.00156768 0 -0.00189523 -0.0021881 -0.0112286 0 -0.00586046 0 -0.0225655 -0.00625941 -0.00152037 -0.011157 -0.000616234 0.000187552 0 -0.0124953 -0.0122163 0 0 0 0 -0.00557285 -0.000733264 0 0.0010786 -0.00734204 0 0 -0.00372224 -0.0147591 0 0 -0.0236058 -0.00529147 0 -0.0242773 -0.000272561 -0.0217603 0.00755412 0 -0.00052489 -0.00254412 -0.00394691 -0.000775636 -0.00780786 -1.50738e-05 -0.00765 0 -0.00739665 0.00482896 -0.00137378 -0.00755684 -0.0077064 0 -0.0019712 0 -0.00208483 0 0 -0.00292446 0 -0.0101413 -0.000372255 0 0 0 -0.00217189 -0.0150237 -0.00492335 0 -0.000510853 0 0 0 -0.00821313 -0.0114403 0 0 0 -0.00593302 -0.0120055 0 0.00164345 0 0 -1.62817e-05 0 0.00259308 -0.00277357 -0.00017984 -0.00739755 0 0 0.00152209 0 -0.00166219 0 0.00451256 -0.0018113 -0.0026554 -0.0132968 0 -0.000595418 0 0 -0.00027067 -0.00223814 -0.00615766 0.000186804 -0.00201118 -0.000172758 0 0 0.00258626 -0.0067995 0 0 0 0
0 -0.00908515 0 0.0130036 0 0 0 0 0.69575 -0.00549502 0.0052901 0 -0.00110971 0 0 -0.00460267 0 -0.00293068 -0.00781748 0 0 -0.0093752 -8.26553e-05 0 -0.0021551 0 0 -0.00116141 -0.0234164 0 0 0 -0.0160913 -0.00350317 -0.00720788 0 0 0.0148862 0 0 0 -0.00140978 0.005214 0.0656926 0.0192 -0.00111053 0.00385275 0 -0.00109938 -0.000429418 -0.00422046 -0.0129323 0 -0.004384 -0.00796748 -0.00476417 0 0 0 0 0 -0.00526362 0.0225655 9.44184e-06 0 -0.0098938 -0.00119882 -0.000688995 -0.0140388 0 0.000481833 0 0 0 -0.000501089 -0.00320915 -0.000220801 -0.0146815 0 0 0 0.00136634 0 0 -0.0059848 -0.000737894 0 -0.00934404 -0.0108028 -0.0126483 -0.0207047 0 0 -0.00846329 -0.000256784 -0.00297672 -0.0205392 -0.00296691 -0.00536089 -0.00528512 -0.00536359 0 0 0 -0.00741867 0.00965724 -0.00302246 0 0 -0.00931883 0 0 -0.00139923 0 0 -0.00109833 -0.0109181 0 -1.8907e-05 -0.00504192 -0.00024296 0 0.0113446 -0.00983137 0 0 0 -0.00149867 -0.00807372 2.95259e-05 -0.00141477 0 2.01785e-05 -0.00237087 0 0.00097338 0 0.000479377 -0.000811721 -0.0014154 -0.00777981 0 0 -0.0193895 0 0 0 0 -0.00142917 -0.001929 -0.00602237 -0.00482254 0 -0.000325315 0 0 -0.00337252 0 0 -0.00271374 0 0 -0.00107007 0 0 -0.00205921 -0.00595815 -0.00498477 -0.017296 -0.00586844 -0.0171218 -0.000689211 0 -0.00351748 0 0 0.00032935 -0.00617592 -0.00100973 -0.0055899 -0.000954073 0 0 0 0 0 -0.00110359 0 0.000530598 -0.0216386 0 0 -0.00389254 -0.0139014 0 -0.000540531 -0.000894557 0 -0.0108351 0 -0.000336299 0 0 -0.00216267 0 0 0 0 0 -0.00678529 0 0 0 -0.00237887 0 0
-0.040634 -0.0376253 -0.00225466 0 -0.0475501 0 0.00260669 -0.00115702 -0.00549502 0.90019 -0.0478649 -0.0267979 -0.0256196 -0.00954545 -0.00856231 -0.034318 0 -0.000386869 0 -0.0337765 -0.000916793 -0.0159597 0.000216452 0 0 -0.00095091 0 0 -0.0223498 0.00579256 -4.58674e-05 -0.00116269 0 -0.000620361 0 -0.00941185 -0.00011976 -0.000885895 0 -0.000755551 -0.000982883 0 0 0 0 0 0 0 -0.0126978 -0.00229447 0 0 -0.00538922 0 0 0 -4.88582e-06 0 0 -0.0262796 -0.0246806 -0.0285061 0 0 -0.000253092 -0.000653202 -0.0214699 -0.00251456 -0.0128493 0 0 0 0 0 0 -0.000109644 0 -0.0017912 0 0 -0.00183018 -0.000972134 -0.0196416 -0.00158106 0 -0.000439587 0 -0.000128258 0 -0.0277728 0 -0.00636119 -0.00102867 -0.0243219 -0.00119147 -0.000257026 -0.0170086 0 0 0 0 -0.0165555 0.00461981 0 -0.00447321 0 -0.000790058 -0.00164911 -0.000277131 -0.00917557 0.00149829 -0.00262493 -0.000362792 -0.000132117 -0.000170757 0 -0.0129621 -0.01817 0 0 -0.00935921 0 0 0 0 0 0 0 0 -0.00144941 -0.0199459 1.54697e-06 0 -0.000163172 -9.62259e-05 0 0 6.9547e-06 -0.00159932 -0.000279809 0 0 0 0 -0.00887574 0 0 0 0 0 -0.00867143 -0.00143511 0.00245985 0 0 0 -0.00362419 -0.0108831 -0.00232079 -0.0176137 0 0.00529219 -0.000827133 0 0 0 0 -0.00193585 0 0 0 0 -0.000141157 0 0 -4.50837e-05 0 0 -0.0141624 0 -0.00193665 0 0 0 0 0 0 0 0 0 0 0 0 0 0 0 0 0 0 0 -0.00838288 0 0 0 0 0 0 0 0 0 0 0 0 0 0 0
-0.0336289 -0.0208462 -0.00384076 -0.00461775 -0.0131865 0 0 -0.000248396 0.0052901 -0.0478649 0.741874 -0.00812744 -0.0316155 -0.0825681 0 -0.0258549 -0.00124032 0 0.0153163 -0.049013 -0.00168154 0 0 0 0 -0.0149987 -0.0023925 -0.00114702 -0.00327936 0 0 -0.00875382 0.0104994 0 0.00260182 -0.0135617 -0.00315291 -0.00499778 -0.00336167 -0.000426946 -0.0335911 0.00665808 0 0 -0.0120874 -0.000819983 -0.00411387 -0.00331005 -0.0261012 -0.00398487 0 0.0020128 -0.0025861 1.8163e-05 0 0 -0.00204631 -0.000612821 -0.000450099 -0.0315297 -0.0164235 -0.0154152 0 0 -0.00230713 0.00693747 -0.00649594 -0.00273941 -0.000838539 -0.000921532 -0.0155952 0 -0.00182222 -0.000719064 -0.0170857 -1.27169e-05 0 0 -0.0372789 0 -0.000677858 -0.00380686 -0.0333 -0.00549891 0.00453765 -0.00485354 -0.00060828 0.004854 0 -0.0037963 0 -0.0341093 -0.00251803 -0.000188366 -0.0024352 0 -0.00210941 1.47589e-05 0 1.44385e-05 0 -0.0114969 4.82843e-06 0 0 -0.00316056 0 -0.0165868 -0.00546342 -0.00924185 0.0174279 -0.00273843 0 -0.00213367 -0.00452254 0 -0.00376422 -0.0114469 0 1.37821e-05 -0.000302971 0.00048687 -0.00279848 0.00502087 -0.0314619 -0.0023651 -0.000672672 1.07804e-05 0 -0.00339801 -0.0128549 0 -0.00270519 0 -0.00230181 0.0021264 0 0 0 0 0.001779 -0.00259736 -0.00311952 1.61478e-05 -0.147491 0 0.000855701 -0.0230319 0.00634878 0.0141088 -0.00152964 0 0 0 0 6.20485e-05 -0.00167285 -0.00235306 -0.00331972 -0.00864191 0 0.00731103 0 0 0 0 0.000251004 -0.00287881 0.0165773 1.62542e-05 0.0233507 0.0106251 -0.000337547 0 -0.000576772 0 0 0 0 0.00516921 -0.00505524 0 0 -0.000927351 2.055e-05 -1.97936e-05 0.00131503 -6.92676e-05 -0.0121443 0 0.0009397 0 0.00859709 0.000217212 5.85061e-05 0 0 -0.000207001 1.5327e-05 0 0 0 0 0.00375799 0 -0.00159122 0 0 0 0 9.97243e-05 0 0 0 0 0
-0.0487393 -0.0391821 0 0 -0.0407435 1.25698e-06 0.00613426 -0.00195336 0 -0.0267979 -0.00812744 0.909969 -0.0318987 -0.0150239 -0.0217469 -0.0271822 -0.00034545 -0.000736261 0 -0.0255396 -0.000780485 -0.0312195 0.00403963 0 -0.00126956 0 -0.000217813 0 -0.0174532 0.0079696 0 -0.000300725 0 -0.00136799 0 -0.0400615 -0.00687451 -0.000289281 0 -0.00270461 0 0 0 -0.00272261 -0.000674557 0 -0.000116738 0 -0.00980385 -0.0022319 0 0.000110429 -0.0106592 1.34906e-05 0 0 -0.00351538 0 0 -0.0268519 -0.0151622 -0.0132367 0 0.00255272 0 0 -0.0350924 -0.00347113 -0.00784489 0 0 0 0 0 0 -0.000241195 0 0 -8.97491e-05 0 -0.00104007 0 -0.0150232 -0.00122112 0.00615974 -0.00202409 -0.000489551 0 0 -0.0138868 0 -0.00191216 0 -0.012223 -0.000109986 0 -0.00740798 0 0.00902306 0 0 -0.00885781 0 0 0 0 0 0 -0.0012957 -0.00551408 0 -0.00591786 -0.00209204 -0.000236516 -0.00132462 -0.00286879 -0.000977589 -0.00978659 9.02119e-06 0 -0.00176647 0 0 0 0 -9.42304e-05 -9.05093e-05 0 0 -4.1978e-05 -0.0293171 0 0 0 -0.0016165 0 0 0 -0.0115305 -0.00130755 0 0 0 0 -0.0111323 0 0 0 -5.36924e-05 0 -0.00945961 0 0.00307757 -0.000956514 0 0 -0.00575882 -0.00171248 -0.000283316 -0.00638072 0 0.00305499 -0.00621309 0 0 0.00791439 0 -0.00120019 0.00304147 0 0.00128412 0 0 0 -3.03413e-05 -0.00496289 0 0 -0.0114396 0 -0.00119166 0 0 -0.00133665 0 0 0 0 -2.1969e-05 0 0 0 0 0 0 0 0 0 0 0 -0.00093508 0 0 0 0 0 0 0 0 0 0 0 0 0 0 0
-0.030138 -0.0269852 0 0 -0.0288054 0 0.00128316 0 -0.00110971 -0.0256196 -0.0316155 -0.0318987 0.900074 -0.0203202 -0.0101583 -0.0286372 0 0 0 -0.0210779 0 -0.0349134 3.58087e-05 0 -0.000124326 0 0 0 -0.0202828 0.00176671 0 0 0 0 -0.000469508 -0.00861568 0 0 0 0 0 0 0 0 0 0 0 0 -0.00976057 0 0 0 -0.0196155 1.92903e-05 -0.000472545 0 0 0 0 -0.0238901 -0.0179278 -0.0259285 0 0.000123686 0 0 -0.0280269 0 -0.0126638 0 0 0 0 0 -2.97447e-05 -5.5446e-05 0 -0.000577655 -0.002923 0 0 -0.00156352 -0.0192202 -0.00153896 0 0 0 -0.00029874 0 -0.0366246 0 -0.00844935 -0.000133318 -0.00538735 0 0 -0.0147244 0 0 0 0 -0.0225275 0 9.6108e-06 -0.00311697 0 0 -0.000107038 -0.00144492 -0.0105085 0.000348274 -0.0107338 0 0 -0.000735592 -0.0105835 -0.0110386 -0.0205002 0 0 -0.00254563 0 6.18804e-06 0 0 0 0 0 0 0 -0.0295882 0 0 -0.000151928 0 0 -8.45912e-07 0 -0.0031247 -5.31372e-05 0 0 0 0 -0.0197209 0 0 0 0 0 -0.0163265 -0.00349794 0 -0.0014553 0 0 -0.000568957 -0.00596849 -0.000877592 -0.031446 0 2.53248e-05 -0.00437822 0 0 0 0 -0.0073996 0 0 0 0 0 0 0 -0.00610825 0 0 -0.00783951 0 -0.0144257 0 0 -0.0046219 0 0 5.73843e-06 0 -0.00752779 -9.9276e-05 0 0 0 -0.000644302 0 0 0 0 -0.00121052 0 -0.00252194 0 0 0 0 0 0 0 0 -0.00101599 0 0 0 -0.00108938 0 0
-0.0171555 -0.0100279 -0.00198183 -0.0032414 -0.0279859 -0.00370987 -0.00291168 -0.00239334 0 -0.00954545 -0.0825681 -0.0150239 -0.0203202 0.737285 0.0645614 -0.0428572 -0.000523853 -0.000605069 -0.00337001 -0.0293727 -0.00203635 -0.0117349 -0.00682095 0 -0.00228452 0 0 2.32298e-05 -0.00301083 0 0.000696367 -0.0028981 0.00528717 -0.00835468 -0.00241365 -0.0297615 -0.00113765 -0.00426428 -0.0013417 -0.0038619 -0.0137756 0.00318638 -0.00262465 -6.94129e-05 -0.00230106 -0.000496602 -0.00254702 -0.00483974 -0.028357 -0.0032329 -0.000530214 0 -0.00401345 0 -0.00233058 0 -0.00264573 -0.0162482 -0.00256756 -0.0308081 -0.0211317 -0.0397603 0 0 -0.00325063 0.0121228 -0.0134141 -0.00257442 -0.00357672 -0.000426964 0 0 -0.00288351 -0.00133698 -0.0164608 -0.00628031 0 -0.000579101 -0.0352565 0 -3.32746e-05 0 -0.0115482 -0.00552602 0.00178375 -0.00434103 0 -0.00222445 -0.00146953 -0.00106105 -0.00119591 -0.0323495 -0.00491218 -0.00178033 -0.00342454 -0.00263706 -0.000581366 -0.000987901 -0.00206381 0.000943687 -0.00215389 -0.00196304 0 0 -0.00687401 -0.00310283 -0.000327655 -0.0106711 -0.00682572 -0.014629 0.00298541 -0.0177113 -0.00267982 -0.0011376 -0.00591837 -0.0125432 -0.00151051 0 0 0 -0.0134326 0 -0.000357464 0 -0.0175936 -0.00494373 -0.000200546 0 0.000265223 -0.00822258 -0.0275791 0 -0.00415627 -0.00165367 -0.00538921 0.00190606 0 0 -0.00321673 -0.00170315 -0.00262497 -0.00316531 -0.00374659 0 -0.058081 -0.00338877 0 -0.0185387 0 0 -0.00465911 0 0 0 0 0 -0.0033999 0 -0.00210118 -0.0155771 0 0 -0.00128502 -6.86666e-05 -0.00153776 0 -0.00275106 -0.00964685 0 0.00311239 3.37781e-05 0 0 -0.0012098 0 0 -0.000762538 -0.00078446 -0.00156057 0.00240793 0 0 0 0 0 0 0.0091027 -0.000349794 0 0 0 9.56871e-05 0 -0.00152997 0 0 0 0 -0.00226545 0 -0.0028293 0 0 0 -0.00239766 0 0 0 0 -0.000450199 0 0 0 0 0 0
-0.0179512 -0.0064807 0 0 -0.0276437 0.000354706 0.0272174 0 0 -0.00856231 0 -0.0217469 -0.0101583 0.0645614 0.78214 0 0 0 0.00411639 0.0119859 0 -0.0158434 0.0146795 0 0 0 -0.00181542 0 -0.0450648 0.0200054 -0.0198799 -0.00150803 0.0032387 0.00186468 0.00298365 -0.0169675 -0.00124486 -0.00902923 0 -0.000759801 0.00723022 0 0.00304845 -0.0228192 0 0 -0.000495751 0 0.0111582 0 0.0065678 0.000847112 -0.0244692 0.0024242 0.0028417 0 0 0.0167654 0 -0.0040353 -0.0354305 0 -3.4781e-06 0.0104518 0 0.00149203 0 0 -0.0243096 0.00202582 -0.00315739 0 -0.00618335 0.00242103 0.0317548 0.000888964 0.00210226 -0.00398075 0.0102168 0 -0.00404564 -0.0316745 -0.00459985 0 0.011154 0 -0.000180562 0.000349161 0.00142048 -0.0230794 0.0053559 5.85951e-05 0 0 0 0.00277122 -0.026787 0.00107236 0.00487276 0.00768998 0.004632 -0.014715 0 0 0 0 -1.38484e-05 0 0 0 0 -0.00448322 0 -0.00525483 -0.0259669 0.000618005 -1.15896e-05 -0.0201203 0 0.00309902 0 0 0 0.0047047 0.0161263 0 0 0.00446163 0.00154921 0.000204776 -1.83294e-05 0 0 0 0 0 0 0 0 0.000777303 0.00855098 0 0 0.000738242 0 0 0 0.00121463 0 0.000678569 0.00013142 0 0.0121386 -0.00626374 0 0 0 -0.0126233 0 4.06536e-05 0 0.0145427 -0.00131351 -0.00414519 7.22779e-06 0 0.00345409 0 0.00500211 0.00197734 0.002815 0 0 0.00887856 -0.000123715 -0.00223566 0.00382609 0.00051923 0 0.00867213 -0.0091512 -0.00145312 -0.00617806 -0.00125874 0 0 0 0 -0.0046438 0.000403883 0 -0.0110149 0.00129994 0.00137285 0 0.00111877 0.00162853 0 0.00171418 0 0 0 0 0.000898212 0 -0.00398276 0 0 0 0.00124164 0 0 -0.00435931 0 0 0
-0.0231889 -0.025543 -0.00281703 -0.000874668 -0.0117713 -0.00285155 0 -0.00254067 -0.00460267 -0.034318 -0.0258549 -0.0271822 -0.0286372 -0.0428572 0 0.850803 0 -0.00673741 -0.0200236 -0.0273918 -0.00369678 -0.0143355 0 -0.00328859 -0.00395991 0 0 -0.00189522 -0.0458946 0.0261803 0 -0.0017214 -0.00271116 -0.00953842 -0.0108582 -0.0210127 -0.00329712 -0.00065959 0 -0.00273877 -0.00269562 0.00256609 -0.00446607 -0.000524185 -0.000594781 -0.000219071 0 -0.00356524 -0.0109345 -0.0063949 -0.00308067 0 -0.00907998 -0.00652531 -0.00669518 -0.00082952 -0.00262599 -0.0023374 -0.00120639 -0.0142239 -0.0131793 -0.0537251 -0.000157815 0.0169088 -0.00311019 -0.0120013 -0.0277685 -0.0104831 -0.0345732 -0.00112717 0 -0.00137994 -0.00101316 -0.00129709 -0.000249502 -0.00599327 0 -0.016426 -0.00417583 0 -0.000551021 0.000994333 -0.0131357 -0.00479294 -0.0118975 -0.00653712 0 -0.00837233 -0.00601123 -0.0270898 -0.00317565 -0.0116983 -0.00327223 -0.0109423 -0.00247851 -0.00947284 -0.00653504 0.00233881 -0.00254925 -0.00242639 -0.00617814 -0.00657264 0 0 -0.0176844 -0.000933447 -0.000782492 -0.00476939 -0.00179336 -0.0262459 0.00434544 -0.0224156 -0.00560006 0 -0.000347528 -0.00540803 -0.0082547 0 0 -0.001584 -0.0175104 0.00125602 0 -0.00114079 0 -0.00139835 -0.000477153 0.00171728 -0.00298429 -0.00656953 -0.0338232 0 -7.64777e-05 -0.00496462 -0.00441247 0.00262299 -0.000161676 0 -0.0116724 -0.0117056 -0.00138942 -0.00189698 -0.00172575 -0.00170225 -0.0283716 -0.000778236 0.000409463 -0.000891838 -0.00358509 -0.00239862 -0.0145683 0.0318842 0.00796899 -0.00728229 0 0 -0.0137059 4.95804e-05 -0.00712395 -0.0213288 0 0 -0.00510863 -0.000410485 -0.00156667 0 -0.00383488 -0.00921939 0.0017369 -0.0012591 0.00642958 -0.000974115 -0.00260443 0 0 -0.00562425 -0.000958097 -0.00254603 -0.0134861 -0.00394513 0 0 0 0 0 0 0 -0.000752178 0 -0.00443676 0 0.00447035 -0.000315555 -0.0108087 0.00026186 -0.000528856 0 0 -0.00446529 0 -0.0101321 0 0 -0.000684553 -0.000693368 0 0 0 0 -0.00268133 9.59034e-05 0 0 -0.00361975 0 0
-0.00141484 -0.000469731 -0.0108207 -0.0176911 -0.00492054 -0.00268967 0 -0.00751801 0 0 -0.00124032 -0.00034545 0 -0.000523853 0 0 0.96208 -0.00835259 0.00236166 0 -0.00318423 0 0 -0.00534491 -0.00456688 -0.00809612 -0.0361128 -0.00280832 0 0 -0.00314707 -0.0353948 0.0103918 0 0.00098472 -0.0141688 -0.0206839 -0.0068387 -0.0327653 -0.022073 0 0.021276 -0.000947832 0.00568497 -0.00428903 -0.0263458 -0.0190406 -0.0159751 0 -0.00575191 0 0 -0.00231367 0 0.00774542 0 -0.0194142 0 -0.0108786 -0.00174733 -0.0036707 0 0 0 -0.0128741 0.00455885 0 -0.0149653 0 -0.0027242 -0.012061 -0.00327978 -0.0178975 -0.00278015 0 0 0 0.0173658 0 0.00278924 -0.019631 -0.0122146 0 -0.0162822 0.0114596 -8.63165e-05 -0.0215456 0.00285532 0.0100974 -0.000808808 0 0 -0.0058468 0 -0.00440795 0 0 9.83866e-06 0.00527194 9.27036e-06 0.000177901 -0.00381955 -0.000339872 -0.00200759 0 -0.020056 -0.00193471 -0.00964633 -0.0183648 0 0 0 -0.00173981 -0.0105005 0 0.000670846 0 -0.0055208 -0.00125891 0 1.27557e-05 0.000482682 -0.00797299 0.00250354 0 -0.0164421 -0.0172925 0.00013302 0.00103575 -0.00586945 0 -0.00197892 -0.00533441 0 -0.0121415 0.0103461 0 -0.0139664 0 0 0.00932498 -0.0247586 -0.000938064 0 0 0 0.00640395 0 0 0 0 0 0 0 0 0.000188995 -0.00424171 -0.0124345 -0.00527473 0 -0.000587543 0 0 -0.0016056 -0.00220555 -6.03325e-05 0.0129753 0 0.00327239 0.00051993 0.00491955 0 -0.00285451 0.000157663 -0.01606 0 0 0 0 0.000387978 -0.0155281 -0.00190996 -0.00222102 -0.00675065 0.00173478 -0.0178862 0 -0.00108525 -0.0168086 0 0.00107342 -0.000569852 0 0.00577678 0.00281858 0 0 -0.00535999 0.00622524 -0.00319956 0 -0.00223878 -0.00486588 0 0 -0.00954436 0 -0.00805266 -0.00446319 0.00228992 0.00580407 -0.00313359 -0.000411678 0.000320104 0 0
-0.000378825 -0.00238173 -0.0162561 -0.00936611 0 -0.0407619 0.0198965 -0.00690857 -0.00293068 -0.000386869 0 -0.000736261 0 -0.000605069 0 -0.00673741 -0.00835259 0.900771 -0.0146165 -0.000146536 -0.00582671 -0.0010527 0 -0.0197022 0.00296837 -0.0312653 -0.00430295 -0.0409855 -0.0094009 0.0191364 -0.00387227 -0.0190147 -0.00541203 -0.0112615 -0.00284897 -0.000412131 -0.0117077 -0.00459229 -0.0105375 -0.0116878 -0.000127372 0.00565309 -0.0235561 -0.000575018 -0.00903254 -0.0154029 -0.00348603 -0.00866577 -0.000211081 -0.028427 -0.00171017 -0.00102955 -0.00177088 -0.0126246 -0.00870504 -0.00313918 -0.00946776 -0.000671482 -0.0264087 0 0 -0.00709424 -0.000199943 0 -0.0132748 -0.00766006 1.75919e-05 -0.0192311 -0.00241646 -0.0157519 -0.0012343 -0.00322026 -0.00816877 -0.00304976 0.0156278 -0.00915567 0 -0.00516857 0 0 -0.00850485 0.00106002 -0.00177834 -0.00610132 -0.00615491 -0.0110172 -0.00323461 -0.00596808 -0.0041644 0 -0.00217926 -0.00179288 -0.0227788 0 -0.00217846 -0.0236803 0 -0.00917695 -0.0104639 -0.00644906 -0.00958219 0 0 -0.0208537 -0.000833136 -0.0103871 -0.00216822 -0.00882296 -0.0045093 -0.0127545 -0.0104416 -0.00684895 -0.0201033 -0.00441041 0 -0.000133111 0 0.00105724 -0.0141607 -0.000183228 -0.000637222 0 -0.00176422 -0.00102223 0 -0.00517637 -0.0155778 -0.00075911 -0.00235547 -0.0105738 -0.00274508 0 -0.00260496 -0.000649352 -0.00520141 0.0059792 0 -0.000811454 0 -0.0132626 0.00208435 -0.0140784 -0.000377756 -0.00360484 -0.000336187 0 0.00253161 0 -0.000355488 -0.010356 0 -0.00134139 2.69047e-05 -0.00153317 0 0 -0.0155484 0.00135947 -0.0209435 0 -5.61954e-05 0 0 -0.00193043 -0.00702638 -0.0103281 -0.00936948 -9.27177e-05 0.00277038 -0.00336821 -0.00183082 -0.00717287 -0.00413313 0 0 0 -0.0032181 -0.00392543 0 -0.00702644 0.00303213 -0.00248063 -0.00209273 0.0004567 0.000131341 -0.00245517 -0.00223178 -0.00828333 0.00121677 0 0 0.00159219 -0.00102872 -0.0110599 0.000485756 -0.00623106 -0.00204047 -0.000144369 -0.00359222 -0.00110894 -0.00045913 -0.00155801 -0.000271182 -0.00407061 -0.00078769 0.00149589 0 -0.00130848 -0.000219698 -0.00282673 0.00259571 -0.007965 0 0 0 0
0 0 -0.000890846 0.00173402 0.00418868 -0.0101247 0.0223984 -0.00518819 -0.00781748 0 0.0153163 0 0 -0.00337001 0.00411639 -0.0200236 0.00236166 -0.0146165 0.825663 0.0131805 -0.00502995 -0.00476901 0.013463 -0.00360916 -0.00095431 0 0.00088967 -0.00803422 -0.00522608 3.64871e-05 0 0 -0.0505229 -0.0271427 -0.00370841 0.00392629 -0.000496891 0 0 -0.00130201 -0.000976951 -0.0126463 -0.0368588 -0.00135083 -0.00288904 0 0.0149771 0.00103422 -0.00188047 -0.0112337 -0.0142218 -0.0139806 0 -0.0409799 -0.0158636 -0.00594654 -0.000752386 -0.00667044 -0.00372386 0.000404106 0.00558413 -0.00872997 -0.00226842 0 -0.0129919 -0.0456043 -0.00619637 -0.00695727 -0.00182389 0.00027254 0.00646056 -0.00124007 0.0068618 -0.000109521 0.0017897 -0.0132322 -0.0019264 -0.0176133 -0.000157162 -0.00158007 0 0.0104719 0 0.000855274 -0.0353345 -0.00858815 0.0015059 -0.0382399 -0.0295701 0.00057175 -0.0166281 -0.00550327 -0.00522981 -0.00626008 0.0052559 -0.0122636 0.0038578 -0.0192808 0.00129952 -0.0408531 -0.0325954 0.0149257 0 -0.00207753 -0.00578775 -0.000305942 -0.0150798 -0.000477617 0 -0.0216646 0 -0.00404022 -0.0115748 -0.000482633 0.000210944 -0.0115533 -0.00765237 0.0169509 -0.00515188 -0.0316352 -0.0088817 0 0 -0.0179288 0.0106712 -0.000193058 0 -0.00938893 -0.0203262 -0.00705828 -0.0067272 0 -0.000939226 -0.0227329 -0.00445135 -0.00161284 0 0.0102438 -0.00357289 -0.0179418 -0.0482159 0.00171736 0.00163185 -0.0176987 0 -0.0155138 -0.0152203 -0.00372523 -0.00714068 -0.0241142 -0.00198183 -0.0167413 0 -0.00980264 0 -0.00662534 -0.00537609 0.0196416 -0.00489628 -0.00951818 0 -0.00323198 -0.00357026 -0.000977669 -0.0159925 -0.0176761 -0.0555427 -0.00756181 -0.0313832 -0.013942 -0.0179729 -0.0334208 -0.00339312 -0.00920489 0.00153583 0 -0.0115063 -0.0262115 -0.00337727 -0.0244322 0.0218043 -6.81983e-05 1.45695e-05 0.0114383 0 0.000385426 -0.00710281 -0.00748499 0.0147806 -0.000658479 -1.16454e-05 0.0102287 -0.0190003 -0.0262112 0 -0.00669487 -0.016456 0 -0.0200505 0 -0.00670987 0 0 -0.0168831 -0.0157018 0.00778499 0 0 0.00361597 -0.0174126 0 0 0 0.00217968 0 0
-0.0295458 -0.0249695 -0.000146834 -0.000295524 -0.0139026 -0.000292426 -0.0152765 -2.21238e-05 0 -0.0337765 -0.049013 -0.0255396 -0.0210779 -0.0293727 0.0119859 -0.0273918 0 -0.000146536 0.0131805 0.80815 -0.00128522 -0.00443939 -0.0106776 0 -0.000491955 -0.000392198 0 0 -0.001546 -0.00354456 0.0123346 0 0.00219704 -0.00775076 -0.00372988 -0.0128368 0 -0.00269969 0 0 -0.0184193 0.000794757 -0.000611714 0 -0.00337837 0 0 -0.00142732 -0.048199 -0.000526369 -0.000223508 0 0 0 -0.00135091 -0.0102877 0 -0.011893 0 -0.0174254 -0.0101003 -0.0293757 0 -0.00145124 -0.000194532 -0.00144215 -0.0117457 -0.00264888 -0.00436576 -0.00116543 0 0 -0.000113521 -0.000729042 -0.0229671 -0.00314919 -0.000984872 -0.00161431 -0.0277438 0 0 0 -0.0193542 -0.00186225 0.00256708 -0.00125939 0 -0.00235868 -0.000791043 -0.00600992 0 -0.027853 -0.00161759 -0.00878871 0 -0.00191284 -0.00551557 -0.00116985 -0.00124819 0 -0.00067452 -0.010619 0.00176087 0 -0.00230919 0 0 -0.0119002 -0.00268291 -0.0104559 0.00250846 -0.0102243 -0.000967577 0 -0.000412361 -0.00511733 -0.00292043 -0.00622568 0 0 -0.00500024 1.30741e-05 0 0 -0.018054 -0.000269489 0 0 -0.000361784 -0.000738969 -0.0116755 0.00695425 -8.96107e-05 0 0 0 0 0 -0.013159 -0.00270601 -0.00143195 -0.00206132 -0.00138347 0 -0.0265932 0 0 -0.0162091 0 0 -0.0150308 0 -0.000958697 0 0 0 -0.00171577 0 -0.00251415 -0.013341 0 -0.00043486 0.00740196 0 -9.91288e-05 0 -0.00133067 0 0 -0.000796965 0 0 -0.000118035 -0.0175193 0 0 0 0 -0.00184907 -0.000713538 -0.00584708 0 0 0 0 0 0 -0.000103676 0 0 0 0.000211259 0 -0.00260404 0 0 0 0 -0.00128135 0 -0.00693573 0 0 0 0 0 0 0 0 -0.00217892 0 0 0 0 0 0
-0.00353397 -0.002163 -0.0140414 -0.0127258 -0.001018 -0.0141887 -0.000255295 -0.0173056 0 -0.000916793 -0.00168154 -0.000780485 0 -0.00203635 0 -0.00369678 -0.00318423 -0.00582671 -0.00502995 -0.00128522 0.908506 -0.000839598 -0.000625144 -0.0040587 -0.0154002 -0.000434069 -0.00650156 -0.00285466 -0.000689753 0 0 -0.00523124 -0.00161032 -0.0165612 -0.00416233 -0.0014373 -0.0154721 -0.0090204 -0.00619899 -0.00924478 -0.00034747 0.00681203 -0.0118887 0 -0.0237248 -0.00332153 -0.0167642 -0.00447209 0 -0.0240031 -0.00682492 0 -0.00815416 -0.0106858 -0.0025974 -0.00049041 -0.0101375 -0.000171403 -0.00569226 -0.000880501 -0.000452183 -0.00535135 0 0 -0.0240436 -0.00348372 -0.00106509 -0.0137904 -0.00240135 -0.00773371 0 -0.000195825 -0.00951901 -0.0089697 0 -0.00605458 0 -0.00260025 -0.000803573 0 -0.0107448 0.000332631 -0.00403622 -0.00688056 -0.0032004 -0.0276677 -0.0048797 -0.00916355 -0.00150794 0 0 -0.00266995 -0.0161307 -0.000523735 -0.00896575 -0.00437111 0 -0.00381517 -0.00231235 -0.00650512 -0.00304819 0 0 -0.0044036 0 -0.0120308 -0.00645327 -0.00122638 -0.00813602 -0.00189207 0 -0.00221482 -0.0188117 -0.012405 0 0 0 0 -0.00536023 -0.00453448 -0.00126382 0 -0.00333627 0 0 -0.00868247 -0.00704095 -0.000984469 -0.00166051 -0.016814 -0.00696743 0 -0.0164335 -0.00325589 -0.012175 0.0038858 0 0 0 -0.0110769 -0.00965703 -0.00492193 -0.000601606 -0.0143546 -0.00175054 -0.00936003 0.00143407 -0.000337332 -0.0030518 -0.00601356 0 -0.000611683 0 -0.00175415 0 0 -0.00240927 0.000300841 -0.00859245 -0.0010412 0 0 0 -0.00060993 -0.0211626 -0.00681121 -0.00124638 -0.000192291 0.00277015 -0.00588263 0.00129547 -0.00850001 -0.0189702 0 -0.00266791 0 -0.00395381 -0.00713913 -0.000314855 -0.00179112 0 0 0 0 0 -0.00119106 -0.000374617 -0.0069197 0 0 0 0.000318722 -0.000854649 -0.00152219 0.00169383 -0.00418643 -0.00173665 -0.000907955 -0.00142448 0 -0.000164563 0 0 -0.00167507 -0.00285511 0.00034684 0 0 0 0.00107554 0.000658124 0.00909994 0 0 0 0
-0.0210236 -0.0377335 -0.0002449 0 -0.0168882 0 0.0309977 -0.00236299 -0.0093752 -0.0159597 0 -0.0312195 -0.0349134 -0.0117349 -0.0158434 -0.0143355 0 -0.0010527 -0.00476901 -0.00443939 -0.000839598 0.789356 0.0182569 0 -0.00431408 0.0192995 0 -0.00266305 -0.026866 0.0252665 0.0029848 0 -0.00383176 -0.00420685 -0.0228952 -0.0397555 0 0 0 -0.00882033 0 0 0.00219864 -0.0176467 0 0 0 0 0 0 0 0 -0.00712935 2.85384e-05 -0.00381934 -0.00113899 -0.00204243 0 0.0116676 -0.00710084 -0.00314024 -0.0315027 0 0.0166204 -0.000355758 -0.00925734 -0.0296716 -0.00426381 -0.0116047 0 0.0125942 0 0 0 0 -0.00732621 0 -0.00383064 -0.000359768 0 -0.00102379 4.64166e-05 -0.0108434 0 -0.0019511 -0.00173159 0 -0.0049744 -0.00519029 -0.0155934 -0.00893165 -0.00106937 0 -0.000956849 -0.0032972 -0.00165645 -0.00418155 -0.000840991 0 -0.00163045 -0.00418707 -0.0075628 0 0.00699704 -0.0191873 0 -4.96392e-05 0 0 -0.0156411 0 -0.00512326 -0.00844473 0 0 -0.00749424 -0.0226456 0 0.00657659 -0.00224091 -0.00751624 0 0.0075584 -0.0027889 0 0 0 0 -0.001425 -0.000595845 -0.0248207 0 0 -0.0163293 -0.000405685 0 -0.0155124 6.69237e-06 -0.00348995 -0.00235907 -0.00421031 0 0 -0.0102462 -0.0013333 -0.00145752 0 0 -0.0100229 -0.000671686 -0.0141227 -0.0108089 0.0131417 -0.0210754 0 0 -0.00415451 0 -0.000416235 -0.0248122 0 0.0026513 -0.018798 0 -0.0043409 0.0103712 -0.00209802 -0.0219527 -0.00484222 -0.00125994 -0.00248424 -0.00267764 -0.000190945 0 0 0 0 -0.00352479 -0.00391686 -0.000376463 0 0 0 0 -5.99939e-06 0 0 0 0 -0.0114202 0 0 -0.00219164 -0.00603684 0 -2.35848e-06 0 0 -0.00903262 0 -0.00853444 0 0 -0.00226261 -0.00283668 0 -0.00397075 0 0 -0.00489444 0 0 0 -0.0116434 0 0
