0 0.0423252 0 0 0.050328 0 -0.0273156 0.00248163 0 0.0401864 0.0318619 0.0382147 0.0232106 0.0234144 0.00770266 0.014535 0 0 -0.00144756 0.0294182 0 0.0181163 -0.00807872 -0.000345297 0 0 0 0 0.00936219 -0.0206578 0 0 -0.00192728 -0.000606025 -0.00088487 0.00263943 0 0 0 0 0 0 -0.000948179 0 0 0 0.00179399 0 0.0133837 0.00844024 -0.00400462 -0.00965922 0.0341566 -0.000555118 -0.00191649 0 0 0 -0.00035609 0.0329802 0.00392264 0.0167263 0 -0.0049689 0 -0.00239109 0.0192237 0 0.00450017 0 0 0 0 0 0 0 2.45877e-07 -0.00171868 0 0 0.00233105 0.000960419 0.034283 0 -0.00265261 0 0 -0.0017408 -0.00656924 0.00831918 0 0 0 0.00623157 0 -0.000435294 -1.29649e-05 -0.000846156 -0.00181599 -0.00407224 -0.0024459 0.0188458 0 0 2.91468e-05 0 0 0 0.00204125 0 -0.00222295 0 0 0.00266599 0 0 0.0125348 0.0143087 0 -0.00308966 0 0 0 -0.0013096 0 0 0 -0.0042315 -0.00172489 0 0.0174201 0 0 0 0.00596522 -0.0117875 0 0 0 -0.000313436 -0.00310681 0 0 0 0.0133194 0 -0.00219786 0 -1.17865e-05 0 0 0 -0.0189156 0 0 0 0 0.00137648 0 0 0 -0.0104216 0 0 0 -0.000206491 -0.00125511 0 -0.00245109 -0.00157242 -0.00171132 0 0 -0.00016099 0 0.00447378 0 0 0.0155312 -0.00229959 0.0153734 0 0 0.00256319 0 0 0 0 0.00240555 0 0 -4.04811e-06 -0.000205944 -0.00224253 0 -0.000369709 0 0 -0.00110221 0 0 0 0 -0.00811766 0 0.000244172 0 0 0 -0.00119016 0 0 0 0 0 0
0.0423252 0 0.0151047 0 0.0426557 0.000570835 -0.0538964 0.00151845 0 0.0329604 0.0269335 0.0458406 0.0301178 0.023125 0 0.0267139 0 0.00735838 0 0.00204304 0 0.0319169 -0.014779 0 0.0033228 0 0 0 0.0148611 -0.0268742 0 0 0 0.00524841 0 0.0156918 0.000463909 0 0 0 0 -0.000982391 0 -0.0108301 0 0 0 0 0.0141793 0 0 -0.0012859 0.00905324 0 0 0 0 0 0 0.000703116 0.0215583 0.0277134 0 0 0 0 0.0310403 0.000149708 0 0 -0.0174356 0 0 0 0 0.00952145 0 0 0.000822675 0 0.00149237 0 0.00967836 0.0089597 0 0 0 0 0 0.0117968 0 0.000188131 0.000925266 0.0115979 0.000180512 0 0 0 0 0 -0.00454965 0.0113942 0 -9.77496e-05 0.00398623 0 0 0 0.00711622 0.0102754 0 0 0 0 0 0 0.00879668 0 -0.000518532 0 0 -0.000268635 0 0 0 0 0 -0.000775664 0 0 0.0164045 -0.000512707 0.00120981 0 0.00111455 -0.000911444 0 0 0.00586529 0 0 0 0 0 0.0158395 0 -0.00288455 -8.42246e-07 0 0 0 0 -0.0216591 0 0 0 0 0 0.00399181 0.0169586 0 -0.00686932 0.00251762 0 0 -0.000113188 0 0 0 0 0 0 0 0 0 0.0287326 0 0 0.0207594 0 0.000453234 0 0 0 0 0 0 0 0 0 0 0 0 0 0 0 0 0 0 0 0.00365422 0 0 0 0 0 0 0 0 0 -0.00153626 0 0 0 0 0
0 0.0151047 0 0.0265998 0 0.0624324 0.00180577 0.0466249 -0.00902706 0 0.000631561 0 0 0 -0.000535141 0.00202727 0.0217717 0.0159821 0.00277186 0.000253025 0.0182261 0.00512758 0.00328737 0.00872284 0.0108409 0.0122115 0.0130186 0.00772009 0 0.00165735 0.00877559 0.0270189 -0.0244974 0.0145109 0.000968983 -0.00179188 0.0208072 0.0337505 0.0227882 0.0126514 0.00081861 -0.011195 0.0316505 -0.00125878 0.00922024 0.0175163 0.0186742 0.0256147 0 0.0069206 0.00782272 -4.41745e-05 0.00525126 0.00695939 0.00229904 0.00389191 0.0204332 0 0.0083662 0 0 0.00265376 0 0.00389064 0.0139576 0.00511575 0 0.0441503 0 0.0326467 0.00311402 0.00430067 0.0136792 0.00845009 0.00218683 0.0126295 0.00224708 -0.0106315 0 0 0.0201589 -0.0048392 0 0.0168452 -0.00349533 0.00835598 0 0.00687085 -0.00375831 0 0 0.0026341 0.0132219 0 0.0115707 0.008678 -0.00170226 0.00509237 0.00366828 0.00280633 0.00348846 0 0 0 0.00145384 0.0165818 0.0122579 0.00969157 0.017517 0.00293218 -0.0014735 0 0.00584103 0.00540673 -0.00427993 0.000462176 0.00228147 -0.00190781 0.00114848 0.00393507 0 -0.00484954 0.00080027 0.000759047 0.000897373 0.00978189 0.0272627 0.00125275 0.00304612 0.0125823 0.00164184 0 0.0184484 0.000380662 0.0160516 -0.0193175 -0.00117676 0.00689582 0 0.00722682 0.00197878 0.00981617 0.00216798 0.00234014 0.00139828 0.00758078 -0.01261 0.00890763 0 0.00453252 0 0.000561283 0.00277558 -1.79996e-05 -0.000937642 0 0.00456619 -0.00423094 0.0173014 0 0.001418 0.00233584 0 0.00651846 0.00666808 0.0018595 0 0.00627952 -0.00694866 0.0035722 -0.000947237 0.00414823 0.0130104 0.00205872 0 0 0.00436782 0.0171151 0 0.00227463 0.000113185 0.00321365 0.000235033 0.00954916 -0.00971415 0.000369869 0.000635547 0.0113606 -0.001545 0 -0.00367954 -0.00520408 0.00365535 -0.00600678 -0.00448618 0.00282539 0.00515858 0 0.00101523 0 0 0.00214392 0.000759312 0.00201406 0.00247622 -0.00531224 0 0.00502857 0.00309854 -0.00242398 -0.011581 0.00830535 0 -0.00184895 0 0
0 0 0.0265998 0 0.0180547 0.0293146 0 0.0182981 -0.0124835 0 0 0 -0.00296169 0 0 0.000493793 0.021689 0.0306787 0 0 0.00705108 0 0.000795415 0.00624686 0.00581799 0.0365007 0.0144486 0.0307566 0 0.000919908 0.0181234 0.0268541 -0.0282174 0.0045625 0 0 0.00959271 0.0494972 0.0149378 0.0192841 0 -0.0202302 0.00817371 -0.00317595 0.029335 0.00914175 0.0564374 0.0145054 0 0.0259793 0.00500899 0.000339344 0.00407618 0.00545834 0 0.00193325 0.0135068 0 0.00896544 0 0 0 0 0.00727828 0.0275995 -0.0026311 0 0.0324423 0 0.0103147 0.019772 0.00946509 0.0209367 0.03147 0 0.0066201 0.00109691 -0.0212896 0 -7.93934e-05 0.0192743 0 0 0.028053 -8.90357e-05 0.0148559 0.00504843 -0.0155349 -0.0191658 0 0 0.00235564 0.0277223 0 0.0140675 0.00490281 -0.000584615 0.00511631 -0.00561893 0.0014107 0.00182198 0 0.00562015 0.00733913 0 0.135206 0.0150697 0.0174638 0.0128249 0 -0.00136339 0 0.021356 0.0218161 0 0 -3.77448e-05 0 0.00558558 0.00138218 0 -0.00318941 0.00757021 -7.43674e-05 0 0.00956885 0.0316052 -4.33289e-05 -0.00228997 0.0274149 0 0.00205754 0.0239385 0 0.0215439 -0.0145664 -0.00245782 0.011497 0 0.00315438 -8.82107e-05 0.0177697 0.003942 0.000169905 0.00016951 0.00891048 -0.0176148 0.00281934 -5.85619e-05 0.00127414 -0.0222973 0 0.001346 0 0 0 0.00323528 0 0.0311336 -0.0178678 0.00849579 0.00222297 0 0.0114543 0.00311082 0.00549278 -0.0237296 0 -8.73359e-05 -0.00102354 -8.82804e-05 0.0112769 0.0164354 0 0 0 0.00389151 0.00632156 0 -0.000289437 8.12704e-05 0.00875179 0.00569232 0 -0.012584 0.0118986 0 0.0210179 0 -0.00746037 -0.0036221 -0.00265487 0.00140327 -0.0213456 -0.00503677 0.00255604 0.00363483 0.00712388 -9.01758e-05 0.00125396 0 0.00559035 0.0147545 0 0.00139695 -0.000897495 0 0.012591 0.00916048 -8.19122e-05 -0.0242233 0.00857773 0 -0.00626815 0 0
0.050328 0.0426557 0 0.0180547 0 0 -0.017861 4.75424e-05 -0.0130752 0.0689517 0.00695895 0.0197339 0.0171407 0.0409259 0.0301782 6.15963e-05 0.00144417 0 -0.00394044 0.00864132 0 0.00339905 -0.00369635 0 0 0.000765333 0 -0.000957888 0 -0.00815517 0.00609306 0.00277816 -0.0180932 -0.00340784 -0.00138931 0 0 0.0189577 0 0 0 0 -0.00201464 0 4.46961e-05 0 0.0196485 0 0 0 -0.00455647 -0.0159402 0.0219914 -0.00262848 -0.00313488 -0.00109445 0 0 0 0.0273047 3.3319e-06 0 0 -0.00190907 0 -0.0185716 0 0 0 0 0.00029065 0 0 0 -0.00103702 -0.000925105 -0.00265168 -0.0189132 0 0 0.000906781 0.00569547 0.0153833 0.00456113 -0.00848451 0 0 -0.00545704 -0.00943107 0.00244211 -0.00123725 0 0 0.00482493 0 -0.00243356 0 -0.0015403 -0.0046554 -0.00177325 -0.00354572 0.00166947 0 0 0 0.00930598 0 0 0.0140897 0 0 0 0 0 0 0 0 0.00418705 0 -0.00687495 0 0 0.00373758 -0.00737618 -0.000154987 0 0 -0.00237083 -0.00322885 0 0.0137525 0 0.0149456 0 0.0240358 0 -0.000470758 0.00115883 0 -0.00148635 -0.00995054 0 0 -0.00145039 0.008593 0 0 0 -0.00134295 -0.000820959 0 -0.000340435 -0.0117533 0 0 0 0 0.00252443 0 -0.000409711 0 -0.00278105 0 0 3.47966e-05 0 -0.00569855 -0.000409327 -0.010341 -0.00315196 -0.00487055 0 0 -0.00396891 0 0.00108848 0 -0.000189846 0.00946444 -0.00343667 0.0106113 0 0 0.00399295 0 0 -0.000168754 0 0.00358302 -0.00160781 0 0.000412478 -0.00181609 -0.0159327 0 -0.00221956 -0.00068436 0 -0.00619205 0 0 0 0 -0.00303315 0 0.00273054 -0.00545677 0.000520807 0.00143141 -0.0125997 0 0 0 -0.0015324 0 0
0 0.000570835 0.0624324 0.0293146 0 0 0.00414037 0.0559609 0 0 0 0 0 0.00329626 -0.0024662 0.00458246 0.00427251 0.0397906 0.0108776 9.68961e-06 0.0213099 0 0.00643143 0.012765 0.0212988 0.00257547 0.00628712 0.00505135 0 0.00463071 0 0.0118509 -0.000344681 0.0151229 0.0016988 -0.00102188 0.0205046 0.0268932 0.00910672 0.00552395 0.0023856 -0.0188548 0.0402675 -0.0085257 0.0312425 0.00852674 0.0153099 0.0146455 0.000645449 0.01715 0.0110594 0.000268741 0.00144277 0.0103161 0.00248921 0.00333102 0.00794687 0.0025643 0.00639135 0 -0.0039782 0.011088 0 0.00437491 0.017832 0.00639611 0.00174097 0.0324913 0 0.0812348 0 0.00349005 0.0158756 0.00726418 0.00429594 0.0128898 0.00465383 -0.0131037 0.000369351 0 0.0115098 -0.0160577 0 0.0179617 0.00735993 0.00734773 0 0.00677046 -0.0106275 0 0 0.00453956 0.0095016 0 0.00829915 0.0103214 -0.00668021 0.0113159 0.00487344 0.00645046 0.00868624 -0.000137398 0 5.27416e-05 0.00348897 0.010048 0.00707049 0.00774687 0.0127314 0.00498229 -0.00219616 0 0.0180308 0.00575852 -0.00396303 0.000844152 0.00407904 -0.00331787 0.00347791 0.00641979 0.000230651 -0.00875162 0.00110319 0.00233378 0.0019568 0.00770888 0.013701 0.00440982 0.00320864 0.0197319 0.0036464 0 0.00837333 0.00179912 0.00908765 -0.011375 -0.0053381 0.00603399 0 0.0221479 0.00400316 0.00642203 0.00409279 0.00230455 0 0.0102358 -0.0193785 0.00433245 0 0.00747261 0 4.91757e-05 0.00582335 0 -0.000773594 0 0.00229955 -0.00698801 0.0102569 0.00229186 0.00116995 0.00585633 0 0.00405093 0.00938645 0.00336494 0.00199461 0.00381824 5.61498e-05 0.00593306 -0.00158248 0.0100773 0.0169765 0.00420482 0 0 0.0154383 0.0100605 0 0.00592591 0.0103686 0.00410814 0 -0.00383216 -0.00584095 0.000885292 0.00159488 0.00949961 -0.00540777 0 -0.00304833 -0.00774339 0.0059063 -0.00981195 -0.0044786 0.00593374 0.00706121 0.00106637 -0.00173257 0 0.000843457 0.00277613 0 0.00516652 0.00484517 -0.00776392 0 0.00173974 0.00180639 -0.00510414 -0.0141261 0.00259699 0 -0.00570346 0 0
-0.0273156 -0.0538964 0.00180577 0 -0.017861 0.00414037 0 0 0 0 0 -0.0162918 -0.00866784 0.00451181 -0.0116449 -0.0112193 0 0 -0.0102423 0.000430194 -0.0129233 -0.0733123 0.244706 0.00396616 -0.00569394 0.00874947 -2.82975e-05 -0.000406459 -0.0413918 0.165078 -0.00589001 -7.13159e-05 0.0119072 0.0108674 -0.00542498 -0.0024695 -7.04142e-05 -0.000937372 0.00131878 -5.76743e-05 0.0356273 -0.00277299 0.0127952 -0.00205322 -0.00664618 0 -0.0187689 0.0189231 0 -0.0110091 0.0135322 0.0132444 -0.0471981 0.0128356 0.0035398 0.00297365 0.000147872 0.0351808 0.00812427 -0.00988608 -0.00670742 -0.000105289 0 0.0355207 -0.014131 0.00885155 -5.93e-05 -0.0140328 -0.0226457 0.00590118 0 0 0.00284711 0.00356177 0.0170326 -0.011053 0.00732584 -0.00577548 0.000543851 0 -0.034584 0.00661342 -0.0101752 0.00256012 0.0162076 -0.0173522 0 -0.00360126 0.0148616 -0.0136366 0 0.00609274 0.0032527 -0.0231341 0 0.00678208 -0.00424148 0.00761582 0.0489998 -0.00298562 0.00604579 -0.00519205 -0.000172359 0 -0.00485741 0 -7.38072e-05 0.0107287 0.00112555 -0.0107233 -0.000145159 0.000363463 -0.000107255 -0.0109276 -0.00322832 0 -0.00524485 -0.00748828 0.000701018 0.00156785 0.00152989 -0.00140076 0.00636318 0.00898223 0.0161098 0.00352017 0.000107475 0.0133653 0.0115714 0.00423039 -0.000506971 -0.00445675 0.000415521 -8.26955e-05 0.00137957 -0.00169017 -0.0107503 0 0 0.00477739 0.0168747 0.00576364 0.00143893 -0.0145611 -0.00314488 -0.019221 -0.000408868 0.0656975 -0.0125949 0.00474584 0 -2.74201e-05 0.172954 -4.23867e-05 0 0 0 -0.00791759 -0.00233013 0.00152304 0 0.0561909 0 0 -0.00818086 0.00226347 0.0113511 -0.018742 -0.00451986 0.00930239 -0.000261647 -0.0318034 0.000737696 0.00927944 -0.000267369 -0.03548 0.00365901 0.00149744 -0.00145662 0.00929208 -0.0118455 0 0 -0.0129922 -0.00095216 0.000139861 0.000888356 0.0058363 -0.00938957 0 -0.00205337 -0.00884375 -0.0154165 0.00940708 -0.0012001 0.00804913 0.00931222 0 0.0157507 0 0.000950051 0 -0.00115934 0.00627746 -0.0458831 -0.00365839 -0.0163689 0 0 -0.00529538 0.000303141 -0.0131615 -0.000143492 -0.0179053 0 0
0.00248163 0.00151845 0.0466249 0.0182981 4.75424e-05 0.0559609 0 0 -0.0057759 0 0.00675656 0 0 0.000780072 0 0.00365147 0.00613392 0.00650029 0.00624752 0 0.0131992 0 -0.00311766 0.00926673 0.00782722 0.00896118 0.00479905 0.00440435 0 0 0.023213 0.0137749 -0.0159544 0.00835245 0.00174265 -0.000451499 0.00350377 0.0241718 0.0091686 0.00242231 0.00129584 -0.00958824 0.0336751 -0.00143 0.0196425 0.0024373 0.0135509 0.00620649 0.000493995 0.0113832 -0.000715659 0 0.0051106 0.00750764 -0.00103118 0.00100335 0.00492026 0.000807269 0.00733034 0 -0.00198917 0.00257858 0 0.00161215 0.0148934 0.00409843 0 0.0157343 0 0.0196928 0.0128276 -0.00144994 0.0030237 0.0251903 0.00268746 0.0308367 0.00153998 -0.00274953 0 0 0.0231553 -0.00360217 0 0.0173953 -0.000299549 0.0229007 0.00177481 -0.000882215 -0.00929456 0 0 0.00260662 0.00736309 0 0.0111489 0.00462494 -0.00183574 0.0056762 -0.00638585 0.00432661 0.00503176 0 0 0.00245435 0 0.0219646 0.00616021 0.00427319 0.0337135 0.00118239 -0.00085977 0 0.0192129 0.0125927 -1.8315e-06 0.000386724 0.00252732 0.00735423 0.00449176 0.00322922 6.36442e-05 -0.000772779 0.0147741 0.000687638 0.00178306 0.005911 0.0158029 0.00268593 0.0035549 0.00842247 0.0015167 0 0.0247582 0 0.0274362 -0.00649429 -0.0184913 0.00188999 0 0.00345537 -0.00195178 0.00518214 0.00197275 0.0014296 0.000141941 0.0143804 -0.0163337 0.00149605 0 0.00372974 -0.0112696 0 -0.00594787 0 -0.000238735 0 0.00148019 -0.00327197 0.0100307 0 0 0.00118243 0 0.00235072 0.0131833 0.00650931 2.44072e-05 0.000606071 -0.00152463 0.00241327 -0.000889978 0.0129636 0.0251425 -0.000971737 0 0.00344276 0.00900308 0.0139268 0 0.00205876 0 0.00118312 0 -0.000926837 -0.00346975 0.0017554 0.000888275 0.00957869 -0.00197308 0 -1.28893e-05 -0.00408625 0.00313074 0 -0.00700037 0.00181582 0.00492006 0.0117324 -0.00668208 0.000542762 0.000292062 -5.03751e-08 0 0.0022847 0.0141025 -0.00486761 -0.000306196 0.000343718 0 0 -0.00869692 0.000909557 0 -0.0140968 0 0
0 0 -0.00902706 -0.0124835 -0.0130752 0 0 -0.0057759 0 0 -0.0161389 0 0 0 0 0.000517332 -0.000525293 0 0.00425672 0 0.000515402 0 0 0 0.000986231 0 0 0 0.022473 -0.0268889 -0.00503009 -0.00167233 0.0188306 0.00361921 0.000334578 0 0 -0.0232494 -0.00925567 -0.00163062 0 0 0 -0.0755956 -0.0122708 0 -0.00586251 -0.00913381 0 8.7296e-05 0.00396887 0.0170851 0 0.00349361 0.0099974 0 0 0 0 0 -0.00108958 0.00223002 -0.0703948 0 -0.0122458 0.0200337 0 0 0.000929579 -4.39667e-05 -0.00127961 -0.00498008 0 0 0 0 0.00222297 0.0365474 0 0 0 -0.00286445 0 -0.0105646 0.00684769 0.000858822 0 0.00771545 0.013839 0.00958582 0.00503274 0 0 0.0261651 0 0.00196918 4.3354e-05 0 0.00498854 0 0 0 -0.031901 0 0.0313351 -0.00562004 0 0 -0.015341 0.00432712 0 0.0119957 0 0 0 0.00697313 0.00345604 -0.000351603 0 0.0020214 4.3733e-05 0 0 0.00191059 0 0 -0.00273211 0.000647351 -0.00838359 0 6.7315e-05 -0.0050655 -0.00202253 0.00120835 0 -0.000849713 0.00283004 -0.0189256 0 0 0.00639264 0 -0.000198583 0.0216994 -0.00885775 0.000219154 0 0 0.00766046 0.000769378 0.00518913 0.000546279 0 0 0 0 0 0 0 0.0027037 -0.0136551 0 0 -0.00339836 0 0 0.0045873 0.00341828 0.00771087 0.00154458 0.00969388 0 0 0.00203379 -0.000407356 0 0 0.00126149 7.60306e-05 0.00467616 -0.00461218 -0.0036934 -0.00333074 -0.0033521 0 -0.000177758 0 0.00110238 -0.00206859 0 0 -0.000164707 0.00256792 0.0176858 0 0.00027812 0.00072426 0 0.00559431 0 0 -0.00462018 -0.00751372 0 0 -0.00208516 0 -0.0127435 -0.0130799 0.00763666 0 0 0 0.0316323 0 0
0.0401864 0.0329604 0 0 0.0689517 0 0 0 0 0 0.0237002 0.0116494 0.0308677 0.0255946 0.00350868 0.0260926 0 0 0 0.0295919 0 0.00178047 0 0 0 0 0 0 0.000669612 -0.000734909 0 0 0 0 0 0.00789912 0 0 0 0 0 0 0 0 0 0 0 0 0.00205839 0 0 -0.00891328 0.00458403 0 0 -0.0114378 0 0 0 0.0198359 0.00854252 0.00616066 0 -0.00589283 0 -0.00317428 0.0157803 0 0.0124566 0 0 0 0 0 0 0 0 0 0 0 0 0 0.0160237 0 0 0 0 0 0 0.00268887 0 0 0 0.0289231 0 0 0 0 0 0 0 0.000646568 0 0 0.00812369 0 0 0 0 0 -0.00243131 0 0 0 0 0 0 0.0117463 0 0 0 0 0 0 0 0 0 0 0 0 0.0119438 0 0 0 0 -0.00454805 0 0 0 0 0 0 0 0 0.0123377 0 -0.00283104 0 0 0 0 0 -0.00117343 0 0 0 0 0 0 0.00104833 0 -0.00803075 0 0 0 0 0 0 -0.000153814 0 0 0 0 0 0 0 0 0 0.008272 0 7.47231e-05 0 0 0 -0.0015823 0 0 0 0 0 0 0 0 -0.000767859 0 0 0 0 0 0 0 0 0 0 0 0 0 0 0 0 0 0 0 0 0 0
0.0318619 0.0269335 0.000631561 0 0.00695895 0 0 0.00675656 -0.0161389 0.0237002 0 0.0258858 0.0374809 0.10888 -0.0114125 0.0337071 0 0 0 0.044634 -1.913e-05 0 0 0 0 0 0 -0.00544599 0 0 -0.0437985 0 -0.00551893 0 -0.0202386 0.000666606 0.00847157 0.0102704 0 -0.0047771 0.0101957 -0.000631864 0.000114777 -0.0171035 0 0 0.00818581 0 0.00213299 0 -0.00978174 -0.00866645 0.00200322 0 0 0 0 0.00392889 0 0.0139884 0 0.00943613 -0.00682372 0 0 -0.0203725 0.00597724 0.000195535 0 0 0 0.000261548 0 0 0.0305509 0.00110511 0.000183142 -0.0219171 0.030867 0 0 0 0 0.0112894 0 0 0 -0.00746915 -0.00392945 7.82377e-05 0 0.000304057 0.00105046 0 0 -0.0168599 -0.00623444 0 0 0 0 0 0 -0.00870893 0.0330763 0 0 0.000515943 0.0173232 0 0 0 -0.0127188 0 0 0 0.0705313 0 0 0 0.00770757 -0.000167007 0 -0.0115077 0.0168402 0 0 0 0 0.000376092 0.00857979 0 0.00108202 0 0.00110889 -0.00590429 -0.00943945 0 0 0 0 0 0 -0.00743653 0.186517 0 0 0.012908 -0.0264712 0.00737393 0 0 0 0.00383494 0 0 0 -0.00015091 0.000522309 0.017318 0 0 0 0 0 0 0 0 0 0 -0.010554 0.000531884 0 0 0 0.00108677 0.00586336 7.53601e-05 0 0 0 0 0 0 -0.00164919 0 0 0 0.00387173 0 0 -0.00104459 0 -0.024031 0 0 0 0 -2.0488e-05 0 0.0165732 0 0 -0.00467991 0 0 -0.0173323 0 0 -0.0102178 0 0 0 -0.0129562 0 0
0.0382147 0.0458406 0 0 0.0197339 0 -0.0162918 0 0 0.0116494 0.0258858 0 0.036069 0.0154516 0.00140934 0.0220833 0 0 -0.000588773 0 0 0.0341625 -0.00690961 0 0 -0.00915153 0 -0.000641147 0.0301044 -0.0216212 0 0 -0.00396438 -0.00169337 0 0.00657285 0 0 -0.000722254 0 0 0 -0.00249056 0 -2.47373e-05 0 0 -0.00330859 0 0 -0.00274562 -0.0128393 0 -0.00213228 -0.00213633 0 0 0 -0.00713868 0.00768164 0.012172 0.00989182 0 -0.0152072 0 -0.00741308 0.0273708 0 0 0 -0.00584844 -0.00586918 -0.0014535 0 0 -0.000362026 -0.000757355 -0.00199201 0 0 0 0.00127529 0.00829104 0 -0.0103712 0 0 -0.00318803 -0.00167564 0.0157124 0 0 0 0.00178948 0 -0.00574603 0 -0.000986057 -0.00396376 -0.00100552 -0.013977 0.0014797 0 0 0 0 0 -0.00357097 0 0 0 0 0 0 0 0 3.44074e-05 0.00258346 -0.00130161 -0.00149452 0 0 0 -0.00146488 0 0 0 -0.00352456 -0.00174704 3.81265e-05 0.030115 -8.26837e-06 0 0 0 0 0 -0.00334292 0 -0.000338624 -0.00579741 2.15322e-05 0 0 0.0127961 0 0 0 0 -0.000841306 0 0 -0.0144043 0 0 0 0 0.00099866 0 0 0 -0.00672143 0.000506756 -0.00316145 0 -0.00760324 -0.000573012 0 -0.00182809 -0.00194944 -0.00364735 0 0 -0.000628361 0 0.0111083 0 0 0.0141642 -0.0012066 0.00511864 -0.00708848 0 0.000976976 0 -0.000153328 0 -0.000789324 0.00133422 0 0 0.000870091 -0.00131242 -0.00189057 0 -0.000367223 2.12913e-05 0 -0.00130287 0 0 0 0 -0.000737446 0 0.000728145 -0.00500151 -0.00123922 0 -0.00086435 0 0 0 0 0 0
0.0232106 0.0301178 0 -0.00296169 0.0171407 0 -0.00866784 0 0 0.0308677 0.0374809 0.036069 0 0.0206048 0.02385 0.0392853 0 0 0 0.0209902 0 0.0498694 0 0 0 -0.00485736 0 0 0.0212596 -0.00208685 -0.00451908 0 0.00312207 0.000400435 0 0.0132485 0 0 -0.00231038 0 0 0 0 -0.00516589 0 -0.00435309 0 0 0 0 0 0 0.0106729 0 0 0 0 0 -0.00790949 0 1.98403e-05 0.0287288 0 -0.0127796 0 0 0.0348487 -2.72884e-05 0.0164832 0 -0.000352626 0 0 0 0.000335022 0.000368867 0 0.00127903 0.000104008 0 0 -0.000872734 0 0 0 0 -0.00316842 0.0012489 0.000572784 0.0244143 0 0.0034906 0 0.00248156 0 0 0 0 0 0 0 0.00958023 -0.000425507 -0.0179806 0.0238316 -1.80906e-05 0 0 0 0.0125489 -0.0034444 0.0036726 0 0 -8.78251e-05 0.00318931 0.0251175 0 -0.00310206 0 0.00706728 0 -0.00011266 0 0 0 0 0 0 0 0.0249097 -0.00877186 0 0.0164413 0 0 0 -0.00528216 0.00344753 0 0.000615826 0 0 -2.65028e-05 0.0148627 0 0 0.00471315 0 0 0.00148178 0.000416143 -0.00339673 4.07385e-06 0 0 0 0 0 0.0187236 -0.0011685 0 0 -2.24534e-05 0 -0.00265034 0 0.00861134 0.000235674 0 0 0 0 0.000583235 -0.00839257 8.77012e-05 0 0.000466294 0 0 0 -0.000430267 -0.000950909 0 0 -0.00203794 0 0 0 0 0 -0.000361951 0 0 0 0 0 0 6.29571e-05 0 0.00426437 0 -0.011164 0 0 -0.000445429 0 -0.00396602 -0.000512708 0.00121484 0 0 0 0 0 0
0.0234144 0.023125 0 0 0.0409259 0.00329626 0.00451181 0.000780072 0 0.0255946 0.10888 0.0154516 0.0206048 0 -0.10878 0.014769 0 0.000230833 0.000428455 0.0245471 0 0 0.0300767 0 0.00423108 0.00852874 0 0 0 0.000262632 -0.0132486 0 0 0.00376839 -0.0227525 0 0 0.0140125 0 -0.0231315 0.0124314 -0.00157578 0.000656634 -0.00831984 0.000874709 0 0.0140101 0.00335829 0.0481718 0.000310356 0 -0.00891188 0.00222773 0.00050812 0 0 0 0.00133366 0 0.00058748 0 0 -0.00779754 0 0.00205125 0 0.0176023 0.00312476 0 0.00346057 0 0 0 0.00202511 0.0122229 0.00233331 0.000197864 -4.99573e-05 0.0217762 0 0 -0.000198239 0.00626947 0.011757 0.00163183 0 0 0 0 0 0 5.69992e-05 0.001586 0 0 0 0 0.00108212 0.00168608 0 0 0 0 -0.000272095 0.0048334 0.000313927 0 0 0.0172374 0.000483069 0 0 0 0 0 0 0.0384427 0 0 0.000436751 6.45327e-05 -0.00082122 0 0 0.00376216 0 0 0 0 0.00843948 0.021207 -0.00212716 0.000857258 0 0.00374612 0 -0.0121134 0 0.0238652 0 0 0 0 -0.0137409 0.0408471 0 0 0.0105454 -0.0268162 0.00281455 0 0 0.000297751 0 0 0 0 -0.000172525 0.00200129 0.00334065 0 0.0265604 0 0 0.0011465 0 -4.89887e-05 0 0 0 0 0.000718727 0.00501004 0 0 0 0.00357668 0.0025806 0.000504024 0 0 0 0 0 -0.000156453 0 0 0 0 0 0 -0.0053869 0 -0.0236774 0 0 0.00254392 0 0 0 0 0 0 0 0 -0.00090887 -0.00745511 0 0 -0.0141009 0 0 0 -0.00523641 0 0
0.00770266 0 -0.000535141 0 0.0301782 -0.0024662 -0.0116449 0 0 0.00350868 -0.0114125 0.00140934 0.02385 -0.10878 0 0 0 -0.00146597 -0.00577438 -0.0150481 -0.000382646 0.0121706 -0.0190216 0 -0.00167249 0 0 -0.00366733 0.0150825 -0.0133785 0.0410215 0 0.00556742 -0.00582459 0 0 0 -0.0011415 -0.000623074 0 -0.0135357 0 -0.00719509 0.000237479 -0.000210372 -0.000240272 0 -0.000695204 -0.001321 0 -0.00519041 -0.00283131 0.00925556 -0.00448549 -0.00303222 -0.000641695 -0.000724225 -0.00132923 -0.00088663 0.00659365 0.00551559 0 0 -0.000710505 -0.000744763 0.00011879 0 -0.00151484 0.013822 -0.00118301 0.00109244 0 0 0 -0.0172214 -0.00474236 -0.003637 -0.000939906 -0.0108003 0 0 0.019096 0 0 -0.00709213 -0.000140176 0 -0.00404244 -0.00282565 0.0267089 0 -6.8244e-05 -0.00109292 0 0 -0.00241656 0.00654172 -0.00446836 -0.00616145 -0.0029807 -0.00314619 0.00266117 0 0 0 0 0 -0.00124351 0 -0.000890308 0 0 -0.000621703 0 0.00705964 -0.000278813 -0.000991326 0.0148133 0 -0.00464963 0 0.000511635 0 -0.00193059 -0.00906552 4.20189e-05 -0.000316534 -0.00241353 -0.00377979 -0.0018202 0 0 0 -0.000278192 0 0 0 0 0 -0.00316099 -0.00707864 0 0 -0.00154179 0 -0.000509135 -0.0197825 -0.000675593 0 -0.00498195 0 -0.000458186 -0.0213341 0 0 0 0 0.00772184 0 -0.00090233 0 -0.0277785 0 0 -0.0026166 0 -0.00256919 -0.000404642 -0.00419338 -0.0047396 -0.00308646 -0.00141427 -0.00281071 -0.00330516 0 0 -0.00102973 -0.00251512 0 -0.00318644 0.00398158 0 0.000382122 0.00335897 0 0 -0.000568987 -0.00160679 0.0050981 0 0 0.0040576 -0.00360805 -0.00226572 0 -0.00314437 -0.00205668 0 -0.00435875 0 0 0 0 -0.00190336 0 0.00421258 0.000121127 0 0 -0.0022143 -0.0101848 0 0.00509905 0 0 0
0.014535 0.0267139 0.00202727 0.000493793 6.15963e-05 0.00458246 -0.0112193 0.00365147 0.000517332 0.0260926 0.0337071 0.0220833 0.0392853 0.014769 0 0 0 0.00220144 0.0113358 0.0392839 0.00297643 0.0251477 0.00164993 0.00263343 0.00628098 -0.00192466 0 0.0044602 0.0625605 -0.000115484 -0.00645769 0 0.00773295 0.0124122 0.00306833 0.00473871 0.00296552 0.00205898 0 0 0.00209897 -0.00352035 0.0261467 -0.00182754 0.00030928 0 0.000292103 0.00382266 0.0176378 0.00114575 0.00849799 0 0.0160211 0.0105397 0.0142267 0.00410405 0.000725708 0 0 0 0 0.0567586 0 0 0.00246335 0.0157583 0.0514537 0.00403098 0.039612 -0.00166374 -0.00175315 0 0.00191583 0.00154304 0.00399433 0.00940367 0.00289059 0.0207313 0 0 0 -0.00966966 0 0.00345413 0.0103811 0.0030919 0 0.0118238 0.0115084 0.0101225 7.16182e-05 0.00241599 0.00101156 0.00676094 0.00115793 0.00515006 -0.00180714 0.00465932 0.00632488 0.0053949 0.00752948 0 -0.00630344 -0.0163322 0.0294377 0.000177196 0.00142286 -3.71871e-05 0.00110018 0.0270634 -0.00693784 0.0292897 0.00319133 0 -0.0110528 0.00528618 0.0176199 -0.0134227 0 0.00650908 0.00572429 -0.00894762 0 0.00267654 0.000898215 0.000279618 0.000388204 0.00302588 0.00664595 0.00661257 0.0285737 -0.000627385 0.00147309 0.00676528 0.0024694 -0.00809086 0 -0.000841759 0.0114389 0.00647403 0.0118481 0 0 0.00175656 0.0332827 0.00302769 -0.00228672 0.00224436 0.00262116 0.00665956 0.00172944 0 -0.0135716 0.00322054 -0.00139914 0 0 -0.00640638 0.00228201 0.020223 -0.000517462 0.000529424 0 0 0.00261759 0 0.00591111 0.00792961 0.00392945 0.00655253 0.00669281 0.00468436 0.00456544 0.00565626 -0.00261755 0.00670239 0.00360747 0.0202718 0.00723697 0.00775161 -0.00573523 0 0 -0.00470644 -0.00165754 0 0.000350297 0.0031851 -0.00493596 0 0 -0.00913535 0.00541294 0.00733897 -0.00126711 0.00395929 0.0103892 0 0.00893635 0 0.010405 0 -0.00182011 0.00435633 0.00341871 -0.00650486 0 -0.00067057 0 0.00527044 -0.0016119 0 0 -1.77154e-05 0 0
0 0 0.0217717 0.021689 0.00144417 0.00427251 0 0.00613392 -0.000525293 0 0 0 0 0 0 0 0 0.00212922 -0.00359372 0 0.00167323 0 0 0.00420347 0.000532529 0.00904231 0.0395147 0 0 0 0.0120323 0.0346853 -0.00601702 -1.90685e-05 0 0 0.0200737 0.00459666 0.0296237 0.0205501 0 -0.0284784 0 0 0.00278554 0.0286268 0.0120736 0.00801347 0 0.000828674 0 0 0 0 -0.000805488 0 0.0189777 0 0.0114252 0 0 0 0 0 0.00692662 -0.00504379 0 0.0088973 0 0.00249506 0.0067394 0.00740094 0.0206354 0.00249444 0 0 0 -0.0210732 0 0 0.00469545 0.00465872 0 0.00756055 -0.0152159 0.000481218 0.0120935 -0.00217448 -0.0137726 0 0 0 0.0111847 0 0.000790329 0 0 0 -0.000403708 0 0 5.68948e-05 0 4.64356e-05 0 0.0236874 0.00109152 0.0191968 0.00777278 -0.00152864 0 0 0 0.0045938 0 -0.000106695 0 0.000749516 0 -1.59441e-05 -1.24026e-05 0 0.000267694 -0.000353317 0 0.0190885 0.0148811 0 -7.81472e-05 0.000784333 0 0 0.00424714 0 0.00585401 -0.0228957 -0.000262643 0.0176283 0 0 -0.00350867 0.0264577 0.00313257 0 0 0 -0.0113343 0 -7.66624e-05 0 -0.00297412 0 0 0 -9.03079e-05 0 0.000181724 0.00488877 0.0051258 -0.0103367 0 0 0 0.00736593 0 0 -0.00877221 0 -0.00774268 0 -0.00212533 0 0.00143686 0 0.0205589 0 0 0 0 0 0.0126846 0.00741015 0.00360368 0.00673862 -0.0144727 0.00748737 0 0.000770354 0.0120307 0 -0.00443063 0 0 -0.017945 -0.000911004 0 0 0.00150833 -0.00362149 0.000131766 0 0.00386389 0.00300762 0 0 0.00805036 0 0.00676922 0.00801681 -0.00307272 -0.013458 0.00108082 6.70754e-06 -0.00551684 0 0
0 0.00735838 0.0159821 0.0306787 0 0.0397906 0 0.00650029 0 0 0 0 0 0.000230833 -0.00146597 0.00220144 0.00212922 0 0.00372801 0 0.00388617 0 -0.000584157 0.0324573 0.00412982 0.0344236 0.00519423 0.0223945 0 0 0.0277822 0.0131912 0.00376691 0.0144005 0 0 0.0052092 0.00576288 0.0286003 0.0142488 0 -0.00628562 0.0167416 -0.000631384 0.00608213 0.0138987 0.00427498 0.0245908 0 0.0165436 0.0070696 0.00211139 0 0.00773623 0.00491224 0.00647443 0.0211037 0.000448915 0.0139238 0 0 0.000879151 0 0.00216115 0.00796491 0.00800512 0 0.021481 0 0.0134156 0.00819763 0.00174289 0.00930078 0.00301768 0 0.00667833 0.00128802 -0.00860173 0 0 0.0089357 -0.00464669 0 0.00863432 0.00141766 0.00842869 0.0110771 0.00447745 -0.00515756 0 0 -0.000128411 0.012708 0 0.00299319 0.0242746 -7.26286e-05 0.00449489 0.00386046 0.00396151 0.007454 0 0 0.0046954 0.00108065 0.0116895 0.00224579 0.014051 0.00844052 0.00257201 -0.000573608 0 0.0171499 0.00146328 -0.00174404 0 0.000864793 -0.00430036 0.00292864 0.00360954 0 -0.00176553 0 0.000279056 0 0.0042226 0.00856632 0.000819233 -0.00620601 0.0161204 0.000545628 0 0.00249422 0.000732334 0.00649923 -0.00675224 0 0.00212278 0 0.0044174 0.0012365 0.00641356 0.000359224 0.00372774 0 0.00138255 -0.0132382 0.000380468 0 0.00495998 0 0 -0.00405639 0 0 0 0.0219708 -0.00287651 0.0284053 0 0.000328493 0.000794761 0 0.00108172 0.0029841 0.0015112 7.36582e-05 0.000192189 -0.00889767 0.0034254 0.000249311 0.00475518 0.00856304 0.00106895 0 0 0.00273757 0.00450562 0 0.00300534 -0.000144668 0.00593105 0 -0.00375843 -0.00678474 0.00175672 0 0.017167 -0.00276286 0 -0.00128029 -0.00491132 0.00297605 0.00051096 -0.00744852 0.00338968 0.00375565 0.000194869 0.00287497 0.000324303 0 0.000630754 0.00247132 0.0016248 0.0011733 -0.0035018 0 0.00296824 0.00137642 0.00116298 -0.00818861 0 0 0 0 0
-0.00144756 0 0.00277186 0 -0.00394044 0.0108776 -0.0102423 0.00624752 0.00425672 0 0 -0.000588773 0 0.000428455 -0.00577438 0.0113358 -0.00359372 0.00372801 0 -0.00121444 0.00875894 0.00087647 -0.000644839 0.00654462 0.00554539 0 -0.00203415 0.0089123 0.000112695 -0.0104851 -0.00490353 0 0.0407412 0.0317113 0.0121166 0 0.00170499 -0.00979276 0 0 0.00528545 0.0177717 0.0235588 -0.00278417 0.00417923 0 -7.41464e-05 -0.00818333 0.000502421 0.00631093 0.0184608 -0.0261041 0 0.0499882 0.0137336 0.00554079 0.00116358 0.000664903 0.00700023 -0.00417424 -0.0148576 0.00887019 0 -0.00225495 0.00670463 0.0199521 0.00242401 0.00549098 0 -0.00290295 8.88583e-05 0 -0.00869359 0.0017499 0.0105174 0.0110743 0.0101092 0.0206276 0.00230003 0 0 -0.0241901 -0.00205661 -0.0120866 0.0225939 0.0106749 0 0.00402386 0.0207404 -0.0052017 0.00270634 -0.000853786 -0.000826194 0.000772433 -0.00863914 0.0113751 -0.00807767 0.0199457 0.0147038 0.0147516 0.0279267 -0.0230358 -0.00171021 2.26141e-06 0.0086356 -0.00772815 0.00324581 0.00297723 0 0.0118892 -0.000906748 0.00254169 0.0076749 -6.3418e-05 -0.0225282 0.0191075 0.00842505 -0.0262332 0.00989522 0.0319195 0.00322837 -0.00607485 0.000607258 0.0113172 0.00592728 0.000525342 0 0.0237308 0.0348726 0.00711988 0.0039175 -0.00102408 -0.0124395 0.00791529 0.00184654 -0.000855904 -0.0318706 -0.00831626 0.00783935 0.023655 0.050676 0.00124209 0 -0.00825073 0 0.0103696 0.00680096 0.00336842 0.00665736 0.0178319 0.003072 0.0103691 -0.00415585 0.00171807 0 0 0 -0.047293 0.00342153 0.00787609 -0.000175176 0.00673406 0 -0.0030232 0.0103704 0.00793818 0.0208543 0.00756194 0.0216504 0.0188379 0.0171101 0.0242107 0.00741945 0.00898589 -0.0128419 0 0.00919686 0.0321334 0 0.0167168 -0.0382762 -0.000217656 -0.00344226 -0.0297794 -0.00127776 0 0.0191707 0.00916824 -0.0317703 0 0 -0.0185072 0.0226481 0.0193769 -0.00177102 0.0105556 0.0157197 0 0.0179991 0 0.00269235 0 -0.00328457 0.0120714 0.014752 -0.0175028 -0.0126068 -0.00792507 -0.00779357 0.0100749 0.00785595 0 -0.0011173 0 0 0
0.0294182 0.00204304 0.000253025 0 0.00864132 9.68961e-06 0.000430194 0 0 0.0295919 0.044634 0 0.0209902 0.0245471 -0.0150481 0.0392839 0 0 -0.00121444 0 0 0.00172746 0.00095744 0 0.000493897 0 0 0 0.00208167 0 -0.0232238 0 0.00272962 0.00215993 -0.0200765 0.00800891 0 0.000237049 0 0 0.00293343 -0.00273726 0.000810724 -0.0126307 0 0 0 0.00155493 0.0113496 0 0.00280595 0 0.00863827 0 0.00227512 0 0 0.000584678 0 0 0 0.00593428 0 0.000320847 0 -0.00277563 0.0430912 0 0 0 0 9.75605e-05 0 0 0.0112517 0.000796621 0.0138184 0.000684812 0.00780417 0 0 -0.000725907 0 0.00221399 0.00266408 0 0 -0.00516562 0.000400928 0.0101716 0 0.030721 0 0.0190584 0 0 0 0 0.00174621 0.000216325 0 0 0 -0.00729383 0.0456541 0 0 0 0.00036032 0.0159951 -0.00370744 0.00107093 0 0 0 0.000500207 0.0244292 -0.000337592 0 0.00179534 0.000904717 -0.00348661 0 0 0.00671982 0 0 0 0 0.0019047 0.0139672 -0.0120889 0 0.0028316 0 -0.000978299 0 0 1.48829e-06 0.000912809 0.00278651 0 0 0 0.0178785 0.000241645 0 0.0119169 0 0.00381478 0.0119865 2.85943e-05 0 0.000148496 0 0 0 -0.00239139 0 0.035246 0 0.000952831 -0.0144551 0 0 0 0 0.0101687 0.000457484 -5.01382e-05 -5.80699e-05 0 5.81991e-05 0.0257096 0 0 0.000537922 0.00489786 0 0 -0.000229493 0 0 0 0 -3.14468e-05 0 0.000386888 0 0 0 -0.00298176 0 0.000774435 0 1.60274e-05 0.000287603 0 0.00657712 0 0.00101361 0 -0.00109083 0 0 -0.00110729 -8.16038e-07 0 0 0.00103592 0 0 0 0 0 0
0 0 0.0182261 0.00705108 0 0.0213099 -0.0129233 0.0131992 0.000515402 0 -1.913e-05 0 0 0 -0.000382646 0.00297643 0.00167323 0.00388617 0.00875894 0 0 0.000230751 0.00313777 0.0035742 0.0148087 9.25926e-05 0.00795478 0.00296835 0 0.000689031 -0.00140227 0.0191741 0.00632306 0.00815853 0.0109832 0 0.0148656 0.00596626 0.00540807 0.0335448 0 -0.00826915 0.00935361 -0.00327569 0.0375619 0.00131444 0.00797191 0.00998005 0 0.0156858 0.00876046 6.20649e-05 0.000799771 0.00902973 0.00608009 0.0010857 0.00301492 0 0.00312843 0 0 0.0135147 0 0.00234708 0.0279518 0.00819144 0.00100625 0.00861976 0 0.00795798 0 0 0.00693525 0.00666887 0.0013877 0.00834047 0.00335462 0.00105083 0 0 0.00778948 -0.00517775 0 0.00898543 0.00523685 0.0167768 0.00123569 0.00888053 0.00140157 0 0 0.00288243 0.0102166 0.000380434 0.0104706 0.00548965 -0.00242693 0.0058051 0.00518601 0.00501825 0.00553907 -0.000522844 5.6825e-06 0 0.00347378 0.00852132 0.0198901 0.00224448 0.00871763 0.00423783 -0.00065452 0 0.0131977 0.0182432 -0.0017107 0.00138134 0.00331061 -0.00367884 0.000546246 0.00615006 0 -0.000881458 0.00117849 0.000863879 0 0.00256134 0.00362905 0.00371426 0.00365161 0.00604463 0.00192772 0 0.00773656 0.00238418 0.0111652 -0.00552473 0 0 0 0.00443627 0.0068984 0.00195096 0 0.00452668 0 0.0184189 -0.00837326 0.00368816 0.00161701 0.00511686 0 0.000833937 0.00245004 0 -1.15266e-05 0 0.000692021 -0.010091 0.00551745 0.00271101 0 0.00293725 0 0 0.00698756 0.00337108 0.00203328 0.00761136 0.000896106 0.00415569 0.00517998 0.0157557 0.0243541 0.0029735 0 0 0.00405579 0.00766951 0 0.00447408 -0.000470443 0 0 -0.00375643 -0.00321951 0.00116043 0.00134139 0.00547252 -0.00422759 0 -0.000558032 -0.00321163 0.00477773 0.00362698 -0.00254832 0.0033988 0.0083357 0.000259064 0.00480382 0 0 0 0 0.00272213 0.00706831 -0.0060965 0 0 0 0.00332097 -0.00753958 0 0 0 0 0
0.0181163 0.0319169 0.00512758 0 0.00339905 0 -0.0733123 0 0 0.00178047 0 0.0341625 0.0498694 0 0.0121706 0.0251477 0 0 0.00087647 0.00172746 0.000230751 0 -0.0291585 0 0.000199488 -0.0278701 0 0 0.04637 -0.0424757 -0.00888489 0 0.00301427 0.000984111 0.0189848 0.0290559 0 0 -0.00148693 0.000907907 0 0 0 -0.00526407 0 0 0 -0.00332602 0 -0.00894413 0 0 0.0255336 0 1.92366e-06 0 0 -0.000207913 -0.0242761 0 0.0128395 0.0388708 0 -0.00999529 0 0.00498531 0.0495452 0 0.0151581 -0.00133723 -0.0130787 -0.00093738 -0.00123853 0 0 0.00532983 0 0.00455123 -0.0052364 0 0.000137168 -0.00805294 0 0 0.0015543 0.000157498 0 0.0221858 0.00145364 0.0190303 0 0.000286321 0 0.00403202 0.00168257 0.00085259 0 0 0 0 0 0 -0.0015213 -0.0356387 0.0040646 0 0.000177255 -0.00243028 0 0.0258634 -0.00144296 0 0.000226365 0 -0.00307461 0.0231065 0.00283007 -2.57608e-05 -0.0112202 0 0.00264035 0 -0.000985 0 -0.00252119 0 0 0 0 0 0.021638 0 0 0.0154451 0.000149358 0 0.019312 -0.00137914 0.000939576 0 0.00346154 -0.00509676 0 0.000584316 0 0.00205517 0 0 0.00410011 0 0.0302475 0.00658503 -0.0381943 0.000139367 0 0 0 0 0 0.0316013 -4.39335e-05 -0.00315437 0.00154006 0 0.000257161 -0.0285059 0 0.0299469 0.00663126 0.00113971 0.00266414 0.000599878 0 0.000345551 0 0.00176226 0 0.00323039 0.00159846 0 0 -4.80972e-05 -0.00184759 0 0 0 0 0 0 0 0 -0.000320168 0 0.00131584 0 0 0 -0.00114337 0.00891139 0 0 0 -0.00567889 0 0.00033356 -0.000532444 0 -0.0025134 -0.00170662 0.0137816 0 0 0 0.00355642 0 0
-0.00807872 -0.014779 0.00328737 0.000795415 -0.00369635 0.00643143 0.244706 -0.00311766 0 0 0 -0.00690961 0 0.0300767 -0.0190216 0.00164993 0 -0.000584157 -0.000644839 0.00095744 0.00313777 -0.0291585 0 0.00455304 0.000564473 0 -3.13558e-05 0.00287104 -0.0340643 0.108816 -0.0048935 0 0.0138856 0.0164363 0.000993452 0 0 0.00258468 0.00159077 0 0.0219542 -0.00316454 0.0137538 -0.00191915 0.00301835 0 -6.70013e-05 0.00681862 0 -0.0110682 0.0130252 0.00408811 -0.021054 0.0122964 0.00365809 0.00169627 0.000807751 0.0207629 0.0018138 -0.0013614 -0.00485804 -0.0166056 0 0.00723437 0.00288244 0.00313577 0 0.0029364 -0.00306493 0.00446694 -0.000101866 0 0.00396013 0.00293257 0.016499 -0.0075457 0.0181244 -0.0139143 0.000282781 0 -6.13193e-05 -0.00705422 -0.00027503 0.00303193 0.013429 -0.0143583 0 0.00410626 0.00706197 -0.00494068 0 0.0092688 0.0034054 -3.59135e-05 0.000900284 0.00525142 -0.00782628 -0.00784387 0.0230455 0.0052192 0.00505332 -0.00429126 0 0 0.00401565 0.000521572 0 0.00493964 0.00202861 -0.00111316 -0.000925932 7.42895e-05 -0.000115707 -5.66316e-05 -0.00357153 -0.00198808 0.00372754 -0.0164836 0 -0.000502596 0.000957001 -0.00180539 0.000999045 0.00705426 0.00903519 0.00263574 0.000979927 0.0095183 0.00908303 0.0067197 0.00106516 -0.00194742 0.00189486 0 0.00290945 -0.00162787 -0.00150391 0 0 0.00487566 0.0168487 0.00271654 0.00152029 -0.00020959 0 0.00341304 0.00526625 0.0495012 -0.00540834 0.00721899 0 -1.30329e-05 0.135401 0 0 0 0 -0.00804231 -0.00648862 0.00358069 0 0.0256569 0 0 0.00281069 -0.00300736 0.00722989 -0.000859067 0.00225607 0.00953171 0.004315 -0.0233645 0.00488091 0.00731617 -0.000814105 -0.0215509 0.00540401 0.00839421 0 0.00830357 -0.0212428 0 0 -0.00985658 -0.00213768 0 0.00128515 0.00507438 -0.00799599 0 -0.00107536 -0.00803176 -0.00995141 0.00319215 -0.0014625 0.0080096 0.00626705 0 0.0107406 0 0.000579435 0 -0.000833847 0.00590986 -7.84686e-05 -0.00881637 -0.00647569 0 0 -0.00679778 -0.000460335 0 -0.000268592 -0.0121014 0 0
-0.000345297 0 0.00872284 0.00624686 0 0.012765 0.00396616 0.00926673 0 0 0 0 0 0 0 0.00263343 0.00420347 0.0324573 0.00654462 0 0.0035742 0 0.00455304 0 0.00308296 0.0073807 0.00393514 0.00760666 0 0.00350115 0 0.00626372 0.00251243 0.0108106 0.000227151 0 0.00449863 0.00711453 0.0167549 0.009755 0.00117482 0.000655168 0.0109265 -0.00200482 0.00764164 0.00929554 0.0015079 0.0102268 0 0.0126083 -0.0058213 0.000785622 0 0.0103599 0.00266479 0.000873045 0.0226896 0.00179994 0.0043649 0 0 0 0 0.000742384 0.0127913 0.00612678 0 0.0223186 -0.0063382 0.00453641 0.000267045 0.00317205 0.0226389 0.00194484 0.00167503 0.00766747 0.000880792 0.0032026 0 0 0.00510675 -0.00403482 0 0.00461884 0.00496028 0.00418666 6.22281e-07 0.00543951 0.00160158 0 0 0.00119623 0.0236494 0 0.00225958 0.00382069 -0.00162322 0.00321065 0.00431469 0.00409555 0.00574124 -0.000671628 0 0 0.00169305 0.00376374 0.000972202 0.012092 0.00752642 0.00122953 0 0 0.00269045 0 -0.00199149 0 0.000866481 -0.00288077 0.00255506 0.0056778 0 -0.0042459 0 0.00116063 0 0.00369414 0.0148592 0.00116998 0.00390612 0.028276 0 0 0.00190488 0 0.0032915 -0.00688895 -0.00745792 0.000664307 0 0.0221428 0.00498152 0.0100662 0 0 0 0.00226542 -0.00506102 0.000349321 0 0.0189913 -0.0100665 0 0.00350524 0 0 0 0.00981202 -0.0048759 0.0240366 0 0 0.00307982 0 0.000317064 0.00521516 0.00117004 -0.00213207 0 0.00174103 0.00363394 -0.00131555 0.00218104 0.00651938 0.00166151 0 0 0.00874853 0.00670243 0 0.00417167 -0.00263545 0.00420562 0 -0.003627 -0.00625759 0.000543336 0.000751984 0.00595916 -0.00380449 0 -0.000988429 -0.00726396 0.00342631 -0.000802535 -0.000661357 0.0041641 0.0030648 0 0.000581513 0 0 0 0 0.00522866 0.00297684 -0.00841361 0 0 0 0 -0.00589682 0.000141288 0 -0.00535695 0 0
