0.921974 0.00996564 0.0172802 0.000129027 -0.0548037 0.043952 -0.0217997 -0.00514954 0.101661 -0.103142 0.149705 -0.0380521 -0.0774261 0.0276659 0.0368586 0.0759521 3.21144e-08 0.0200794 -0.0457996 -0.0638189 0.0295351 -0.0267209
0.00996564 0.905585 0.0689644 -0.0369081 0.176041 -0.0131173 0.0961569 0.0186479 0.0178637 0.0506448 0.0512923 -0.000602625 0.0958932 -0.019639 -0.106912 0.0479233 -7.66386e-07 0.108836 0.0948636 0.0420626 0.0860557 0.0762402
0.0172802 0.0689644 0.817958 -0.0565837 -0.00189724 0.0358217 0.0561559 0.0159035 -0.0722228 0.0953764 0.0447401 -0.0370623 0.194982 0.00599907 -0.08384 0.0517457 1.32686e-07 0.0622475 0.151768 0.11246 -0.0701883 0.105955
0.000129027 -0.0369081 -0.0565837 0.458933 0.0358251 0.0474581 -0.0525196 0.00416931 0.120133 -0.00746722 -0.0275562 0.0684013 -0.114852 0.0375516 0.181033 -0.025396 4.27309e-07 -0.0713421 -0.0746258 -0.0380549 0.107592 -0.0403972
-0.0548037 0.176041 -0.00189724 0.0358251 0.719059 -0.0683611 0.0745332 -0.0108562 0.117538 0.0763003 0.0730859 0.00709532 0.00689188 -0.0511879 -0.0222191 0.0680057 -3.63566e-07 0.140312 0.0294432 0.00205892 0.224478 -0.00592986
0.043952 -0.0131173 0.0358217 0.0474581 -0.0683611 0.426581 0.0108756 0.158233 0.0124177 -0.079274 -0.0219071 0.0727076 -0.00680051 0.289563 0.0952241 -0.0372921 5.9464e-07 -0.0105601 -0.0269647 -0.0246246 -0.103044 0.102399
-0.0217997 0.0961569 0.0561559 -0.0525196 0.0745332 0.0108756 0.235542 0.0484765 -0.0157592 0.0223451 0.0775946 -0.0172423 0.0472388 0.0121714 -0.0999183 0.030678 2.16961e-07 0.114627 0.0369504 0.0186365 0.0045866 0.0550348
-0.00514954 0.0186479 0.0159035 0.00416931 -0.0108562 0.158233 0.0484765 0.368746 0.0174118 -0.036006 0.0125077 0.150124 0.0212256 0.169119 0.0150216 0.0164342 7.07021e-07 0.0366341 0.0223088 0.00869773 -0.060228 0.200112
0.101661 0.0178637 -0.0722228 0.120133 0.117538 0.0124177 -0.0157592 0.0174118 0.874244 -0.237841 0.0583062 0.00542522 -0.107962 0.0130201 0.0556238 0.0209662 -1.36854e-06 -0.00810778 -0.112469 -0.103404 0.175704 0.0516846
-0.103142 0.0506448 0.0953764 -0.00746722 0.0763003 -0.079274 0.0223451 -0.036006 -0.237841 0.934388 0.0343122 0.0212113 0.150076 -0.0843522 -0.016923 0.0207391 8.84406e-07 0.046264 0.106643 0.122235 0.0925923 0.00155336
0.149705 0.0512923 0.0447401 -0.0275562 0.0730859 -0.0219071 0.0775946 0.0125077 0.0583062 0.0343122 0.688669 0.0112922 0.0464633 -0.0122902 -0.040506 0.0580657 1.39274e-06 0.0947188 0.0222463 -0.0096883 0.0607451 0.0534865
-0.0380521 -0.000602625 -0.0370623 0.0684013 0.00709532 0.0727076 -0.0172423 0.150124 0.00542522 0.0212113 0.0112922 0.463323 0.00271018 0.0816464 0.0825527 0.0069135 1.24517e-06 -0.0200152 0.000604855 -0.00173797 0.0155819 0.0516279
-0.0774261 0.0958932 0.194982 -0.114852 0.00689188 -0.00680051 0.0472388 0.0212256 -0.107962 0.150076 0.0464633 0.00271018 0.994344 0.00157465 -0.121262 0.0565776 3.98014e-07 0.0758782 0.359822 0.279232 -0.109676 0.0878771
0.0276659 -0.019639 0.00599907 0.0375516 -0.0511879 0.289563 0.0121714 0.169119 0.0130201 -0.0843522 -0.0122902 0.0816464 0.00157465 0.39928 0.055584 -0.0165335 2.56555e-07 -0.000593066 -0.0221378 -0.00877156 -0.0886809 0.0768263
0.0368586 -0.106912 -0.08384 0.181033 -0.0222191 0.0952241 -0.0999183 0.0150216 0.0556238 -0.016923 -0.040506 0.0825527 -0.121262 0.055584 0.71123 -0.0855332 1.34117e-06 -0.104785 -0.106609 -0.0518585 0.116918 -0.0495885
0.0759521 0.0479233 0.0517457 -0.025396 0.0680057 -0.0372921 0.030678 0.0164342 0.0209662 0.0207391 0.0580657 0.0069135 0.0565776 -0.0165335 -0.0855332 0.531713 -1.06064e-06 0.0706923 0.078366 0.0179903 -0.00586887 0.0419498
3.21144e-08 -7.66386e-07 1.32686e-07 4.27309e-07 -3.63566e-07 5.9464e-07 2.16961e-07 7.07021e-07 -1.36854e-06 8.84406e-07 1.39274e-06 1.24517e-06 3.98014e-07 2.56555e-07 1.34117e-06 -1.06064e-06 3.34474e-09 9.9476e-07 1.37181e-06 1.66108e-06 -5.71523e-07 9.65697e-07
0.0200794 0.108836 0.0622475 -0.0713421 0.140312 -0.0105601 0.114627 0.0366341 -0.00810778 0.046264 0.0947188 -0.0200152 0.0758782 -0.000593066 -0.104785 0.0706923 9.9476e-07 0.286022 0.0786111 0.0454214 0.0369835 0.0554158
-0.0457996 0.0948636 0.151768 -0.0746258 0.0294432 -0.0269647 0.0369504 0.0223088 -0.112469 0.106643 0.0222463 0.000604855 0.359822 -0.0221378 -0.106609 0.078366 1.37181e-06 0.0786111 1.07037 0.493871 -0.0905482 0.063885
-0.0638189 0.0420626 0.11246 -0.0380549 0.00205892 -0.0246246 0.0186365 0.00869773 -0.103404 0.122235 -0.0096883 -0.00173797 0.279232 -0.00877156 -0.0518585 0.0179903 1.66108e-06 0.0454214 0.493871 0.937738 -0.0301733 0.0558966
0.0295351 0.0860557 -0.0701883 0.107592 0.224478 -0.103044 0.0045866 -0.060228 0.175704 0.0925923 0.0607451 0.0155819 -0.109676 -0.0886809 0.116918 -0.00586887 -5.71523e-07 0.0369835 -0.0905482 -0.0301733 0.854631 -0.0726557
-0.0267209 0.0762402 0.105955 -0.0403972 -0.00592986 0.102399 0.0550348 0.200112 0.0516846 0.00155336 0.0534865 0.0516279 0.0878771 0.0768263 -0.0495885 0.0419498 9.65697e-07 0.0554158 0.063885 0.0558966 -0.0726557 0.661776