0.839697 -0.0600772 -0.00572956 -0.00342977 -0.0503596 -0.0016477 0.0114882 -0.00386795 0 -0.0365799 -0.0320646 -0.044965 -0.0290625 -0.0170147 -0.0152773 -0.0268538 -0.00199658 -0.000415938 0 -0.0330269 -0.00266932 -0.0202299 0.00728108 0 -0.00258228 5.60971e-06 -0.00146346 0 -0.0231365 0.0135917 0 -0.0084416 0.00810261 0 0 -0.0179014 -0.00210291 -0.00454236 -0.000285795 -0.00548623 0 0.00155784 0 -0.000224258 -0.00151776 -0.000292528 -0.00411622 -0.00104964 -0.00929963 -0.00356995 0 0.00492696 -0.0298554 9.32584e-06 0 0 -0.00196587 0 0 -0.0642351 -0.0242228 -0.0099398 0 0 -0.00337506 0 -0.0176547 -0.00382812 -0.0133212 0 0 7.40497e-06 -0.000624546 0 0 -0.00221147 0 0 0 0 -0.00872592 -0.00568366 -0.0701728 -0.00380112 0 -0.000781631 0 0 0 -0.0217458 0 -0.00356594 -0.00207643 -0.00163387 -0.0056727 0 -0.00685906 0 0.0120487 0 0 -0.0248111 0 0 -0.00060897 -0.00346809 -0.00121243 0 -0.00598134 -0.00749688 0.00385129 -0.00635937 -0.00193303 -0.00266436 0 -0.000892869 -0.000630185 -0.0179754 0 0 0 0 0 0 0 -0.00105915 -0.00267282 0 0 -0.00247373 -0.0210939 0 -0.00281417 -0.00128034 -0.00203734 0.00279132 0 0 -0.00050642 -0.000211655 0 0 0 0 -0.00759711 0 0 0 0 0 -0.00109412 0 0.00310454 -0.000437421 0 0 -0.00421095 -0.00753498 -0.0043882 -0.00197136 0 0.00136929 -0.000589663 0 0 9.02731e-06 0 0 0 0 0 0 0 0 -0.000395101 -5.25725e-06 0 0 -0.00062208 0 -0.0162231 0 0 0 0 0 0 0 -0.00516768 0 0 0 0 0 0 0 0 0 0 0 0 0 0 0 0 0 0 0 0 0 0 0 0 0 0 0
-0.0600772 0.812701 -0.00410932 -0.000593241 -0.0668494 0 0.0220195 -0.00175987 -0.00794834 -0.0499936 -0.016451 -0.0658328 -0.0328964 -0.0182757 -0.00881883 -0.0310062 -0.00238439 -0.00148733 0 -0.0204018 -0.00190911 -0.0244799 0.00930705 0 -0.00131385 0 0 -0.000489623 -0.016463 0.0223963 0 -0.000647002 0 -0.00030593 -0.00141474 -0.017792 -0.000778929 0 0 -0.00346589 0 0.000576955 0 -0.00109817 -0.000549321 -0.000596355 -8.98389e-05 0 -0.0152811 -0.00195071 0 0 -0.00643232 0 -0.0038399 0 -0.00102379 0 0 -0.0251025 -0.0152431 -0.0139389 0 0 -0.000748831 -0.000590007 -0.0137503 -0.00335793 -0.0186238 0 0 0 0 0 0 -0.00119167 0 0 -0.00130517 0 -0.00583887 0 -0.0341285 -0.00385966 0 -0.00111245 0 -0.00053795 0 -0.0186773 0 -0.00171102 -0.000804628 -0.00488822 -0.00219268 0 -0.007673 0 0 0 0 -0.0215444 0 0 -0.0065235 -0.00125779 0 0 -0.00680604 -0.0223732 0.000170192 -0.00240726 -0.00843141 0 0 0 -0.00789168 -0.0072479 0 0 -0.00122104 0 0 0 0 -0.000218041 -0.000176596 0 0 -0.000665691 -0.0310614 0 0 0 -0.000882455 0 0 0 -0.00338473 -0.000285301 0 0 0 -0.000390968 -0.00373879 0 0 0 -0.000315273 0 -0.00947121 -0.000781175 0.00420791 -0.000325181 0 0 -0.0064955 -0.00504686 -0.00307157 -0.00360742 0 0.00215534 -0.00301534 0 0 1.00271e-05 0 0 0 0 0 0 0 0 0 -0.033168 0 0 -0.00275394 0 -0.00670549 0 0 0 0 0 0 0 -0.0029757 0 0 0 0 0 0 0 0 0 0 0 -0.00058932 0 0 0 0 0 0 0 0 0 0 0 0 0 0 0
-0.00572956 -0.00410932 0.868215 -0.0145217 -0.0049032 -0.051807 0 -0.0620463 0 0 -0.00116279 -0.000119415 0 -0.00295289 0 -0.0033058 -0.0104522 -0.0110132 0.0137246 -0.000785394 -0.0169377 -0.000977558 -0.000183205 -0.00740855 -0.0179887 -0.00410985 -0.0160122 -0.00531526 -0.00122166 0 -0.000859882 -0.0179042 0.014486 -0.00915935 -0.00202164 0 -0.0232879 -0.0245072 -0.00728381 -0.0179487 0 0.0107618 -0.01971 0 -0.0101204 -0.00577241 -0.0201207 -0.0096276 0 -0.00997605 -0.00404188 0 -0.00452278 -0.00594316 0.0132774 -9.73117e-05 -0.0155215 -3.97958e-05 -0.00404291 0 -0.000232235 -0.00300783 0 0 -0.0134464 0.000737531 0 -0.0361474 -0.000898295 -0.022816 -0.00177844 -0.00221207 -0.00873444 -0.011125 0 -0.0104726 0 0 0 0 -0.0367367 0 -0.000450531 -0.0149354 0.00656728 -0.00670326 -0.00333862 -0.00573724 0 -0.000717656 0 -0.00363311 -0.0129878 0 -0.0126676 -0.00591295 0 -0.00129218 0 -0.00157828 0.00691507 -0.00718622 0 -0.002763 0 -0.0144267 -0.00903493 -0.00364307 -0.0239939 -0.000129753 0 0 -0.00962799 -0.01211 0 0 0 0 -0.00232591 -0.00274376 0 0 -0.0037402 0 0 -0.0114584 -0.0219438 0 0 -0.0108192 -0.00265061 -0.000448129 -0.0309362 -0.00134952 -0.0283181 0.00419969 0 -0.0016695 0 -0.00699882 0.00324631 -0.00705112 -0.00142153 -0.0052316 0 -0.0026524 0.00203417 -0.00131762 -1.60709e-05 -0.00482412 0 0 0 -0.00075533 0 0 -0.00437826 0 -0.00768432 -2.61381e-05 -0.000855748 0 0 -0.00219998 -0.00660784 -0.00287775 0 0 0 0.00230744 0 -0.00200569 -0.00611182 0 0 0 -0.00448197 -0.00408235 0 0.0032456 0 -0.000435486 -0.000206467 0 0.000304479 -0.00292655 -0.000310583 -0.00506277 0 0 0 0 -0.000183353 0 0.00127627 -0.0003567 -0.00175722 -0.00160631 0 -0.00152594 0 0 -0.00176551 -0.000516461 -0.001856 0 0 -0.000455372 0 0 0.000780792 0 0 0 0 0
-0.00342977 -0.000593241 -0.0145217 0.845175 -0.00562604 -0.0225811 0 -0.0150172 0.0181596 0 -0.00514674 9.37924e-06 1.10099e-05 -0.00259448 0 0.00117517 -0.0212362 -0.0277333 0.010237 -8.24992e-05 -0.0106541 1.05262e-05 0 -0.00915358 -0.00622583 -0.0313612 -0.0157876 -0.0175199 1.17956e-05 0 -0.011123 -0.0250848 0 -0.00405666 0 0 -0.0096443 -0.0482258 -0.0252936 -0.0110648 0 0.0104352 -0.0121245 1.78729e-06 -0.0252558 -0.0195445 -0.0787187 -0.0177691 0 -0.0136017 -0.00304589 0 -0.00162598 -0.00745321 0.0024434 -0.00181632 -0.0102434 0 -0.0202444 -0.00046545 -0.00166354 1.68541e-05 0 -0.00149422 -0.0189275 0.0123119 8.79137e-06 -0.0204278 0 -0.0104329 -0.0201225 -0.00323489 -0.0117202 -0.0343895 0 -0.00761282 0 0.0269009 0 0 -0.0161128 -0.012321 -0.00286992 -0.0245047 0 -0.0083892 -0.02006 0.0217076 0 0 0 -0.00338675 -0.0124685 0 -0.00873197 -0.00783724 2.90803e-06 -0.00225994 0 0.0043668 0 -0.000296999 -0.00082126 -0.0112515 0 -0.164111 -0.00962283 -0.00862719 -0.0174739 0 0 0 -0.0129855 -0.0236885 0 1.01087e-05 0 0 -0.00758348 0 0 0 -0.00988579 1.1129e-05 0 -0.0099818 -0.0185124 0 0 -0.0124434 0.00606422 -0.0012705 -0.0141255 0 -0.0118778 0.00483196 0 -0.00547961 0 -0.0056594 0 -0.00942468 -0.001801 0 -0.000746704 -0.000225424 0.00751368 0 0 -0.00362329 8.57123e-06 0 0 0 0 0 -0.00465599 0 -0.0140739 1.33462e-05 -0.00361932 0 0 -0.00278567 -0.00617566 -0.0060277 0 0 1.4785e-05 -0.000481498 0.0282017 -0.00367583 -0.00716796 0 -0.00154362 0 -0.0053778 -0.00257529 0 0.00436924 -0.00635045 -0.0020774 -0.0017663 0 0 -0.0142005 0 -0.00656285 0 0.0100961 0 0 0 1.46282e-05 0.00128938 -0.000236934 -0.00348241 -0.00887135 1.62318e-05 -0.00396331 0 -0.000742261 -0.00286525 0 -0.000825842 0 0 -0.00178309 -0.0022564 0 0.00442722 -0.00371465 0 6.01759e-06 0 0
-0.0503596 -0.0668494 -0.0049032 -0.00562604 0.847747 0 0.00912285 -0.00624605 0 -0.0746318 -0.016419 -0.0656553 -0.0295698 -0.0240567 -0.045161 -0.00815832 -0.0146073 0 0.00237625 -0.0109951 -0.000820621 -0.0106921 0.00388061 0 -0.000600715 0 -0.00289444 0 -0.0164747 0.00362933 -0.00997799 -0.00464444 0.0233175 2.69056e-06 0 -0.0106866 -0.00268602 -0.0058174 -0.0020559 -0.00212962 0 0.0016417 0 0 -0.00312095 -0.000852571 -0.0149271 0 -4.06523e-05 -0.00327354 0 8.43169e-06 -0.0199456 0.001983 0 0 -0.00165476 0 0 -0.0490476 -0.00916057 -0.00240268 0 0 -0.00246044 0.00707253 -0.00261594 -0.00424401 -0.00730904 0 0 0 0 0 0 0 0.000189996 0.010961 0 0 -0.0211016 -0.00601537 -0.0232658 -0.00575697 0.0156863 0 -0.00214195 0.000847225 0.00658344 -0.0117744 0 0 -0.000137159 0 -0.00376836 0 -0.0048018 0.000434531 0.00439089 0.000976412 0.00121899 -0.0103091 0 0 0 -0.00468823 0 0 -0.00559804 0 0 0 0 -0.00271437 0 0 0 -0.0102085 0 0 0 0 -0.00210864 0.00305961 0 0 -0.00221591 0.00146208 0.000651085 0 -0.0138086 0 -0.0028485 0 -0.00551317 0 0 0 0 0 0.00471552 0 0 0 -0.00151615 0 0 0 0 0 0 0 0.00105773 0 0 0 -0.00298441 -0.0109613 -0.00342976 0 0 0.000879848 0 0 0 0 0.00755522 0 0.00589541 0.00066529 0.0115147 0 0 0.000773253 -0.00166057 -0.00160119 0 0 0 0.000790259 -0.0131108 0 0 -0.00064026 0 -0.000228305 0 0 -0.0106347 0 0 0 0 0.00858423 0 0 0 0 0.00190925 0 0 0 0 0 0 -0.00171951 0 0 0 0.00507364 0 0 0 0 0 0
-0.0016477 0 -0.051807 -0.0225811 0 0.849034 0.00200315 -0.0293231 0 0 8.51025e-06 0 1.39002e-05 0.00324614 0 0.00234362 -0.00424912 -0.043534 -0.0166377 -1.78471e-05 -0.0123757 1.42386e-05 -0.00333594 -0.0267772 -0.0117592 -0.00635993 -0.00309606 0.00614014 1.52147e-05 -0.0020294 -0.000780321 -0.00986551 -0.00365056 -0.0238305 0.00160466 4.06851e-06 -0.00759295 -0.019492 -0.00837358 -0.00632322 -0.000956268 0.0078155 -0.0477277 0 -0.0179911 -0.00537208 -0.0144658 -0.0124307 0 -0.0132719 -0.00431834 -0.000307212 -0.000315902 -0.013741 0.00310755 -0.00319777 -0.00998647 -0.00154371 -0.00798692 0 3.94076e-06 0.00406059 6.77569e-06 -0.00118631 -0.020057 -0.007681 0 -0.0196963 0 -0.111301 -0.000750717 -0.00329709 -0.00950517 -0.010154 -0.000107702 -0.0169443 -0.00136202 0.0202595 0 0 -0.0153214 0.00323187 0 -0.0117792 -0.00907453 -0.0128929 -0.000932111 -0.0107491 0.00604338 0 0 -0.00449924 -0.0130637 -0.000226516 -0.00756887 -0.0122361 0.00498348 -0.00783389 -0.00603022 -0.00739607 -0.00502626 -3.07441e-07 0 -0.00466387 -0.000319159 -0.0160972 -0.00861322 -0.00531227 -0.0104194 -0.00536648 0 0 -0.0112593 -0.00627613 0.000869874 0 -0.00110092 0.00304429 -0.00653005 0.00450165 -0.00093177 0 -0.00816423 0.000495222 -0.000989962 -0.0104784 -0.0116162 -0.00340296 -0.00410337 -0.0187911 -0.00355664 0 -0.0157408 -0.000218723 -0.0136194 0.00589318 0 0 -4.49575e-05 -0.0137153 -0.0069991 -0.00987279 -0.00241024 -0.00636264 0 -0.00486164 0.000675824 -0.00215919 -0.0012863 -0.0136371 0 -0.00123026 -0.00084319 -0.000928545 0 0 -0.0147639 0.00508687 -0.00975962 -0.00162982 -0.00156212 -0.00168677 0 -0.00278997 -0.0109182 -0.00852235 0.0104857 0 -0.0012593 -0.00848548 0.00469119 -0.00670095 -0.00862465 -0.000667325 0 0 -0.011793 -0.00755104 0 -0.00835684 0.00273725 -0.00140522 -0.000742549 0.00197701 0 -0.00130172 -0.00175612 -0.00801211 0.00416296 0 0 0.00815557 -0.00321232 0.0117223 0.000795163 -0.00515413 -0.00439814 -0.00120213 -0.00369546 -0.00039615 -0.000177039 -5.85616e-05 -5.02018e-05 -0.00259938 -0.0039905 0.0168157 0 0 0 0.0102575 0 0 0 0 0 0
0.0114882 0.0220195 0 0 0.00912285 0.00200315 0.671554 0 0 0.00202979 0 0.00478155 0 -0.00136497 0.0200164 0 8.91488e-07 0.0364133 0.0261965 -0.0245643 0 0.0287318 -0.237358 -0.00170401 -0.00670989 0 0 0.0301199 0.0178714 -0.21538 0.00731685 0.0152892 -0.00925304 -0.0133644 8.21566e-06 0.012312 0.0094049 -0.00173645 0 0.0145732 -0.019005 0.000259985 -0.00873118 0.0157541 -0.000211466 0 0 -0.00497517 0 0.0170629 -0.0364357 -0.0149467 0.00959978 -0.00766134 0.00894722 0 0 -0.0252879 -0.00094121 0.00507212 0.014381 0 0.0113788 -0.034581 0 0.014331 0 0 0.0190658 -0.00270092 0 -4.68281e-05 -0.00184975 -0.00458795 -0.0345079 -0.0169564 -0.0233352 0.00234586 -0.00733105 -0.000466926 0.0153697 0.00671169 0 -0.00117793 -0.00843913 8.84159e-06 0 -0.00109585 -0.00188074 0.00314426 0 -0.00494586 -0.000367898 0 -0.000436278 -0.00361724 0.0166806 -0.00930245 -0.013444 0.00591788 -0.00760101 0.00516396 0 0 0 0 0 -0.0228638 -0.000373486 0 0 0 0.0427817 0 0.00149463 0 0 0.00882668 -0.000244717 -0.00749039 0 0 -0.0198416 -0.00556312 -0.0186371 -0.00173679 0 -0.00583252 -0.00634206 0.00168442 0.000361278 0 -0.00346959 6.24125e-06 -0.00226401 0 0 0 0 -0.0024556 -0.0142272 -0.0116912 -0.00280062 0 0 -9.26889e-05 0 -0.0401926 6.42492e-06 -0.00365012 0 6.73123e-06 -0.165852 0 0 -0.000649385 0 0.00661028 0 -0.00661433 0 -0.0395761 0 -4.72955e-05 -0.00247326 -0.00522175 -0.00557624 0 -0.00705051 -0.00696013 -0.00240085 0.0256686 0 -0.0292376 0 0 -0.00543988 0.00020622 0 -0.00804621 0.000295729 0 0 0.00134751 0 0 -0.00190093 -0.00290576 0.00237183 0 0 0.00302637 0 0.00743072 0 -0.00258026 -0.00195687 0 -0.00541825 0 -0.000608356 0 0 -0.00131855 0.0207645 0.00189821 0.00591237 0 0 -0.0015647 0 0.00462068 0 0 0 0
-0.00386795 -0.00175987 -0.0620463 -0.0150172 -0.00624605 -0.0293231 0 0.813366 0 -4.01061e-05 -1.69144e-05 -0.000891611 0 -0.00313409 0 -0.00450786 -0.0103673 -0.00934254 -0.00702446 0 -0.0324422 -0.00121232 0 -0.00772137 -0.0217308 -0.00465204 -0.00667075 -0.00524964 -0.00227328 0 -0.00296084 -0.0134204 0.0180551 -0.0113919 -0.00188843 0 -0.0174948 -0.0109046 -0.00553553 -0.00549393 0 0.00892151 -0.0288525 0 -0.00998981 -0.00389642 -0.0150486 -0.00806821 0 -0.0197364 -0.00350628 0 -0.00484566 -0.00750765 0.0153286 0 -0.00931751 0 -0.00345186 -6.50681e-05 0 -0.00328039 0 0 -0.0162341 -0.00332693 0 -0.0187391 -0.000642113 -0.0071211 -0.00940047 -0.000395693 -0.00633727 -0.00964437 0 -0.011577 0 0.00220006 0 0 -0.0344433 0 -0.000115344 -0.0194277 0.0110783 -0.023536 -0.005141 -0.00551944 0 0 0 -0.00502044 -0.00764502 0 -0.0137782 -0.00560986 0 -0.0033417 0 -0.00326526 -0.00429134 -0.00258741 0 -0.0043481 0 -0.0144877 -0.00535885 -0.00276746 -0.0192804 -0.00105344 2.63741e-06 0 -0.0121682 -0.00700506 0 0 0 0 -0.00330991 -0.00235231 0 0 -0.00891851 0 0 -0.00634185 -0.0152205 0 0 -0.0259025 -0.00327474 0 -0.0302035 -0.000287996 -0.0161962 0.0035419 0 0 -0.000904527 -0.00733384 -7.18144e-05 -0.00521799 -2.6473e-05 -0.00622544 0 -0.00480424 0.00176634 -0.000868365 -0.00180529 -0.00562187 0 -0.00142966 0 -0.00113782 0 0 -0.0042218 0 -0.0155128 -0.00026257 0 0 0 -0.00117955 -0.0105041 -0.00401398 0 -0.000622636 0 0.0148674 0 -0.00436253 -0.010662 0 0 0 -0.00415736 -0.00598717 0 0.0018474 0 0 0 0 0 -0.00156514 0 -0.0055008 0 0 0 7.99296e-05 -0.0019589 0 0.0013126 -0.000965408 -0.00265171 -0.00494793 0.000633916 0 0 0 0 -0.00221502 -0.0032794 0.00116337 0 0 0 0 0.000486286 -0.000321441 0 0 0 0
0 -0.00794834 0 0.0181596 0 0 0 0 0.478654 -0.00395985 2.54591e-06 0 -0.000769576 0 -4.05528e-06 -0.00519208 0 -0.00117292 -0.00744329 0 0 -0.00387218 0 0 -0.00383796 0 0 -0.00129802 -0.0110739 6.54764e-06 -5.06277e-07 0 -0.0131729 -0.00300055 -0.0061105 0 0 0.0209597 0 0 0 -7.35034e-06 0.00441143 0.0880411 7.98684e-06 0 0.0078047 0 -0.00151988 0 -0.00310528 -0.00499846 0 -0.00645676 -0.0057936 -0.00462642 0 0 0 0 0 -0.00466275 0.0511125 0 0 -0.0089638 -0.000341681 0.000716772 -0.00749098 8.5735e-06 0 0 9.11237e-06 0 0 0.00125636 -0.000440077 -0.0270543 0 0 0 0.00096257 0 0 -0.00787515 -0.000159243 0 -0.00931679 -0.00634987 -0.00231105 -0.00765071 0 0 -0.00437564 -0.00125935 -0.00515218 -0.0243038 -0.00548446 -0.00506774 -0.00664082 -0.00368316 -3.11853e-06 0 0 -0.00305904 7.98217e-06 -0.000978442 0 0 -0.00997119 0 0 -0.00295687 0 0 0 -0.00533046 0 0 -0.00528591 -0.000553701 0 0 -0.00529107 0 0 0 -0.0016492 -0.00651625 1.21048e-05 -0.0020364 0 0 0 0 0 0 0 -0.00182083 0.00129769 -0.00924675 0 0 -0.0216724 0 -0.000384435 0 0 -0.00102996 -0.00272 -0.00338625 -0.00416991 0 -0.000322796 0 0 -0.00196628 -8.38813e-06 0 -0.00345123 0 0 0 0 -0.000850322 -0.00182385 -0.00815515 -0.00327438 -0.00665632 -0.00682294 -0.0101888 -0.000849187 -0.000187313 -0.00129959 0 0 0 -0.00369561 0 -0.00494624 0 0 0 0 0 0 -0.0015342 0 0.00046239 -0.0221786 0 0 -0.00341533 -0.016987 0 0 0 0 -0.00605672 0 -0.000947201 0 0 -0.0017625 0 0 0 0 0 -0.00563499 0 0 0 -0.00140314 0 0
-0.0365799 -0.0499936 0 0 -0.0746318 0 0.00202979 -4.01061e-05 -0.00395985 0.798871 -0.0280544 -0.0304872 -0.0247741 -0.00977039 -0.0126757 -0.0226756 0 0 0 -0.0468136 0 -0.0184319 0 0 0 -9.70957e-05 0 0 -0.0160423 0.00342836 0 -1.84055e-05 0 0 0 -0.0072879 0 -0.00032748 0 0 0 0 0 0 0 0 0 0 -0.00504211 0 0 0 -0.0034218 0 0 0 0 0 0 -0.0338079 -0.0130893 -0.0197123 0 0 0 0 -0.0200571 -0.000925654 -0.00537561 0 0 0 0 0 0 0 0 0 0 0 -0.000668704 -5.43468e-05 -0.0160295 -0.000702413 0 -1.62171e-05 0 0 0 -0.0242517 0 -0.00246315 0 -0.0258961 -0.000813848 0 -0.0175674 0 0 0 0 -0.00995375 0 0 -0.00297795 0 -0.000376534 -0.000602249 -0.000145306 -0.00608598 0.000201116 -0.0013176 0 0 0 0 -0.00675021 -0.0172624 0 0 -0.00326513 0 0 0 0 0 0 0 0 -0.000204501 -0.011873 0 0 0 0 0 0 0 -0.000605844 0 0 0 0 0 -0.00253101 0 0 0 0 0 -0.0027311 0 0 0 0 0 -0.00293681 -0.00665051 -0.000360764 -0.0170784 0 0 -0.00219361 0 0 0 0 0 0 0 0 0 0 0 0 0 0 0 -0.00837621 0 -0.00450118 0 0 0 0 0 0 0 0 0 0 0 0 0 0 0 0 0 0 0 -0.00741458 0 0 0 0 0 0 0 0 0 0 0 0 0 0 0
-0.0320646 -0.016451 -0.00116279 -0.00514674 -0.016419 8.51025e-06 0 -1.69144e-05 2.54591e-06 -0.0280544 0.573824 -0.0128249 -0.0377588 -0.0799898 0 -0.0283695 -0.00267693 8.23511e-06 0.0192797 -0.051923 8.0677e-06 -0.00208776 0 7.12393e-06 8.01142e-06 -0.00119678 -0.000462774 -0.00120221 -0.0100951 0 0.000173034 -0.00567685 0.0246063 7.16539e-06 0.0113762 -0.0201318 -0.000634206 -0.00656015 -0.000677123 -5.61196e-05 -0.0256563 0.00499274 7.46577e-06 0 -0.0058064 -0.000974764 -0.00456259 -0.000651104 -0.015405 -0.00218726 0 0 -0.00470058 0.0139575 0 0 0 -0.00134826 0 -0.0214972 -0.0153644 -0.018858 -0.000934598 0 -0.00232353 6.31294e-06 -0.0191351 -0.00151787 -0.00350396 -0.000146312 -0.0113575 5.42444e-06 -0.0015121 -0.000608022 -0.0171071 -0.000204438 0 0 -0.0290521 0 -0.000861674 -0.00755978 -0.0219996 -0.0106301 0.0116195 -0.000847414 0 6.76515e-06 0.00550652 -0.0116102 0.00121113 -0.0343016 -0.000721952 0 -0.00280802 0 -0.00639627 0.00260377 0 0.00618229 0.00426531 -0.0138194 2.85363e-06 6.02725e-06 0 -0.00246141 6.36533e-06 -0.013113 -0.00531536 -0.00273909 0.0141903 -0.000113663 8.13781e-06 -0.00188529 0 -0.000820566 0 -0.0145185 0 0.000781276 0 0 0 0.0116051 -0.0196654 -0.00101451 0 0 0 -0.000575755 -0.0141671 0 -0.00177751 -0.0114409 -0.00153865 0.000816336 0 0 0 0 0.00248535 0 0 6.99366e-06 -0.207353 0 0 -0.0345665 0 0.021361 -0.00133773 0 0 0 0 0 -0.000809744 -0.00161678 -0.00191424 -0.00905368 0 0 0 0 7.34969e-06 0.00819698 0.0013488 0 5.09609e-06 6.36825e-06 0.0162254 5.66345e-06 0 0 -0.0034775 0 5.88532e-06 6.41501e-06 0 0 -0.00902965 4.73547e-06 0 -0.000994703 0 0 2.30296e-06 0 -0.0249116 0 0 0 0.00933486 0.00267496 0 0 -0.000290858 0 5.71022e-06 0 0 0 0 0.00213239 0 -0.0068284 0 0 0 0 0 0 0 0 0 0
-0.044965 -0.0658328 -0.000119415 9.37924e-06 -0.0656553 0 0.00478155 -0.000891611 0 -0.0304872 -0.0128249 0.813028 -0.0353153 -0.0120632 -0.03694 -0.0280155 -0.000476956 0 0 -0.0124392 -0.000638052 -0.039438 0.00186837 0 -0.00139842 0.00674941 -0.000166389 8.11883e-06 -0.0133508 0.0015731 0 0 0 0 -0.000297109 -0.0315861 -0.00256086 -0.00115388 0 -0.00225171 0 -8.70994e-06 0 -0.000467539 0 0 -6.06079e-06 0 -0.00712392 -0.000264973 0 0 -0.010911 9.40501e-06 0 0 -0.00145409 0 8.30221e-06 -0.029911 -0.012856 -0.0178697 0 0 0 0 -0.0505091 -0.00207232 -0.0113261 0 0 6.87983e-06 0 0 0 -0.000526998 0 0 0 0 -0.00139875 -0.00262355 -0.0152334 -0.00137164 8.32045e-06 0 0 0 0 -0.0233394 0 -0.00170283 0 -0.00630796 -0.00147329 0 -0.00494876 0 7.58621e-06 0 0 -0.0148465 0 7.42613e-06 0 0 0 0 -0.0013474 -0.00408798 0 -0.00106849 -0.000315884 0 0 -0.00251287 0 -0.0111894 8.36932e-06 0 -0.000612981 0 0 0 0 0 -0.000110965 0 0 0 -0.0332212 0 0 -6.23275e-05 -0.000265026 0 0 0 -0.00723357 -0.000205166 0 0 0 0 -0.00500153 -1.2779e-05 0 0 0 0 -0.0108761 0 0 -0.00050435 0 0 -0.00247995 -0.00410418 -0.000724202 -0.00405277 0 0 -0.00398085 0 0 0.00998163 0 0 0 0 0 0 0 0 -0.000307898 -0.00526326 0 0 -0.0119881 0 -0.00450427 0 0 0 0 0 0 0 -0.00325662 0 0 0 0 0 0 0 0 0 0 0 0 0 0 0 0 0 0 0 0 0 0 0 0 0 0 0
-0.0290625 -0.0328964 0 1.10099e-05 -0.0295698 1.39002e-05 0 0 -0.000769576 -0.0247741 -0.0377588 -0.0353153 0.7922 -0.0220182 -0.0144031 -0.0273183 0 0 0 -0.0317308 0 -0.0379231 0 0 -1.87662e-05 5.51109e-06 0 0 -0.0222916 0 0 0 0 0 -0.00122613 -0.0121242 0 0 1.1363e-05 0 0 0 0 -0.00059007 0 0 8.85436e-06 0 -0.0105907 0 0 0.0100946 -0.0142322 1.25397e-05 -0.00367907 0 0 0 1.02523e-05 -0.0180545 -0.0147892 -0.0155713 -0.00268136 0 0 -0.000806679 -0.0357612 1.33519e-05 -0.0184497 1.0487e-05 0 0 1.20163e-05 0 -0.000220724 -0.00132173 0 -0.00030593 -0.00247567 0 0 0 -0.0205515 -0.00234648 0 0 0 -0.00205006 0 -0.0516298 0 -0.0129668 0 -0.00534467 -0.000410789 0 -0.0105581 0 0 0 0 -0.0215225 0 9.00175e-06 -0.00421293 0 0 -0.000646452 -0.00143539 -0.0107154 0.000732881 -0.0097801 0 0 0 -0.0112117 -0.00664349 -0.00924568 1.04613e-05 0 -0.00439953 0 0 0 0 0 0 0 0 0 -0.0281367 0 0 -0.00722796 0 0 -6.87791e-05 7.18301e-06 -0.0107184 -0.000748341 0 1.14194e-05 0 0 -0.00944516 0 0 -0.000743867 0 0 -0.029674 -0.00182255 0 -0.00103705 0 0 -0.00075099 -0.00516366 -0.000413267 -0.0350123 0 0 -0.00274337 0 0 1.13686e-05 0 -0.00212729 0 0 0 0 0 0 0 -0.00963266 0 0 -0.00614414 0 -0.00854522 0 0 0 0 0 0 0 -0.00595136 0 0 0 0 -0.00018329 0 0 0 0 -0.000203431 0 -0.00199354 0 0 0 0 0 0 0 0 -0.000304258 0 0 0 -0.000113741 0 0
-0.0170147 -0.0182757 -0.00295289 -0.00259448 -0.0240567 0.00324614 -0.00136497 -0.00313409 0 -0.00977039 -0.0799898 -0.0120632 -0.0220182 0.526154 0.107365 -0.0242193 -0.00121607 0.00383843 -0.00358572 -0.029327 -0.00188266 -0.0201238 -0.00995232 1.23123e-05 -0.0017361 5.51838e-06 0 0.000468664 -0.00574267 0 0.00578216 -0.00377384 0 0.00157552 -0.000879515 -0.0215456 -0.000517689 -0.0107781 0 -0.00189964 -0.00699874 0.00392478 0.0131043 0 -0.00169363 -0.000684289 -0.00523374 -0.00326506 -0.027164 -0.00262141 -0.00466354 0 -0.00964098 1.36839e-05 -0.00663574 0 -0.00152843 -0.0105868 -0.00133644 -0.0259274 -0.0160636 -0.0382096 -0.0115054 0 -0.00500769 0.0142817 -0.0220403 -0.00454497 -0.00618928 -0.000580235 0 8.63821e-06 -0.00306394 -0.00202639 -0.0148996 -0.00647943 0 0 -0.027525 0 9.19639e-06 0 -0.0147214 -0.00569097 0.0129334 -0.00211789 0 0.00202536 0 -0.00594184 0 -0.0443383 -0.00322009 -0.000933818 -0.00217505 -0.00144468 0 1.26871e-05 -0.00100496 1.22847e-05 0.000793347 -0.00489329 4.28314e-06 0 -0.00139364 -0.0028355 -0.000542327 -0.00530784 -0.00693754 -0.00778936 0.00350504 -0.00283371 -0.00175435 -0.00265316 0 -0.0247902 0 0 0 0 -0.00618326 0 0 9.9501e-06 -0.00821968 -0.00206128 -8.52692e-06 0 0 -0.00493307 -0.0184617 2.08931e-06 -0.00253303 -0.0127671 -0.00293239 0.000429224 0 0 -0.00701094 -0.00360225 0.00289673 -0.000406828 -0.00102745 1.39023e-05 -0.0471043 -0.00276829 0 -0.0214099 0 1.30692e-05 -0.00187481 0 0 0 0 0 -0.00177003 0 -0.00426383 -0.0089135 0 0 -0.000636473 0 -0.00105286 1.224e-05 0 -0.00153884 -0.000560421 0.00683968 1.21967e-05 0 0 -0.000834194 -0.00229432 0 0 -0.000171727 -2.29865e-06 -0.0017102 0 0 0 0 0 0 5.08251e-06 0 -0.00696606 0 0 0 0 0 0 0 -0.00232878 0 -0.00062777 0 -0.00125299 0 0 0 -0.000659923 0 0 0 0 0 0 0 0 0 0 0
-0.0152773 -0.00881883 0 0 -0.045161 0 0.0200164 0 -4.05528e-06 -0.0126757 0 -0.03694 -0.0144031 0.107365 0.616772 0 -0.000340617 0 0.00586415 0.00777203 0 -0.0127231 0.0140159 0 0 0 -0.0016079 0 -0.0537676 0.016201 -0.0287412 0 0.00410559 0.00312031 0 -0.00881585 0 -0.00462545 0 0 0.00235461 0 0.00255348 -0.0210833 0 0 -0.000390263 0 0 0 0.00484535 0.000840236 -0.031732 0.000893695 0.000884266 0 0 0.00460011 0 -0.00603626 -0.0398475 0 0 0.00267569 0 0.00212115 0 0 -0.0339995 0.0010871 0 0 0 0 0.0242719 0.000893231 0.00107649 0 0.00212723 0 -0.0049515 -0.016465 -0.00236471 0 0.00416127 0 0 0.00187544 0.00115517 -0.0126658 0.000961682 0 0 0 0 0.00104588 -0.0169693 0.000927225 0.0033968 0.001876 0.00218104 -0.0153565 0 0 0 0 0 0 0 0 0 0 0 -0.0023607 -0.0256223 0 0 -0.0288934 0 0.00149118 0 0 0 0.00162635 0.00766168 0 0 0.00562255 0.00137518 0 -0.0086062 0 0 0 0 0 0 0 0 0.000754876 0.00433225 0 0 0 0 0 0 0 0 0.00025028 0 -4.43187e-06 0.00996653 -0.00701707 0 0 0 -0.0228477 0 0 0 0.00796992 0 0 0 0 0.00103397 0 0.00323075 0.0010006 0.00256254 0 0 0.00159698 0 0 0.00166256 0 0 0.00360324 -0.0107738 0 -0.00359886 -0.00268347 0 0 0 0 -0.00248473 0 0 -0.00674604 0 0.00105316 0 0 0 0 0.000587326 0 0 0 0 0 0 -0.00154149 0 0 0 0.00105058 0 0 -0.00499792 0 0 0
-0.0268538 -0.0310062 -0.0033058 0.00117517 -0.00815832 0.00234362 0 -0.00450786 -0.00519208 -0.0226756 -0.0283695 -0.0280155 -0.0273183 -0.0242193 0 0.693069 9.8387e-06 -0.00852542 -0.0158756 -0.0176372 -0.0048799 -0.017856 0 -0.00256809 0.000684284 7.40406e-06 0 -0.00486717 -0.0661266 0.0233724 7.65964e-07 -0.00121448 0.00698382 -0.0128887 -0.00745946 -0.0165603 -0.00204038 0.00654918 1.58269e-05 -0.00268992 -0.00189543 0.0032103 -0.00495588 0 0.00468556 -0.000768387 1.10234e-05 -0.00288247 -0.0118504 -0.00490098 -0.00621924 0 -0.0110106 -0.000782524 -0.0109692 -0.00212216 -0.00314074 -0.0039947 -0.00144602 -0.00836796 -0.00434305 -0.0800911 -0.00534423 0.0149745 -0.00753297 -0.0128062 -0.0190064 -0.00704661 -0.0490947 -0.00046388 0 -0.000479855 -0.00149808 -0.00328545 -0.00109959 -0.00984301 0 -0.00976806 -0.00380993 0 1.24217e-05 0.0020237 -0.00517882 -0.00512098 0.0003507 -0.00427397 5.73219e-06 -0.00927994 -0.00625978 -0.0260743 -0.00311582 -0.020562 -0.00459457 -0.00636433 -0.00278176 -0.00733249 -0.00254033 0.000123543 -0.000842846 -0.00375724 -0.00595335 -0.00441887 0 1.27755e-05 -0.0117691 0.000285888 -0.00221309 -0.00342416 -0.00339841 -0.0200379 0.00208297 -0.0283472 -0.00695502 0 0 -0.00925164 -0.00871178 0.000935645 0 -1.91631e-05 -0.0170551 0 0 -0.00169218 -0.000209256 -0.00187708 -0.000795748 0 -0.00409482 -0.00806405 -0.0425458 0 0.0113931 -0.0176761 -0.00345029 0.00130405 -0.00201955 9.81846e-06 -0.00882347 -0.00950272 -0.00387116 -0.00114923 -0.000545334 -0.00165555 -0.0155619 -0.00195365 0 -0.00219287 -0.00315912 -0.0036038 -0.0169771 0.0510715 0 -0.00299857 0 0 -0.0115483 0.00162766 -0.0051614 -0.0173283 0 0 -0.0064142 0 -0.00279614 0.00122827 -0.00551748 -0.00693587 -0.00274166 0.00441995 0.006263 -0.00188694 -0.00352859 -0.000395485 0 -0.00482104 0.00223368 -0.00435972 -0.00819336 -0.00817997 0 0 0 0 0 0 0 -0.00176513 0 -0.00119077 0 0.00229569 -0.000543698 -0.00742593 0 -0.00166503 -0.00266932 0 -0.00434117 0 -0.00473906 0 0 -0.00223318 -0.000988629 0 0 0 0 -0.00383412 0 0 0 -0.00246711 0 0
-0.00199658 -0.00238439 -0.0104522 -0.0212362 -0.0146073 -0.00424912 8.91488e-07 -0.0103673 0 0 -0.00267693 -0.000476956 0 -0.00121607 -0.000340617 9.8387e-06 0.900535 -0.00546212 0.00692918 0 -0.00512646 0 0 -0.00305937 -0.00266107 -0.0150848 -0.0593679 -0.00372214 0 0 -0.0023656 -0.0494568 0.010241 1.01557e-05 0 -0.00537629 -0.0105503 -0.00761254 -0.0395042 -0.0272091 0 0.0239368 -0.000637996 0 -0.00432446 -0.0418169 -0.0219132 -0.0169258 0 -0.009281 0 0 -0.00091965 0 8.54837e-06 0 -0.0139548 0 -0.00675934 -0.00158783 -0.0104879 0 0 0 -0.0120189 0.0134327 0 -0.0205788 0 -0.00253087 -0.0130749 -0.00202819 -0.0211743 -0.00251065 0 0 0 0.0152206 0 0.00195279 -0.0207837 -0.0148287 -0.000393461 -0.0176593 0.020501 -0.000144562 -0.0331649 9.21495e-06 0.0166155 -0.00144258 0 0 -0.00873991 0 -0.00360521 0 -0.000305465 0 0.00350102 0 0 -0.00431176 0 -0.004735 0 -0.0362889 -0.0026039 -0.00717864 -0.0162657 9.69565e-06 0 0 -0.0022162 -0.0138992 0 0 0 -0.00952725 -0.000739841 0 0 0 -0.00275979 0.000434606 0 -0.0216963 -0.025243 0 0 -0.00513392 0 -0.000175535 -0.00487418 0 -0.0101112 0.0131015 0 -0.0220075 0 -0.000292455 0.00991341 -0.0170902 -7.69571e-05 0 0 0 0.0108449 0 0 0 0 0 0 0 0 0 -0.00233178 -0.0187932 -0.00394047 0 0 0 0 -0.00141687 -0.000759434 0 0.00847152 0 0 0 0.00889425 0 -0.00175242 0 -0.0188026 0 0 0 0 0 -0.0196444 -0.00158838 -0.00103599 -0.0010487 0.00100725 -0.0166791 0 -0.000861187 -0.0278482 0 0 0 0 0.00975305 0.00429027 0 -0.000189423 -0.00103305 0.00987676 -0.00271269 0 -0.000273966 -0.000729474 0 0 -0.0111261 0 -0.00332616 -0.00397346 0.00186092 0.00336784 -0.000318069 0 0 0 0
-0.000415938 -0.00148733 -0.0110132 -0.0277333 0 -0.043534 0.0364133 -0.00934254 -0.00117292 0 8.23511e-06 0 0 0.00383843 0 -0.00852542 -0.00546212 0.807781 -0.0160183 0 -0.00848229 -0.00131624 0 -0.025639 0.0322527 -0.0367446 -0.00425196 -0.0330773 -0.00987287 9.81853e-06 -0.0087271 -0.0158792 -0.00163675 -0.0164587 -0.00350451 -0.00158684 -0.00894037 -0.00574176 -0.009805 -0.00983976 -0.000152502 0.00592763 -0.0145317 0 -0.00764593 -0.0164877 -0.00555558 -0.0206813 0 -0.0163919 -0.00650423 -0.00232318 -0.000233993 -0.0123798 -0.0125547 -0.00295982 -0.00927726 -0.000436545 -0.0228841 0 -0.000337019 -0.00606419 -0.00129247 0 -0.0129867 -0.0152681 1.18586e-05 -0.0218213 -0.00244284 -0.0190966 -0.00902707 -0.00413375 -0.00968626 -0.00669896 1.15107e-05 -0.0101074 0 -0.0063466 0 0 -0.00753664 0.0014583 0 -0.00815863 -0.00742784 -0.00939327 -0.00183118 -0.0117387 -0.00481627 0 -0.0014283 -0.00443594 -0.0197605 0 0.00141301 -0.0139813 0 -0.00739238 -0.0066885 -0.00681862 -0.000754141 0 -0.000267886 -0.0176452 -0.000913213 -0.0112351 -0.00660839 -0.0111633 -0.00807006 -0.00753056 0 -0.00455242 -0.0188719 -0.00479838 0 -0.00140039 -0.000104952 0.00256256 -0.0113799 -0.00389013 0 0 -0.00155005 0.000887198 0 -0.00993283 -0.00843314 -0.000264303 -0.00350289 -0.0118436 -0.00311732 -0.000137019 -0.0056738 -0.00310333 -0.00822697 0.00367968 0 -0.00195234 0 -0.011507 0.00677433 -0.0161754 -0.00149698 -0.00601589 0 0 0.00190442 0 -0.000367666 -0.00960566 0 -0.00196013 0 0 0 0 -0.0182812 0.00331273 -0.0139131 0 -0.0015544 0 0 -0.0029427 -0.0045572 -0.00925715 -0.00333215 0 0.00521649 -0.00710354 0.00374685 -0.0049852 -0.00595068 0 0 0 -0.00545683 -0.00561782 0 -0.0070562 0.00145671 -0.00232333 -0.00139999 0.0019797 0 -0.000879073 -0.00179814 -0.00772313 0.00192752 0 0 0.00335905 0.00157621 -0.0015789 0 -0.00410168 -0.0058753 0 -0.000215245 -0.00198078 0 -0.000717428 -0.000310653 -0.00255388 -0.000382786 0.00229966 0 -0.00106509 -0.00170514 -0.00311081 0.00058789 -0.00110928 0 0 0 0
0 0 0.0137246 0.010237 0.00237625 -0.0166377 0.0261965 -0.00702446 -0.00744329 0 0.0192797 0 0 -0.00358572 0.00586415 -0.0158756 0.00692918 -0.0160183 0.728174 1.31389e-05 -0.00574889 -0.00494893 0.00632342 -0.00338178 0.00168765 0.000550397 8.45824e-06 -0.0111774 -0.0028223 0.0362892 0 0.0102777 -0.0331108 -0.0355472 0.00922457 0.00254945 -0.000372677 0.0255229 0 -0.000274461 -0.000848739 -1.51955e-05 -0.0206506 0 0.0136951 0 0.0178801 0.000424188 -0.00227414 -0.0083483 -0.0193682 -0.00698254 0 -0.0351251 -0.0217594 -0.0081831 0.00180634 -0.00524434 -0.00801228 0.00751758 0.00675198 -0.0104359 0 0 -0.00534165 -0.0335994 -0.0011751 -0.00686646 -0.00462751 0.0142251 0.000748875 -0.0047194 0.00623359 -0.000339932 -0.00283748 -0.0221089 -0.00380099 -0.0259694 -0.0041598 -0.00347123 0 0.0138762 0 0.00593993 -0.0355753 -0.0108592 0.00960555 -0.0408583 -0.0238509 0 -0.0105847 -0.0122815 -0.00280167 -0.00414102 0.00952392 -0.0196414 0.00323246 -0.021154 -0.0126345 -0.0228969 -0.0569026 0.01227 0 -0.0050989 -0.00580734 0.015841 -0.0099191 0.00514673 0.0116 -0.017199 0 -0.00518979 -0.0161514 -0.00250382 0.000431713 -0.00896111 -0.00832788 0.017871 -0.0167617 -0.0432832 -0.00785812 0 -0.00170988 -0.0165413 -0.00149769 0.00939029 0.00804089 -0.0123307 -0.0191416 -0.0107406 -0.00914784 0 0.0129496 -0.021874 -0.0094575 -0.00820483 0 9.68614e-06 -0.00428264 -0.0213613 -0.0159246 0.0144756 -0.00331106 -0.00824235 0 -0.0135989 -9.33187e-06 -0.00278641 -0.0089527 -0.0200251 -0.00296055 -0.0121003 0.0179416 -0.00818733 0 -0.0124444 -0.00607388 0.0142213 -0.00875124 -0.00741087 -0.000711695 -0.00388445 -0.00146899 -0.00240315 -0.0144165 -0.0154307 -0.0225857 -0.00777365 -0.0227087 -0.0220077 -0.0226549 -0.020028 -0.00819388 -0.00737942 0 0 -0.0146036 -0.0246751 -0.00100214 -0.0327032 0.0155677 -0.00171404 0 0.00986024 0 0 -0.0035241 -0.010499 0.0105747 0 0 0.00846072 -0.0148729 -0.0246243 0 -0.0102714 -0.0108043 0 -0.022926 0 -0.00512726 -0.00124824 0 -0.0131912 -0.00923888 0.00774178 0 0 0 -0.0144137 -8.03281e-06 0 0 0 0 0
-0.0330269 -0.0204018 -0.000785394 -8.24992e-05 -0.0109951 -1.78471e-05 -0.0245643 0 0 -0.0468136 -0.051923 -0.0124392 -0.0317308 -0.029327 0.00777203 -0.0176372 0 0 1.31389e-05 0.611801 -0.000925584 -0.00877072 -0.00869498 0 -0.000386643 -0.000299023 0 0 -0.00213314 -0.00170444 0.00369232 0 0.0028767 -0.00259832 -0.000393544 -0.00755422 0 -0.00251935 0 0 -0.0118898 0.000259269 0.000963503 0 -0.00125338 0 8.08621e-06 -0.00159566 -0.0435883 -0.00176845 -0.0012819 0 0 1.38133e-05 -0.00208032 -0.000206519 -0.000110853 -0.0104733 0 -0.0222009 -0.010989 -0.024398 0 -0.000723825 0 -0.00234461 -0.0173592 -0.00251226 -0.00194219 -0.000242808 0 0 -0.000391979 0 -0.0180718 -0.00355852 -0.000882265 -0.000477062 -0.019088 0 0 0 -0.0134876 -0.00235909 0 -0.00120551 0 0.00242495 0 -0.0058474 0 -0.0189427 -0.00122927 -0.00285729 -0.000324907 -0.00212805 -0.000636122 -0.000319687 -0.00152212 1.24547e-05 0 -0.00862678 0 0 -0.00277633 0 -5.78265e-05 -0.00780541 -0.00207495 -0.00454103 0.000695825 -0.00837252 0 0 0 -0.00196405 -0.00144223 0 0 0 -0.0016996 0 0 0 -0.0122448 -0.000640161 0 0 0 -0.000758176 -0.0142974 2.03855e-06 -0.000152599 -0.000419838 0 0 0 0 -0.00280933 -0.00313661 0.00155204 -0.0010738 0 0 -0.0195581 0 0 -0.0117458 0 1.31767e-05 -0.0206119 0 -0.000269282 0 0 0 -0.00178922 0 -0.00133703 -0.0108642 0 -0.00114844 0.0136774 0 0 0 -0.000129303 0 0 -0.00038351 0 1.14859e-05 0 -0.0187976 0 0 0 1.29926e-05 -0.000108097 -0.00129456 0 0 0 0 0 0 0 0 0 0 0 0 0 -0.00069763 0 0 0 0 -2.02425e-05 0 -0.00188746 0 0 0 0 0 0 0 0 -0.00114462 0 0 0 0 0 0
-0.00266932 -0.00190911 -0.0169377 -0.0106541 -0.000820621 -0.0123757 0 -0.0324422 0 0 8.0677e-06 -0.000638052 0 -0.00188266 0 -0.0048799 -0.00512646 -0.00848229 -0.00574889 -0.000925584 0.812949 -0.00304414 0.00210198 -0.00663484 -0.0148143 0 -0.005249 -0.00558505 -0.00102191 0 0 -0.00799044 0.00261651 -0.0110126 -0.00558902 -0.000526554 -0.0153241 -0.00734245 -0.00549037 -0.0112743 -0.000356543 0.00708312 -0.0127836 0 -0.0260887 -0.00427317 -0.0161861 -0.00680725 0 -0.0154862 -0.00744777 0 -0.00896318 -0.0101268 -0.00459262 -0.000949498 -0.0103378 0 -0.00356367 -4.17635e-05 0 -0.00632003 0 0 -0.0410907 -0.00607458 0 -0.0118116 -0.00304626 -0.00650812 0 0 -0.0130076 -0.00706669 0 -0.0101575 0 -0.00152696 -0.000336835 0 -0.0112313 0 -0.00171151 -0.00830298 -0.00261901 -0.0384428 -0.00221913 -0.00018297 -0.00118031 0 0 -0.00211548 -0.0156473 6.01257e-07 -0.00929591 -0.00662521 0 -0.00498965 -0.000219806 -0.00466382 -0.00488097 0 0 -0.00279689 0 -0.00974289 -0.0145722 -0.00176322 -0.00690691 -0.0019855 0 -0.000929672 -0.0238602 -0.00757126 0 0 0 0 -0.00262577 -0.00576958 -8.90986e-05 0 -0.00325431 0 0 -0.0101619 -0.00668493 -0.00102559 -0.00209572 -0.0126525 -0.00531723 0 -0.0109185 -0.00232715 -0.0116296 0.00250702 0 0 0 -0.00959287 -0.00634289 -0.00597489 -0.000158909 -0.0100767 0 -0.0075294 0 -0.000317019 -0.00274268 -0.00557518 0 -0.000695221 0 -0.0018361 0 0 -0.00397261 4.7116e-05 -0.00787435 -0.000971156 0 0 0 0 -0.0106322 -0.00361716 0.00075692 -0.000527582 -0.00216663 -0.00517598 -0.000992927 -0.0056737 -0.0156287 0 0 0 -0.00389187 -0.00532114 -0.000188618 -0.00393529 0 0 0 0 0 -0.00102857 -0.000960464 -0.00550129 0 0 0 0 -0.0020851 -0.000159605 0 -0.00203669 -0.00229581 -0.000364186 -0.00281817 0 0 0 0 -0.00266924 -0.00357666 0.000693321 0 0 0 -0.000147967 0 3.16516e-06 0 0 0 0
-0.0202299 -0.0244799 -0.000977558 1.05262e-05 -0.0106921 1.42386e-05 0.0287318 -0.00121232 -0.00387218 -0.0184319 -0.00208776 -0.039438 -0.0379231 -0.0201238 -0.0127231 -0.017856 0 -0.00131624 -0.00494893 -0.00877072 -0.00304414 0.616917 0.0175017 1.21933e-05 -0.00476191 0.0406898 0 -0.00208498 -0.0278394 0.0144907 0.00526427 0 -0.00445303 0.00153875 -0.0174613 -0.0460124 -0.000889077 0 1.10341e-05 -0.00361024 0 -1.00821e-05 0.00723875 -0.0147228 0 -3.4162e-07 7.95207e-06 1.30538e-05 0 0 -0.001308 0 -0.0143202 1.37753e-05 -0.00751511 0 -0.00175869 0 0.0288638 -0.00952054 -0.0111264 -0.0489507 -0.0124124 0.00682426 -0.00246923 -0.00899405 -0.0342406 -0.00810327 -0.015972 1.06272e-05 0.0193335 8.4443e-06 0 0 0 -0.0126197 0 0.00332975 -0.00167694 0 -0.00131766 0 -0.0182503 -0.00212648 -0.00303976 -0.00231153 3.96258e-06 -0.00880389 -0.00287315 -0.0188536 -0.00215154 -0.00359338 -0.000759804 -8.63425e-05 -0.00437028 0.00995089 -0.00371453 0 0 -0.000509864 -0.00140933 -0.00726302 0 8.71236e-06 -0.0102671 1.12962e-05 -0.000421509 1.08228e-05 -0.00171756 -0.00835213 0 -0.00668766 -0.0043468 0 0 -0.0100353 -0.00911742 0 1.07719e-05 -0.00139397 -0.00240099 0 7.42166e-06 -0.00105682 0 0 0 0 -0.000453259 -0.00174599 -0.0224873 0 0 -0.0279669 -0.00190663 0 -0.0178789 6.76998e-06 -0.00956309 -0.00592152 -0.00452839 1.13098e-05 0 -0.00614151 -3.70033e-05 -0.00340287 -6.66089e-06 0 -0.00206052 -0.000776739 -0.0168893 -0.00470275 0.00710823 -0.0280639 0 0 -0.00283512 0 -0.00136019 -0.0207646 0 0 -0.0215707 0 -0.0032156 1.21484e-05 0.000975927 -0.0179621 -0.00396304 -0.00258198 -0.0029975 -0.00205972 0 -8.20045e-05 0 0 1.20341e-05 -0.00200287 -0.000879309 -0.00280245 -0.00737362 0 6.33034e-06 0 0 0 0 0 0 -0.015001 0 0 -0.00144207 -0.00471609 0 -0.000465845 0 0 -0.00492118 0 -0.00418955 0 0 -0.00130741 -0.00176481 0 -0.00119754 0 0 -0.00263572 0 0 0 -0.00357031 0 0
0.00728108 0.00930705 -0.000183205 0 0.00388061 -0.00333594 -0.237358 0 0 0 0 0.00186837 0 -0.00995232 0.0140159 0 0 0 0.00632342 -0.00869498 0.00210198 0.0175017 0.742478 -0.00200511 -0.00707009 0 0 0 0.0226218 -0.116921 0.00322231 0 -0.00598682 -0.0121892 0 0.00558853 0 -0.00094392 0 0 -0.0134644 0.00278952 -0.00856093 0.00339838 -8.86352e-05 0 0 -0.00433142 0 0 -0.0230889 -0.00444985 0.00923459 -0.00796726 0.00688242 -0.000520596 0 -0.00579827 -0.000419103 0.0015797 0.00844502 0 0 -0.0235936 0.000354118 -0.00385489 0 0.00278808 0.00243751 -0.00254862 0 -0.00154757 -0.00166556 -0.00892851 -0.0112034 -0.00897856 -0.00877382 0.00255069 -0.00792192 0 0.00471306 0.0051293 0 -0.0011978 0.000121295 1.2253e-05 0 -0.00375341 0.00172069 0.00237326 0 -0.00921945 -0.00118464 0 -0.000917604 -0.00483311 0.00480234 -0.00720477 -0.0115413 0.000266481 -0.00715152 0.00841482 0 0 0 0 0 -0.00593709 -0.000919858 0.00373649 0 0 1.29371e-05 0 0.000318902 0 0 0.00734769 0 -0.00664738 -0.000153699 0 -0.00506387 -0.00664453 -0.0123961 -0.00153112 0 -0.00486262 -0.00543846 -0.00314961 -0.000304555 0 -0.00339675 0 -0.00310454 0 0 0 0 -0.00196851 -0.00987488 -0.00418647 -0.00926216 0.0104046 0 -0.000251794 0 -0.0323113 0 -0.00179205 0 0 -0.138798 0 0 0 0 0.008792 0 -0.00382138 0 -0.018384 0 -0.00107219 -0.00290518 -0.00423564 -0.005363 0 -0.00659286 -0.00631016 0.0106513 1.21304e-05 -0.000774887 -0.00888155 0 0 -0.00578523 -0.00206414 0 -0.00740324 0.00408021 0 0 0.00112875 0 0 -0.000696278 -0.0030123 0.00137347 0 0 0.00225129 -0.000235729 0.000915634 0 -0.00138493 -0.0019313 0 -0.00227675 0 -0.000972977 0 0 -0.00185884 0 0.00103797 0.00170079 0 0 0.00134988 0 0 0 0 0 0
0 0 -0.00740855 -0.00915358 0 -0.0267772 -0.00170401 -0.00772137 0 0 7.12393e-06 0 0 1.23123e-05 0 -0.00256809 -0.00305937 -0.025639 -0.00338178 0 -0.00663484 1.21933e-05 -0.00200511 0.771773 -0.00437272 -0.00544642 -0.00309241 -0.00482889 0 -0.000667226 0 -0.00703488 -0.00649692 -0.0206569 0 0 -0.0182073 -0.00481718 -0.0199901 -0.0059147 -0.000360035 0.00147044 -0.012705 0 -0.00812419 -0.0052863 -0.00324437 -0.0225328 0 -0.00677418 -0.000734377 0 6.68162e-06 -0.0104052 -0.0046239 0 -0.0145644 0 -0.00531007 0 0 0 0 -0.000496867 -0.0142587 0.00307064 1.04869e-05 -0.0113166 0 -0.0143722 -0.0141737 -0.00323099 -0.00990141 -0.00546147 0 -0.00967004 0 -0.00084536 0 0 -0.00845715 0.00274219 0 -0.00693915 -0.00656782 -0.00993989 -0.00238914 0.00396492 0.000988802 0 -0.000536313 0 -0.00880362 0 -0.00220003 -0.00775363 0 -0.00356189 -0.00320998 -0.00392803 -0.00550298 -5.82759e-07 0 -0.00222842 0 -0.00829112 -0.00353686 -0.00987601 -0.00638014 -0.00359353 0 0 -0.00617545 -0.00115863 0 0 0 0.0018141 -0.00390789 -0.00956592 4.08667e-06 0 -0.00112582 0 0 -0.0244472 -0.0114706 0 -0.00271423 -0.00939478 -0.000195358 0 -0.00594562 0 -0.0073621 0.00177344 0 0 0 -0.0122037 -0.00490509 -0.0111978 -0.000786051 -0.00234778 0 0 0.00034196 0 -0.000518518 -0.0255198 0 0 -7.73717e-05 0 0 0 -0.00566062 0.00392006 -0.00637438 -0.000192859 0 -0.000130249 0 -0.00107829 -0.0069253 -0.00540835 0.000281928 0 0 -0.00476462 0.00564572 -0.00244087 -0.00534318 0 0 0 -0.00580543 -0.00261319 0 -0.00353636 0.00227014 -0.0017247 -0.000624688 0.00231443 0 -0.00102632 -0.00062733 -0.00393113 0.00804821 0 0 0.00294413 -0.000816906 -0.0025103 0 -0.00212945 -0.000866356 0 -0.00213649 0 0 0 0 -0.00153391 -0.00165703 0.0153607 0 0 0 -0.000618693 0 -0.000370389 0 0 0 0
